2001 0.6860651437499999 0 0.732392178125 0.2030054046875 0.86636318125 0.194496578125 0.8193413421875 0 0.6860651437499999 0
481 0.447447884375 0 0 0.095107984375 0 0.5167924234375 0.009634271875 0.56030175625 0.7583811390624999 0.3252738546875 0.6788731453125 0 0.447447884375 0
710 0.3452829515625 0.1854500625 0.3663989828125 0.284793178125 0.5167980812499999 0.24084430937499998 0.48885242656249994 0.1469463921875 0.3452829515625 0.1854500625
710 0.5347030953125 0.13720053125 0.5588278609375 0.231910603125 0.6955677109375 0.1988521328125 0.6722551015625 0.10796295 0.5347030953125 0.13720053125
710 0.40303845625 0.40080427343749997 0.5457957765625 0.35847971562500003 0.5254919 0.2629574890625 0.3781015359375 0.3022733125 0.40303845625 0.40080427343749997
1754 0.451195490625 0.6461533296875 0.36813307968750003 0.5559838046875 0.19261206875 0.6132595375000001 0.2238063421875 0.722441009375 0.2535613 0.71212288125 0.2866197703125 0.84886273125 0.29507370312500003 0.8510593109375 0.2734779 0.7118829953125 0.4009516640625 0.67280705625 0.4563632 0.8207696890625 0.46782586718749997 0.8183332234374999 0.41160217499999996 0.6665497015625 0.451195490625 0.6461533296875
433 0.4860632640625 0.678677134375 0.48176260312499997 0.6396560890625 0.468195853125 0.594617575 0.4564933 0.5771374390624999 0.444218478125 0.5757530156249999 0.43868078125 0.6248523046875001 0.45200764531250004 0.6499742187499999 0.4162352203125 0.6695584359375 0.42435677031249996 0.7077673265625 0.48458634375000004 0.74688086875 0.43500728281249995 0.701509971875 0.46256566093749996 0.6996457765625 0.5252317 0.7502219859375 0.46557439531249994 0.6950127312500001 0.4860632640625 0.678677134375
433 0.2220895359375 0.77072814375 0.2564775375 0.7634187484375 0.24835598750000001 0.7252098578124999 0.21697671875000002 0.727886209375 0.1881264140625 0.6860963156250001 0.16496119375 0.6710526453125001 0.15488295000000002 0.6612142890625 0.1638166546875 0.70324406875 0.18664949375 0.75430005 0.20136077968750002 0.767147140625 0.207618134375 0.777797653125 0.18923334687499999 0.8416082296875 0.21062686875 0.773164609375 0.2190808015625 0.7753611874999999 0.1913374296875 0.8890832078124999 0.2201328421875 0.799098678125 0.2220895359375 0.77072814375
1761 0.7458461171875 0.811153928125 0.7947055203125 0.7967750234375 0.8503945453125 0.7769509203125 0.911288884375 0.7440398390625 0.9454370000000001 0.7168138421875 0.9550354703125 0.6868190000000001 0.9485382296875 0.6562518875000001 0.9139103421874999 0.64364468125 0.8571692750000001 0.6397312953125 0.7829480734375001 0.6475204640625 0.7248225828125 0.6558819 0.661491778125 0.6773303140625 0.6036061734375 0.7056083515625 0.5443361453125 0.7461612109375 0.5323012078125 0.7646933859375 0.53335325 0.7884308765625 0.569605446875 0.808679859375 0.6517083140625 0.81918298125 0.7152790046875 0.81765116875 0.7437044312500001 0.9513822859375001 0.7742715437500001 0.9448850453125001 0.7458461171875 0.811153928125
433 1 0.7974917031250001 0.9789203499999999 0.7616124703125 0.9696542609375 0.755595003125 0.9808770421874999 0.7332419375 0.9521192328125 0.63552313125 0.9305783234374999 0.6281212390625 0.90301994375 0.6299854359375 0.8915572765625001 0.6324219 0.944717340625 0.6570640421875 0.95259900625 0.6753563328125 0.9498301578125 0.6999059765625 0.9287690203125001 0.7323372859374999 0.91429761875 0.73940679375 0.9286765234375001 0.788266196875 0.934121721875 0.7950958203125 0.955422746875 0.7825811125000001 0.9630645250000001 0.7809568015624999 0.9745271921875001 0.7785203375 1 0.8259072937499999 1 0.7974917031250001
433 0.9337893390625001 0.8311081328125001 0.9273845953125001 0.7446121078125 0.9219393968749999 0.737782484375 0.8722678390624999 0.7483405000000001 0.8356832578125 0.764103828125 0.8236483218749999 0.7826360046875 0.821931515625 0.8309231390624999 0.76705464375 0.85456813125 0.7711154203125 0.8736725765625 0.7629013734375001 0.8913925984375 0.7742715437500001 0.9448850453125001 0.7819133218750001 0.9432607359375 0.7822457046875 0.9072484234375 0.8037866140625001 0.9146503156250001 0.8176857468750001 0.9236765171875 0.8209343671875 0.9389600734375 0.8400388124999999 0.9348992984375 0.8397989265625 0.9149826984375 0.86711741875 0.8932019015625 0.8892305984375 0.8845080828125 0.9003608828124999 0.9180839296875 0.919465328125 0.914023153125 0.9250030234375 0.8649238640625001 0.9372778453124999 0.8663082890625 0.965315996875 0.9042772937500001 0.9767786640624999 0.901840828125 0.9515093609375 0.8393221796875 0.9337893390625001 0.8311081328125001
433 0.6921686765625 0.9343819234374999 0.71948716875 0.9126011265624999 0.7309498359375 0.9101646609375 0.7173830859375 0.865126146875 0.6382889546875 0.84998998125 0.6268262874999999 0.8524264453124999 0.60724206875 0.8166540203125001 0.564972403125 0.8056711249999999 0.5382261796875001 0.8113562109375 0.5538970125 0.903869703125 0.5639752546875 0.9137080609374999 0.56030175625 0.990365728125 0.5717644234375 0.9879292625 0.5764899640625 0.935009084375 0.58250743125 0.925742996875 0.6285979859374999 0.9359137359374999 0.6446936984375 0.9364860046875 0.6634657609375 0.9684375421875 0.6855789390625 0.959743721875 0.6921686765625 0.9343819234374999
1567 0.9064362687499999 0.21393340625 0.7309152578125 0.2712091390625 0.737080115625 0.3377885640625 0.7831706703125 0.347959303125 0.821434453125 0.4716121765625 0.9924261 0.41181548437500004 0.9716124671875 0.3138950390625 0.947081625 0.21727452343749998 0.9064362687499999 0.21393340625
872 0.67433886875 0.6626190265624999 0.6789719140625 0.6656277609375 0.8430302578125 0.61078849375 0.7785376265624999 0.34495056874999996 0.6642433375000001 0.333302909375 0.5261190609375 0.3786362015625 0.58110571875 0.6185400578125 0.67433886875 0.6626190265624999
1855 0.18810912500000002 0.3666185546875 0.1965630578125 0.368815134375 0.20640141406249998 0.358736890625 0.21867623749999998 0.36012131406250003 0.22631801562499998 0.3584970046875 0.2399772609375 0.34760660625 0.24924335000000003 0.3536240734375 0.2598938609375 0.34736672031250004 0.252012196875 0.3290744296875 0.2463271125 0.30232820625 0.238445446875 0.28403591562499997 0.213323534375 0.29736277968749997 0.2048696015625 0.2951662 0.1841408453125 0.291585196875 0.178123378125 0.3008512859375 0.1682850203125 0.310929528125 0.171533640625 0.326213084375 0.1641317484375 0.3477539953125 0.17860315 0.3406844859375 0.1758343015625 0.36523413125 0.18810912500000002 0.3666185546875
1850 0.9235464171875 0.42594650156249997 0.8998089281249999 0.4269985421875 0.8877739921875 0.44553071875 0.883380834375 0.4624385859375 0.8934590765625 0.47227694218750005 0.9111790984375 0.4804909890625 0.9218296109375 0.4742336359375 0.928659234375 0.4687884359375 0.9545933015625 0.45928246250000004 0.9562176125 0.46692424062500004 0.9753220578124999 0.462863465625 0.9720734375 0.44757990937500003 0.999530296875 0.4452381015625 0.9923224203125001 0.4113277109375 0.9388299734375 0.42269788124999996 0.9235464171875 0.42594650156249997
1939 0.67875134375 0 0.7591932953125 0.32909474375 0.999011625 0.4427979421875 0.904892015625 0 0.67875134375 0
819 1 0.44744788281250003 0.999008196875 0.44278181562499996 0.75456025 0.326086009375 0.009634271875 0.56030175625 0.09974573437499999 1 0.5227618703125 1 1 0.900506725 1 0.44744788281250003
316 0.3458176171875 0.3570576875 0.337363684375 0.3548611078125 0.28850428125 0.3692400125 0.29256505625 0.38834445781250004 0.2988224109375 0.39899497031250003 0.3523148578125 0.3876248 0.3458176171875 0.3570576875
316 0.15176442968749998 0.402298484375 0.159073825 0.43668648593750004 0.21557500625 0.4206832703125 0.20826561093749998 0.38629526875 0.15176442968749998 0.402298484375
710 0.8576144687499999 0.040608975000000005 0.8695569093750001 0.0780057109375 0.9001240218750001 0.0715084703125 0.8920024703125 0.033299579687500004 0.8576144687499999 0.040608975000000005