1146 0.616192684375 0.1998988015625 0.6148849375000001 0.1852904203125 0.6133614 0.0039862171875 0.3102462078125 0.0007789734375000001 0.314312521875 0.2154659703125 0.616192684375 0.1998988015625
1606 0.714609278125 0.649601565625 0.5754237046874999 0.565909696875 0.4312229296875 0.590480121875 0.296721775 0.6860639765625 0.3133600875 0.8072061406250001 0.41116448906249997 0.8443353828125 0.48931394843750003 0.8436158375 0.5926413984375001 0.8329175203125001 0.6737711281250001 0.75098761875 0.7350992984375 0.729137946875 0.714609278125 0.649601565625
935 0.684310559375 0.505300803125 0.7942142890625 0.47596441875 0.7797563453125 0.319438253125 0.6578999078125001 0.3173112421875 0.6225848046875 0.3708697328125 0.6406763 0.4982882125 0.684310559375 0.505300803125
1844 0.7614771390625 0.6504196484375 0.7760125328125 0.444391946875 0.7149752359375 0.44957748906250006 0.66959691875 0.452952709375 0.6556456374999999 0.4464582359375 0.6408569140625 0.577470090625 0.6899766781250001 0.628335096875 0.723473821875 0.6789274078124999 0.7614771390625 0.6504196484375
1645 0.322626946875 0.6344248875 0.35005683906249996 0.674493040625 0.419778065625 0.619451459375 0.393655921875 0.5939916875 0.322626946875 0.6344248875
783 0.5028324671875 0.6063156249999999 0.48931749687500004 0.5748249609375 0.4688990140625 0.58071950625 0.47024312031250004 0.593244871875 0.48702805156249995 0.6164580125 0.5028324671875 0.6063156249999999
1588 0.5907989062500001 0.043181751562499995 0.501677253125 0.0457934265625 0.4962257421875 0.179051915625 0.59937139375 0.178768678125 0.5907989062500001 0.043181751562499995
1976 0.4164353875 0.6318950171875 0.425808959375 0.632058634375 0.447680628125 0.6324404046875001 0.4618137046875 0.6285197984375 0.4698068109375 0.618241065625 0.46562905312499997 0.58899703125 0.45938000468749995 0.5888879546875 0.45643727656250005 0.5784183359374999 0.45672815 0.5617542078125 0.4475000140625 0.553258528125 0.43187739374999995 0.552985834375 0.42086884218750004 0.5569609796874999 0.4159275421875 0.571460284375 0.41549123125 0.5964564765625 0.41367445468749997 0.61101031875 0.4164353875 0.6318950171875
1976 0.5306986703125001 0.6213875859375 0.5402903968749999 0.60905310625 0.5343685812500001 0.590196884375 0.531571290625 0.5713952015625 0.5302999015625 0.5547038046874999 0.5257949109375 0.544206915625 0.5149317953125 0.5398499984375 0.492914690625 0.5478002921875 0.4910979140625 0.562354134375 0.4900434984375 0.6227616 0.50566611875 0.62303429375 0.5306986703125001 0.6213875859375
11 0.9807779343749999 0.4417151875 0.8539074781249999 0.45825351249999996 0.8477651421875001 0.6310893046875 0.9668242890625001 0.6144146328125 0.9807779343749999 0.4417151875
1992 0.269255525 0.6480788390625001 0.1439109703125 0.66672745 0.1644361671875 0.8337777718750001 0.28364075 0.8087710375 0.269255525 0.6480788390625001
1564 0 0.753379378125 0.0192197 0.7374787281249999 0.029138659374999997 0.7063971046875 0.035860376562500004 0.6794269749999999 0.04468974375 0.6212388734375 0.0588591796875 0.6152352484375 0.0700858875 0.59876200625 0.073719440625 0.5696543203125 0.0862902546875 0.56570644375 0.0961001375 0.5408738671875 0.08919780625 0.48866211875000004 0.126620559375 0.40388565937500004 0.13762911093750002 0.3999105125 0.14900125625 0.37510520468749997 0.160337040625 0.3523829140625 0.1607733515625 0.327386721875 0.1786126984375 0.290192396875 0.183917590625 0.2548629328125 0.1747258140625 0.2442842359375 0.12001028437500001 0.2454128234375 0.1127431796875 0.3036281953125 0.1044592 0.33057105625 0.0778643859375 0.33219049218749996 0.0387351171875 0.335674790625 0.0416778453125 0.346144409375 0.019588021875 0.358260734375 0.0039654015625 0.357988040625 0 0.5851657515625 0 0.753379378125
183 0.0038926843750000002 0.362154071875 0.022639828125 0.3624813046875 0.0385169625 0.3481728859375 0.035646953125000005 0.3335372359375 0.08556661875 0.3385758875 0.0983192296875 0.32421293125 0.1111809171875 0.30360092656250004 0.115032625 0.26199514375 0.12702405781249998 0.11218160625 0.126625290625 0.0454978234375 0.1051172140625 0.024285892187499998 0.081537846875 0.032208914062499996 0.07790429374999999 0.0613166 0.010908821874999999 0.0497289359375 0.0038926843750000002 0.362154071875
54 0.252872909375 0.42275860625000006 0.26246463750000004 0.41042412656250005 0.25429091718749997 0.34152098125 0.25116639375 0.3414664421875 0.24084984843749999 0.216267325 0.14518827343750002 0.2354340546875 0.15205306093749998 0.3793257765625 0.1541958875 0.43562174843749996 0.252872909375 0.42275860625000006
996 0.43235361250000004 0.2571157484375 0.4319900203125 0.27794590937499997 0.43188094218749995 0.2841949578125 0.43969225312500004 0.2843313046875 0.4348236703125 0.294664575 0.4344964375 0.31341172031250003 0.43420556406250005 0.33007584843750004 0.4308265265625 0.344602421875 0.43380561406249996 0.35298902499999996 0.44303374843750004 0.3614847046875 0.45229824374999994 0.3678973703125 0.4741699125 0.368279140625 0.489828890625 0.36646881875 0.5009101625 0.358327640625 0.5104655296875 0.3480761765625 0.510829121875 0.327246015625 0.5111199953125001 0.3105818890625 0.514353596875 0.30438737968749996 0.5176962765625001 0.291943821875 0.5179507906249999 0.2773627078125 0.5181689453125 0.2648646125 0.5167157609374999 0.2585882953125 0.5089044515625 0.25845194843749997 0.5043994609375 0.2479550609375 0.47013877343750005 0.2411060859375 0.4513916296875 0.240778853125 0.4387117375 0.250975778125 0.43235361250000004 0.2571157484375
1992 0.84307835625 0.6310074953125 0.83384785625 0.8017057328125 0.9531251578125 0.772532965625 0.9699851718750001 0.61238615625 0.84307835625 0.6310074953125
260 0.4007787734375 0.4545114234375 0.406117659375 0.5962928609375 0.5376385421875 0.581919359375 0.5370228015625 0.43813671562499995 0.4007787734375 0.4545114234375