1146 0.4471271984375 0 0.4243248484375 0.173635265625 0.421246534375 0.187975384375 0.7189793671875 0.2402164546875 0.749179134375 0.0276252609375 0.502652771875 0 0.4471271984375 0
1606 0.679087525 0.70945046875 0.5572376640625001 0.5981875140625 0.41710612031250005 0.556226578125 0.2687585421875 0.6223321671875001 0.23872820468749997 0.698778590625 0.2969364390625 0.727939421875 0.367476696875 0.8191458578124999 0.4687301625 0.8423568781249999 0.5462094171875 0.852595084375 0.647809715625 0.82766195625 0.679087525 0.70945046875
935 0.36058089375 0.48115684375 0.3940659453125 0.35689292031250003 0.3655412140625 0.29942981875 0.2443338578125 0.28669041093750003 0.21090794062499998 0.440287875 0.3164172578125 0.482799484375 0.36058089375 0.48115684375
1844 0.232821740625 0.411168975 0.222140328125 0.6174323953124999 0.2563861515625 0.6503591015625 0.29579926562500003 0.6042261734375 0.3507517828125 0.5597265015625 0.35203962031249997 0.427888896875 0.337400853125 0.4326347265625 0.292772115625 0.4237544390625 0.232821740625 0.411168975
1645 0.6275601546875 0.6914658703125001 0.65966866875 0.6550392421875 0.5940966999999999 0.606251171875 0.5650665 0.62833768125 0.6275601546875 0.6914658703125001
783 0.518171384375 0.596176290625 0.52103193125 0.5839080921875001 0.5014840078125 0.575569096875 0.4842320296875 0.6051779734375 0.4986825953125 0.617170834375 0.518171384375 0.596176290625
1588 0.55368910625 0.0489746078125 0.465550034375 0.0355212015625 0.44051755468750003 0.1690527609375 0.5428598578125 0.1819041796875 0.55368910625 0.0489746078125
1976 0.5354233640625 0.5665674125 0.533681221875 0.583142778125 0.5294845031250001 0.5931757296875 0.5232687421875 0.5925224265625 0.5155581734375 0.6210393375 0.5222390375 0.6322155703125001 0.535788965625 0.6378293421875 0.5575441328124999 0.6401159015625 0.566867775 0.64109585625 0.5721533328125 0.6207033015625 0.572123765625 0.6060365328125 0.5747369765625 0.5811734859375 0.5715995296874999 0.5661800625 0.56115748125 0.5608929421875 0.5456180765624999 0.5592596859375 0.5354233640625 0.5665674125
1976 0.4632592328125 0.550603421875 0.4599631515625 0.5670154609375 0.45489536093750005 0.58533609375 0.446719690625 0.6033300765625 0.454736728125 0.6167415546874999 0.4793820078125 0.6214266875 0.4949214125 0.6230599453125001 0.5012366734375 0.562974246875 0.50120710625 0.548307478125 0.48032301093749996 0.537733234375 0.4690098921875 0.5407337953125 0.4632592328125 0.550603421875
11 0.1538181109375 0.4154342125 0.0299088421875 0.3835575421875 0.0227117125 0.5566702343750001 0.138851278125 0.587730275 0.1538181109375 0.4154342125
1992 0.83311583125 0.7088810249999999 0.7109782703125 0.675095759375 0.6771168171874999 0.8328370656249999 0.7923853140625 0.8721847875 0.83311583125 0.7088810249999999
1564 1 0.41848434687499997 0.99410473125 0.4178647296875 0.9736561703125 0.4031466453125 0.9778528890624999 0.39311369375 0.9394399124999999 0.384886709375 0.9132406921875 0.3800382515625 0.9083019703125 0.35228665625 0.9081837015625001 0.293619575 0.8540135531249999 0.285831253125 0.843601071875 0.295210903125 0.8445608437500001 0.3309235296875 0.8577343718750001 0.37001468437499996 0.8551211593750001 0.39487773125 0.8636033 0.4188121390625 0.8718676703125 0.44481846562499994 0.88230971875 0.45010558749999996 0.9091218765625 0.5388108234375 0.8959079828125001 0.5897922109375 0.9026184140625 0.6156352125 0.914614403125 0.621085659375 0.9146735375 0.6504192 0.9238089796875 0.6681378453125 0.9371411406249999 0.6758235390625 0.93881335 0.7346539437499999 0.94219813125 0.7622422140625 0.9482552609375 0.794300978125 0.9680505187499999 0.8152348234375 1 0.5112558125 1 0.41848434687499997
183 1 0.114671478125 0.9724115265625001 0.11602700625 0.9723523921874999 0.086693465625 0.9499143562500001 0.0759558984375 0.9259815140625 0.09438854375 0.917459009375 0.16052667812500002 0.9111033828125 0.3106849171875 0.9098559109375 0.35244998125000004 0.9201097578124999 0.3744757921875 0.9310169078125 0.3902858421875 0.9811785375 0.391368425 0.9765462843750001 0.40554521718750003 0.990561315625 0.42168191874999994 1 0.4226739640625 1 0.114671478125
54 0.7466813640625001 0.440040090625 0.7546984 0.45345156875 0.8510722765625 0.47824453437500003 0.8600598828124999 0.42262932812500004 0.8844094921875 0.28064676093749996 0.7917968 0.249964684375 0.7662992187500001 0.372973315625 0.7631913375 0.3726466640625 0.7466813640625001 0.440040090625
996 0.5106222781249999 0.26440303906249996 0.509315671875 0.2768345625 0.5077912984374999 0.29133800781249997 0.5095925734375 0.3040961828125 0.5120471515625 0.31063859531250004 0.5103050109375 0.327213959375 0.508127334375 0.3479331671875 0.5163621390625 0.3592727234375 0.5263686515625 0.3687036875 0.5416902890624999 0.37240886406249996 0.56344545625 0.37469542499999997 0.5734224015625 0.3694596171875 0.5836171140624999 0.3621518890625 0.587596065625 0.35419085781250004 0.5860125578125001 0.3393607625 0.5877547 0.32278539687499996 0.5897146078125 0.3041381109375 0.586141625 0.29328853125 0.5939113265625 0.2941051609375 0.5945646296875 0.2878893984375 0.59674230625 0.267170190625 0.591179846875 0.26030112656250004 0.5798371625 0.24863491875000002 0.5611898765625 0.246675009375 0.5263498828125 0.24929760625 0.5205992234375 0.25916723125 0.512829521875 0.2583506015625 0.5106222781249999 0.26440303906249996
1992 0.131871915625 0.7587710453125001 0.1435131 0.5882202515625 0.019821598437499997 0.5542716624999999 0.01703895625 0.71527948125 0.131871915625 0.7587710453125001
260 0.5814474078125 0.6070164874999999 0.604025309375 0.4669425140625 0.47079239843750004 0.434085890625 0.4526585515625 0.5767217609374999 0.5814474078125 0.6070164874999999