407 0.4562556671875 0 0.138763334375 0.0559824640625 0.5674886781249999 0.095415415625 0.7245033828125 0 0.4562556671875 0
2001 0 0.45002069687499996 0.414931528125 0.3999710703125 0.3640580375 0.111453175 0 0.1012538296875 0 0.45002069687499996
461 0.0962415703125 0.99957660625 0.1154760953125 0.9961850406250001 0.1308637171875 0.9934717875000001 0.128828778125 0.981931071875 0.126115525 0.9665434515625 0.12475889843750002 0.958849640625 0.4601273625 0.8362509687499999 0.46351892968749997 0.8554854953125 0.4687224609375 0.8625009921875 0.4886353 0.86295633125 0.4936158578125 0.8462120843750001 0.44002911562499997 0.5423065671875 0.45089151875000005 0.536424721875 0.407897246875 0.5400392609375 0.3902517125 0.507452053125 0.363323375 0.5122002453125 0.3445441890625 0.495678971875 0.0060165234375 0.5553705328125 0.005561184375 0.5752833734375 0.073935153125 0.963051425 0.09149337656249999 0.9726482703125001 0.0962415703125 0.99957660625
556 1 0.6034458203125 0.978140515625 0.467255559375 0.9837993875000001 0.4543582171875 0.6767252781249999 0.512470178125 0.6701651203125001 0.4977608703125 0.6534208718750001 0.4927803125 0.6341863453125 0.496171878125 0.625135909375 0.48983469375000005 0.5968509453124999 0.486889075 0.5699226078125 0.4916372671875 0.5359787734375 0.5015889921875 0.5181008734375 0.51267436875 0.5009012875 0.52760665 0.4778198546875 0.5316765296875 0.4708043578125 0.5368800609375 0.509691184375 0.7799134078125001 0.5366195203124999 0.7751652140624999 0.531871328125 0.748236878125 0.7905058781250001 0.7978288734375 0.7848470078124999 0.810726215625 0.7938974437499999 0.8170634 0.7927637921875 0.8331293343749999 0.801814228125 0.8394665187499999 0.82240538125 0.8437687625000001 0.8357580625000001 0.8295147937499999 0.823316059375 0.8039430843750001 0.9941688843750001 0.7381185296874999 0.9975604499999999 0.75735305625 1 0.75554359375 1 0.6034458203125
1340 0.78335193125 0.1723816953125 0.80529031875 0.2518100796875 0.861637271875 0.23394157187500003 0.8428674765625 0.14998796875 0.78335193125 0.1723816953125
584 0.383970878125 0.11190851406249999 0.374920440625 0.1055713296875 0.3602111328125 0.11213148749999999 0.3550076015625 0.10511599062500002 0.3396199796875 0.10782924375 0.32875757656250004 0.1137110875 0.3172168609375 0.11574602812499998 0.302507553125 0.1223061859375 0.43094111249999995 0.8056987 0.460359728125 0.792578384375 0.48208453437500004 0.78081469375 0.49362525 0.7787797546874999 0.505165965625 0.7767448156250001 0.4701260453125 0.5330331562499999 0.480988446875 0.5271513109375 0.503391565625 0.5192345265625 0.439184178125 0.11010593906249999 0.42311824375 0.10897228750000001 0.40773062187500003 0.111685540625 0.3948332796875 0.10602666875 0.383970878125 0.11190851406249999
1334 0.21623968750000003 0.510369496875 0.22188916718749999 0.564904484375 0.357209165625 0.545010428125 0.35472827812499996 0.48595022187500003 0.21623968750000003 0.510369496875
589 0.6490810609375 0.7831007828125001 0.4850207609375 0.8199620609375 0.49994364999999996 0.9045939765625001 0.68572875625 0.855969009375 0.677133659375 0.8297189843749999 0.6490810609375 0.7831007828125001
589 0.7022406390625 0.9046221515624999 0.6968141328125 0.873846909375 0.704740309375 0.8288176984375 0.6757770328125 0.8220251749999999 0.68572875625 0.855969009375 0.49994364999999996 0.9045939765625001 0.48795698749999994 0.8591094265624999 0.45083516875 0.9410186984375001 0.466901103125 0.9421523515624999 0.525961309375 0.9396714640624999 0.7022406390625 0.9046221515624999
1939 0 0.5437443328125 0.07189855 0.9515012703125001 0.6728501984374999 0.7154454796875 0.5636417734375 0.096093728125 0.14235377968750001 0.055349371875 0 0.080450184375 0 0.5437443328125
1939 0.7233316859375 0 0.5636417734375 0.096093728125 0.6728501984374999 0.7154454796875 1 0.7283837156249999 1 0.5012460609375 0.9116167953125001 0 0.7233316859375 0
1506 1 0.7447941984375 0.9776476109375001 0.756897715625 0.9527542140625 0.773186625 0.9258258765624999 0.7779348171875 0.9027444453125 0.782004696875 0.882376265625 0.801462196875 0.8676669578125 0.8080223546875 0.8382483421875 0.8211426703125 0.8441301875 0.8320050734375 1 0.8630109359375 1 0.7447941984375
819 1 0.727965228125 0.672171884375 0.7115985734375 0.0712202359375 0.9476543640624999 0.080450184375 1 0.521249134375 1 1 0.91558330625 1 0.727965228125
485 0.3506302234375 0.665165778125 0.364428853125 0.6984313 0.3684987328125 0.72151273125 0.37687085625 0.7240030109375 0.382975675 0.7586251578125001 0.3983632953125 0.7559119046875 0.3902235375 0.7097490421875 0.40447750625 0.7231017234375 0.41555349062499997 0.808411953125 0.42709420781249996 0.8063770140625 0.41940978749999996 0.7403013109375001 0.4359310625 0.7215221234375 0.44928374375 0.7072681546874999 0.42553339062499995 0.6400587984375 0.3999710703125 0.585068471875 0.41649234531249996 0.5662892859374999 0.40088175000000004 0.5452427937500001 0.380968909375 0.5447874546875 0.3547188859375 0.5533825515624999 0.3316374546875 0.55745243125 0.312402928125 0.560843996875 0.30606574375 0.569894434375 0.31737409375 0.611532078125 0.3456590578125 0.614477696875 0.34905062343750004 0.6337122234375 0.3506302234375 0.665165778125