407 0.32664727656250003 0 0.669903253125 0.12666865624999998 0.9694251625 0.0391594609375 0.5218304671875 0 0.32664727656250003 0
2001 0.041834414062500005 0 0.0294792734375 0.1412199 0.0177098609375 0.3205640875 0.44371955781250005 0.3813621328125 0.46925346562500003 0.0895082171875 0.16909524843749998 0 0.041834414062500005 0
461 0 0.8797421625 0.0001562921875 0.8797558359375 0.015721834375 0.88111764375 0.016743190625 0.8694434875000001 0.0181049984375 0.8538779453125 0.018785903125 0.846095175 0.37445783593750004 0.8144736968749999 0.372755575 0.833930625 0.37596605625 0.8420538484375 0.39508253125000004 0.84764749375 0.4042271109375 0.8327628562499999 0.431122828125 0.5253433984375 0.4431374375 0.52247336875 0.4006726484375 0.5148370109375 0.3920625609375 0.478793184375 0.36482286249999996 0.47641001875000005 0.35095958125000004 0.4555912828125 0.008517653125 0.425631496875 0.0029240078124999997 0.44474797187500004 0 0.478169534375 0 0.8797421625
556 0.7018210859375 0.8823259828125 0.696567890625 0.8975510718749999 0.7036697578125 0.9060147484375 0.72244578125 0.9154997796875 0.7390326796875 0.9051874312500001 0.7336330734375001 0.877266828125 0.9157008781249999 0.85790515625 0.9139986171875 0.8773620843750001 0.9221218406249999 0.8741516015625 0.9383682859375 0.8677306390625 0.9397300953125001 0.8521650968750001 0.944302384375 0.844722778125 0.9703231578124999 0.5921231703125 0.9791272859375001 0.5811299187500001 0.6674759906250001 0.557785134375 0.6649464140625 0.5418791406250001 0.650061775 0.5327345609374999 0.6306048484375 0.5310323 0.6235029812499999 0.522568625 0.5969441859375 0.5124026890625 0.5697044874999999 0.5100195234375 0.534341565625 0.510846840625 0.514203734375 0.51692735 0.49372545 0.526899246875 0.47037713593749997 0.524856534375 0.46225391250000003 0.528067015625 0.43691404375 0.7728838515625001 0.46415374218750005 0.7752670171875 0.4665369078125 0.74802731875 0.7035233453124999 0.8628690546875 0.69471921875 0.8738623078125001 0.7018210859375 0.8823259828125
1340 0.91817576875 0.33660590625000003 0.9217743296875 0.250654971875 0.8584908046875 0.2568818953125 0.8591240812500001 0.33928189531249997 0.91817576875 0.33660590625000003
584 0.46536208125 0.08916776562499999 0.4621516 0.0810445421875 0.44658605781249994 0.079682734375 0.43457144843749995 0.0825527625 0.4228972921875 0.08153140625000001 0.4069912984375 0.08406098437500001 0.354173590625 0.7774085140625 0.38598557968749997 0.7723493593749999 0.410014796875 0.7666093015625 0.42168895468749995 0.7676306578125 0.4333631109375 0.7686520140625 0.46259436562499995 0.5241756296875 0.4746089734375 0.5213056 0.49829773906249997 0.519456928125 0.5421684359375 0.1076509640625 0.5269433453125 0.1023977703125 0.511377803125 0.10103596249999999 0.5003845499999999 0.092231834375 0.48836994218749996 0.0951018640625 0.481268075 0.08663818906250001 0.46536208125 0.08916776562499999
1334 0.3504250890625 0.506519746875 0.3633146421875 0.44882986875 0.22322476249999998 0.4365735921875 0.214567046875 0.4907125375 0.3504250890625 0.506519746875
589 0.39522894375 0.8907931874999999 0.58726864375 0.8919097984375 0.5857604234375 0.8643296484375 0.5707293734375 0.812039375 0.402718890625 0.8051827046875 0.39522894375 0.8907931874999999
589 0.6126596703125 0.8706041984375 0.586441328125 0.8565468765625001 0.58726864375 0.8919097984375 0.39522894375 0.8907931874999999 0.395422984375 0.8437561078125 0.33836638125 0.91326655625 0.353591471875 0.91851975 0.41128135 0.9314093031249999 0.5906255375 0.9431787140625 0.5933491546874999 0.9120476312499999 0.6126596703125 0.8706041984375
1625 0.1618922234375 0.913511753125 0.14632668124999998 0.91214994375 0.13786300625 0.9192518109375 0.1297397828125 0.9224622921875 0.11451469375000001 0.9172090984375 0.08236225312499999 0.9261596375 0.07321767343749999 0.9410442765625 0.08387047343750001 0.9537397890625 0.099436015625 0.9551015968750001 0.12025475156250001 0.9412383156249999 0.1403925828125 0.9351578046875 0.14749445 0.9436214812499999 0.158487703125 0.9524256078125 0.1740532453125 0.9537874171875 0.1899592390625 0.9512578390625 0.19487198125 0.9399241343750001 0.18421918125 0.9272286218750001 0.1618922234375 0.913511753125
1939 0.0418344125 0 0 0.4781695234375 0 0.8218850421875 0.6111990765625 0.752841275 0.66601186875 0.12632820312499998 0.32856470625 0 0.0418344125 0
1939 1 0.0418344125 0.9692954500000001 0.0391481125 0.66601186875 0.12632820312499998 0.6111990765625 0.752841275 0.9623975046875 0.86199058125 1 0.43219209375 1 0.0418344125
1506 0.95057865625 1 0.9666293421875001 0.8584396484375001 0.9468319624999999 0.8606287734375 0.9309259671874999 0.86315835 0.8948821421875 0.8717684374999999 0.8666210859374999 0.8810594296875 0.8393813874999999 0.8786762640625 0.816033075 0.8766335515625 0.791322953125 0.89015638125 0.7754169578125001 0.8926859578125 0.7436049703125 0.8977451125 0.7464749984375 0.9097597203125 0.9294601140625 1 0.95057865625 1
819 0.9503232453124999 1 0.9623975046875 0.86199058125 0.6115395296874999 0.748949890625 0 0.8180321156250001 0 0.954244415625 0.5229887171875001 1 0.9503232453124999 1
485 0.315647815625 0.6799298359375 0.323090134375 0.6845021250000001 0.32002606562499997 0.7195245953125 0.33559160781249997 0.7208864046875 0.3396770328125 0.6741897781249999 0.34998938125 0.6907766765625001 0.33860805 0.77604670625 0.35028220625 0.7770680624999999 0.359961278125 0.7112549593749999 0.3807800140625 0.697391678125 0.3973669125 0.6870793296875 0.39182089375 0.616013034375 0.3813621328125 0.5562804421875 0.40218086875000003 0.5424171609374999 0.392549425 0.5180474921875 0.37343295 0.5124538453125 0.3458527984375 0.513962065625 0.32250448593750003 0.5119193531249999 0.3030475578125 0.5102170921875 0.2945838828125 0.517318959375 0.2947302953125 0.560464653125 0.32128908906250003 0.5706305890625 0.3195868296875 0.590087515625 0.3129718265625 0.6208781484375 0.317690528125 0.656581521875 0.315647815625 0.6799298359375