1453 0.0488821515625 0.4778722796875 0.018074645312500002 0.58244981875 0.0238338984375 0.8360789953125 0.06874475937499999 0.8434050281250001 0.08186734531249999 0.7229413765625 0.09393864375 0.48311571718749996 0.0488821515625 0.4778722796875
701 0.5996152312499999 0.0162087296875 0.5532459171874999 0.634522103125 0.5943544734375 0.629025571875 0.6014903140625 0.526978309375 0.6687462359375 0.4835473484375 0.722460784375 0.0289844875 0.5996152312499999 0.0162087296875
581 0.23618620781250002 0 0.2124904265625 0.6692920140624999 0.5369308312500001 0.64384514375 0.5947935203125 0.0179643421875 0.3746733390625 0 0.23618620781250002 0
701 0.0708009 0 0.06407543125000001 0.462192453125 0.10358206406249999 0.4796044890625 0.096666965625 0.6904917765625 0.11848867968750001 0.6920177 0.1652927234375 0.672269971875 0.19758840625000001 0.680806646875 0.20752308749999998 0.673130225 0.2298095125 0 0.0708009 0
1340 0.7295034125 0.353857946875 0.805544921875 0.386381434375 0.839044275 0.1313119265625 0.75346174375 0.12323463125 0.7295034125 0.353857946875
214 1 0.40373192343750003 0.8501053546874999 0.353920134375 0.8034947640625001 0.5724955453125 0.6897260562499999 0.631509040625 0.221944990625 0.690880946875 0.2099328640625 0.9746591375 0.5454695796875 1 0.9599922812499999 1 1 0.4278629625 1 0.40373192343750003
955 0.9666502109374999 0.7031929781249999 0.9909862593750001 0.4223693421875 0.8591230296875001 0.381756859375 0.81255566875 0.5773147062499999 0.9666502109374999 0.7031929781249999
225 0.9478470250000001 1 0.9726961265625 0.7287291171875 0.8034515343749999 0.5955131078125 0.2365125234375 0.7065490734375001 0.22171749687500003 0.962926515625 0.7114339875 1 0.9478470250000001 1
713 0.6162034750000001 0.5405638374999999 0.6071152828125 0.6257323328125 0.6846563156250001 0.6144122859375 0.77699696875 0.5706426390625 0.6847268328125 0.501407065625 0.6162034750000001 0.5405638374999999
1790 0.68839945 0.583282321875 0.7079343234375 0.5951122359375 0.7482123328125 0.579093725 0.7548839968750001 0.5732819109375 0.707875153125 0.55115970625 0.68839945 0.583282321875
825 0.038767801562499996 0.9585045484375 0.1955109609375 0.956908415625 0.193731525 0.8479593953125001 0.056814496874999995 0.8572202484375 0.038767801562499996 0.9585045484375
1939 0.0353087734375 0 0 0.5049389734374999 0 0.9641647624999999 0.013246182812499998 0.9650910250000001 0.06831921875 0.692695071875 0.071660321875 0 0.0353087734375 0
1939 1 0.033742456250000004 0.723480190625 0.0144063078125 0.6439414171875 0.6366785890625 0.937099196875 1 0.9646912265625 1 1 0.49506103125 1 0.033742456250000004
819 0.9346993343750001 1 0.6428196125000001 0.630321803125 0.0697322828125 0.6948866625 0.013246182812499998 0.9650910250000001 0.128589525 0.9731566171875 0.512467778125 1 0.9346993343750001 1