1228 0.56510361875 0.47850370625 0.29596739843750003 0.527886090625 0.28465831875 0.9045502578125 0.53463165625 0.813269309375 0.56510361875 0.47850370625
536 0.5512836078125 0.44556343125 0.43932074062500004 0.3897128328125 0.220975340625 0.41924336249999994 0.2998953984375 0.4905136609375 0.5512836078125 0.44556343125
353 0.9090208203125 0.4201876609375 0.5655400640625 0.47435121406249997 0.5291761 0.8651754625000001 0.8605298546875 0.73206756875 0.9090208203125 0.4201876609375
1396 0.5196435765625 0.25331153125 0.518962525 0.2448432203125 0.5127467625000001 0.2441899171875 0.494099478125 0.2422300078125 0.4901187078125 0.2502083421875 0.494615075 0.2821686625 0.5148163015625 0.284291896875 0.52523105625 0.2748906203125 0.5263221671875 0.264509390625 0.5196435765625 0.25331153125
1606 0.704178815625 0.30629388125 0.6893204625 0.313128934375 0.6847377953125 0.356730103125 0.667234390625 0.3737830609375 0.555595284375 0.3746444109375 0.6779992890625001 0.43579078125 0.9038697843750001 0.39445607968749996 0.787489703125 0.35073630625 0.704939021875 0.3588533375 0.7168549468750001 0.32022128906249997 0.704178815625 0.30629388125
1809 0.3654989484375 0.3147800203125 0.45006640156250005 0.3173708703125 0.46283597500000007 0.1360841546875 0.3844842859375 0.1341466078125 0.3654989484375 0.3147800203125
1396 0.1271177765625 0.3107169703125 0.144647565625 0.3083610609375 0.14833095937500002 0.25836782812500003 0.1310193921875 0.2586474921875 0.1271177765625 0.3107169703125
1396 0.8401126015625 0.23871299218750003 0.8397289265625 0.27225958125 0.8559229984375 0.2676641 0.86053205 0.2387599796875 0.8401126015625 0.23871299218750003
351 0.2814377546875 0.9650880468749999 0.292423071875 0.53171193125 0.124894878125 0.556087653125 0.12806047812500002 0.95946335625 0.2663611796875 0.9739993453125001 0.2814377546875 0.9650880468749999
351 0.1372180109375 0 0.13509360625 0.055455034375000004 0.2664974953125 0.0608694109375 0.26854106093749996 0 0.1372180109375 0
351 0.6579321828125 0.013845201562500001 0.65184834375 0.0866771421875 0.7708470937499999 0.1054819609375 0.7791395390625 0.0265846078125 0.6579321828125 0.013845201562500001
351 1 0.0517787515625 0.8770377874999999 0.036874128125 0.8722896671875 0.11194564062500001 0.998839896875 0.133643334375 1 0.1226056890625 1 0.0517787515625
351 0.8723759671875 0.0363841515625 0.7820291984375001 0.02898750625 0.7739549734375 0.1058086125 0.8671914015625 0.11560815625000001 0.8723759671875 0.0363841515625
351 0.5359310921875 0.0535019265625 0.53197670625 0.0761773078125 0.649857959375 0.090666309375 0.6532703609375 0.013355225000000002 0.5753551156250001 0.007265184375 0.5565687625 0.0514726671875 0.5359310921875 0.0535019265625
774 0.3043245671875 0 0.29286171250000004 0.03425185 0.5445736828125 0.04601356875 0.5646957546875 0.004045657812500001 0.522912034375 0 0.3043245671875 0
1045 0.48816680156250003 0.522896875 0.32153788125 0.5536646609375 0.320036709375 0.5828954328125 0.4899917328125 0.550378053125 0.48816680156250003 0.522896875
1028 0.6518318578125 0.8192900015625 0.6893660859375 0.46217566718749997 0.56687578125 0.4765907859375 0.525849996875 0.8669250578125001 0.6518318578125 0.8192900015625
931 0.789413028125 0.5566583125 0.797679090625 0.4630639109375 0.786583284375 0.46399687656250005 0.7734371796875 0.559177546875 0.789413028125 0.5566583125
931 0.5922544281250001 0.5191426515625001 0.6674718515625 0.5060564984375 0.6612297046875 0.49070614843750004 0.5937819828124999 0.5046089281249999 0.5922544281250001 0.5191426515625001
2032 0.8745591312500001 1 0.8888437828125 0.9260690640625 0.8534868265625001 0.8887659828125001 0.8377891140625 0.798950434375 0.41864734375 0.990005265625 0.5230149875000001 1 0.8745591312500001 1
931 0.8318657796875 0.4666570765625 0.8265229078124999 0.457698790625 0.819652478125 0.46327422656249995 0.8198970859375001 0.47589502812499995 0.8236860171875 0.484689990625 0.8241488468749999 0.4952345453125 0.822621290625 0.50976826875 0.8184222984374999 0.5198228484375 0.817549409375 0.5281278328125001 0.8149043578124999 0.5383457375 0.8124775281250001 0.546487396875 0.8167029046875 0.551129865625 0.8244462234375 0.5372494453125001 0.8301727718749999 0.5126611421875 0.8327914375000001 0.48774619062499996 0.8318657796875 0.4666570765625
931 0.623220553125 0.5832736046875 0.6041368234375 0.5854661890624999 0.58682525625 0.5857458531249999 0.58396198125 0.5980400046875001 0.596611728125 0.5972703640625 0.6108154140625001 0.5966640484375 0.62191121875 0.5957310828125 0.6383235125 0.5890593546875 0.651409703125 0.5841372234375 0.6540547546875 0.57391931875 0.64783899375 0.573266015625 0.6409685640625 0.5788414515625 0.6343163578125 0.582340640625 0.623220553125 0.5832736046875
931 0.5927364953125001 0.664036890625 0.586520734375 0.6633835890625 0.57965030625 0.668959025 0.5772234765625 0.6771006828125 0.589436778125 0.680483534375 0.599196865625 0.6773109953125 0.6167266546875 0.6749550875 0.6264867421875 0.67178255 0.6380189921875 0.666697090625 0.64775269375 0.6488275046875 0.6315586234375 0.6534229859375 0.6215803140625 0.65867176875 0.6069401828125 0.6634305765625 0.5927364953125001 0.664036890625
931 0.6181679109375 0.735982853125 0.6117339265624999 0.737405796875 0.6004199 0.740415009375 0.5893240937499999 0.7413479749999999 0.579782228125 0.742444265625 0.5731300218750001 0.74594345625 0.572693578125 0.7500959484374999 0.5720389109374999 0.7563246875 0.58468865625 0.755555046875 0.59889234375 0.7549487312500001 0.6073167125000001 0.749536621875 0.61841251875 0.7486036546875 0.62860905 0.7412786265625 0.6356976999999999 0.73362694375 0.6403331375 0.7194198734375 0.63368093125 0.7229190625 0.6281462203125 0.73073406875 0.6246018953125 0.7345599109375 0.6181679109375 0.735982853125
931 0.6056500890625001 0.8102377374999999 0.5930003421875 0.811007378125 0.5832402546875 0.8141799140625 0.5736983906249999 0.8152762062500001 0.567046184375 0.8187753953125 0.5630654140625 0.8267537296875 0.5834848625 0.8268007171875 0.5961346078124999 0.826031078125 0.6092207984375 0.82110894375 0.6194173296875001 0.813783915625 0.626942425 0.801979740625 0.629587478125 0.7917618359375 0.6240527671875 0.7995768421875 0.61851805625 0.8073918499999999 0.6136380124999999 0.8089781203124999 0.6056500890625001 0.8102377374999999
931 0.5131353875 0.5842982828125 0.3844557046875 0.612757146875 0.36847985625 0.61527638125 0.35427616875 0.615882696875 0.3367463796875 0.61823860625 0.32254269375 0.6188449203124999 0.3221062484375 0.6229974125 0.346969296875 0.6256106234375001 0.37360450625 0.626310915625 0.383146371875 0.6252146234375 0.5102721125 0.5965924328125001 0.525130465625 0.58975738125 0.5355452203125 0.580356103125 0.53663633125 0.5699748734375001 0.5321927328125 0.56740865 0.5270944671875 0.571071165625 0.5233319187500001 0.5769732515625 0.5131353875 0.5842982828125
931 0.258831134375 0.612148565625 0.25885751875 0.6268456140625001 0.256675296875 0.6476080750000001 0.2562652359375 0.6664576156249999 0.2543012359375 0.68514383125 0.2505650734375 0.7057429671875 0.2569990578125 0.704320025 0.261416271875 0.6921891984374999 0.2653706578125 0.6695138171874999 0.2675528796875 0.64875135625 0.2672818875 0.6214335046875 0.2661116234375 0.5877235890625 0.26052414375 0.5661444999999999 0.25209977499999997 0.571556609375 0.253898321875 0.5843407375 0.255915090625 0.59504861875 0.258831134375 0.612148565625
1723 0.563496909375 0.44894628281250004 0.441311125 0.3857236671875 0.212306365625 0.41203467031249996 0.297686790625 0.4965790734375 0.563496909375 0.44894628281250004
1228 0.2900011921875 0.9135085453125 0.5388570328125 0.8179117796875 0.567993278125 0.4809066046875 0.45038301562500005 0.4937354546875 0.28909696875 0.5334615265625 0.2900011921875 0.9135085453125
1767 0.856549084375 0.740045903125 0.8592397593750001 0.8788747296875 0.893260996875 0.9139382390625 0.9467375453125 0.65926025625 0.9141311796875 0.6705274640625001 0.856549084375 0.740045903125
658 0.8869418921875001 0.3611891515625 0.8835894046874999 0.34824169843749997 0.8720307703125 0.33863010781249997 0.8522659890625001 0.33235438125 0.833836925 0.3283182265625 0.8198514609374999 0.3268482953125 0.815870690625 0.33482662812499997 0.8098995359375 0.34679412656249997 0.8489926546875 0.3634980734375 0.8818436265624999 0.3648516671875 0.8869418921875001 0.3611891515625