407 0.0867019765625 0 0.0776947484375 0.060617251562499995 0.09353770781250001 0.08324334375 1 0.2244498859375 1 0.080450184375 0.5437443296875 0 0.0867019765625 0
1803 1 0.14355602812499998 0.2727438734375 0.0117129609375 0.1992442921875 0.3160738171875 1 0.47282537187499996 1 0.14355602812499998
727 0.170987503125 0.5213164234375001 0.18410781874999999 0.4918978078125 0.1922475765625 0.44573494374999995 0.189301959375 0.41744998125 0.18047449531249998 0.40002742031249994 0.158749690625 0.38826373125 0.1628195703125 0.3651822984375 0.15421508125 0.32399999375 0.1349805546875 0.3206084265625 0.10737390468750001 0.319707140625 0.09062965625 0.3246876984375 0.0840694984375 0.33939700625 0.08135624531249999 0.3547846265625 0.0831682109375 0.36700365625 0.0926739875 0.3805793109375 0.094485953125 0.392798340625 0.0745731140625 0.3932536796875 0.0524023609375 0.4290094796875 0.0442626015625 0.47517234375 0.0406480625 0.5181666140625001 0.056491023437499996 0.5407927078125 0.053777770312499994 0.556180328125 0.0607932671875 0.561383859375 0.061703945312499994 0.6012095390625001 0.080938471875 0.6046011046875 0.1155606203125 0.6107059234375 0.1277796484375 0.6088939578125 0.1397663125 0.5634094078125 0.15198534218749998 0.5615974421875001 0.15673353437499998 0.5346691046875 0.170987503125 0.5213164234375001
1694 0 0.8884794859375 0.2631184296875 0.7636526734375 0.269669196875 0.6815110359375 0.15878725625 0.6579930484375 0.16172348281249999 0.6188456828125 0.11374865468749999 0.5984868953125 0.0519751953125 0.611393628125 0.0440584109375 0.633796746875 0 0.62852736875 0 0.8884794859375
1761 0.919549815625 1 0.932716021875 0.9253307328125 0.23325386718750002 0.798051846875 0.0782627859375 0.88971804375 0.098630965625 0.90917554375 0.1042898359375 0.9220728859375 0.5120843875000001 1 0.919549815625 1
433 0.7224891515625 0.8803507171874999 0.9295437234374999 0.9208265359375 0.945590875 0.7848282234374999 0.885397015625 0.766281403125 0.8546217734375 0.760854896875 0.7654646390625001 0.7491005984375 0.7224891515625 0.8803507171874999
991 0.853488121875 0.7447889625 0.8161527218750001 0.754071765625 0.79556156875 0.758374009375 0.7602611078125 0.7561160953125 0.7197665062499999 0.8283060093750001 0.703254625 0.8769591515625 0.7340298671875 0.8823856578125 0.751452428125 0.8735581937499999 0.7813169906249999 0.8391590203125 0.8014528046875 0.8149439359375 0.801675778125 0.791184190625 0.8172863734375 0.7701377 0.8462496500000001 0.763345175 0.8654841765624999 0.7667367421875 0.88200545 0.7855159281249999 0.8695634468750001 0.8110876390625 0.8643599156249999 0.8181031375 0.8686621609375 0.8386942890625001 0.8962688109375 0.8395955765625001 0.898536115625 0.8717274453125 0.9109875093750001 0.9135880640625 0.9329061187500001 0.9242526375000001 0.9449219531249999 0.856107459375 0.953284684375 0.7861848499999999 0.9091567609375 0.7665043765624999 0.8752129265624999 0.7565526515625 0.853488121875 0.7447889625
991 0.633991546875 0.7298848546875 0.5878286828125 0.721745096875 0.539175540625 0.7052332156250001 0.48147196093750005 0.6950585171875 0.454543625 0.690310325 0.42603568750000004 0.7170156875 0.40205296874999996 0.740552459375 0.3733220578125 0.7910175671874999 0.3590680890625 0.8043702484375 0.391655296875 0.8220157828125 0.41451375468749996 0.8498454078125001 0.45117084218750003 0.844409509375 0.484203996875 0.8145355546875 0.5115876734375 0.8391965875 0.5570722234375001 0.8511832500000001 0.591694371875 0.85728806875 0.6193010218749999 0.8581893562499999 0.6487196375 0.871309671875 0.67180106875 0.8753795515625 0.6706674171875 0.8593136171875001 0.66387489375 0.830350340625 0.663642528125 0.78667775625 0.6511911328125 0.7448171375 0.633991546875 0.7298848546875
268 0.6955608140625 0.875602525 0.6928475609375 0.890990146875 0.7283803875 0.9369206437500001 0.83292514375 0.9513881953125001 0.8356383968750001 0.9360005749999999 0.78087104375 0.8866785109374999 0.6955608140625 0.875602525
278 0.283718975 0.8267827578125001 0.2905114984375 0.855746034375 0.3905310359375 0.8733821781250001 0.4127017890625 0.837626378125 0.40839954375 0.817035225 0.312905225 0.796230490625 0.283718975 0.8267827578125001
278 0.1567711 0.8043984234374999 0.1572264390625 0.8243112625 0.25588935 0.8496412156250001 0.3018198484375 0.814108390625 0.2975176046875 0.7935172374999999 0.19048256875 0.7706775625 0.1567711 0.8043984234374999
433 0.8580133406250001 0.7416203703125 0.9021412640625 0.7613008453125001 0.9283912875 0.7698959421875 0.9446708046875001 0.6775702156250001 0.8394477359374999 0.6669495703125 0.821356253125 0.7470562671875001 0.8580133406250001 0.7416203703125
991 0.9571128078125 0.6519985046875 0.9123065703125001 0.6361649359375 0.8846999203125 0.6352636484375 0.8543800171875 0.6497499828125 0.843294640625 0.6676278828125 0.8098061453125001 0.6775889984375 0.7747380500000001 0.7190036703125 0.7629743609374999 0.7407284749999999 0.8014434140625 0.74751160625 0.8412690921875001 0.746600928125 0.8568796875 0.7255544359375 0.8763371875000001 0.7051862578125 0.88176369375 0.6744110156249999 0.90937034375 0.6753123015625 0.9195544328125 0.6850410515625 0.940600925 0.700651646875 0.9299708875 0.7384423875 0.9252226953125 0.7653707234375 0.9308815671874999 0.7782680656250001 0.953284684375 0.7861848499999999 0.9668509484375001 0.7092467453125 0.9503296750000001 0.6904675578125 0.9523646156250001 0.6789268421875 0.9543995546874999 0.6673861265625 0.9571128078125 0.6519985046875
433 0.49119132031249996 0.6174420984375 0.46902056718749996 0.6531978984375 0.45974715625 0.6832948265625001 0.5590883796874999 0.704777875 0.558633040625 0.6848650359375 0.560212640625 0.65341148125 0.5565887093749999 0.6289734218749999 0.5303386859375 0.620378325 0.49119132031249996 0.6174420984375
991 0.5260364421875 0.599787171875 0.506801915625 0.59639560625 0.4676545484375 0.5934593796875001 0.45543552031249995 0.5952713453125 0.41313834531250004 0.7226745593749999 0.4590688421875 0.6871417328125 0.46381703593749996 0.6602133953125 0.48847806718750003 0.6328297187499999 0.5027320359375 0.6194770375 0.5264917812500001 0.6197000109374999 0.5418794015625 0.6224132640625 0.5552320828124999 0.6366672328125 0.5633812328125 0.6579366984374999 0.5590883796874999 0.704777875 0.57764459375 0.712016346875 0.6032163046875 0.72445835 0.6009489984374999 0.6923264812500001 0.5975480421875 0.644128678125 0.597771015625 0.6203689328124999 0.5669957734375 0.614942428125 0.5260364421875 0.599787171875
1564 0.97316935 0.5834325234375 0.9817644484375 0.5571824984375 0.307877709375 0.4423245953125 0.311501640625 0.466762653125 0.97316935 0.5834325234375
1564 0.514495725 0.5977522328125 0.598449328125 0.616522028125 0.6034298859375 0.633266275 0.82722870625 0.6687615359375 0.8543800171875 0.6497499828125 0.288884940625 0.55003794375 0.2963557765625 0.5751543140625001 0.45091030156249995 0.5984399375 0.45928242499999994 0.5959496578125 0.514495725 0.5977522328125
1939 1 0.22816484843749998 0.09353770781250001 0.08324334375 0.08811120312500001 0.1140185859375 0 0.6577764296875 0 0.6697065734375001 0.9442600499999999 0.8598612937500001 1 0.5437443281250001 1 0.22816484843749998
1939 0 0.6582881640625 0.0973846140625 0.08392165625 0.07452615625 0.056092032812500005 0.06955498906249999 0.10678011406250001 0 0.4871526765625 0 0.6582881640625
819 0.91558330625 1 0.940396734375 0.8592760515625001 0 0.6657283656249999 0 0.9141272109375 0.040704410937500005 0.922760590625 0.4904832859375 1 0.91558330625 1
1050 0.5449634703124999 0.02004751875 0.564197996875 0.023439084375 0.5669112484375 0.0080514625 0.5598957515625 0.00284793125 0.556048846875 0.0021696171875 0.54450813125 0.00013467812500000002 0.53545769375 0.0064718625 0.530932475 0.0096404546875 0.5334227546875 0.018012578125 0.5449634703124999 0.02004751875
1050 0.4608834296875 0 0.47119395624999993 0.011006471875 0.486581578125 0.013719724999999999 0.49880060625 0.011907759375 0.500835546875 0.00036704375 0.5007263703125 0 0.4608834296875 0
1572 0 0.7759845999999999 0.0099103859375 0.7824694265625001 0.0051715859375 0.87683009375 0.060607859374999996 0.854872921875 0.058554137500000006 0.7315489796875 0.04655808125 0.7096012 0.0381859578125 0.7120914796875 0.00922268125 0.718884003125 0 0.7208109578124999 0 0.7759845999999999
1572 0.089552353125 0.713215740625 0.07348641875 0.7143493921874999 0.065133078125 0.85170433125 0.081877325 0.8467237734375 0.1128755421875 0.8283905328125 0.11286615 0.7609582046875001 0.11308912499999998 0.737198459375 0.11331209843750001 0.7134387140625 0.089552353125 0.713215740625