1924 0.35277250000000004 0 0.3656132171875 0.095982840625 0.38460468125 0.206216825 0.435135825 0.24402088906250002 0.47738056249999994 0.26747247500000004 0.5432751984374999 0.2932169859375 0.588552971875 0.305349128125 0.6386149046875 0.314719134375 0.704040328125 0.3120295859375 0.7392805703125 0.3012519421875 0.9032575109375 0.09041443437499999 0.5658262484375001 0 0.35277250000000004 0
1939 0.11633650625 0 0.110940475 0.0201382609375 0.285274065625 0.3656274546875 0.315260934375 0.3291778890625 0.3313645375 0.3294487890625 0.3242874546875 0.3558608234375 0.353461625 0.367722065625 0.3660629796875 0.35087835156249997 0.378122534375 0.3662418421875 0.3750894984375 0.3775612859375 0.63718781875 0.45587841406249996 0.651540296875 0.44759200625 0.714672796875 0.46855235625 0.71992616875 0.494224278125 1 0.290533046875 1 0.11633650625 0.9069971015625 0.09141645468750001 0.7382695578125 0.305025090625 0.704040328125 0.3120295859375 0.662264803125 0.3170120578125 0.6225113015625 0.314448234375 0.5799956640625 0.3071002515625 0.535728903125 0.2911949609375 0.4914621421875 0.27528967031249996 0.45851482499999996 0.262417415625 0.421054246875 0.23620369375 0.4014483953125 0.2188181796875 0.3808315328125 0.20520581249999997 0.352453003125 0 0.11633650625 0
760 0 0.7527590656250001 0.0352689890625 0.694955459375 0.0938882296875 0.7025743421875 0.2269788625 0.5077251578124999 0.25393269687500003 0.48259503593749997 0.2466573 0.46446940937500003 0.2804173171875 0.4290308546875 0.3229329546875 0.43637883750000006 0.3750894984375 0.3775612859375 0.378122534375 0.3662418421875 0.3698361265625 0.3518893625 0.353461625 0.367722065625 0.32327644218749996 0.359633971875 0.3313645375 0.3294487890625 0.31627194687500004 0.32540474218750004 0.253536071875 0.3935197140625 0.2394544921875 0.38570251875 0.21425178281249999 0.4193899484375 0.18507761250000002 0.4075287046875 0.1828572765625 0.3705373390625 0.1650025484375 0.3617091328125 0 0.5252412578125 0 0.7527590656250001
760 0.8767142187499999 1 0.8983088140625 0.9302503312500001 0.8880003828125 0.9234441484374999 0.874731503125 0.8673161437499999 0.8151932875 0.5763676921875 0.7857482171875 0.5806100515625 0.7401995453125 0.5845815125 0.7307038125 0.5294645203125 0.714672796875 0.46855235625 0.64776715 0.44658099375000004 0.6419719781250001 0.453116278125 0.6455999515624999 0.5754098171875001 0.6881155890625 0.5827578 0.67800546875 0.620489278125 0.68991985 0.757135296875 0.6703671359375 0.9055699718750001 0.7426464015625001 1 0.8767142187499999 1
407 1 0.2937316203125 0.7294944890624999 0.48870000625000004 0.74222156875 0.5770352171875001 0.8227395828124999 0.578389715625 1 0.5351587734375001 1 0.2937316203125
1321 0.799215409375 0.6812757171875 0.80501058125 0.6747404328125 0.7967241734375 0.6603879546875 0.7936911375 0.671707396875 0.790658103125 0.683026840625 0.7715214640625 0.6940753843749999 0.7599311203125 0.7071459515625 0.757638196875 0.73079585 0.7651844921875 0.7328178734375 0.75305235 0.778095646875 0.7552726859375001 0.8150870125 0.7633607812500001 0.7849018296875 0.7723873015625 0.8115847640625 0.78323753125 0.7861837421875 0.7882925921874999 0.767318003125 0.7971207984374999 0.7494632765625 0.80520889375 0.7192780937500001 0.8120150765625 0.7089696625 0.8037286703125 0.694617184375 0.799215409375 0.6812757171875
1321 0.8457750953125001 0.673531109375 0.84779711875 0.6659848140625 0.842272846875 0.65641649375 0.8286604796875 0.67703335625 0.82562744375 0.6883528 0.8140371015625 0.7014233671875 0.820572384375 0.7072185390625 0.8155173250000001 0.726084278125 0.8122133890625 0.7535073234375 0.801092259375 0.7950119499999999 0.7925349515625 0.7967630734375 0.8066165312500001 0.80458026875 0.8219800218750001 0.7925207140625 0.8215108093750001 0.7640866546875 0.8341121640625 0.747242940625 0.8439513828124999 0.725615065625 0.851768578125 0.7115334859375 0.853050490625 0.6916567359375 0.8457750953125001 0.673531109375
1321 0.115806453125 0.46984850624999996 0.116275665625 0.49828256406250004 0.1281369078125 0.46910839375 0.146533434375 0.4457293953125 0.1430311875 0.42861477968750006 0.157383665625 0.42032837343749996 0.16418985 0.41001994062499997 0.1445839984375 0.3926344265625 0.15314130625 0.39088330312499997 0.148628046875 0.3775418359375 0.138048715625 0.3868392546875 0.13703770312500002 0.390612403125 0.1199230875 0.3941146515625 0.116890053125 0.40543409375 0.11183499374999999 0.4242998328125 0.11432622968749999 0.44518759531249996 0.106238134375 0.475372778125 0.10118307499999998 0.49423851562500004 0.1125025171875 0.49727155156249997 0.115806453125 0.46984850624999996
407 0.1400707390625 0.37929295937499996 0.17355985625 0.3599580078125 0.190403571875 0.3725593640625 0.19464593125000001 0.4020044328125 0.21526279375000001 0.4156168 0.2442386515625 0.3829403828125 0.2562982078125 0.3983038734375 0.2807608046875 0.3522859875 0.1099568578125 0.0238091734375 0.0771922953125 0.1460881859375 0.04709654375 0.273499646875 0.1400707390625 0.37929295937499996
1694 0.2665871890625 0.631571509375 0.223113678125 0.7938168625 0.263607290625 0.8087111421875001 0.3189951828125 0.78311180625 0.357142734375 0.6558357953125 0.305329678125 0.63790848125 0.2665871890625 0.631571509375
1694 0 0.774474209375 0.024346170312500002 0.7809977453125 0.043211909375 0.7860528062500001 0.0620776484375 0.791107865625 0.07892136250000001 0.8037092203125 0.0987981140625 0.8049911312500001 0.11011755781250002 0.8080241671874999 0.1224480125 0.8072840546875 0.1392917265625 0.8198854109375 0.1553953296875 0.820156309375 0.1725099453125 0.8166540624999999 0.17527208125 0.821438221875 0.2044462515625 0.8332994640625 0.221164240625 0.7407218953125 0.052383603125 0.6914532125 0.0352689890625 0.694955459375 0 0.76955125 0 0.774474209375
1316 0.158646128125 0.626913075 0.1556130921875 0.63823251875 0.1553421921875 0.654336121875 0.1392385890625 0.654065221875 0.1301394828125 0.6880235515625001 0.116527115625 0.7086404140625 0.12306239999999999 0.7144355859375 0.1391660015625 0.7147064859375 0.16180488906249998 0.72077255625 0.168611071875 0.710464125 0.179930515625 0.7134971609375 0.1870075984375 0.6870851265625 0.1845163625 0.6661973640625 0.17144579531249998 0.6546070203125 0.178251978125 0.6442985890624999 0.158646128125 0.626913075
1694 0.4668880578125 0.8348717265625 0.464324234375 0.874625228125 0.52092145 0.88979040625 0.5674279984374999 0.716225609375 0.506046621875 0.703822565625 0.4668880578125 0.8348717265625
343 0.6260277875 0.9503059453124999 0.7042528796874999 0.9753103421875 0.748539090625 0.7647541796875 0.673076134375 0.7445339421875 0.6260277875 0.9503059453124999
1939 1 0.5351122875 0.8189664359375 0.5773787031250001 0.853790603125 0.703987190625 0.958969528125 0.703861465625 1 0.5507336578124999 1 0.5351122875
407 0.9458263734375001 0.7529123859375 0.9551963796875 0.7028504546875001 0.8500174546875 0.7029761796875 0.852237790625 0.73996754375 0.9458263734375001 0.7529123859375
1939 0.8983088140625 0.9302503312500001 0.9026237609375001 0.8990541375 0.946837384375 0.7491392390625 0.85702195 0.737205409375 0.8880003828125 0.9234441484374999 0.8983088140625 0.9302503312500001
1939 0.6418268031250001 0.57439880625 0.6361768062500001 0.45965156093750004 0.3703053390625 0.380323421875 0.325695090625 0.44116299843749995 0.2766441703125 0.42801984375 0.2466573 0.46446940937500003 0.25871685625 0.4798329 0.2269788625 0.5077251578124999 0.220912790625 0.5303640453125 0.6779328812500001 0.6811305421875 0.674232321875 0.619478265625 0.6853534531250001 0.577973640625 0.6418268031250001 0.57439880625
1939 0.1400707390625 0.37929295937499996 0.04367093125 0.271191615625 0.012717309375 0.3867121078125 0.0861630703125 0.42955320468749997 0.1400707390625 0.37929295937499996
407 0 0.5155102484375 0.0861630703125 0.42955320468749997 0.0117522515625 0.39031375 0 0.43417374999999997 0 0.5155102484375
1939 0.674159734375 0.6801195296875 0.21511761875 0.536899328125 0.1402496015625 0.6502920734375001 0.420473546875 0.72133380625 0.6612148921875 0.7737081124999999 0.6703139984375001 0.7397497828125 0.6891797375000001 0.7448048421875 0.674159734375 0.6801195296875
819 0.7363544234375 1 0.7082969265625 0.9602177515625 0.70047973125 0.9742993296875 0.6270388 0.9465327968749999 0.6649880390625 0.7747191234375 0.137487465625 0.6455079140625 0.1034565484375 0.6970500703125 0.0448373078125 0.6894311875 0.0077733546875 0.7522927875 0 0.7515391390625 0 0.8796194453125 0.4492663421875 1 0.7363544234375 1