171 0.7922133328125 0.6210500578125 0.7047799484375 0.6560794234375 0.5182601703125 0.55006106875 0.48292023593750005 0.559894621875 0.45948860781249995 0.4492269203125 0.3462688875 0.4332691171875 0.3123687328125 0.44287463125000004 0.31708119687499997 0.46330952812500004 0.321400534375 0.4626254125 0.37297829375 0.7975930140624999 0.5495523578125 0.989911728125 0.8922197421875 0.935638546875 0.85504180625 0.6915878640625001 0.8673452796875001 0.685402928125 0.8621089796874999 0.65234223125 0.7922133328125 0.6210500578125
1758 0.4858575140625 1 0.540913684375 0.991279959375 0.5469342078125 0.9733813796874999 0.5436615203125 0.95271844375 0.5331899375 0.9331957015624999 0.5182683156250001 0.9228502875 0.4890796078125 0.9062920453125001 0.45962949062499997 0.9067202296874999 0.41499634375000005 0.913789425 0.39915877499999997 0.91629785 0.36002333750000004 0.9394413171875 0.3301811109375 0.965349140625 0.3277119421875 1 0.4858575140625 1
1754 0.3146129890625 1 0.284890371875 0.82848979375 0.358056671875 0.7872475999999999 0.356747596875 0.7789824249999999 0.3083169109375 0.7061642328125 0.18999363125 0.741849821875 0.2201003203125 0.8387515296875 0.2704925828125 0.8307701796875 0.301167340625 1 0.3146129890625 1
1761 0.2420870796875 0.7166540078125 0.2361962421875 0.6794607234375001 0.2882896921875 0.6542649078125 0.2615874109375 0.6161315765625 0.1837086453125 0.636938871875 0.19797674999999998 0.6897503515625 0.22755756875 0.6808289546874999 0.235673428125 0.713433575 0.2420870796875 0.7166540078125
433 0.29434415937499997 1 0.2931399875 0.99239715625 0.2968047875 0.9875804546875001 0.2800492375 0.9097454140625001 0.22952627187500002 0.9262199750000001 0.19130270625 0.750114996875 0.1852821828125 0.7680135765625 0.21316487031250003 0.9161026 0.22538491718749998 1 0.2803920859375 1 0.28659563125 0.9976699359375001 0.2868613703125 1 0.29434415937499997 1
433 0.36276913906249997 0.8076824968749999 0.372847590625 0.8060862265625 0.369312478125 0.7558110640625 0.3635523421875 0.7101245671874999 0.33462504375 0.6765799 0.3365896734375 0.7355763125 0.356747596875 0.7789824249999999 0.36276913906249997 0.8076824968749999
1707 0.1534753234375 0.7349249859375 0.13396990312499998 0.6024541578125 0.1251995078125 0.5657169484375 0.11904624531250001 0.49891143906249996 0.106742771875 0.5050963734375 0.0838370125 0.500251778125 0.0957493921875 0.5661451343749999 0.1030800078125 0.6031103812499999 0.1170877203125 0.7195069375 0.107923178125 0.6150520640625 0.1295198625 0.6116314859374999 0.1534753234375 0.7349249859375
1709 0.061324384375 0.5165261953125 0.038418625 0.5116815984375 0.025460614062499998 0.513733946875 0.061721584375000006 0.7240398171875 0.069705721875 0.7185389984375 0.0517718015625 0.62394556875 0.0754628 0.624429540625 0.0905171625 0.7194790453125 0.100988746875 0.7390017875 0.096668390625 0.6930872515625001 0.07336746718750001 0.5739263375 0.06760835 0.5748384921875 0.061324384375 0.5165261953125
1050 0.321916225 0.1024619953125 0.30450715625 0.0670930203125 0.29560605624999997 0.038849024999999995 0.29364244375 0.0264512625 0.2920719609375 0.035172515625 0.2966537234375 0.064100625 0.2880160671875 0.1120675078125 0.3066024890625 0.11759622031250001 0.3217855203125 0.110955209375 0.321916225 0.1024619953125
1050 0.34377329843750004 0.035456339062499995 0.3664176484375 0.0572873609375 0.390239353125 0.0492781171875 0.396783709375 0.044005337500000005 0.39416555937500003 0.0274749890625 0.383484646875 0.01222165625 0.352193453125 0.01717769375 0.35254267499999997 0.025594895312499998 0.34377329843750004 0.035456339062499995
774 0.6458235484375 0 0.41367098281250003 0.15994581875 0.42610719531249996 0.238464975 0.5104016484375 0.3140754140625 0.528333534375 0.315471540625 0.88474416875 0.254785384375 0.8514684484374999 0 0.6458235484375 0
685 0.2308210953125 0.282104021875 0.16406742968750002 0.279967996875 0.2335791109375 0.7095290265624999 0.294049825 0.6999514062500001 0.2308210953125 0.282104021875
1939 0 0.5300324062499999 0.034104378125 0.745358975 0.4571379734375 0.695302059375 0.35411315781249997 0.01687364375 0 0.0729596578125 0 0.5300324062499999
1939 0.46064915156249997 0 0.35411315781249997 0.01687364375 0.45923228906249997 0.6992066078125 0.8936595203125 0.9354105078125 1 0.9185678296875001 1 0.4792860359375 0.9240885484374999 0 0.46064915156249997 0
994 0.6634194890625 0.6838115546875 0.6763775 0.6817592078125 0.6626322124999999 0.594974878125 0.6482344234374999 0.5972552640625 0.6634194890625 0.6838115546875
994 0.677162740625 0.6773985828125 0.693654846875 0.6790227453125001 0.680170965625 0.5752519890625 0.6601447640625 0.569951315625 0.677162740625 0.6773985828125
2001 0.1525481796875 0.23519365312499999 0.06629215000000001 0.24038275312500001 0.10150647187499999 0.472035675 0.187762503125 0.46684657500000004 0.1525481796875 0.23519365312499999
2001 0 0.4842395640625 0.0949621140625 0.47730845625 0.05411938125 0.23807447499999998 0 0.2372542890625 0 0.4842395640625
1527 0.5803003515625 0.48516354687499996 0.5702218984375 0.486759815625 0.57899229375 0.5234970234375 0.5897252843749999 0.5260333421875 0.6026832953125 0.52398099375 0.594698140625 0.48288316093750006 0.5803003515625 0.48516354687499996
1527 0.5624991703125 0.47527420937500003 0.5395934109375 0.4704296140625 0.5330490546875 0.47570239374999995 0.5410342078125 0.516800225 0.555431996875 0.514519840625 0.5640706703125 0.513151609375 0.56917525 0.5081068671875 0.5624991703125 0.47527420937500003
819 0.48585752031249996 1 0.886460625 0.9365507015625001 0.45988682656249996 0.70333919375 0.034758915625 0.7494915625 0.0581915625 0.9067579140625 0.0729596578125 1 0.48585752031249996 1
1603 0.19875079375 0.17280455156250002 0.17427455 0.17668120781250002 0.1813437609375 0.23063288124999998 0.20647453906250002 0.2308888125 0.19875079375 0.17280455156250002
291 0.8347531796875 0.6566749640625 0.8257203593750001 0.59032553125 0.818782871875 0.5744792984375 0.80883410625 0.5209837015625001 0.803074990625 0.52189585625 0.81171468125 0.5671262765625 0.8106680328125 0.5884733296875 0.8232349484375 0.6584992734374999 0.8288633609374999 0.6660803328125 0.8347531796875 0.6566749640625
183 0.7240188703125 0.57254341875 0.693652809375 0.5858254406250001 0.7060890234375 0.664344596875 0.7259845203124999 0.678138484375 0.7648585515625 0.67198144375 0.7554325984375 0.5845129953125 0.7240188703125 0.57254341875