407 0.0451457328125 0 0.3096034671875 0.06744457499999999 0.7498224 0.06471037187499999 0.7654086625 0.06706608124999999 0.9806805234375 0.0083141453125 0.5043634390625 0 0.0451457328125 0
1263 0.6702571953125 0.892614528125 0.698498715625 0.91602764375 0.9163427796875 0.9698377421875 0.9087250921875001 0.063316728125 0.8014614906249999 0.09061554375 0.7471822703125001 0.0667479390625 0.23926531718750002 0.0683004703125 0.1920702234375 0.0862295328125 0.08325727031249999 0.053075434374999994 0.0699357203125 0.96548190625 0.2767606875 0.9044988765624999 0.287393921875 0.8921825765625 0.32905424375000003 0.8929097593750001 0.6702571953125 0.892614528125
676 0.277594684375 0.1106425234375 0.08325727031249999 0.053075434374999994 0.0674046671875 0.9612704234375 0.279473534375 0.8982952781250001 0.277594684375 0.1106425234375
676 0.9113652203125 0.0612791609375 0.6968743796875 0.113793778125 0.70113884375 0.9139900765625001 0.9138480859375001 0.9635432453125 0.9113652203125 0.0612791609375
1259 0.8637701765625 0.10212139843750001 0.7382438265625 0.13118508906249998 0.7363895078125 0.23741890625 0.8617340625000001 0.218770296875 0.8637701765625 0.10212139843750001
1259 0.2460222109375 0.1288442796875 0.126794178125 0.0955083875 0.12472170468749999 0.21424030156249999 0.24416789374999998 0.2350780984375 0.2460222109375 0.1288442796875
994 0.31088421718750003 0.2925012046875 0.3074805453125 0.33828210937500003 0.3465370953125 0.33896384375 0.347336996875 0.293137490625 0.31088421718750003 0.2925012046875
994 0.3465734546875 0.33688082656249996 0.388233775 0.337608009375 0.386466265625 0.28965319375 0.36831259375 0.28516901875 0.347482434375 0.2848054265625 0.3465734546875 0.33688082656249996
994 0.4176024296875 0.2964476296875 0.4169116046875 0.3360249328125 0.4481568453125 0.3365703203125 0.451451440625 0.29703846562499997 0.4176024296875 0.2964476296875
994 0.526888053125 0.3025225171875 0.5289100765625 0.3358962234375 0.5705703953125 0.3366234078125 0.5685847328125 0.3011666859375 0.526888053125 0.3025225171875
1008 0.675957409375 0.2676188203125 0.678379384375 0.27807935 0.63935919375 0.2753146 0.6391410375000001 0.28781269531250003 0.6337517015625 0.2981368765625 0.6357010062499999 0.3356766140625 0.6904528953125 0.3324650125 0.6887944640625 0.2782611453125 0.6891580562499999 0.2574309859375 0.675957409375 0.2676188203125
296 0.3881974171875 0.3396910265625 0.41423511562500004 0.34014551718749997 0.4150350171875 0.2943191625 0.459299109375 0.29509179531249996 0.45336438437500004 0.33666121875 0.47676195625 0.33915327500000003 0.5158548656249999 0.33775199375 0.524357 0.2983110375 0.5686938109375 0.2949176375 0.589342175 0.305696309375 0.618020003125 0.30411323125 0.636828140625 0.27110311875000004 0.6371190140625 0.2544389890625 0.608513903125 0.2518560359375 0.6088411359375 0.233108890625 0.5906147453124999 0.23279074843749997 0.5903965906249999 0.24528884374999999 0.5825852796875 0.245152496875 0.5719520453125 0.257468796875 0.5537256546875 0.2571506546875 0.5516309140625 0.22794298125 0.5360082937499999 0.22767028749999998 0.522807646875 0.23785812343749999 0.504763053125 0.22712490000000002 0.49416617656249995 0.23735818437499998 0.481256403125 0.230881890625 0.4810746078125 0.241296971875 0.4653065515625 0.24935634218749997 0.46552470625 0.23685824531250002 0.45250585625 0.23663099999999998 0.43677415937499997 0.2426073546875 0.4265045140625 0.2340934953125 0.426213640625 0.250757621875 0.40798724999999997 0.2504394796875 0.3997759890625 0.273216309375 0.39276458125 0.2272536109375 0.3930918140625 0.20850646562500003 0.374865425 0.2081883234375 0.3745018328125 0.2290184828125 0.358224746875 0.266240078125 0.36057400156249997 0.2808666390625 0.3891063953125 0.28761562500000004 0.3881974171875 0.3396910265625
994 0.5705703953125 0.3366234078125 0.6018519953125 0.33508577812499996 0.6076049234374999 0.3039314359375 0.5711885015625 0.301212134375 0.5705703953125 0.3366234078125
183 0.6094169703125 0.647765428125 0.591263296875 0.643281253125 0.3777905125 0.6374714203125 0.376517940625 0.7103769828125001 0.595234625 0.714194696875 0.6163193 0.6999771765625 0.6094169703125 0.647765428125
183 0.6142831859375 0.8166260734374999 0.6074172140625 0.7623313109375001 0.370328703125 0.7665275171875 0.3718780578125 0.82698043125 0.384751471875 0.835539740625 0.600828025 0.8413950203124999 0.6142831859375 0.8166260734374999
1416 0.499323265625 0.3895547015625 0.4995414203125 0.3770566046875 0.476107490625 0.3766475640625 0.47332192656250005 0.3870171953125 0.44193124843750003 0.394803871875 0.443735115625 0.44067567343749997 0.5270557578124999 0.44213004062500005 0.52789201875 0.394220671875 0.499323265625 0.3895547015625
167 0.310215659375 0.48001809531250006 0.32055802187500004 0.484365925 0.33900256875 0.472185971875 0.34666844218750004 0.48065438125000004 0.3730333734375 0.46236172656249996 0.3838120453125 0.4417133625 0.3790771765625 0.4145432578125 0.3662764796875 0.401817915625 0.3455190375 0.3972882921875 0.3477955765625 0.4160808859375 0.3367987484375 0.44922734531249997 0.315604996875 0.469693915625 0.310215659375 0.48001809531250006
367 0.338538075 0.7972273703125 0.31781699375 0.7906147296875 0.29412854843749997 0.8047868015624999 0.29615057031249997 0.8381605078125001 0.314340603125 0.840561665625 0.340523740625 0.8326840921875001 0.338538075 0.7972273703125
316 0.17017155781249999 0.2962960078125 0.173793384375 0.2380170078125 0.127070959375 0.22886686250000002 0.10352795156250001 0.2347068703125 0.1104302828125 0.2869186171875 0.1181688734375 0.291220996875 0.17017155781249999 0.2962960078125
210 0.22299666875000002 0 0.1749346109375 0.0234209078125 0.17941496562499998 0.0651721265625 0.220966209375 0.0721483578125 0.3817581484375 0 0.22299666875000002 0
210 0.348696378125 0.06604329375 0.5232944078124999 0.0607563109375 0.6831787968749999 0.003121234375 0.5113299734375001 0.0001216015625 0.47190983124999997 0.020270026562499998 0.348696378125 0.06604329375
210 0.6196338984375 0.0624379234375 0.74204745 0.0624910078125 0.752426171875 0.064755821875 0.9643859609375 0.0080297234375 0.787329596875 0.0049391921875 0.7349269640625 0.0227773578125 0.6196338984375 0.0624379234375
1939 1 0.008651368750000001 0.9731736859375 0.0081831140625 0.7601647625 0.0690582 0.7911191296875 0.08626771562499999 0.9087978109374999 0.0591506953125 0.9199646046875 0.9115587421875 0.9848407015625 0.9251930625 1 0.17808133125 1 0.008651368750000001
1939 0.008651368750000001 0 0 0.4956366 0 0.9691709953125001 0.0630333890625 0.91327015625 0.0833299890625 0.048909401562499996 0.197314125 0.0842374125 0.2393016765625 0.066217453125 0.2888460265625 0.0629149515625 0.047570060937500006 0 0.008651368750000001 0
819 0.98613950625 1 0.9874081125 0.927321528125 0.9172881171875 0.9156793249999999 0.9163427796875 0.9698377421875 0.693254815625 0.9180197609375 0.6702935546875 0.8905315125 0.2848265125 0.8900541125 0.27940081562499997 0.9024613109375 0.06469182031250001 0.9674740234374999 0.068240928125 0.9133610546875 0 0.9748595421875 0 0.9850976796875001 0.85375336875 1 0.98613950625 1
316 0.2249316234375 0.5910465953124999 0.1650085546875 0.5920842859375 0.162113909375 0.6087029640625 0.1074347390625 0.607748534375 0.11690448125 0.6620887484375 0.255231525 0.6457504000000001 0.256576815625 0.56867880625 0.22529521562500002 0.570216434375 0.2249316234375 0.5910465953124999
814 0.83715890625 0.43295735625000004 0.774668425 0.43186658125 0.771882859375 0.4422362125 0.7224475890625001 0.43928966718750007 0.7243968921875 0.4768294046875 0.8806594531249999 0.47747332499999995 0.8765063296875001 0.41697496406249995 0.8373407015625001 0.4225422765625 0.83715890625 0.43295735625000004