676 0.392374934375 1 0.1827510234375 0.11169041093750001 0 0.11890450156250001 0 0.5053525265625 0.061480637500000004 0.854026546875 0.112473221875 1 0.392374934375 1
1939 0 0.1156987890625 0.18166572187500002 0.1055353625 0.3803489859375 0.0133843953125 0 0.080450184375 0 0.1156987890625
1263 0.4562556640625 0 0.3803489859375 0.0133843953125 0.18559959374999999 0.10864956562500001 0.39891946875 1 0.52934740625 1 1 0.9170112484375 1 0.4571382703125 0.992186815625 0.4119449015625 0.919549815625 0 0.4562556640625 0
1564 0.5635996796875 0.1600412953125 0.23023088593750002 0.26578668906249997 0.2326185484375 0.2793277953125 0.2641163234375 0.28519743750000004 0.6663265234375 0.15715917968749998 0.5635996796875 0.1600412953125
316 0.46163117187499997 0.0904405484375 0.4880709625 0.19239829375 0.5703821234374999 0.16011465 0.6623926499999999 0.154044978125 0.6406330484375 0.0690319546875 0.543169228125 0.06337035625000001 0.46163117187499997 0.0904405484375
337 0.361999496875 0.22605164531250002 0.3901194421875 0.22236262343750002 0.43477477656249996 0.2068729828125 0.4749401921875 0.194713603125 0.45996303593750004 0.109773934375 0.3463711609375 0.137418946875 0.361999496875 0.22605164531250002
1812 0.41143564843749997 0.5448098 0.39173949375 0.5482827640625 0.367336359375 0.5538549781250001 0.382435440625 0.6298881640625 0.41613060625 0.62902393125 0.4450236578125 0.6201214562499999 0.4595787140625 0.6162857234375 0.443272409375 0.5430039703125 0.41143564843749997 0.5448098
1564 0.2599265796875 0.38620957968749997 0.2686625671875 0.39736202187499997 0.5684996765625 0.33179981718749996 0.660415065625 0.3155926546875 0.683298778125 0.301403371875 0.5675362984375 0.3167382875 0.2599265796875 0.38620957968749997
1564 0.2783766984375 0.49084540312499997 0.28884916718750003 0.5118459234375 0.6064704453124999 0.4799571046875 0.6038657234375 0.4651849875 0.7254472703125 0.4348618984375 0.3236832125 0.4790487921875 0.2783766984375 0.49084540312499997
1527 0.367280034375 0.43836013124999995 0.3855934609375 0.48463302812500003 0.496214840625 0.46893534375 0.48871286875 0.4359874953125 0.5044751515625 0.42940033125 0.493012515625 0.412382253125 0.367280034375 0.43836013124999995
1527 0.30792093125000003 0.48563595781249996 0.3420502171875 0.48723374374999995 0.38035722656250004 0.47413276875 0.37232599843749997 0.428585409375 0.350337315625 0.4286547578125 0.3013139890625 0.43856817656249997 0.30792093125000003 0.48563595781249996
323 1 0.48791856562499997 0.96581811875 0.492751409375 0.8219356937500001 0.511775346875 0.7356223125 0.5117633265625 0.5531622390625001 0.580745175 0.5556450374999999 0.604423771875 0.5622104218749999 0.6032661171875 0.58666988125 0.71318875 0.5751804578125 0.71521464375 0.57623896875 0.740413665625 0.59144520625 0.7402709625 0.6085929640625001 0.8375207281250001 0.5942549671874999 0.8425874703125 0.5909454875 0.8622102703125 0.6082271890625 0.8642401718749999 0.62240445 0.9734372656250001 1 0.913186646875 1 0.48791856562499997