685 0.47156019374999997 0.482533775 0.477522975 0.4518579265625 0.4783731140625 0.4201882796875 0.4693182484375 0.39853138125 0.4577070609375 0.376377584375 0.443114484375 0.36956171250000003 0.4253309328125 0.433754096875 0.4201135 0.460595465625 0.387318203125 0.6293126375 0.4417462875 0.6359130234375 0.44398233125 0.6244095796875 0.4645317859375 0.5050437640625 0.47156019374999997 0.482533775
1939 0.5732772609375 0.45057386250000003 0.58296678125 0.4007256078125 0.5809403203125 0.3565587203125 0.56794323125 0.314238721875 0.5442957890625 0.2857659515625 0.51692160625 0.2764655875 0.490613053125 0.2753310859375 0.47080304218749996 0.29535658124999997 0.4469460140625 0.3225541421875 0.438747190625 0.36473343593749996 0.443114484375 0.36956171250000003 0.4577070609375 0.376377584375 0.467507275 0.3942000015625 0.47911846249999995 0.4163537984375 0.477522975 0.4518579265625 0.4708148453125 0.48636825625 0.4678334546875 0.50170618125 0.46527713437499996 0.5012092828125 0.44100094062500006 0.6397475046875 0.4362085765625 0.6507540484375001 0.5377160609375 0.6744644671875 0.573492746875 0.4904093703125 0.5732772609375 0.45057386250000003
1702 0.43365225625 0.6502571500000001 0.4358882984375 0.6387537078125 0.387318203125 0.6293126375 0.37837403125 0.6753264109375 0.530687653125 0.69697445625 0.5377160609375 0.6744644671875 0.43365225625 0.6502571500000001
1939 1 0.08783180625 0.9328388421874999 0.07477700000000001 0.9216586281250001 0.13229421875 0.9119691078125 0.1821424734375 0.892159096875 0.20216797031249997 0.7370762609375 1 0.9121681921875 1 1 0.5481445234375 1 0.08783180625
1924 0.31600049375 0 0.3216685890625 0.01168860625 0.36512604375 0.0201358796875 0.375246534375 0.0499586390625 0.36001930312499997 0.1146479203125 0.396128071875 0.133604840625 0.382071259375 0.17862481875 0.40465307656249994 0.1989317265625 0.43629566249999996 0.33640137187499997 0.44769136249999997 0.3187196609375 0.46494505156250004 0.298197265625 0.488802078125 0.27099970624999997 0.5023290296875 0.269649715625 0.5202232765625 0.2731280046875 0.5381175218750001 0.27660629375 0.554521071875 0.2877535453125 0.56794323125 0.314238721875 0.589249840625 0.3820501 0.6174741609375001 0.3596808171875 0.6259932609375001 0.32950186718749996 0.63802951875 0.335820840625 0.6472939671875 0.30180740781250004 0.6651882140625001 0.305285696875 0.6748777328125 0.2554374421875 0.6953282984375 0.259412628125 0.7003302453125 0.192735753125 0.712046225 0.187054384375 0.7452783953125001 0.1935140640625 0.755392984375 0.1278309859375 0.7521961078125 0.10333340312499999 0.7705154234375 0.09097686875 0.8070492609375 0.094098965625 0.826859271875 0.07407346875000001 0.92836675625 0.0977838875 0.9328388421874999 0.07477700000000001 0.548144525 0 0.31600049375 0
514 0.6851089171875 0.352930871875 0.68010106875 0.32410191093749996 0.6853185015625 0.2972605421875 0.6897905875 0.27425365468749996 0.6960736453124999 0.25557814687499997 0.6789247484375001 0.248265378125 0.6684898828125 0.3019481140625 0.6454829953125001 0.297476028125 0.6395202140625 0.328151878125 0.626738609375 0.3256673859375 0.6167288125 0.36351529843749997 0.58669351875 0.3815532015625 0.5732772609375 0.45057386250000003 0.576794415625 0.4870717875 0.5314330015625 0.693139975 0.5473066906249999 0.7479572140624999 0.5494379406250001 0.7642889359375 0.5485878015625001 0.7959585828125 0.5715946890625 0.80043066875 0.5543409984375 0.8209530624999999 0.56083954375 0.8421130625 0.5907700453125 0.8519103250000001 0.6851089171875 0.352930871875
511 0.6062186640625 0.9225623875 0.6099454015625 0.9033899812499999 0.6183597125 0.9010461953125001 0.6220864500000001 0.881873790625 0.6181442265625 0.8612106890625 0.6218709640625 0.8420382828124999 0.6353979171875 0.8406882937500001 0.641680975 0.8220127859374999 0.6449826437499999 0.818675203125 0.6450874359375 0.7908400390625 0.739321515625 0.31969575156249996 0.739851378125 0.2760257625 0.7414468656250001 0.24052163593749998 0.7364390140625 0.21169267343749998 0.747834715625 0.1940109625 0.7043772625 0.1855636890625 0.69841448125 0.21623953906249999 0.703527121875 0.2172333359375 0.6953282984375 0.259412628125 0.6782900953125 0.31977053125 0.6832979453125 0.34859949375 0.5940717140625 0.8485727421875 0.5910903234375 0.8639106671875 0.588534003125 0.8634137687500001 0.577033509375 0.90893064375 0.6062186640625 0.9225623875
511 0.6549013484375 1 0.8027985640624999 0.252447196875 0.8109973874999999 0.2102679046875 0.80929120625 0.178101359375 0.807905303125 0.1579351578125 0.8123773890624999 0.13492827031250001 0.8128024593750001 0.11909344687500001 0.8081148875 0.1022648265625 0.764657434375 0.093817553125 0.7529414546875 0.09949892187500001 0.758694653125 0.12449340312499999 0.7452783953125001 0.1935140640625 0.7364390140625 0.21169267343749998 0.7421922125 0.2366871546875 0.739321515625 0.31969575156249996 0.64657813125 0.7831710765625 0.647538965625 0.8191721015625 0.640935628125 0.8258472671874999 0.6328415953125 0.8401913953125 0.6226163125 0.8382038015625 0.6181442265625 0.8612106890625 0.6220864500000001 0.881873790625 0.6183597125 0.9010461953125001 0.6132470718749999 0.9000524000000001 0.6062186640625 0.9225623875 0.6011060234375 0.921568590625 0.5858787921874999 0.9862578734375 0.5890419375 1 0.6549013484375 1
511 0.7372202328124999 1 0.89471541875 0.20266486874999998 0.9112237609375 0.1859769546875 0.92836675625 0.0977838875 0.8250483 0.0697420890625 0.8070492609375 0.094098965625 0.8131227375 0.1310937890625 0.8060943296874999 0.15360377812499998 0.8117427359375 0.20643342343749999 0.6548853640625001 1 0.7372202328124999 1
511 1 0.08783180625 0.9328388421874999 0.07477700000000001 0.9104784125000001 0.1898114359375 0.9174020281249999 0.1951366125 0.763448065625 1 0.855821409375 1 1 0.22085526249999998 1 0.1962279921875 0.999309084375 0.183202196875 0.9989888062500001 0.1712018546875 1 0.170594575 1 0.08783180625
514 0.325227059375 0.71672739375 0.340564984375 0.7197087843750001 0.34578241875 0.692867415625 0.358564021875 0.6953519078125 0.3637814546875 0.6685105390625 0.3765630578125 0.67099503125 0.4245855859375 0.437588578125 0.4275669765625 0.422250653125 0.43981281718750004 0.372899296875 0.44321927656250004 0.3417265484375 0.4436443453125 0.325891725 0.432673715625 0.3277386125 0.40784995312500005 0.223429309375 0.3933680703125 0.2842841109375 0.396990015625 0.29294686875 0.3844238984375 0.330297884375 0.37451889375 0.34031063281249996 0.371537503125 0.35564855781250004 0.3744141015625 0.3681457984375 0.300624684375 0.747759434375 0.315962609375 0.7507408250000001 0.325227059375 0.71672739375
1939 0.17057578906249998 0 0.172872121875 0.026538487500000003 0.0520210125 0.675559603125 0.08088588906250001 0.6771910046875 0.1758653171875 0.2022122375 0.182468653125 0.195537071875 0.1910925484375 0.1375229546875 0.1919426859375 0.105853309375 0.1949240765625 0.090515384375 0.190981853125 0.0698522828125 0.19332268749999998 0.0305136734375 0.187569490625 0.00551919375 0.174626640625 0 0.17057578906249998 0
511 0.29317120937499996 0.786104246875 0.37697042187499996 0.368642696875 0.36898118125 0.35515165937500004 0.371217225 0.343648215625 0.38367855156249997 0.33413236562500004 0.3951790421875 0.2886154890625 0.3933680703125 0.2842841109375 0.4049733546875 0.21093206874999998 0.38388223125 0.1829561984375 0.37791945 0.213632046875 0.3815413984375 0.22229480625 0.3781349359375 0.2534675546875 0.36311729062500003 0.26248650625000003 0.36599388906249997 0.274983746875 0.3589654828125 0.29749373437500004 0.35087145 0.3118378625 0.345654015625 0.33867923125 0.3411819296875 0.36168611875 0.2635609859375 0.7883073265625 0.278898909375 0.7912887171875 0.29317120937499996 0.786104246875
511 0.351616796875 0.30800338125 0.3630124984375 0.2903216703125 0.365248540625 0.2788182265625 0.3638626375 0.258652025 0.3781349359375 0.2534675546875 0.38484306562500004 0.2189572234375 0.37536313125 0.2131351484375 0.396128071875 0.133604840625 0.36001930312499997 0.1146479203125 0.36140520625 0.13481412343750002 0.35725339843750004 0.169821353125 0.34734839375000004 0.1798341015625 0.3454326296875 0.2033378859375 0.33478227656250004 0.21718511562499998 0.32956484218750004 0.24402648437500002 0.3148674734375 0.265045778125 0.3169987234375 0.28137749843750004 0.20892331562500002 0.8373772703125001 0.2523807703125 0.84582454375 0.351616796875 0.30800338125
511 0.19252566875 0.9217358578124999 0.3169987234375 0.28137749843750004 0.31561282031250004 0.261211296875 0.3321211625 0.24452338281250002 0.33552762343750003 0.21335063437500001 0.34213095937500004 0.20667546875 0.3466030453125 0.1836685828125 0.35725339843750004 0.169821353125 0.36001930312499997 0.1146479203125 0.368643196875 0.0566338046875 0.37780285468749997 0.0504555375 0.36512604375 0.0201358796875 0.3224139359375 0.007854125 0.30942275 0.06103996406249999 0.29515045 0.066224434375 0.289933015625 0.093065803125 0.2759809953125 0.110250615625 0.27555592500000003 0.1260854375 0.26448050312500004 0.155767490625 0.2559614 0.1859464421875 0.2591582765625 0.21044402343750002 0.12861765 0.9093133968749999 0.1629154453125 0.9239389375 0.19252566875 0.9217358578124999
511 0.1904757765625 0 0.1845881 0.0208571171875 0.199926025 0.0238385078125 0.1972649125 0.051176774999999994 0.1924725484375 0.0621833203125 0.193858453125 0.0823495234375 0.1911973390625 0.10968778906250001 0.1924784515625 0.15768915781249998 0.1865156703125 0.1883650078125 0.1758653171875 0.2022122375 0.037976003125000005 0.91159125625 0.1215892421875 0.9318233859375 0.2624599453125 0.207106440625 0.2559614 0.1859464421875 0.261178834375 0.1591050734375 0.27555592500000003 0.1260854375 0.2792826625 0.10691303125 0.28918766875 0.096900284375 0.29515045 0.066224434375 0.30942275 0.06103996406249999 0.3216685890625 0.01168860625 0.31600049375 0 0.1904757765625 0
511 0.090484715625 0 0 0.46550350468749996 0 0.9042094687500001 0.0073001546875 0.905628475 0.17468309375 0.030869865625 0.173045690625 0 0.090484715625 0
819 0.589275884375 1 0.58513344375 0.9900923531249999 0.5985497015625 0.9210716921875 0.578844484375 0.9132620234375001 0.5903449765625 0.8677451484375001 0.5940717140625 0.8485727421875 0.5582832234375 0.8416161640625001 0.5576426671875 0.8176154796875 0.57489635625 0.7970930859375 0.5478424546875 0.7997930640625001 0.5509286359375001 0.7566199734375 0.5415534921875 0.7229627328125 0.530687653125 0.69697445625 0.3630361078125 0.6723450203125 0.358564021875 0.6953519078125 0.3483387375 0.6933643140625 0.3431213046875 0.7202056828125001 0.3277833796875 0.7172242921875001 0.315962609375 0.7507408250000001 0.30318100625 0.7482563343749999 0.296472878125 0.7827666640625 0.278898909375 0.7912887171875 0.2661173046875 0.788804225 0.25312611875 0.8419900640625 0.20892331562500002 0.8373772703125001 0.193271015625 0.9179013765624999 0.165471765625 0.9244358359374999 0.12606132812499998 0.9088164984375 0.125636259375 0.924651321875 0.037976003125000005 0.91159125625 0.2297000625 0.9488586375000001 0.4927995625 1 0.589275884375 1
210 0.383445359375 0.007779346875 0.378227925 0.0346207140625 0.7478288140625 0.098505125 0.754111871875 0.07982961718750001 0.383445359375 0.007779346875
210 0.401665784375 0.1187638140625 0.39868439375000003 0.1341017390625 0.6985192734375001 0.1884043734375 0.7022460125000001 0.16923196875 0.401665784375 0.1187638140625
210 0.4214816953125 0.1942441546875 0.41924565312500006 0.20574759843749998 0.6690197437500001 0.2582781265625 0.6720011343750001 0.2429402015625 0.4214816953125 0.1942441546875
210 0.42713010156250003 0.24707380156249997 0.42489405781249995 0.25857724531250004 0.6421813265625 0.30081361093750003 0.64441736875 0.28931016718749997 0.42713010156250003 0.24707380156249997