407 0.49127245 0 0.1477543265625 0.0119959171875 0.8595190515625 0.1934065484375 0.9894398593749999 0.1888696140625 0.9828443874999999 0 0.49127245 0
1050 0.8585644515625 0.070558009375 0.8618957546875 0.07044167812499999 0.8752209656250001 0.06997635156250001 0.8950557140625 0.06489506874999999 0.901412184375 0.0558958203125 0.8912652078125 0.0518615203125 0.8779399953125001 0.052326846875 0.8614365515625 0.057291800000000004 0.8585644515625 0.070558009375
407 0 0.26751451249999997 0.2223580109375 0.285874915625 0.2606498953125 0.2362627109375 0.474924746875 0.2595005375 0.47370020312500005 0.22443419375 0.5674358859375 0.2343267859375 0.5792666093750001 0.2865773078125 0.7899040234375 0.3011648796875 0.8401797 0.308186490625 0.9402718515625 0.309079834375 0.941154065625 0.2388308140625 0.92782885625 0.239296140625 0.8911845250000001 0.2405757890625 0.8546932609375 0.24623872812499997 0.831221075 0.24266975781250003 0.7506575375 0.22792854375 0.7483977109375 0.258727928125 0 0.1498772109375 0 0.26751451249999997
1939 0 0.149843146875 0.7482446421875 0.2543446359375 0.7506575375 0.22792854375 0.8546932609375 0.24623872812499997 0.859365984375 0.1890232546875 0.1545941296875 0.011757067187500001 0 0.0171556125 0 0.149843146875
1334 0.21363313593750002 0.036027209375 0.21592915625 0.10177660468750001 0.28301441562499996 0.1125998515625 0.2807183953125 0.04685045625 0.21363313593750002 0.036027209375
1334 0.19000788125 0.028074943749999998 0.12943215937500002 0.012635742187499998 0.1250655734375 0.0786178015625 0.1923039015625 0.093824340625 0.19000788125 0.028074943749999998
1567 0.7446795890625 0.4387919390625 0.7397814140625 0.29852656093749996 0.5791135421875 0.2821940140625 0.57742979375 0.23397779062500002 0.5239758812499999 0.23145580468750002 0.5351136515625 0.454887421875 0.7446795890625 0.4387919390625
171 0.83734379375 0.41800148125 0.5286041125 0.45950337656249995 0.47863457187499997 0.4612483515625 0.0908258390625 0.43529318593750005 0.0344998296875 0.44603740937499997 0.0383627203125 0.65216851875 0.47517809531250005 0.935341996875 0.9584507468749999 0.7341429328125 0.9543985953125 0.427079753125 0.83734379375 0.41800148125
1707 0.9512927453125 0.6246769375000001 0.9533995031250001 0.5894942609375 0.9661124421875 0.5714957625 0.9623219359374999 0.5584622140625 0.9769885671875 0.5008977453125001 0.98682940625 0.4961654578125 0.9852987265625 0.4523325265625 0.9716673796874999 0.44403126718749997 0.91534136875 0.454775490625 0.9026284296875 0.4727739890625 0.8932467921875 0.49065615781250005 0.8987210484375 0.5519059296875 0.8754019281250001 0.5527202515625 0.8661733593750001 0.5749857125 0.8669386984375 0.596902178125 0.815817 0.7566783671875 0.8291422109375001 0.7562130406249999 0.8767795390625001 0.5921698890625 0.900251728125 0.5957388609375001 0.9288113499999999 0.8405052843749999 0.94562093125 0.8443069203125001 0.9453147953125001 0.835540334375 0.9235708468749999 0.5949245390625 0.9368960578125 0.5944592125 0.984218953125 0.8034613015625001 0.9973910968749999 0.7986126812500001 0.9710106171874999 0.711761140625 0.9512927453125 0.6246769375000001
1707 0.90943580625 0.858736446875 0.8480223578125001 0.62828321875 0.8646788734375 0.6277015593749999 0.870270003125 0.5967858453125 0.8633012609374999 0.5882519234375 0.8873495281249999 0.5128052859375 0.902169225 0.4596241109375 0.882028340625 0.4559388078125 0.8456901468750001 0.46598504218750003 0.815708421875 0.4670320265625 0.8057145140624999 0.46738102187499997 0.7898233390625 0.4898791453125 0.7839260734375 0.512028275 0.7857628890624999 0.5646277921875 0.7657750734375 0.56532578125 0.6997612906249999 0.5851855875 0.7376301640625 0.6189722843750001 0.6933603296874999 0.879447884375 0.7103229796874999 0.8876328109375 0.751567646875 0.6360401296875 0.77170853125 0.6397254328125 0.7678373421875 0.8154061515625 0.77798431875 0.8194404499999999 0.781549371875 0.6349931453125001 0.7986650890625 0.6475613671875 0.8284492546875001 0.927394134375 0.8420806031250001 0.93569539375 0.8451057703125 0.926812475 0.815321603125 0.6469797078124999 0.8351563515624999 0.641898425 0.8861166859375 0.8595507671875 0.8997480328125 0.8678520265625 0.90943580625 0.858736446875
1707 0.802564175 0.950241253125 0.716300928125 0.676769415625 0.7390077749999999 0.658421921875 0.7512615109375 0.62727354375 0.7409614671875 0.618855953125 0.7482001515625 0.5396076812499999 0.764703596875 0.5346427296875 0.77075393125 0.51687689375 0.7695293875 0.48181054999999995 0.7655858125 0.464393709375 0.6994189609375 0.4798702203125 0.66277463125 0.48114986875000004 0.6532399265625 0.49464874375 0.643705221875 0.50814761875 0.6441644265625001 0.521297496875 0.6206922390625 0.5177285265625 0.621457578125 0.539644990625 0.6415984640625 0.5433302953125 0.6402570453124999 0.6004294359375 0.5674275875 0.6161386125 0.5578928828125 0.6296374859375 0.5651677609375 0.6469379953125001 0.599093059375 0.6633078515624999 0.5521041953125 0.9414329546875001 0.5625573078125 0.9542338406249999 0.5722450796875 0.9451182578124999 0.6098523078125 0.684875321875 0.6502871453125 0.696629221875 0.65656293125 0.8763442375 0.666862975 0.8847618296875 0.6703835390624999 0.985577571875 0.693702659375 0.98476325 0.679656596875 0.6780490640625 0.6996444140625 0.677351075 0.7795511890625 0.9598221609375001 0.7930294703125 0.963740128125 0.802564175 0.950241253125
1707 0.4392991046875 0.9585381109375 0.3695393046875 0.6801013218749999 0.4023931296875 0.6657881265625 0.4017808578125 0.648254953125 0.41162169843749996 0.643522665625 0.40101551874999997 0.6263384875 0.33680235625 0.6022490312500001 0.323477146875 0.6027143578125 0.3069737 0.607679309375 0.305289953125 0.5594630859375 0.31103415 0.5329306625 0.300274903125 0.5113631937500001 0.27998095 0.5032945953125 0.22668010624999999 0.5051559015625 0.1898827078125 0.5020522578125 0.1873167453125 0.52408505625 0.198688265625 0.5631856984375 0.2167223890625 0.6020536765625 0.2277877734375 0.6323877343750001 0.2214313046875 0.6413869828125 0.22250278125 0.6720700359375 0.23705253593750003 0.706671053125 0.24689337500000003 0.701938765625 0.19975144218750002 0.9756805765625 0.20989841875 0.9797148734375 0.219739259375 0.9749825859374999 0.2570403515625 0.7059730625 0.2871751453125 0.709309371875 0.2804680484375 0.99480508125 0.287283721875 0.9989557109374999 0.3036341 0.9896074671875 0.3073160296875 0.712994675 0.320488171875 0.7081460546875 0.330554465625 0.9008946203124999 0.340548375 0.900545625 0.347210978125 0.9003129624999999 0.3371446859375 0.707564396875 0.3534950640625 0.698216153125 0.4196174234375 0.9680026875 0.4296113328125 0.9676536921875 0.4392991046875 0.9585381109375
1709 0.1980676953125 0.927464353125 0.2156871078125 0.66791940625 0.2221966453125 0.6633034484375 0.22430340312500002 0.6281207734375001 0.1988413328125 0.567568990625 0.1877759484375 0.537234934375 0.18670447343750002 0.50655188125 0.1764044296875 0.49813429062500003 0.14293833281249999 0.494914315625 0.132944425 0.495263309375 0.1562997359375 0.59099776875 0.1637276828125 0.6126815703124999 0.1610086515625 0.630331075 0.18206794375 0.6603161359375 0.1526178078125 0.867610559375 0.1660960859375 0.8715285265625001 0.1920618515625 0.659967140625 0.20554013124999998 0.6638851078125 0.18141118125 0.9280460109374999 0.1917112265625 0.9364636015625001 0.1980676953125 0.927464353125
1709 0.148521165625 0.845810425 0.157830415625 0.6348306984375001 0.1643399546875 0.6302147437500001 0.1637276828125 0.6126815703124999 0.14963713125 0.59123043125 0.132944425 0.495263309375 0.1196192140625 0.4957286359375 0.10280963125 0.4919270015625 0.0825156796875 0.48385840468749997 0.0791843765625 0.4839747359375 0.0938871984375 0.5229590484375 0.10587099062500001 0.5795928640625 0.1128397328125 0.5881267859375 0.11314586874999999 0.596893371875 0.120420746875 0.6141938828125 0.130720790625 0.6226114734375 0.093689640625 0.8038388015625 0.10747405624999999 0.8165233546874999 0.13784259999999998 0.6355286890625 0.14465827343749998 0.6396793187500001 0.1318646515625 0.8463920843749999 0.1389864609375 0.8593092999999999 0.148521165625 0.845810425
1709 0.1069424671875 0.610275915625 0.11678330625 0.6055436265624999 0.08676539062500001 0.51004183125 0.07570000625 0.47970777656249997 0.05222781875 0.476138803125 0.035571306250000004 0.4767204625 0.0433053859375 0.50717085 0.0616456484375 0.5548054171875 0.055442245312500006 0.568187959375 0.06620149374999999 0.5897554296874999 0.05520849531250001 0.75251893125 0.0688398421875 0.7608201921875 0.0798328421875 0.5980566890625 0.0969485578125 0.6106249109374999 0.08021136250000001 0.7999208343750001 0.0935365734375 0.7994555078125 0.1069424671875 0.610275915625
1939 1 0.49127247812499997 0.9930369562499999 0.29187700156249996 0.9859554890625001 0.184602653125 0.8592129156249999 0.1846399609375 0.8545401937499999 0.24185543593749997 0.9378227640624999 0.2389471453125 0.937093615625 0.313579459375 0.8370014640625 0.312686115625 0.7397814140625 0.29852656093749996 0.7475516875 0.4255257296875 0.8337063562499999 0.4093512265625 0.957729896875 0.426963421875 0.958414553125 0.637594153125 1 0.63614195625 1 0.49127247812499997
1567 0.3815675875 0.451472090625 0.4815066703125 0.447982140625 0.4788683234375 0.276917378125 0.45888050625 0.27761536875 0.37908230781249996 0.284790621875 0.3800369078125 0.40763915937500006 0.3815675875 0.451472090625
1939 0.2212058515625 0.44390613125 0.4819658734375 0.46113202031249995 0.50528499375 0.4603176984375 0.538444953125 0.45477108906249997 0.5349605828125 0.45050412812499996 0.527307184375 0.2313394734375 0.47370020312500005 0.22443419375 0.474924746875 0.2595005375 0.2606498953125 0.2362627109375 0.21902670781250003 0.285991246875 0.2204405109375 0.42198966562500007 0.2212058515625 0.44390613125
1939 0 0.4132151765625 0.00516656875 0.561166346875 0.0354544296875 0.5688859500000001 0.03132159375 0.4505370359375 0.09400407499999999 0.4307935625 0.21772148125 0.43963916875000003 0.21902670781250003 0.285991246875 0 0.2631850421875 0 0.4132151765625
819 1 0.6354078609375 0.9582614859374999 0.633210859375 0.9617820484375 0.7340266015625 0.4785093984375 0.9352256656250001 0.0383627203125 0.65216851875 0.0354544296875 0.5688859500000001 0.00516656875 0.561166346875 0.020490978125 1 0.2573792125 1 1 0.9740671109375001 1 0.6354078609375
1803 0.33857508593749996 0.0799391609375 0.3457330890625 0.1894051578125 0.70780980625 0.2425907359375 0.70536071875 0.1724580453125 0.33857508593749996 0.0799391609375