407 0.046853510937499995 0 0.0350906890625 0.1344496796875 0.33408740625 0.20204196562500001 0.8110923359375001 0.025307134375000002 0.5218304703125 0 0.046853510937499995 0
1050 0.14571613125 0.11776140312500001 0.1601684953125 0.1246758375 0.21980186875 0.08845961875 0.198041565625 0.07902248125 0.14571613125 0.11776140312500001
1603 0.23443023749999997 0.1650730046875 0.374916309375 0.1943139984375 0.3875702 0.035337231250000004 0.251310415625 0.0008159718749999999 0.23443023749999997 0.1650730046875
316 0.970770790625 0.8415797234375001 0.9856510390625 0.6714977015625 0.9027732015625001 0.6435300984375 0.8473156906250001 0.761095246875 0.86239691875 0.8038481484375 0.970770790625 0.8415797234375001
114 0.8658308218749999 0.7645984515625 0.868321309375 0.764816340625 0.8820189859375 0.7660147312500001 0.8902451328125001 0.77238444375 0.8972260343749999 0.7786452125000001 0.9059427375 0.779407825 0.92413083125 0.78664909375 0.944054725 0.788392209375 0.949953903125 0.7926749984375 0.9663055859374999 0.792222246875 0.9736764375 0.7796837375 0.9765568734375 0.7611023515625 0.9796637390624999 0.7255907203125 0.9772361625 0.7103116203125001 0.9749721046875001 0.6931634875 0.96576484375 0.6980079734375 0.9577022171875 0.6897692281250001 0.9452497828125 0.6886797812500001 0.93686011875 0.6841791015625 0.9292251390624999 0.6853944671875001 0.9228354031249999 0.6867187765625 0.9108735265625001 0.6800222312499999 0.9020939125 0.6943208296875001 0.8933772093749999 0.693558215625 0.8897420875 0.706423559375 0.8845975953125 0.7078568125 0.8792266734374999 0.7262203109375001 0.8782455578125001 0.7374345109375 0.8658308218749999 0.7645984515625
316 0.8474792093750001 0.7592262140625 0.9004462343749999 0.6414431765625 0.7980721484375 0.62118656875 0.743268715625 0.731275584375 0.7462245484375 0.7692009734374999 0.8529255296875 0.7973694906250001 0.8474792093750001 0.7592262140625
114 0.8149520890625 0.6433801031249999 0.810134634375 0.641075290625 0.8037448984375001 0.6423996015625 0.79502819375 0.6416369890625 0.7891667140624999 0.6656075859375 0.78022358125 0.6817752171875 0.7717710062500001 0.6923357484375 0.7660730453125 0.7144373125000001 0.75870219375 0.726975821875 0.7666013015625001 0.7370836 0.7838711890625001 0.740477859375 0.7963236234375 0.74156730625 0.8098577812500001 0.7446347296875 0.8201467656249999 0.7417682203125 0.8345991296875 0.7486826578125 0.8538941578125 0.7145873078125 0.8576927984375 0.6998529312499999 0.8641454453125 0.6834674109375001 0.8699440140625001 0.674558021875 0.8705980906249999 0.667081890625 0.8634536687500001 0.6626901562499999 0.8550640046875 0.6581894765625 0.845756134375 0.6498417875 0.8309767328125 0.6466654171874999 0.8203607093749999 0.6532699921875 0.8149520890625 0.6433801031249999
316 0.9098170140624999 0.63472965625 0.9111628671875 0.6480307765625 0.9858145578125 0.6696286687499999 0.9920471375 0.6127321 0.9970671781249999 0.55535278125 0.9619035312499999 0.5413529921875 0.9098170140624999 0.63472965625
114 0.950017053125 0.5911632203125 0.9456272453125001 0.5983125203124999 0.9398286765625 0.60722190625 0.9303949843750001 0.6289966375 0.9231876531250001 0.6396661140625 0.929514478125 0.6534030140625 0.9442938796875 0.6565793828125 0.9567463140625 0.6576688296875 0.9693622671875 0.65688924375 0.9855504296875001 0.6583055250000001 0.9903553984375 0.5890423499999999 0.9875378734375 0.5925625265625001 0.9781670921875 0.599276046875 0.9747584015624999 0.595211146875 0.96685929375 0.58510336875 0.95732499375 0.5936859218749999 0.950017053125 0.5911632203125
316 1 0.45714306562499996 0.984078996875 0.4886762546875 0.9619035312499999 0.5413529921875 0.99595275 0.553748609375 1 0.517743375 1 0.45714306562499996
114 1 0.48697751718750004 0.9923051421875 0.49504596718749994 0.99083346875 0.5118672656250001 0.9834626171874999 0.5244057765625 0.9748465234375001 0.5368353390625 0.9791734203125 0.5447472515625 0.9950345453124999 0.5499015984375 1 0.4931461890625 1 0.48697751718750004
323 0.903817465625 0.4308041203125 0.8058706484375 0.6181021703125 0.9021820343750001 0.6359450203125 0.9986194812500001 0.43721488124999996 0.903817465625 0.4308041203125
114 0.8694913937500001 0.5219679421875 0.8704095984375 0.525814953125 0.8802080265625 0.52855554375 0.8973143953125 0.5338188359375 0.9111755921875 0.53314819375 0.94885993125 0.5326784671875 0.95488493125 0.5068388374999999 0.9460047078124999 0.5079452578125 0.9430865734375 0.4982732578125 0.9361056703124999 0.49201249062499997 0.9270619296874999 0.4949879421875 0.9282065640624999 0.4819047109375 0.9251249109374999 0.47410174375 0.9237790578125 0.460800621875 0.9134900734375 0.46366713125 0.9125089578125 0.47488133125000004 0.897993684375 0.4830281046875 0.8946856015625 0.49215538125 0.8949497296875 0.503478525 0.8816797 0.5117342453125 0.8694913937500001 0.5219679421875
114 0.890044153125 0.559549521875 0.8779187578125001 0.5547220078125 0.87195666875 0.5655004296875 0.8623217609375 0.5608908046875001 0.8540956140624999 0.55452109375 0.8428255140625 0.5686018015625 0.82749264375 0.5860937421875 0.8145873515625001 0.6188647828125 0.89877334375 0.6318801203125 0.9294013828125 0.5686428515624999 0.9279926203125 0.5704029390625001 0.9211123265625 0.5773343484375 0.90741465 0.5761359578125 0.8956162921875 0.567570378125 0.890044153125 0.559549521875
323 0.7463880671875 0.7673319390625 0.7440234015625 0.7369916296875 0.9450615296875 0.3609622765625 0.9365083453124999 0.3583306296875 0.9314644609375 0.3729560625 0.8585862687500001 0.374113403125 0.856913378125 0.364550346875 0.8510142 0.360267559375 0.653674103125 0.7083703578125 0.6621014671875 0.741124425 0.7463880671875 0.7673319390625
114 0.724942315625 0.6825887515625 0.7204519 0.6765458718749999 0.7215965343749999 0.6634626406249999 0.7141250734375 0.662808971875 0.7074083 0.6678713468749999 0.7073453890625 0.6829325578125001 0.7006286140625 0.687994934375 0.69099370625 0.6833853109375 0.6770695984375 0.6991171625 0.6678623375 0.70396165 0.6823146999999999 0.7108760859375 0.6929684234375 0.7325248984375 0.7226907453125 0.7370086031249999 0.7425140296875 0.725559540625 0.7554193234375 0.6927885 0.7747143515625 0.6586931515625001 0.7711421406250001 0.6564972828125 0.75819915 0.661014934375 0.74850133125 0.671466521875 0.7335584093749999 0.6701591859375 0.724942315625 0.6825887515625
114 0.789481265625 0.590301534375 0.7847644203125 0.6011889 0.7834562671875 0.616141165625 0.77565776875 0.6192255640625 0.7780476468749999 0.606251275 0.776538275 0.5948191875 0.770802615625 0.5886673640625 0.7635952828125 0.599336840625 0.7559603046875 0.6005522046875 0.7447531140625 0.5995717015625 0.7360364109375 0.5988090890625 0.7271561875 0.5999155109375 0.72309341875 0.6033267437500001 0.7216217453125 0.6201480421875 0.7355835515625 0.632669578125 0.749444746875 0.631998934375 0.7622871296875 0.61428910625 0.769922109375 0.613073740625 0.7751672109375 0.6248326625 0.7851291578125 0.6257042203125 0.8032795515625001 0.6046921015625 0.8033424625000001 0.58963089375 0.801833090625 0.5781988046875 0.79187114375 0.577327246875 0.789481265625 0.590301534375
114 0.8446871359375001 0.5329812265625 0.8489134234375 0.527700959375 0.8567748328125001 0.5095553515625 0.8782962203125001 0.46435474687499995 0.8675166765625001 0.47282835468749995 0.8633533 0.4630474109375 0.849655621875 0.46184901875 0.8434294046874999 0.46130429531250006 0.831832265625 0.479123071875 0.819870390625 0.4724265234375 0.8186880578125001 0.45725636875 0.811216596875 0.45660270000000003 0.8059085843749999 0.45990498750000003 0.8010282203125 0.4726613875 0.7895946 0.48861112812499996 0.7769157375 0.5044519249999999 0.7692178468749999 0.5207284999999999 0.7769534359375 0.5327053125 0.7908146312500001 0.532034671875 0.7991036890625 0.523343171875 0.8148642046875001 0.5153053437499999 0.82151806875 0.5253041765625001 0.8323982203125 0.5300227453125 0.8446871359375001 0.5329812265625
114 0.841027040625 0.4027105984375 0.8336561890624999 0.4152491078125 0.8325115546875 0.42833234062500003 0.8238954609375 0.44076190468750004 0.8243231078125 0.450216015625 0.83336685 0.44724056250000005 0.84906445625 0.4542639421875 0.862007446875 0.4497462890625 0.87305111875 0.45259582343750004 0.8884845968749999 0.44829606093749996 0.9184585593750001 0.392534925 0.9159680734375 0.3923170359375 0.904270325 0.396943634375 0.891817890625 0.3958541875 0.872057515625 0.39224203750000003 0.8583598390624999 0.391043646875 0.8474167765624999 0.4013862890625 0.841027040625 0.4027105984375
323 0.81663794375 0.3516100078125 0.817065590625 0.36106411718750003 0.7841987046875001 0.36383865625 0.7826893328125 0.35240656718749996 0.7652559265625001 0.3508813421875 0.57633070625 0.6601702234375 0.6515106546875 0.704414403125 0.8491777890625001 0.3525735359375 0.81663794375 0.3516100078125
167 0.7106284984375 0.5306693109375 0.694113296875 0.532991096875 0.6810067859375 0.5393777828124999 0.679107465625 0.546744971875 0.667900275 0.5457644687500001 0.6588565328125 0.5487399234375 0.6530579640624999 0.557649309375 0.6463411890625 0.5627116859375 0.6326435125 0.56151329375 0.6312347484374999 0.5632733828125 0.6299265953125001 0.57822565 0.6463788874999999 0.5909650734375 0.6712837546875 0.593143965625 0.6887171624999999 0.5946691921875 0.701660153125 0.5901515390625 0.7162383375 0.5669435546875 0.7189552531250001 0.5502312015624999 0.7147918765625 0.5404502546875001 0.7106284984375 0.5306693109375
323 0.684579234375 0.3551230828125 0.62756216875 0.361434771875 0.6251345921875 0.3461556703125 0.5656270375 0.3522494703125 0.5568474234375 0.36654806875 0.4743343234375 0.363095784375 0.418298371875 0.358193275 0.2969560578125 0.55474451875 0.5725949765625 0.6598433890625001 0.7586020625 0.3408825078125 0.6889690421875 0.3479737828125 0.684579234375 0.3551230828125
509 0 0.796412378125 0.016989764062500003 0.8146348734375 0.014046418750000001 0.8482774718750001 0.0289893390625 0.8495848078125 0.0315427359375 0.8347414875 0.042523496875 0.8526522328125001 0.038988984375 0.8787097515625 0.0500326546875 0.8815592875 0.0561582625 0.868911834375 0.08585537343750001 0.9167101375 0.08140265625000001 0.9389206453125001 0.08697479531249999 0.9469415031249999 0.1006724734375 0.94813989375 0.10398055625 0.9390126171875 0.12177869999999999 0.9650531640625 0.534117775 0.9992448203125001 0.539149171875 0.913051403125 0.624379190625 0.89979133125 0.6424669125 0.7073898562500001 0.6501018921874999 0.706174490625 0.651636475 0.67429198125 0.2744410671875 0.5395913375 0.0005504359375 0.5005622984375 0 0.5072212671874999 0 0.796412378125
183 0.274503978125 0.524530128125 0.2685671015625 0.49199395 0.181400065625 0.4843678234375 0.1737398734375 0.5288977859374999 0.181903109375 0.5503287078125 0.258781159375 0.56082134375 0.2711958953125 0.533657403125 0.274503978125 0.524530128125
1360 0.7143392546875 0.38786017500000003 0.7109305640625 0.3837952734375 0.7216094984375 0.36212948906250003 0.72118185 0.35267537656250003 0.7155468 0.35971573125 0.7140374281249999 0.34828364375 0.7095847109375 0.370494153125 0.708075340625 0.3590620640625 0.7041131796875 0.3756654734375 0.697559925 0.3788588171875 0.686025696875 0.3816163796875 0.677900159375 0.3884388453125 0.6635484046875 0.39471658593750003 0.6574227968749999 0.407364040625 0.6706299171875 0.41416953124999994 0.6863904328125 0.40613170312499997 0.7004151484375 0.403592028125 0.711949378125 0.40083446250000004 0.7143392546875 0.38786017500000003
863 0.6956478796875001 0.5011085875 0.7102637609375 0.506153990625 0.7242884765625 0.5036143156249999 0.7442123703125 0.5053574296875001 0.7578094390625 0.4933636453125 0.7659349765625 0.4865411796875 0.7686518921875 0.4698288265625 0.7805760703125 0.448271984375 0.7765133015625 0.45168321718750004 0.76406086875 0.45059377031250003 0.74570925625 0.4452215328125 0.7400742046875 0.4522618875 0.7265400468750001 0.44919446250000006 0.7106160125 0.45910132499999995 0.708226134375 0.47207561406250004 0.70334576875 0.48483201249999996 0.6911574640625 0.49506570937500005 0.6956478796875001 0.5011085875
863 0.5218797625 0.5367560078125 0.5100184953125 0.5432516390625 0.499729509375 0.546118146875 0.49750315 0.5572234015624999 0.5136913140625 0.5586396828125 0.5259802296875 0.5615981624999999 0.5446588796875 0.5632323328125 0.557765390625 0.556845646875 0.5737523359375001 0.5318775734375001 0.5806955406250001 0.5098849546875 0.567098471875 0.5218787390624999 0.5671613828125001 0.506817528125 0.5521555515625 0.520571403125 0.54252064375 0.5159617796875 0.5354768296875 0.524762221875 0.5218797625 0.5367560078125
1603 0.40561974687499996 0.187583503125 0.39531803593750003 0.3053325953125 0.4582971921875 0.2882424859375 0.46708953124999997 0.15906130624999998 0.40561974687499996 0.187583503125
1567 0.0005504359375 0.5005622984375 0.2774221125 0.5342021265625 0.3015093828125 0.5457261875 0.341017646875 0.4813824984375 0.34535726875 0.3744118265625 0.018084690625 0.32882913281250004 0.0005504359375 0.5005622984375
1146 1 0.0418344125 0.8148032000000001 0.025631792187500002 0.3638726375 0.1914644625 0.3566777921875 0.2737019234375 0.5005977671874999 0.2636932171875 1 0.189721059375 1 0.0418344125
1939 0 0.513650940625 0.3700606796875 0.5366569343750001 0.3966891 0.27531911875000004 0.3563507546875 0.277439990625 0.36279091406249997 0.18948648437499999 0.33408740625 0.20204196562500001 0.0364994515625 0.1326895921875 0.017229396875 0.30992091093749996 0 0.49389515624999997 0 0.513650940625
1939 1 0.18930594218750002 0.39717965781250003 0.26971202031249997 0.37097888437500004 0.5405039453125 0.97387765625 0.8060680921875001 0.997443271875 0.5510540046875 1 0.5218304687499999 1 0.18930594218750002
819 0.9581655874999999 1 0.9751601078125001 0.805751746875 0.371142403125 0.5386349109374999 0 0.5136854734375 0 0.9525155703125 0.5427495140625 1 0.9581655874999999 1
1603 0.7963870109375 0.353604959375 0.8402975671874999 0.35367995625000004 0.849354034375 0.2358219203125 0.8051164390625001 0.23948498749999997 0.7963870109375 0.353604959375
1603 0.724653453125 0.34167906875 0.7649917984375 0.3395581984375 0.7731677593749999 0.2461065390625 0.73266589375 0.2500964421875 0.724653453125 0.34167906875
1603 0.9003962874999999 0.355171234375 0.9531870671875 0.35413981250000004 0.9649604500000001 0.21956942031249999 0.9093521453125 0.2241210203125 0.9003962874999999 0.355171234375
1603 0.5057924453125 0.3620813375 0.5306973125 0.3642602296875 0.538382715625 0.27641566875 0.5131508109375 0.277974840625 0.5057924453125 0.3620813375
1603 0.5523570078125 0.3605051890625 0.577261875 0.36268408281250003 0.5866830796875 0.26934136875000003 0.5600424109375 0.272660628125 0.5523570078125 0.3605051890625
1603 0.02753110625 0.1921718203125 0.0170658765625 0.31178994531250004 0.08269903906250001 0.2930486921875 0.0933906984375 0.15650032187500001 0.02753110625 0.1921718203125