407 0.46503659375 0 0.1644905 0.0422389984375 0.6500912984375 0.1937671125 0.9451407421875 0.11061917968749999 0.92959423125 0 0.46503659375 0
1050 0.77951235 0.06379613281249999 0.7582757703125 0.07435918281250001 0.8197228296875 0.1074048 0.8337935125 0.0997434625 0.77951235 0.06379613281249999
1603 0.685061821875 0 0.5879571484375 0.0300899140625 0.6089138984375 0.18818655625 0.7476770828125 0.1516331625 0.7240200515625 0 0.685061821875 0
316 0.0477512859375 0.8657498390624999 0.1540019171875 0.822398125 0.1668249625 0.7789145234375 0.1052905703125 0.664412915625 0.023990025 0.69667968125 0.0477512859375 0.8657498390624999
114 0.1172919546875 0.7138807234375 0.108627109375 0.7150984890625 0.099111196875 0.7012789749999999 0.087516184375 0.7085923796875 0.081065896875 0.7076042984375001 0.0733777734375 0.7067901828125 0.065235153125 0.7117237750000001 0.0528568015625 0.7134634390625 0.045236407812500004 0.7221128593749999 0.0357882234375 0.7177568828124999 0.0344247328125 0.7350000062500001 0.0328001296875 0.7503852156249999 0.037761271875 0.7856855781250001 0.041610234375 0.80409075 0.049627199999999996 0.816226315625 0.06598016875 0.8158226656249999 0.07164711875 0.8112370062500001 0.0914524796875 0.80845354375 0.10923666875 0.8002703078125 0.1179015140625 0.79905254375 0.1245451859375 0.792435003125 0.13242669375 0.785643496875 0.14604287968750002 0.7837298671874999 0.1485185484375 0.783381934375 0.1346991765625 0.7569049578125 0.13313250000000001 0.745757475 0.12680786718749998 0.7277002343750001 0.1215954140625 0.7265381875 0.1172919546875 0.7138807234375
316 0.10750512812499999 0.6622070703125 0.16656385 0.7770566109375 0.163121259375 0.8154326515625 0.26820178437500003 0.7817184390625 0.2691687046875 0.7436903296875 0.2086787640625 0.6366203765625 0.10750512812499999 0.6622070703125
114 0.1455589765625 0.6814888906250001 0.138654190625 0.6862485171875 0.1396986421875 0.6936801703125 0.145955546875 0.702273875 0.1532569015625 0.718299234375 0.1578214734375 0.7328146125 0.178874471875 0.7658534125 0.1929451546875 0.7581920734375001 0.20337006093749999 0.7605161703125 0.216725134375 0.7567446265625 0.2291034859375 0.7550049624999999 0.24617206406249997 0.75071151875 0.2535313453125 0.7402041859375 0.24551438124999997 0.728068621875 0.238667521875 0.706295553125 0.229673834375 0.6961918687499999 0.219896809375 0.68051444375 0.21278883906249998 0.6568834625 0.20412399374999998 0.6581012265624999 0.1976737046875 0.65711314375 0.19298347656249998 0.659666925 0.188099865625 0.6698263250000001 0.177152734375 0.6637864 0.162559825 0.6677319125000001 0.153701596875 0.6765552984375 0.1455589765625 0.6814888906250001
316 0.09714795000000001 0.6693465078124999 0.09779583124999999 0.655993178125 0.040893739062500004 0.5654704828125 0.0065109765625 0.5812914078125 0.0145271375 0.6383293609375 0.023728912499999998 0.6948217671875 0.09714795000000001 0.6693465078124999
114 0.0179746296875 0.617951434375 0.014976732812499999 0.6145835390625 0.0234000703125 0.68350031875 0.0394919265625 0.6812387546875 0.052131390624999996 0.6813570046875 0.064509740625 0.679617340625 0.07910265 0.6756718312500001 0.08470187031250001 0.6616226359375 0.07694601875 0.6513449859375 0.06638565468749999 0.6300938171875 0.060128751562500006 0.6215001140624999 0.0553707953125 0.6145903578125 0.048204896875 0.6174920687500001 0.0382344875 0.6094202656250001 0.03087520625 0.6199275984375 0.027683924999999998 0.624165325 0.0179746296875 0.617951434375
316 0 0.5341528421875 0.007539920312499999 0.5796311109375 0.040893739062500004 0.5654704828125 0.015991778125 0.5140265109375 0 0.48609092499999995 0 0.5341528421875
114 0 0.5170001640625 0.00825553125 0.5757413171875 0.0238251609375 0.5697639265625 0.02773205 0.5616364046875 0.01847725 0.54967480625 0.0104602859375 0.5375392406249999 0.008110270312499999 0.5208180171875 0 0.513159859375 0 0.5170001640625
323 0 0.46561170625 0.1054839546875 0.65680729375 0.20072952656249998 0.6339483484375 0.0931145203125 0.4520331234375 0 0.4632494484375 0 0.46561170625
114 0.0867417625 0.49650480625000004 0.08517508593749999 0.48535732343750004 0.0747501796875 0.4830332265625 0.0741022984375 0.4963865546875 0.07143324375 0.504340109375 0.0732610328125 0.5173455062500001 0.0640739625 0.5148474453125 0.057430290625000005 0.521464984375 0.0550223484375 0.5312764515625 0.046096390625 0.530636303125 0.053465475 0.556125196875 0.091122753125 0.5546220328125 0.1050000515625 0.5545663171874999 0.1218075171875 0.5484149609375 0.131449084375 0.5451653140625 0.13216469375 0.5412755203125 0.11945750156249998 0.5316937359375 0.10577358750000002 0.5241438296875 0.1054447453125 0.5128223796875 0.10166351250000001 0.5038807453125 0.0867417625 0.49650480625000004
114 0.0747795859375 0.5910219109375 0.108675234375 0.6525695671875 0.19206468125 0.6351661125 0.17746197187499999 0.60311539375 0.1612346578125 0.5864498859375 0.149243075 0.57297830625 0.14136156718749998 0.5797698125 0.1319811125 0.5848773703125 0.1254630953125 0.574425753125 0.1136069703125 0.5798812453125 0.1084622453125 0.58818273125 0.0971283453125 0.5973540515625 0.08351215937499999 0.59926768125 0.0762785328125 0.5927058578125 0.0747795859375 0.5910219109375
323 0.135316765625 0.3930528828125 0.0624778796875 0.3957112765625 0.05667547187500001 0.3813698640625 0.0482717390625 0.38444554375 0.2687142078125 0.7494380390625001 0.26794067187500004 0.7798605249999999 0.350740165625 0.7492777078125 0.3574417640625 0.716127475 0.142153821875 0.37882972187499997 0.136486871875 0.3834153796875 0.135316765625 0.3930528828125
114 0.2339674921875 0.67285310625 0.255020490625 0.7058919046875001 0.2696232015625 0.7379426234375 0.2900185171875 0.7483385234375 0.319465446875 0.7423054171875 0.32897155625 0.7201287015625 0.3430422390625 0.7124673625 0.33359405625 0.7081113859375 0.318865690625 0.6931298265625 0.309485234375 0.6982373828124999 0.302512721875 0.693533475 0.3016616546875 0.6784961968750001 0.29468914062499996 0.6737922875 0.2872621296875 0.6748360859375 0.28908991875 0.6878414828125 0.28492191718750004 0.694111090625 0.2756671171875 0.682149490625 0.260813096875 0.6842370875 0.2505815734375 0.67430736875 0.237419884375 0.6704732921875001 0.2339674921875 0.67285310625
114 0.221840453125 0.6404544546875 0.2317431328125 0.6390627234374999 0.23636563124999999 0.6270454078125 0.24405375468749999 0.6278595250000001 0.2578053984375 0.6448729640625 0.271682696875 0.6448172484375 0.2849700421875 0.63158216875 0.28262002656249996 0.6148609453125 0.278384296875 0.6116670156249999 0.26945833750000003 0.611026865625 0.26079349218750003 0.6122446312500001 0.24965297656250002 0.613810328125 0.241964853125 0.6129962140625 0.23420900156250002 0.6027185625 0.22880316406249998 0.6091621359375 0.2278941703125 0.6206575515625 0.2309597953125 0.6334889828125 0.22301055937499997 0.630816953125 0.22092165625 0.6159536421875 0.21564147500000003 0.6053280578125 0.21257584999999998 0.5924966281249999 0.20267317031249998 0.593888359375 0.2017641765625 0.605383775 0.20261524375 0.62042105 0.221840453125 0.6404544546875
114 0.21126048437499997 0.5472108312499999 0.2251377828125 0.5471551140625001 0.23223595156250001 0.534789865625 0.2236967625 0.5189384734375 0.21020623125000001 0.503782946875 0.1979535359375 0.4884534546875 0.192412240625 0.4759699546875 0.186938675 0.47294999375 0.179511665625 0.47399379062499997 0.179124896875 0.489205034375 0.167529884375 0.49651844062499995 0.1550160765625 0.4793310328125 0.1488269 0.480200865625 0.13521071406250001 0.48211449531249995 0.1315649375 0.49209992968750005 0.12035669375 0.4842020921875 0.144214203125 0.5282144093750001 0.15301450625 0.5459237140625001 0.15751135 0.5509755578125 0.1696285890625 0.5473779796875 0.180246878125 0.542096453125 0.186368325 0.5317630875 0.2025279109375 0.5389650593749999 0.21126048437499997 0.5472108312499999
114 0.09089016093749999 0.41824274375000003 0.07896630624999999 0.4142346984375 0.0764906359375 0.41458263124999994 0.10934183281250001 0.4686986328125 0.1249791921875 0.4721847765625 0.1358585953125 0.46876116718749994 0.14902028437499998 0.47259524375 0.164328803125 0.4647599390625 0.1735158734375 0.467258003125 0.1734481453125 0.457794465625 0.16419334531250002 0.44583286875 0.16236555625 0.43282747187500004 0.154348590625 0.42069190624999997 0.14789830312500002 0.41970382500000003 0.1364289453125 0.409948071875 0.122812759375 0.41186170312500003 0.1032685109375 0.41650307968750006 0.09089016093749999 0.41824274375000003
323 0.2099736390625 0.36740365625 0.20906464531250002 0.378899071875 0.1760975953125 0.3778484546875 0.176029865625 0.3683849203125 0.143585040625 0.3710501328125 0.359395209375 0.7120637140625 0.43215656406249997 0.6639455562500001 0.2273033296875 0.3649681265625 0.2099736390625 0.36740365625
167 0.31649607031250004 0.60441614375 0.33382576249999996 0.6019806140624999 0.3585824640625 0.5985012875 0.374345478125 0.5849182765625 0.3722565765625 0.570054965625 0.370757628125 0.5683710171875 0.3571414421875 0.570284646875 0.3501689296875 0.5655807375 0.343912025 0.5569870359375 0.334724953125 0.554488971875 0.3235844375 0.55605466875 0.32130215156249997 0.5487969796875001 0.30787935 0.5431049890625 0.29126526875000003 0.5416507234375 0.2876194921875 0.5516361578125 0.283973715625 0.56162159375 0.287561565625 0.5781688515625001 0.30333438125 0.6005820671875 0.31649607031250004 0.60441614375
323 0.5741680687499999 0.3541116828125 0.5184654906249999 0.36194016875 0.43624614843750004 0.3697061234375 0.4267302359375 0.35588661093749996 0.3669853109375 0.3529155484375 0.36536070781249996 0.3683007578125 0.3080914515625 0.3649817609375 0.3033334953125 0.3580720046875 0.2334247765625 0.354634759375 0.43587006875 0.66342365625 0.705630784375 0.5440429953125 0.5741680687499999 0.3541116828125
509 1 0.48330868281250006 0.9987945140625 0.47442235781250003 0.7273218625 0.5277322375 0.35769307499999997 0.681989159375 0.36089415625 0.7137476609375 0.3685822796875 0.714561778125 0.3967147296875 0.9057529343749999 0.4825219203125 0.9145342390625 0.49201896562499997 1 0.4946046 1 0.9020419625 0.9446212515625 0.9184528578125001 0.917684909375 0.9222340921875001 0.9266265453125 0.935850278125 0.924712915625 0.9409950031250001 0.9164114281250001 0.9353859796874999 0.8944643953125 0.9625408203125 0.845177371875 0.96931995 0.857486903125 0.980199353125 0.854063290625 0.9753059390625 0.828226465625 0.9853342749999999 0.8097655765624999 0.9886610125 0.8244549203125 1 0.8228613296875 1 0.7973565546875 0.9988150046875001 0.788924875 1 0.7875124015625 1 0.48330868281250006
183 0.8173451796875 0.4677150140625 0.7306967234374999 0.4798926609375 0.7264707953125 0.512694959375 0.7302520296874999 0.5216365953125 0.7440714015625 0.548113571875 0.8202949515625001 0.5336118296875 0.827325390625 0.511783046875 0.8173451796875 0.4677150140625
1360 0.337944753125 0.4157298671875 0.3311656234375 0.4034203359375 0.3165049875 0.3979023109375 0.30803352500000003 0.391514453125 0.296370784375 0.38936432499999996 0.2896593828125 0.38651832812500003 0.2848336984375 0.3701450359375 0.28392470468750003 0.3816404515625 0.27831568125 0.3596934203125 0.27740668749999997 0.371188834375 0.27141089687500003 0.36445304375 0.271478625 0.37391658125 0.2832768234375 0.39499378125 0.28008554375 0.3992315078125 0.28315116875 0.4120629390625 0.294813909375 0.4142130703125 0.308952321875 0.41601526718750004 0.32511190624999997 0.42321723906250003 0.337944753125 0.4157298671875
863 0.2711114609375 0.4611202796875 0.2577563875 0.46489182500000004 0.25176059687499996 0.45815603437499997 0.2337152953125 0.46448135781250005 0.22133694531249998 0.46622102187500003 0.2171012140625 0.4630270921875 0.2301372484375 0.48393032812500003 0.23372509843749997 0.5004775859375 0.242196559375 0.50686544375 0.2564027 0.5181311765625 0.2762080609375 0.5153477140625 0.290346471875 0.5171499109375 0.30467826875 0.5113464875 0.3088462703125 0.50507688125 0.296139078125 0.49549509531249997 0.29059778281250004 0.4830115984375 0.287532159375 0.470180165625 0.2711114609375 0.4611202796875
863 0.434138528125 0.52536041875 0.4199323890625 0.5140946859375 0.42801708125 0.535693784375 0.44528884687500003 0.5597909484375 0.45871164843749995 0.565482940625 0.47727917499999994 0.5628734453125 0.4893964125 0.5592758671875 0.50548826875 0.5570143046875 0.5026837578125 0.5460407875 0.4922588515625 0.5437166921875 0.480073884375 0.537850734375 0.46586774374999995 0.5265850000000001 0.4583730046875 0.5181652625 0.44899255 0.523272821875 0.4332874609375 0.510323140625 0.434138528125 0.52536041875
1603 0.5150220140624999 0.15780615 0.5305631234375 0.28635013593749997 0.594350396875 0.30012075 0.5779002921874999 0.183072178125 0.5150220140624999 0.15780615
1567 0.724062853125 0.522506428125 0.9987945140625 0.47442235781250003 0.9722964703124999 0.30384221875 0.6478580218750001 0.36649056562500004 0.657790109375 0.47308752031249995 0.700611715625 0.535275325 0.724062853125 0.522506428125
1146 0 0.2177914796875 0.487035709375 0.264048353125 0.6312822625 0.2665111515625 0.6197933015625 0.18476294375 0.1608017125 0.0427574234375 0 0.06535663124999999 0 0.2177914796875
1939 1 0.47458075468749994 0.9721610125 0.284915146875 0.9436417953125 0.10893523281249999 0.6500912984375 0.1937671125 0.6207700234375 0.1827310640625 0.6318044890625 0.2702269796875 0.591410428125 0.2702201609375 0.63167971875 0.5298061984375 1 0.48746761093749996 1 0.47458075468749994
1939 0 0.534963403125 0.0059104171875 0.57701820625 0.042790143749999995 0.8304494765625 0.630964109375 0.5336959921875 0.5906270890624999 0.26464642031249996 0 0.21715217187500002 0 0.534963403125
819 1 0.4875024625 0.630702996875 0.5318380781250001 0.041492893749999996 0.830200684375 0.06535663124999999 1 0.4945208421875 1 1 0.9289595374999999 1 0.4875024625
1603 0.181667409375 0.25581057500000004 0.13729873125 0.2544677453125 0.152511 0.37169028125 0.196357453125 0.3693172859375 0.181667409375 0.25581057500000004
1603 0.25457402500000004 0.2626157171875 0.21391885156249998 0.2607509859375 0.2269744890625 0.35364667656250004 0.26736855 0.3536534953125 0.25457402500000004 0.2626157171875
1603 0.0767704671875 0.2459229390625 0.021000159375 0.24428789062499998 0.039800278125 0.3780576859375 0.092572690625 0.37632483906249997 0.0767704671875 0.2459229390625
1603 0.4752473140625 0.27896737968749996 0.4499683859375 0.2787308796875 0.4622406859375 0.36605282968749997 0.48699738750000005 0.36257350312500003 0.4752473140625 0.27896737968749996
1603 0.4281418515625 0.2761145671875 0.4013639765625 0.2741941203125 0.41565745 0.36691584375 0.44041415156249997 0.363436515625 0.4281418515625 0.2761145671875
1603 0.8880746734375 0.135690790625 0.9058980703125 0.2714924671875 0.9724221249999999 0.2867730609375 0.955710909375 0.16786657656249998 0.8880746734375 0.135690790625