1584 0.45185547656249997 0 0 0.0878318078125 0 0.5481445218750001 0.0878318078125 1 0.5236240328124999 1 0.934576928125 0.9210625734375 1 0.866993371875 1 0.532773896875 0.902321015625 0 0.45185547656249997 0
1939 0.903436146875 0 1 0.5320179875 1 0.464957584375 0.9096214015624999 0 0.903436146875 0
1116 0.5048455578125 0.754215115625 0.49650804062500004 0.68511809375 0.47769267343750005 0.673485125 0.4414445734375 0.690087484375 0.45576419843749993 0.763755565625 0.46000821875 0.772487053125 0.46491635468750003 0.7715330078125 0.5048455578125 0.754215115625
1116 0.43714868593749995 0.6679870593749999 0.3914423046875 0.688339209375 0.41292174062500003 0.79884133125 0.4561740546875 0.778966203125 0.4424666796875 0.682243653125 0.43714868593749995 0.6679870593749999
1116 0.3361245796875 0.7182047703125 0.3524390859375 0.80868668125 0.37059033750000003 0.8300051843749999 0.4118996359375 0.8066851625 0.38653416875 0.6892932546874999 0.3361245796875 0.7182047703125
1116 0.312050696875 0.843295425 0.3182377328125 0.85547180625 0.3586779875 0.8342319968749999 0.33755654218750003 0.7255715781250001 0.2886801109375 0.742717346875 0.312050696875 0.843295425
1116 0.283771975 0.743671390625 0.2338734390625 0.7686609921875001 0.2570909625 0.8750026859375 0.270793265625 0.8799843828125 0.279382503125 0.8783148031250001 0.313329596875 0.8564258515625 0.283771975 0.743671390625
316 0.45868783750000003 1 0.5020461828125 0.982202571875 0.4790335875 0.8834661968749999 0.42539954687500003 0.849931965625 0.3466151140625 0.8900928562500001 0.3584288046875 0.950869025 0.41771623125 1 0.45868783750000003 1
316 0.4303076828125 0.8489779203125 0.47816454375 0.8855464109375 0.504142259375 0.9798838484375001 0.5806256859375 0.9344363625 0.5599659640625 0.85435551875 0.488079475 0.8186353390625 0.4303076828125 0.8489779203125
1116 0.636535365625 0.5145529125 0.64706761875 0.5163282265625 0.775239534375 0.4550996515625 0.7658799125 0.3938464625 0.7514616296875001 0.3851813625 0.6192506203125 0.44528376875 0.636535365625 0.5145529125
1116 0.35844008125000004 0.23031112031249998 0.32270303437500003 0.2429915640625 0.33349461874999997 0.3116115625 0.347759840625 0.3260402796875 0.3871779890625 0.312644303125 0.3756704234375 0.2403409 0.35844008125000004 0.23031112031249998
1116 0.3848769828125 0.30735770625000003 0.39367114999999997 0.3132934484375 0.43308929999999995 0.299897471875 0.4090027328125 0.1956359890625 0.36431845625000003 0.208144309375 0.3848769828125 0.30735770625000003
1116 0.5762133828125 0.6562459265625 0.5419082984375 0.676293178125 0.5601632828125 0.7243495546875 0.5944683671875 0.704302303125 0.59400664375 0.675722728125 0.5762133828125 0.6562459265625
1116 0.5313191046875 0.5694080734375 0.537454275 0.5682155171875001 0.5689991671875 0.560172521875 0.5528377234375 0.4639269953125 0.5363233625 0.45758061874999995 0.5074374671874999 0.47275191093749996 0.5313191046875 0.5694080734375
1116 0.4856468328125 0.28203616875000004 0.5142266046875 0.2783921109375 0.49908726562499994 0.17430275312500002 0.45808409218749996 0.1860955390625 0.47547256875 0.2821025546875 0.4856468328125 0.28203616875000004
1116 0.2105674046875 0.9108039874999999 0.2019756296875 0.8666031390625 0.18505141249999998 0.845046125 0.14425316562499998 0.8644442296875001 0.155861928125 0.917615078125 0.16925810624999998 0.9341240093750001 0.2105674046875 0.9108039874999999
316 0.8009452359375 0.25324026875 0.8092308859375 0.308968353125 0.8679235875 0.28991449375 0.858563965625 0.22866130468749998 0.8015056171875001 0.21681686249999998 0.7563102890625 0.2332470984375 0.8009452359375 0.25324026875
316 0.6885172953125 0.25789245156249996 0.7426105234375 0.2741358296875 0.7508961734375 0.32986391249999997 0.8104579203125001 0.308729840625 0.7984911671875 0.2537172921875 0.7538562203125 0.2337241203125 0.6885172953125 0.25789245156249996
316 0.6224623890625 0.2783773765625 0.6769136078125 0.2964624578125 0.6850461953125 0.357954159375 0.7503851203125 0.333785828125 0.7401564546875 0.27461285156250004 0.686063228125 0.25836947499999996 0.6224623890625 0.2783773765625
316 0.5534423625 0.3032612421875 0.6014004203125001 0.320697178125 0.61428808125 0.38699845 0.682592128125 0.35843118125 0.6744595390625 0.2969394796875 0.6231783703125 0.28206078125 0.5534423625 0.3032612421875
316 0.48738745625 0.32374616875 0.5253761796875 0.3488538109375 0.5349407296875001 0.41771231875000003 0.6130610484375 0.3872369625 0.5989463515625 0.3211742 0.5534423625 0.3032612421875 0.48738745625 0.32374616875
316 0.3884075609375 0.35827621875000004 0.394851390625 0.3914268546875 0.399300340625 0.4077636625 0.4498161984375 0.4514604484375 0.5324866625 0.41818934218750003 0.5245071359375 0.35093402500000004 0.4831953015625 0.3283836171875 0.3884075609375 0.35827621875000004
1116 0.4739002296875 0.5098515015625 0.48857784375 0.5853612859374999 0.502280146875 0.59034298125 0.5343360921875 0.578378071875 0.5212435015625 0.5044714796875 0.5099952671875 0.4990127609375 0.4739002296875 0.5098515015625
316 0.48859052812500003 0.8147134234375001 0.5587389296875 0.8545940296874999 0.5806256859375 0.9344363625 0.6371185796875001 0.890963353125 0.61804388125 0.8124857000000001 0.5449303578125 0.7770040328125 0.48859052812500003 0.8147134234375001
316 0.61804388125 0.8124857000000001 0.6378345609375 0.8946467578125 0.6980085546875 0.850458215625 0.68036581875 0.7793473703125 0.604082246875 0.740659321875 0.5473844265625 0.776527009375 0.61804388125 0.8124857000000001
316 0.6105754078125 0.7413084671875 0.6798547671875 0.7832692859375 0.6992355890625 0.8502197046875001 0.7573135062499999 0.8083498890625 0.7364488546875 0.7206637234375 0.6767315109375 0.7016909874999999 0.6105754078125 0.7413084671875