407 0.46064914687499997 0 0 0.0729596578125 0 0.15636608125 0.46265280468750003 0.11437596718750001 0.7316325031249999 0 0.46064914687499997 0
1050 0.37449035468749997 0.0571505734375 0.24472686562499998 0.061883323437500005 0.180779678125 0.10760603906249999 0.2802889796875 0.1116200234375 0.37449035468749997 0.0571505734375
1939 0 0.5393508546875 0.03238250625 0.7438059515625 0.5465614109375 0.6191835375 0.4665109625 0.1137648953125 0 0.156334734375 0 0.5393508546875
1939 0.7316325031249999 0 0.46265280468750003 0.11437596718750001 0.55041956875 0.618572465625 1 0.6308242140625 1 0.5105901875 0.919130459375 0 0.7316325031249999 0
819 1 0.6308532015625 0.5465614109375 0.6191835375 0.03238250625 0.7438059515625 0.0729596578125 1 0.5036603796875 1 1 0.919398834375 1 0.6308532015625
1694 0 0.5143803328125001 0.05645546875 0.8708261359374999 0.07311024375 0.8760981624999999 0.074943459375 0.8876726359375 0.0883511484375 0.8974138921874999 0.0852957890625 0.8781231046875 0.165706025 0.8614324328125 0.1791137140625 0.8711736890624999 0.1888549703125 0.857766 0.09031653125 0.33550085625000003 0.063309428125 0.33977836250000004 0.0505128109375 0.3338952625 0 0.32864727656250003 0 0.5143803328125001
1694 0.36404175781250003 0.7153258234375001 0.39017426875 0.5806737578125001 0.46772087031250004 0.5209322796875 0.4603880046875 0.4746343890625 0.5221185265625 0.464857234375 0.5037863625 0.34911250781250003 0.1482247921875 0.40147298593749997 0.1537244421875 0.436196403125 0.1074265515625 0.44352926875 0.1790778171875 0.7960354781250001 0.20081289375 0.8084127484374999 0.2069236140625 0.8469943234375 0.2759870015625 0.8835150609375001 0.405942215625 0.8550222921874999 0.37240504375 0.793100046875 0.36404175781250003 0.7153258234375001
487 0.66487035625 0.44224756562499995 0.4642461625 0.47402331562500005 0.462221221875 0.48620886093750004 0.47562891093750004 0.4959501171875 0.5109634 0.4943086265625 0.5694468359375 0.4890007015625 0.6697589328125 0.47311282656250003 0.7353476125 0.46272460000000004 0.8080415343749999 0.44725607187499994 0.792800628125 0.42594034374999995 0.7613242953125 0.4269707625 0.66487035625 0.44224756562499995
1743 0.48069697656250004 0.9025064296875 0.5018209796875001 0.9110255421875 0.5099566421875 0.9374215734375 0.53188344375 0.926038825 0.5525881015625 0.9069397625000001 0.5659957906249999 0.91668101875 0.5993053390624999 0.9272250718749999 0.6116826093750001 0.9054899953125 0.6358619734375 0.9332998953124999 0.6634801484375 0.9328805484375 0.677690634375 0.9227199453124999 0.6888457609375 0.893268553125 0.7247913234375 0.89548521875 0.73961288125 0.8891827734375 0.76723105625 0.8887634249999999 0.7788055296875 0.8869302093749999 0.803787690625 0.8948382484374999 0.8360668203125 0.8739059703125 0.8382834859375 0.8379604078125 0.8170876874999999 0.679164875 0.8054773171875 0.6058598796875 0.7662487703124999 0.5329742328125 0.7670515671875 0.5130723734375 0.7548660234375 0.5110474328125 0.7323281500000001 0.5185720218750001 0.7104013484375 0.5299547703124999 0.6949687171875001 0.532399059375 0.678925015625 0.5309851906249999 0.6480597546875 0.5358737671875 0.6102809765625 0.522082628125 0.5936262015625 0.5168106015625 0.5832738734375 0.5263601328124999 0.5485504546875 0.5318597828125 0.5209322796875 0.5322791296875 0.500419346875 0.527618175 0.4778814734375 0.5351427656250001 0.46833194218749996 0.5247904375 0.4470162140625 0.5400313421875 0.414737084375 0.560963621875 0.386927184375 0.5851429875 0.37477753593749996 0.65825625625 0.3620168171875 0.7275113671875 0.37179397187499996 0.7892418890624999 0.40147298593749997 0.8517752078124999 0.40697263437500003 0.886498625 0.433176940625 0.90212298125 0.4479984984375 0.8958205343750001 0.46465327343749996 0.9010925609375 0.48069697656250004 0.9025064296875
1694 1 0.5105901890625 0.9714621234375 0.33040912968749997 0.7889065734375 0.3514132046875 0.8265531875000001 0.9386918515625 1 0.9141277453125 1 0.5105901890625
1741 0.49137319531249996 0.2957093734375 0.48931235624999997 0.2327567078125 0.5142945171875 0.240664746875 0.5374434625 0.2369983140625 0.5472206171875 0.2987288359375 0.5606642046875 0.383608303125 0.5972208390625 0.3896831265625 0.6242279421875 0.385405621875 0.6524571890625 0.38884443125 0.6904276921875 0.378875553125 0.729812065625 0.352862971875 0.7281705734374999 0.31752848125 0.71633258125 0.19284529374999998 0.727907053125 0.191012078125 0.755716953125 0.1668327125 0.7782548265625 0.159308121875 0.781921259375 0.18245706875 0.7813460859375 0.2537371203125 0.798000859375 0.259009146875 0.8276439765625 0.2464042546875 0.8312745109374999 0.194414990625 0.7802438703125001 0.0719843671875 0.6452083546875 0.0933718921875 0.612509878125 0.086685996875 0.6013547531250001 0.1161373875 0.56743413125 0.1017351765625 0.5520015015624999 0.104179465625 0.546729475 0.12083424062499999 0.47972692656250004 0.14726616875 0.4596333421875 0.1702233890625 0.44626155 0.23562034375000002 0.45764429843750004 0.2575471453125 0.4653965109375 0.33146321093750003 0.48713158749999996 0.3438404796875 0.5019531453125 0.33753803437499996 0.49137319531249996 0.2957093734375
1744 0.7881037765625 0.3713150640625 0.7882955015625 0.347555046875 0.92008393125 0.3306367515625 0.9420107328125 0.3192540046875 0.9466716875 0.298741071875 0.9245172625 0.258745628125 0.8867384843749999 0.2449544890625 0.8739418671875001 0.239071390625 0.8656144796874999 0.23643537656250002 0.8597313812499999 0.24923199375 0.849379053125 0.25878152499999996 0.8384156515625 0.2644728984375 0.8345574953125 0.265083971875 0.8274522515625 0.2701642734375 0.812019621875 0.2726085609375 0.7978091359375 0.282769165625 0.7706103078125001 0.3108066875 0.7491028531249999 0.3498076109375 0.7515471421875 0.365240240625 0.7881037765625 0.3713150640625
382 0.5696511234375 0 0.567589959375 0.0028369484375 0.5570459046875 0.0361464984375 0.5716757390625 0.05360406875 0.5735089546875 0.0651785421875 0.5999049859375 0.057042879687500006 0.6218317875 0.04566013125 0.6187764265625 0.026369343750000003 0.6400921562499999 0.011128439062499999 0.638329584375 0 0.5696511234375 0
278 0.3251966625 0.594920140625 0.2963563421875 0.5876231734374999 0.2583858390625 0.5975920515625 0.2732432953125 0.6664278171875 0.3053307 0.6692555546875 0.332337803125 0.66497805 0.3251966625 0.594920140625
278 0.3314273125 0.459465278125 0.286351565625 0.47451445937500003 0.291851215625 0.509237878125 0.3200804625 0.5126766875000001 0.37734175468750003 0.49965244843749995 0.367983946875 0.46554010156250003 0.3314273125 0.459465278125
1244 0.8987559656249999 0.745328728125 0.990740675 0.7268048390625 0.9711863671875 0.6033437968750001 0.8875290453125 0.6245036984375 0.8987559656249999 0.745328728125