407 0.4912724640625 0 0 0.0171556125 0 0.0965483828125 0.5099269328125 0.11269887187500001 0.9020183515625 0 0.4912724640625 0
1050 0.429395653125 0.0451557265625 0.300022625 0.034039009375 0.23097989375 0.0716277140625 0.329258284375 0.0877389109375 0.429395653125 0.0451557265625
1939 0 0.5087275453125 0.006155584375 0.685000421875 0.5316895296874999 0.6239695703125 0.5138308031250001 0.11256254531250001 0 0.09653943125 0 0.5087275453125
1939 0.9020183515625 0 0.5099269328125 0.11269887187500001 0.5355934 0.62383324375 0.9992492859375 0.69363190625 0.975664859375 0.018262325 0.9750271250000001 0 0.9020183515625 0
819 1 0.7090048875 0.9992492859375 0.69363190625 0.5316895296874999 0.6239695703125 0.006155584375 0.685000421875 0.0171556125 1 0.3582111390625 1 1 0.9750778515625 1 0.7090048875
1694 0 0.39679898750000003 0.014569245312500001 0.8140075734375 0.0304573796875 0.8212700109375 0.030866357812500002 0.832981621875 0.042986946875 0.8442842546874999 0.042305315625 0.8247649015625 0.12415026874999999 0.8179981828124999 0.136270859375 0.829300815625 0.1475734921875 0.8171802250000001 0.11341765156250001 0.286799153125 0.086090559375 0.28775343593749997 0.0741062953125 0.2803546734375 0.015002934374999999 0.266784084375 0.011508042187500001 0.27863202187499997 0 0.2790338921875 0 0.39679898750000003
1694 0.338813553125 0.697151675 0.3811612359375 0.5666880375 0.46541047031250005 0.5168424171875 0.46377455625 0.469995971875 0.526236484375 0.467814753125 0.5221466984375 0.350698640625 0.16285429375 0.3593367765625 0.1640812296875 0.3944716109375 0.11723478437499998 0.396107525 0.1453922734375 0.7547182984374999 0.1654569296875 0.76965215 0.166820190625 0.808690853125 0.23091803125000002 0.8533560796874999 0.3633769734375 0.8409132500000001 0.33763620625 0.775365409375 0.338813553125 0.697151675
487 0.6706796890625 0.46277068593750004 0.467678428125 0.4698596453125 0.46418353593750006 0.4817075828125 0.47630412499999997 0.493010215625 0.511575284375 0.4956871515625 0.5702696671874999 0.4975461296875 0.6717702984375 0.49400164843749994 0.7381360953125 0.49168410468749996 0.8121733078125001 0.48519003749999995 0.7996437390625 0.4621757921875 0.76827645 0.45936253125000004 0.6706796890625 0.46277068593750004
1743 0.4317876625 0.8971537609375 0.45171599375 0.9081837421875001 0.456574146875 0.935374509375 0.4797247171875 0.9267488109375 0.5026026359375 0.9103153718750001 0.514723225 0.9216180046875 0.5464994937500001 0.936142878125 0.56143334375 0.9160782203125001 0.5820433046875 0.946627553125 0.6095067249999999 0.949577140625 0.624849553125 0.9412240953125 0.6395107531249999 0.913351696875 0.6749182390625 0.919932503125 0.69039739375 0.9154833281249999 0.7178608125 0.918432915625 0.729572425 0.9180239374999999 0.753404625 0.928917590625 0.7879941546875 0.9120751734375 0.794574959375 0.8766676875 0.7928894578125 0.716472675 0.7902992609374999 0.6422991359375 0.7602456453124999 0.5651760109375 0.763467884375 0.5455203328125 0.751619946875 0.542025440625 0.72833305 0.54674726875 0.7051824796874999 0.5553729671875 0.6895669984375 0.5559182703125 0.673815190625 0.5525597046875 0.6425842281249999 0.5536503140625 0.6067677625 0.5353578984375 0.590879628125 0.5280954609374999 0.5794406703125 0.53631218125 0.5443058359374999 0.5375391171875 0.5168424171875 0.5345895296875 0.4970504125 0.52746341875 0.47376351562499996 0.532185246875 0.465546796875 0.5207462875 0.44253255312500006 0.53327585625 0.4079430234375 0.5501182734375 0.377393690625 0.570728234375 0.35642433906250004 0.6418158593750001 0.33531866250000003 0.7089996125 0.3374998796875 0.7714615390625 0.3593367765625 0.83714570625 0.36056371249999997 0.8722805390625 0.384668565625 0.890981934375 0.400147721875 0.8865327593749999 0.4160358546875 0.8937951953125 0.4317876625 0.8971537609375
1694 1 0.7151295640625001 0.9886158453125 0.3891300140625 0.8048612828125 0.38772960312500004 0.7706560203125 0.97521873125 1 0.97097203125 1 0.7151295640625001
1741 0.5163342625 0.29618078125 0.521960784375 0.2334462015625 0.5457929859374999 0.24433985625000001 0.5692162078125 0.2435219 0.5713974265624999 0.3059838265625 0.5743966015625 0.391868975 0.6099404140625 0.40235365156249997 0.6372675078125 0.40139936875000004 0.664867253125 0.4082528265625 0.7037696312499999 0.40298569375 0.746030575 0.38196675468749997 0.748707509375 0.34669559375 0.7521528125 0.22149908906250002 0.763864425 0.221090109375 0.79441375625 0.2004801484375 0.8177006531250001 0.195758321875 0.818518609375 0.21918154374999999 0.8092608703125 0.2898601890625 0.8251490031250001 0.2971226265625 0.8561073140625 0.2882242765625 0.8660466859374999 0.23706498125 0.830316959375 0.10932786718750001 0.6936814953125 0.1140992828125 0.662041553125 0.10347828125 0.6473803546875 0.131350678125 0.6154677609375 0.1129219359375 0.599852278125 0.113467240625 0.5925898421875 0.129355375 0.5228654796875001 0.1474247265625 0.5001238875 0.1677620359375 0.47888188437499996 0.23104192031249998 0.48750758125000004 0.25419248906249997 0.48619390781250005 0.3285023546875 0.5062585656249999 0.3434362046875 0.5217377203125 0.3389870296875 0.5163342625 0.29618078125
1744 0.8016390437500001 0.40738528125 0.80472495625 0.3838257328125 0.9375928765625 0.3830945125 0.960743446875 0.374468815625 0.9678695578125 0.3546768109375 0.9507544875 0.31227954062499996 0.9149380234375 0.293987125 0.902953759375 0.28658836249999997 0.8950096921874999 0.28295714375 0.8876109296875001 0.2949414078125 0.876171971875 0.30315812656249996 0.8645966859374999 0.307470975 0.860692815625 0.3076073015625 0.8530214015625001 0.311783825 0.8374059203125 0.31232912968750004 0.8220630906249999 0.320682175 0.791650084375 0.34519600625 0.7655499265625 0.3812851234375 0.76609523125 0.3969006046875 0.8016390437500001 0.40738528125
382 0.6482296453124999 0 0.6389777203125 0.00265928125 0.6276750875 0.014779870312500002 0.6131502156249999 0.0465561390625 0.6255434578125 0.0656665125 0.6259524359374999 0.0773781234375 0.653143203125 0.0725199703125 0.6762937734375 0.06389427187499999 0.6756121421875 0.044374920312499996 0.6986263859374999 0.0318453515625 0.69808108125 0.0162298703125 0.67424888125 0.005336215625 0.6594281140625 0 0.6482296453124999 0
278 0.3149317640625 0.5729094531250001 0.28719569375 0.562152125 0.248293315625 0.56741925625 0.25465105625 0.6375525984375 0.286154671875 0.6442697296875 0.313481765625 0.643315446875 0.3149317640625 0.5729094531250001
278 0.33762376875 0.43922357500000003 0.291049975 0.44866722968749995 0.29227691093749997 0.48380206406250004 0.31987665625 0.49065552187500006 0.3782983859375 0.484706759375 0.3731675796875 0.44970825156250005 0.33762376875 0.43922357500000003
1244 0.8658856484375 0.7920962125 0.9594422125 0.7849205140625 0.955079775 0.6599966609375 0.869467278125 0.6708035765625 0.8658856484375 0.7920962125