1050 0.561471346875 0.3904241640625 0.577206790625 0.3894878296875 0.6005549140625 0.37858243593749996 0.5884006796875 0.3406207765625 0.5720988703125001 0.3140769578125 0.5935156828125 0.3014246453125 0.5719335640625001 0.23133835781249998 0.5137057328125 0.25114600625 0.532220265625 0.32182857187499997 0.5648274265625 0.3176127078125 0.56914385 0.3316299671875 0.5550547640625 0.34922489218749997 0.5501684328125 0.3650309828125 0.561471346875 0.3904241640625
1354 0.3821301921875 0.4422631640625 0.3827001 0.412439815625 0.39991305312500003 0.402726978125 0.4117858734375 0.3982968078125 0.41547964843749996 0.376355546875 0.4215585359375 0.366684625 0.405710528125 0.350664228125 0.39190639531250004 0.3533474796875 0.36537812187499996 0.3478924203125 0.3485064046875 0.35117195 0.32470448125 0.351553921875 0.3192517828125 0.3398798609375 0.31629676406249996 0.3574328703125 0.3048214609375 0.36390809687500003 0.294594996875 0.3849968578125 0.2931737703125 0.40225172656249997 0.2866973640625 0.40987759218750003 0.274880825 0.42278612656250003 0.3110656546875 0.4369757734375 0.3349238609375 0.44507216562499996 0.3629296453125 0.4417507203125 0.3821301921875 0.4422631640625
713 0.66683151875 0.645846659375 0.6677989453125 0.6180683671875 0.8097591734374999 0.603208053125 0.8406672359374999 0.5165517296875 0.8431684546874999 0.4884752984375 0.853166246875 0.4907765765625 0.8550412749999999 0.484045128125 0.8288613203124999 0.35754975624999996 0.8322701421875 0.3505201703125 0.8314751046875 0.34643005625 0.8306800671874999 0.3423399421875 0.6412285546875001 0.374920934375 0.6027113546875 0.41424281562500004 0.6575724828125 0.639157128125 0.6556974531249999 0.6458885765625 0.66683151875 0.645846659375
92 0.5725783546875001 0 0.4669110859375 0.026786056250000002 0.534091753125 0.3724006265625 0.750412775 0.3388413859375 0.6874906265625 0 0.5725783546875001 0
713 0.6200227078125 0.6507007171875 0.6464982406249999 0.5903739078125 0.6058352218749999 0.422124903125 0.6217993374999999 0.3977985296875 0.6224255265624999 0.3764535453125 0.45785593125 0.39783100312499997 0.40899970156250004 0.44128491406250003 0.43642495312499996 0.6396973234375001 0.455738065625 0.6571665 0.6200227078125 0.6507007171875
214 0.4664360375 0.36008364843749996 0.2861872796875 0.3908758046875 0.2593177703125 0.39185405625 0.2231294 0.4349679109375 0.2332960390625 0.4627042875 0.0672453921875 0.5501617515625 0.0992263625 0.5672908703124999 0.1606201796875 0.793057684375 0.2854237359375 0.796388575 0.43608371718749994 0.6461306328124999 0.41127224843750004 0.436598521875 0.4664360375 0.36008364843749996
135 0.024151603125 0.189253534375 0.0495365203125 0.3116587921875 0.1779212875 0.2760916890625 0.149412503125 0.14580434375 0.024151603125 0.189253534375
7 1 0.4600442953125 0.95946589375 0.25151439375 0.9445254875 0.256540840625 0.9227111562499999 0.267148096875 0.9166322687499999 0.27681901875000003 0.9140747687499999 0.296417084375 0.9006681546875 0.30114539218749997 0.89027284375 0.2967990578125 0.8841376734375 0.29799161406249997 0.8902693015625 0.354102559375 0.8734538671875001 0.3658604546875 0.8754977437499999 0.384564103125 0.8814042421874999 0.4067615875 0.8106104937499999 0.61577653125 0.787540240625 0.7263772562499999 0.799581909375 0.7473821843749999 0.8475797359374999 0.8059667984375001 0.8489974218749999 0.84601543125 0.935797403125 0.8503664875 0.9674583859375 0.5301079015625 1 0.5173414109375 1 0.4600442953125
76 1 0.4682331125 0.99967156875 0.4665434796875 0.9784271453125 0.44732738593750004 0.9327546078125 0.4498382484375 0.8790718703125 0.460273115625 0.8618589171875 0.469985953125 0.8577676234375 0.489882159375 0.8466335578124999 0.4899240765625 0.8418035093749999 0.514208534375 0.818564409375 0.5993741609375001 0.88610401875 0.6520379125 0.9051357187500001 0.627115259375 0.8972416265625001 0.5946924921875001 0.8909938921875 0.5789283171874999 0.9062192515625 0.5589901953124999 0.922183365625 0.5346638203125 0.9445077812499999 0.543058353125 0.9792186421875 0.5087210015625 0.9942153296875 0.5121729203125 1 0.5110484937499999 1 0.4682331125
1939 0 0.5235780703125 0.015377860937500001 0.60269030625 0.2811285609375 0.438550303125 0.1913983484375 0.050627737500000006 0 0.0923149875 0 0.5235780703125
423 0.0751182359375 0.9264055328125 0.1443112875 0.8811208703125001 0.1591954109375 0.8676160562499999 0.0458848625 0.571292428125 0.010720200000000001 0.595106359375 0.0751182359375 0.9264055328125
1939 0.48068571718750003 0 0.1948634515625 0.052076515625 0.289990078125 0.4431947765625 0.7908014624999999 0.3500915578125 0.7255846859374999 0 0.48068571718750003 0