407 0 0.2052864546875 0.275215021875 0.1564147625 0.2584921484375 0.04016378125 0 0.095107984375 0 0.2052864546875
1052 0.254671259375 0.0409759359375 0.1867074109375 0.059415615624999994 0.1662185421875 0.0757512140625 0.1503627171875 0.0950955453125 0.1743400921875 0.1139601046875 0.2073436703125 0.11892553125000001 0.24335598125 0.1192579140625 0.272298784375 0.1051188953125 0.254671259375 0.0409759359375
275 0.44744788281250003 0 0.2584921484375 0.04016378125 0.42928459375 0.8624670859375 0.542009465625 0.9982473921875 1 0.897522440625 1 0.48502393125000004 0.89690498125 0 0.44744788281250003 0
275 0.1779180703125 0.9198902078125 0.430908903125 0.8701088640625001 0.31501061875 0.343638328125 0.07567903125 0.3825292734375 0.1779180703125 0.9198902078125
276 0 0.55255211875 0.084020153125 0.9478358609375 0.1413334890625 0.9356535359375 0.1724728703125 0.913060584375 0.0842803546875 0.4605713640625 0.0406262640625 0.4618632921875 0 0.4704986703125 0 0.55255211875
1939 0 0.5525521171875 0.084020153125 0.9478358609375 0.4317210578125 0.8739297531249999 0.2790359109375 0.1556026078125 0 0.2052604890625 0 0.5525521171875
819 0.5160714796875 1 0.5411973109375 0.9944265031249999 0.43554194687500003 0.873117596875 0.084020153125 0.9478358609375 0.0951079828125 1 0.5160714796875 1
278 0.98735699375 0.4443312890625 0.9499978625000001 0.2685703921875 0.80700065625 0.29097835 0.6656277609375 0.3210280859375 0.704038934375 0.5205264734374999 0.76679746875 0.5151737703125 0.7643610046875 0.503711103125 0.775823671875 0.5012746375 0.7725750515625001 0.48599108125 0.98735699375 0.4443312890625
278 0.7689940484375 0.5067198375 0.7730548234375 0.5258242828124999 0.845079446875 0.5264890484375 0.9916576546875 0.48335233437499997 0.990365728125 0.43969824375 0.776395940625 0.48517892656250006 0.7796445609375 0.5004624828125 0.7689940484375 0.5067198375
278 1 0.582613634375 0.863851509375 0.558440584375 0.738574325 0.589062590625 0.7723524546875 0.7855522421875001 0.9215145171874999 0.8297237078125 0.9329771843750001 0.8272872437500001 0.9490728953125 0.8278595125000001 1 0.8445457812500001 1 0.582613634375
278 0.680448834375 0.5974240265625 0.6747637484375 0.5706778031249999 0.6049357046875 0.5615591046875 0.524697034375 0.5786143609375001 0.543856371875 0.7063280093750001 0.6477400359375001 0.744149625 0.666032325 0.7362679609375 0.7099263015624999 0.7548926328125 0.6842697234374999 0.596611871875 0.680448834375 0.5974240265625
278 0.45810032031250003 0.26530145625 0.46751379843749996 0.3471644375 0.5084915375 0.3144932421875 0.5026590625 0.21190150624999998 0.479733728125 0.21677443749999997 0.4862309671875 0.24734155000000002 0.45810032031250003 0.26530145625
268 0.515321159375 0.30904804375 0.5571110531250001 0.2801977375 0.5262491625 0.135003953125 0.49917055625 0.17670135 0.515321159375 0.30904804375
278 0.10128071718750001 0.40903560937499994 0.119148128125 0.49309517031250005 0.200198953125 0.47986080312499996 0.1910253609375 0.4179144234375 0.15038000625 0.41457330625 0.1487556953125 0.406931528125 0.10128071718750001 0.40903560937499994
278 0.21815886093749998 0.50799145 0.21653455 0.500349671875 0.1515794359375 0.5141563078125 0.149142971875 0.502693640625 0.1223967484375 0.5083787265625 0.127269678125 0.5313040609375 0.11962790000000001 0.5329283703125001 0.13181022656250002 0.5902417062499999 0.2464368984375 0.5658770546875 0.3075711234375 0.552882575 0.299449571875 0.514673684375 0.2375031921875 0.523847275 0.2350667265625 0.5123846078125001 0.21815886093749998 0.50799145
278 0.6668068765624999 0.9277921859375 0.6798938546875 0.9329974984374999 0.691356521875 0.930561034375 0.7205392109375001 0.936338615625 0.7245999859375 0.9554430609375 0.7513462093750001 0.949757975 0.7305625609375 0.8144025484374999 0.722108628125 0.8122059687500001 0.7158512734375 0.8015554578125 0.5388909453124999 0.7393315874999999 0.5735737265624999 0.8837132171875 0.6474625453125 0.9119363609375 0.6438815421874999 0.932665115625 0.65314763125 0.938682584375 0.6668068765624999 0.9277921859375
268 0.5710477890625001 0.101520603125 0.5956523265625 0.236063875 0.63882664375 0.19493874687499999 0.611453259375 0.08494511875 0.5937332375000001 0.076731071875 0.5710477890625001 0.101520603125