1606 0.33222313593749997 0.571091834375 0.310770103125 0.6114678359375 0.8876807093749999 0.6886026953125 0.822945290625 0.644002975 0.33222313593749997 0.571091834375
351 0.06535663124999999 0 0.022262603125 0.30662994062500004 0.0239562578125 0.322646525 0.2643304515625 0.352484275 0.321706884375 0 0.06535663124999999 0
351 0.06535663124999999 0 0.022262603125 0.30662994062500004 0.23114727343750002 0.3359867671875 0.2643304515625 0.352484275 0.3215386078125 0.0015622125 0.3204993578125 0 0.06535663124999999 0
581 0.9538799499999999 0.16143549375 0.31725216875 0.0601293765625 0.298705521875 0.16402806718750002 0.9408324718750001 0.254273125 0.9538799499999999 0.16143549375
2001 0.3061911109375 0.0546302078125 0.264936815625 0.376237328125 0.906520121875 0.4703506203125 0.9588354750000001 0.15424266874999998 0.3061911109375 0.0546302078125
651 0.342134184375 0.5567061859375 0.35367616874999996 0.5307158328125 0.3669118078125 0.5207420640625 0.38842756093749997 0.50798735 0.391145784375 0.4886461765625 0.38449660625000004 0.47982241718749996 0.3596562625 0.4881652515625 0.34309603437499997 0.49372714218749997 0.3270794515625 0.49542079687499996 0.3209739171875 0.482728803125 0.3137810921875 0.47777327812500003 0.3044136875 0.4882906921875 0.2883971046875 0.48998434687500003 0.2767924 0.4883534125 0.2789669796875 0.4728804734375 0.277273325 0.45686389062500005 0.2618003875 0.4546893109375 0.23750368906250002 0.45916391093750003 0.22257439531249998 0.4531210953125 0.203233221875 0.450402871875 0.1933221734375 0.4647885203125 0.1734373546875 0.46593852968749994 0.16346358593750002 0.4527028921875 0.163400865625 0.4250816046875 0.1528834515625 0.41571420000000003 0.1374105125 0.41353962031249997 0.118069340625 0.41082139531250006 0.10096546718749999 0.4202515203125 0.09044805312500001 0.41088411562499993 0.0749751140625 0.4087095359375 0.062826765625 0.4109468359375 0.052372071875 0.42920071875000004 0.052434790625000005 0.45682200625 0.056909390625 0.4811187046875 0.06355857031249999 0.48994246406249997 0.06646495625 0.553465153125 0.26652586718750004 0.5894711578125 0.3007336140625 0.570610909375 0.3233993765625 0.5777410140625 0.342134184375 0.5567061859375
1606 0.7107664859375 0.628237271875 0.70188000625 0.6072651640625 0.6929935281249999 0.5862930562499999 0.668153184375 0.594635890625 0.6410755421875 0.590830375 0.6139979 0.5870248609375001 0.59683130625 0.5688336984375 0.5879448265625 0.547861590625 0.568603653125 0.545143365625 0.5620171953125 0.56394089375 0.54878155625 0.5739146625 0.5100992093750001 0.5684782140625 0.48465250156249995 0.5530679953125001 0.4741350875 0.543700590625 0.4642240390625 0.5580862390625 0.44101463125 0.5548243703125 0.424998046875 0.556518025 0.40843781874999996 0.5620799140625 0.384141121875 0.5665545140625 0.362019003125 0.555556175 0.3371786609375 0.563899009375 0.33554772499999996 0.5755037140625 0.28647340625 0.6159424359375001 0.8876807093749999 0.6886026953125 0.815208821875 0.642915684375 0.7107664859375 0.628237271875
351 1 0.08265143593749999 0.9614909796875001 0.107280209375 0.9136502265625 0.4476848578125 0.9727610359375 0.4481030625 1 0.45193125 1 0.08265143593749999
353 0.926754090625 1 0.9640208328125001 0.7348333499999999 0.9065409578124999 0.7228104421875 0 0.5876916624999999 0 0.926754090625 0.521171728125 1 0.926754090625 1
1608 0.56872909375 0.6003859406250001 0.5565807453125 0.6026232406250001 0.5405641625000001 0.6043168953125 0.54334510625 0.6125970093750001 0.5742909843749999 0.61694616875 0.6091050953125 0.6218389734375 0.62844626875 0.624557196875 0.6184725 0.611321559375 0.5952630921875001 0.6080596890625001 0.59411308125 0.588174871875 0.598462240625 0.55722899375 0.5796647125 0.550642534375 0.5713845984375 0.5534234796875 0.5697536640624999 0.5650281828125 0.5774901328125 0.5661154734375 0.5719909640624999 0.5771765328125 0.56872909375 0.6003859406250001
100 0.7083620734375 0.055926704687499995 0.7276405265625 0.0310236421875 0.5889277234375 0.007584190624999999 0.5879031546875 0.042941946875 0.7083620734375 0.055926704687499995
544 0 0.5797533125000001 0.9617835328125001 0.7226850015624999 0.9699382078125 0.66466148125 0 0.5244493218749999 0 0.5797533125000001
1820 0 0.5322901953125 0.0410182484375 0.5380549343750001 0.046935621875 0.467883065625 0.045241967187499996 0.45186648281249997 0.002147740625 0.4497546234375 0 0.46503659218750004 0 0.5322901953125
651 0.30018996875 0.57447914375 0.2956526484375 0.522561159375 0.272443240625 0.5192992890625 0.0685140953125 0.4827496390625 0.058184842187499995 0.556246096875 0.2703941015625 0.590014803125 0.30018996875 0.57447914375
1392 0.056303026562500004 0.45736565156250003 0.0624085609375 0.47005764531249994 0.07570691874999999 0.4877051640625 0.10332820625000001 0.48764244375 0.122125734375 0.49422890312499995 0.124843959375 0.47488772968750004 0.119825715625 0.45445926718749996 0.1148074703125 0.43403080312500003 0.108158290625 0.42520704374999996 0.1015091109375 0.41638328593749996 0.0899044078125 0.41475235 0.078299703125 0.41312141562500004 0.07056323437499999 0.4120341265625 0.063370409375 0.4070786015625 0.05400300625 0.41759601562500004 0.0546093703125 0.44134906875 0.056303026562500004 0.45736565156250003
1910 0.3320976953125 0.515849259375 0.3288358265625 0.5390586671875 0.3206184328125 0.5694608999999999 0.3432841953125 0.576591003125 0.35258887968749997 0.5384523015625 0.3591753375 0.5196547734375 0.37186733125 0.5135492390625 0.380691090625 0.506900059375 0.3828656703125 0.491427121875 0.38340931562499997 0.4875588875 0.3679363765625 0.4853843078125 0.35191979375 0.4870779625 0.3386841546875 0.49705173125 0.3320976953125 0.515849259375
653 0.22148710624999998 0.460857565625 0.2021459328125 0.458139340625 0.207707821875 0.47469956875 0.1795428890625 0.4786305234375 0.21381335625000003 0.48739156250000004 0.19562219375 0.50455815625 0.21828795625000003 0.5116882609375 0.24699653281249997 0.503889071875 0.2569075828125 0.489503421875 0.26905593125 0.487266121875 0.277273325 0.45686389062500005 0.265668621875 0.45523295625 0.2568448625 0.461882134375 0.22148710624999998 0.460857565625
1643 0.6665849703125 0.63386188125 0.663804025 0.6255817671874999 0.6654349609375 0.6139770640625 0.6267526140624999 0.6085406140625 0.6201661546875 0.6273381421875001 0.6665849703125 0.63386188125
1950 0.9901157890625001 0.5491580875000001 0.9746428515625001 0.5469835078124999 0.9642508781249999 0.592858678125 0.979723815625 0.5950332578124999 0.9901157890625001 0.5491580875000001
1643 0.3576071234375 0.558880765625 0.3487833640625 0.5655299453125 0.3455214953125 0.588739353125 0.3444342046875 0.596475821875 0.3748364375 0.604693215625 0.37586100624999996 0.569335459375 0.37029911718749997 0.5527752312499999 0.3576071234375 0.558880765625
594 0.33372863124999996 0.50424455625 0.34194602500000004 0.47384232343750005 0.3418833046875 0.44622103593749995 0.33027860000000003 0.4445901015625 0.19102215312499998 0.425018884375 0.1750055703125 0.4267125390625 0.16068264062499998 0.44442277656250007 0.1579644171875 0.46376395 0.1607453609375 0.4720440640625 0.3210366359375 0.510350090625 0.33372863124999996 0.50424455625
2001 0.8131807296875 0.2363328421875 0.7843675484375 0.441349278125 0.8926781187499999 0.4565713359375 0.9159921296875 0.26261595937500004 0.8131807296875 0.2363328421875