407 0.48253961875 0 0.215111825 0.0187003734375 0.62890186875 0.53709863125 0.6546570734375 0.5613611406250001 0.7564086062500001 0.5542459796875 0.767402784375 0.53944300625 0.9910689515625 0.35481968125 0.9662575421874999 0 0.48253961875 0
1939 0 0.44889002031249997 0.017903909375 0.71615586875 0.1825229515625 0.690610396875 0.1766634078125 0.6068150171875 0.21614742968749998 0.5980393734375 0.2030468859375 0.49670637968750003 0.191788284375 0.30702969687500004 0.1937697390625 0.2206811359375 0.20141560625000002 0.1579950875 0.23333765624999997 0.1557628796875 0.2532889375 0.1543677515625 0.6180472031249999 0.5538967328125 0.614894025 0.566146528125 0.6222325921875 0.6137505765625 0.6302131046875 0.613192525 0.6313292078125 0.6291535484375 0.66311174375 0.6249262140625 0.6585078171875 0.5590869859375001 0.2191280484375 0.018419531250000003 0 0.0337424578125 0 0.44889002031249997
527 1 0.4825396203125 0.9923644296875 0.3733458703125 0.9892531984374999 0.357524359375 0.76025935 0.5519718265625 0.7714486609375 0.5973017203125 0.753911046875 0.604542721875 0.749320790625 0.6249125421875 0.6333243359375 0.6290140359375 0.6303526171875 0.615187653125 0.6202374640625 0.6138900890625 0.61916330625 0.5698577578124999 0.622037459375 0.5536177078125 0.255284065625 0.1542282375 0.20141560625000002 0.1579950875 0.1927512015625 0.23478654531249998 0.1935180578125 0.38910897499999997 0.2053210390625 0.500557121875 0.21401278906250001 0.5961837578125 0.1749473046875 0.6109447859375 0.1862898 0.74447885625 1 0.6717565609375 1 0.4825396203125
1939 0.6644932015625 0.5586684484375 0.661116615625 0.6250657265624999 0.75502715 0.620503746875 0.7536320203125 0.6005524656250001 0.771169634375 0.5933114640625 0.7645286328124999 0.55568305625 0.7427217359375 0.5592128265625 0.6644932015625 0.5586684484375
1603 0.6291116015625 0.39674209843749997 0.631483321875 0.4306592765625 0.8927055906250001 0.41038795156249996 0.8883387421875 0.37661028750000003 0.6291116015625 0.39674209843749997
1603 0.9754550890625 0.24621572343749998 0.968395546875 0.20260193124999998 0.9245027296874999 0.20567121562500001 0.9295671421874999 0.24942452187500003 0.9754550890625 0.24621572343749998
819 1 0.6678535812499999 0.1861502875 0.7424837281250001 0.1823834375 0.68861526875 0.0176248828125 0.7121656125 0.037752225 1 0.4431106359375 1 1 0.962184325 1 0.6678535812499999
1050 0.4498437015625 0.2127991203125 0.45541054687500004 0.20639519687500002 0.38946008125 0.0947236421875 0.38032151718749996 0.107391975 0.37275954375000003 0.1139354109375 0.35637998125000003 0.10906613125 0.434580240625 0.2238908640625 0.45295493281250004 0.22862063125 0.4498437015625 0.2127991203125
1050 0.4465373375 0.1368447390625 0.545875203125 0.1238837078125 0.4462583109375 0.1328544828125 0.4465373375 0.1368447390625
1050 0.47354815937500006 0.1790634015625 0.473827184375 0.1830536578125 0.55975720625 0.1790497296875 0.5591991546874999 0.17106921718749998 0.47354815937500006 0.1790634015625
1050 0.63735746875 0.31396525625 0.6379155203125 0.32194576874999997 0.703754746875 0.31734184062500004 0.7030571828125 0.30736620000000003 0.63735746875 0.31396525625
1050 0.7630505390625 0.305175940625 0.7634690765625 0.311161325 0.8273131765624999 0.3066969109375 0.826755125 0.2987163984375 0.7630505390625 0.305175940625
1050 0.7764027640625 0.238081096875 0.7769608156250001 0.24606160937500002 0.8507805562499999 0.24089962968749998 0.854212759375 0.23264009218749998 0.7764027640625 0.238081096875
1050 0.7957403734375 0.1705677140625 0.7960194 0.1745579703125 0.8860791906250001 0.17227014375 0.8892323687499999 0.1600203484375 0.7957403734375 0.1705677140625