1317 0.3083670875 0.3796200875 0.28432345625 0.3613291984375 0.2706165640625 0.364851646875 0.2604549296875 0.36383788125 0.2689265515625 0.3296387140625 0.2718225640625 0.31892534375000003 0.2864777328125 0.2861580578125 0.2792121109375 0.2744309203125 0.2690917859375 0.25467663125 0.24747002812500002 0.2402947890625 0.228228834375 0.2485625125 0.214305528125 0.2500259109375 0.1959299953125 0.26652984218750003 0.18546932968750002 0.3009380640625 0.1916115671875 0.321110465625 0.2112442828125 0.33570136562499997 0.210986559375 0.35238283593749997 0.21583030625 0.360200928125 0.174926046875 0.3728273296875 0.15789031250000002 0.3829450484375 0.1478624765625 0.42147137343749996 0.1479549671875 0.4797519890625 0.146790275 0.5069377703125 0.1363709171875 0.522605475 0.1543746734375 0.67476623125 0.1888376640625 0.6773894171875 0.2153857859375 0.6621083125 0.22139422656250002 0.6427406203125 0.22485686718750003 0.6756854453125001 0.23290553125 0.7331298312500001 0.2312667015625 0.7749380343750001 0.23585272499999999 0.7994375953125 0.2406551640625 0.8259962078124999 0.25829883593749997 0.840796165625 0.280611146875 0.842614640625 0.29124691875000003 0.829005990625 0.2751594625 0.8098788734375001 0.26858439375 0.78558836875 0.2588968984375 0.769952184375 0.257598409375 0.757597875 0.26983170312500004 0.7209215437500001 0.275273515625 0.65789565625 0.274191440625 0.6476003984375 0.2981937640625 0.6846318078125 0.310952378125 0.71035419375 0.31973290468750004 0.7364946921875 0.317702553125 0.7554442703124999 0.3180940734375 0.7783028937500001 0.3516500953125 0.7914303953124999 0.3936364296875 0.7890992515625 0.4186283390625 0.77814530625 0.41754626406249995 0.7678500484375 0.398779209375 0.7614953546875001 0.3738699171875 0.7349682578125 0.3496098703125 0.7146183171875 0.33948954374999996 0.6948640296875 0.31989813906250003 0.6615326109375 0.31838323281249997 0.6471192484375 0.32395884375 0.6236334546875 0.336583659375 0.6098157453125 0.33420309375 0.5871661796875001 0.3300912078125 0.5480442 0.29921478437500004 0.5221442749999999 0.2964013890625 0.4953766046875 0.29467006875 0.47890419375000004 0.30007057187499997 0.4346188265625 0.3137774640625 0.431096375 0.351136465625 0.4230061921875 0.3242381296875 0.396688153125 0.3083670875 0.3796200875
1547 0.58136984375 0.6236418375 0.5827509515625 0.59851510625 0.5750525 0.5826698640625 0.5430015109374999 0.4881940671875 0.518483740625 0.484525596875 0.4984181953125 0.4658165921875 0.52013244375 0.5384790484375 0.509671778125 0.572887271875 0.3366249671875 0.591075225 0.33238915625 0.608174809375 0.3135394859375 0.63930115625 0.326514515625 0.66708259375 0.44698052656250004 0.6460939156250001 0.4431362359375 0.686052121875 0.46385102656250005 0.7109382796875 0.488368796875 0.71460675 0.4919140546875 0.710070534375 0.501817965625 0.7277657703125 0.53204514375 0.747488540625 0.5616230765625 0.7610341546875 0.5715682953125001 0.7599888703125 0.5852751875 0.7564664203125 0.5760519578125 0.6304461625 0.58136984375 0.6236418375
1548 0.1936617578125 1 0.18886728125000002 0.9646743843750001 0.20434680156249999 0.9588838265625 0.20226526875 0.90081226875 0.1891151328125 0.852231259375 0.1800768828125 0.8427722296875 0.174367475 0.8267179312499999 0.1604342953125 0.7324196734374999 0.173491940625 0.7227200687499999 0.1565801328125 0.6766162265625 0.1506130015625 0.677243396875 0.135721671875 0.5164283203125 0.143286325 0.4927334671875 0.13259937187499998 0.429320984375 0.12265415312500001 0.43036626875 0.116511915625 0.41019386718749995 0.06899127968749999 0.41727028437499997 0.0637147015625 0.4053340890625 0 0.41013136718750004 0 0.468803259375 0.055127209375 0.9933036156249999 0.11103685 0.9895090734374999 0.11213949062499999 1 0.1936617578125 1
2001 0 0.4740121609375 0.017038162500000002 0.6309105453125 0.51144440625 0.5706191640625 0.4422014671875 0.0074843265625 0 0.050186784375 0 0.4740121609375
676 0.6300471171875001 0.0918308375 0.683285215625 0.598357515625 0.8087700812499999 0.605986503125 0.8143043828125001 0.6012412296874999 0.7503380203125001 0.050042585937499995 0.7417326 0.044701659375 0.6300471171875001 0.0918308375
676 1 0.49292965781250003 0.9557761593749999 0.07216791875 0.8065978749999999 0.0878471890625 0.8603101125 0.5797514500000001 1 0.5650694515625 1 0.49292965781250003
880 0.704258028125 0 0.708784515625 0.0564918328125 0.7435052296875 0.04243355 0.749905190625 0.0459244828125 0.754491215625 0.07042404375 0.929310653125 0.049967984375 0.9230182125 0 0.704258028125 0
177 0.7243349640625001 0.3192457203125 0.713482775 0.3307953203125 0.7084226124999999 0.32091817499999997 0.6953649671875 0.3306177796875 0.7209944312500001 0.6318664765625 0.6845010890625 0.6481928671875 0.6851503343750001 0.6543700218749999 0.7114407328125 0.655770384375 0.745254478125 0.6522164171875 0.75740515625 0.6530211265625 0.7550245906249999 0.6303715609375 0.740668453125 0.6277168546875 0.7154305109375 0.349326784375 0.7242936546875 0.337986240625 0.76523740625 0.7084064625 0.7453469671875 0.71049703125 0.71218246875 0.720228153125 0.7136973734375001 0.7346415140625 0.744398690625 0.739741865625 0.8029466203125001 0.741915421875 0.8418618359375 0.7294980765625 0.8573413562500001 0.7237075187500001 0.8540538218749999 0.711562265625 0.822919675 0.7023438109375 0.8030292375 0.70443438125 0.791094975 0.705688721875 0.7498423187500001 0.2749288359375 0.722212121875 0.279914684375 0.7243349640625001 0.3192457203125
407 0.8061650453125001 0.083729084375 0.75842799375 0.0887464515625 0.7681666703125 0.181403771875 0.790953121875 0.1685998296875 0.8088958234374999 0.14797779687499998 0.8061650453125001 0.083729084375
1939 0.8108848671875 0.147768740625 0.7703721296875 0.183253765625 0.8117074015625001 0.576532609375 0.8541265671874999 0.5783195703125 0.8108848671875 0.147768740625
1939 0.5083173953125 0 0.4441905109375 0.0072752703125 0.5256766171875 0.62949543125 0.7082358156249999 0.606144090625 0.68350163125 0.6004165671874999 0.6300471171875001 0.0918308375 0.7481325625 0.048192590625 0.754666321875 0.0912236171875 0.9562089890625 0.076286021875 0.9481910046875001 0 0.5083173953125 0
819 1 0.5691225125 0.858537484375 0.5820195578125 0.809285528125 0.5726235640625 0.8143043828125001 0.6012412296874999 0.8109755406250001 0.607836496875 0.704257728125 0.6065622046875 0.5197094859375 0.630122603125 0.5136498656249999 0.5724691578125001 0.0154819484375 0.6352377046875 0.053820010937499996 1 0.48658991250000005 1 1 0.946038425 1 0.5691225125