1317 0.3126850234375 0.37300552656249997 0.28929438125 0.3538866703125 0.2754729078125 0.35692860937500004 0.26535284375 0.355560825 0.2750128390625 0.32167814687499996 0.278280978125 0.31107237187500003 0.29407078124999997 0.2788365046875 0.28721885625 0.26686294374999997 0.2777941109375 0.2467674953125 0.25668744375 0.23163982500000002 0.23716943281249997 0.2392310046875 0.22320353593750003 0.24020759531250002 0.20426321875000003 0.256060175 0.1926080953125 0.290082365625 0.198042584375 0.3104568390625 0.21715412343749999 0.325724021875 0.21631438281249998 0.3423863359375 0.22088233281249997 0.3503687109375 0.17956233593749998 0.3615598828125 0.1621838765625 0.3710768984375 0.1508176 0.40922978906249996 0.14887606874999998 0.46747812812499995 0.146763315625 0.494606703125 0.1358035109375 0.50990123125 0.148485965625 0.66259761875 0.1828364140625 0.6664219484375 0.20990166718749997 0.6520766671875 0.21658236875 0.632930465625 0.2188931421875 0.665976065625 0.22493212499999998 0.7236663515624999 0.22183520781250002 0.7653918921875 0.225563415625 0.7900365781249999 0.229436046875 0.8167466156250001 0.24655245781250001 0.8321533125 0.2687877140625 0.83474936875 0.2798919421875 0.8215201921874999 0.2644818125 0.8018432828125001 0.2587584765625 0.7773381078125 0.24962257656250003 0.7613733609375 0.24875603750000003 0.748981259375 0.262261865625 0.71275420625 0.2698999328125 0.6499566296875 0.2691778171875 0.6396298796875 0.291873140625 0.6774763984375001 0.30372628437500004 0.703628384375 0.3115891734375 0.7300593953125001 0.3088987265625 0.748926571875 0.3084922546875 0.7717849343750001 0.3415696921875 0.7860755265625 0.3836118046875 0.78521110625 0.40897077656249997 0.7751360375 0.40824866093749995 0.7648092875 0.3897148140625 0.757803503125 0.365746478125 0.7304232453124999 0.3422114125 0.7092390390625 0.3327866671875 0.6891435890625 0.31437044531249997 0.6551487453125 0.31335948125 0.64069129375 0.3197513375 0.6174143921875 0.33285069375 0.6040457015625 0.3312620375 0.5813268515625001 0.32851799375 0.5420852015625 0.29856427343749997 0.5151234828125 0.2966867703125 0.4882739328125 0.2955313828125 0.47175113281250003 0.30247413437500004 0.42768121875 0.3162956078125 0.4246392765625 0.35391419375 0.41785783125 0.3279507296875 0.3906170859375 0.3126850234375 0.37300552656249997
1547 0.5770052375 0.6264062859374999 0.5792624140625 0.601343059375 0.5721216421875 0.5852387984375 0.5433873359375 0.48970199062499997 0.5190125296875 0.485180096875 0.49961214375 0.4657822125 0.5187772796875 0.5391582203125 0.50712215625 0.5731804109375 0.3335460125 0.5853180375 0.3287160140625 0.6022593781250001 0.3087915328125 0.63270891875 0.3207891 0.6609262546875 0.44191422031250005 0.644154565625 0.43667775156250005 0.6839542671875 0.4565114078125 0.7095482 0.4808862140625 0.7140700953125 0.48458762499999997 0.70966036875 0.493867946875 0.7276904671875 0.5233883968749999 0.7484561359375 0.5524755765625 0.7630257546875 0.5624512171875 0.762328190625 0.576272690625 0.7592862484375 0.5714531234375 0.6330208734375 0.5770052375 0.6264062859374999
1548 0.1775017703125 1 0.1728399125 0.9535329421875 0.1885120921875 0.9482861390625 0.18845849374999998 0.8901773125 0.177011821875 0.8411669640625 0.1683091921875 0.831398265625 0.16316355 0.8151544921875 0.15252981875 0.72042741875 0.1659180234375 0.711189428125 0.1506255171875 0.66452345625 0.14464013281250002 0.6649419953125 0.135370240625 0.5037051828125 0.14375722500000002 0.4802887671875 0.1352898453125 0.41654194375 0.1253142046875 0.41723950781249997 0.1198797140625 0.39686503281249996 0.07214106406250001 0.40227869375 0.0672842671875 0.39016561875 0 0.39287492031250004 0 0.43144685312500003 0.038182165625 0.977477271875 0.0941901765625 0.9756362609375 0.0958938546875 1 0.1775017703125 1
2001 0 0.4400708921875 0.0127636578125 0.6139756734375 0.5089728609375 0.57097555 0.45942522500000005 0.0057672140625 0 0.0339942625 0 0.4400708921875
676 0.64421279375 0.0966180625 0.6797409359375 0.6046941609375 0.8048831109375 0.616697859375 0.8105796484375001 0.6121486203125001 0.765888809375 0.059053359375 0.7574750265625 0.0534153609375 0.64421279375 0.0966180625
676 1 0.5112107906250001 0.9704296375 0.0883349015625 0.8207950296875 0.098798371875 0.8573073359375 0.5922775078125 1 0.582299465625 1 0.5112107906250001
880 0.7212482687499999 0 0.7241355421875 0.06404848125 0.7593257312499999 0.051210498437499995 0.7655999625 0.0549226578125 0.7693281703125 0.07956734531250001 0.9447550203124999 0.06522485624999999 0.9388449812499999 0 0.7212482687499999 0
177 0.7305065374999999 0.3271850078125 0.7192578859375 0.3383488359375 0.7145455125 0.3283011109375 0.701157309375 0.3375391015625 0.7162577328124999 0.639498740625 0.6792168390625 0.6545415875 0.679650109375 0.6607376375 0.705875621875 0.66305466875 0.7397927984375 0.6606829484375 0.751907990625 0.6619112203124999 0.750319334375 0.639192371875 0.7360645906250001 0.6360382609374999 0.720557696875 0.3569369859375 0.7298112203125 0.34591267187499997 0.75780255 0.717536159375 0.73785126875 0.7189312890624999 0.7043673609375001 0.7274990578125 0.7053783234375001 0.7419565078125 0.7358829390625 0.7481252125 0.7943193468749999 0.7523407375 0.8336442156249999 0.741289078125 0.84931639375 0.7360422765625 0.8464547265625001 0.7237896875 0.8156612640625 0.7134902828125 0.7957099828125 0.7148854124999999 0.7837392140625 0.7157224906249999 0.7575449921875 0.2837853140625 0.7297576218749999 0.2878038453125 0.7305065374999999 0.3271850078125
407 0.8205061828125 0.094667671875 0.772623109375 0.0980159828125 0.779122159375 0.1909567328125 0.8023415796875 0.178955828125 0.82099305 0.1589725484375 0.8205061828125 0.094667671875
1939 0.822988178125 0.1588330359375 0.7812617109375 0.19288256875 0.8088465687499999 0.58736441875 0.8511775281249999 0.5906306984375 0.822988178125 0.1588330359375
1939 0.533366978125 0 0.461420353125 0.0056277015625 0.5211416515625 0.6303126484375 0.7044045890625 0.61334675625 0.6798853593749999 0.6067595109374999 0.64421279375 0.0966180625 0.7637492578125 0.057127521875 0.7687772749999999 0.1003603578125 0.970718484375 0.09246560000000001 0.964252659375 0 0.533366978125 0
819 1 0.586377815625 0.85545663125 0.5944823718750001 0.8065625937500001 0.5833732328125001 0.8105796484375001 0.6121486203125001 0.8070226625 0.6186236968750001 0.7004143328125 0.61362578125 0.5151562671875001 0.6307311859375 0.5111124125 0.5729013859375 0.0110573765625 0.6182458859375 0.037752225 1 0.4580997671875 1 1 0.96210664375 1 0.586377815625