407 0.6453669609375 0 0.99140156875 0.33045383125 0.985633475 0 0.6453669609375 0
1939 0.556888603125 0 0.5553635406249999 0.5612748640625 0.8612559734375 0.568812990625 0.8647119046875 0.6030926609375 0.9391361125 0.61037858125 0.9389114031249999 0.5975050046875 0.99604555625 0.5965077234375 0.99140156875 0.33045383125 0.6482530328125 0 0.556888603125 0
1939 0.49563655312500005 0 0 0.008651368750000001 0 0.50436341875 0.0025751546875 0.6518939140625 0.27014218749999996 0.59200841875 0.5525817359375 0.5656159203125 0.5569697671875 0 0.49563655312500005 0
2001 0.552912525 0.093435228125 0.44315918437499996 0.0266709921875 0.445481178125 0.1596979375 0.5520782 0.20934727187500002 0.552912525 0.093435228125
2003 0.39985915 0.0016718015624999998 0.122758503125 0.006508610937500001 0.399249534375 0.13045741875 0.39985915 0.0016718015624999998
1062 0.5474883296875 0.27381487656250003 0.44682943281250004 0.236939390625 0.4555285765625 0.5716024890625 0.5582951515625 0.5655161921875 0.5474883296875 0.27381487656250003
1062 0 0.34065292187499996 0.004618178125 0.6052281546875 0.2641291609375 0.574943378125 0.26480328750000004 0.6135641046875 0.41839137812500005 0.5722507203125 0.4065359125 0.2204727203125 0 0.079010446875 0 0.34065292187499996
1378 0.07406760625 0.818640875 0.09692126875 0.8182419624999999 0.11962512343750001 0.8092606671875 0.12451460624999999 0.761957828125 0.12421499375 0.7447930609375 0.12669718593749998 0.7232872375 0.1351175046875 0.7145552609375 0.1318862796875 0.6931491671875001 0.1262477671875 0.6975400875 0.089335278125 0.71106189375 0.06362490781249999 0.7115106703125 0.0436279546875 0.71185971875 0.03505783125 0.7120093109375001 0.035282540625 0.7248828859375 0.0473085953125 0.7590129640625001 0.056403040625 0.788901715625 0.0568524578125 0.8146488671875 0.07406760625 0.818640875
581 0 0.1866626546875 0.0088543171875 0.19307428437500002 0.028776368749999996 0.18843404375 0.0568940265625 0.16218825312500001 0.0706532453125 0.1319005890625 0.08553600781250001 0.1659808046875 0.103275478125 0.2000111546875 0.12079024062499999 0.2211679296875 0.14078719374999998 0.2208188828125 0.1574780203125 0.194772546875 0.1656736296875 0.17316699687499998 0.17995716875 0.17291767656249998 0.1919083203125 0.2027565625 0.22400623125000002 0.24082878437500002 0.24114647812499998 0.24052959999999998 0.252273696875 0.2231653765625 0.2661078171875 0.19716890625 0.268964525 0.1971190421875 0.28099057968749996 0.2312491203125 0.2957235359375 0.2567469515625 0.3130135890625 0.2650301515625 0.327147321875 0.256198446875 0.3353429296875 0.2345928953125 0.3436883421875 0.22156972812500003 0.35556459218750003 0.24711742343749998 0.3817992828125 0.2767069890625 0.395933015625 0.2678752859375 0.40698533125 0.246219871875 0.4065359125 0.2204727203125 0.3839818625 0.23803639843750002 0.3608285890625 0.22127054375 0.3518090484375 0.195672984375 0.337525509375 0.1959223046875 0.32647319375 0.2175777203125 0.300687921875 0.21373530624999998 0.28602986874999997 0.19252866562499998 0.2828735484375 0.1754137640625 0.25987008125 0.167230290625 0.2515995703125 0.1845446515625 0.2230324921875 0.185043290625 0.2027359265625 0.1682275703125 0.190859678125 0.1426798765625 0.16793111249999998 0.1387875984375 0.1652991140625 0.1517110359375 0.13116842812500001 0.1608917875 0.1080900578125 0.14841712499999998 0.09050039374999999 0.1229691578125 0.0844124625 0.101612928125 0.058627190625000006 0.0977705109375 0.0474999703125 0.11513473437499999 0.0190827 0.12421575781250001 0 0.11390089375000001 0 0.1866626546875
1378 0.628044190625 0.7960936796875 0.6300020640625 0.7445495125 0.6210574249999999 0.723243146875 0.592640153125 0.7323241703125001 0.566779978125 0.7241905625 0.5673792015625 0.7585200984375 0.5651217187500001 0.7928994953124999 0.571434359375 0.8271293015625 0.6030079500000001 0.8351631828125001 0.6257118046875 0.8261818859375 0.628044190625 0.7960936796875
1373 0.059505240625 0.47549512031249996 0.048452925 0.49715053437499995 0.031762098437500004 0.5231968703125001 0.0204850734375 0.5319787093749999 0.0028205046875000002 0.5022395515625 0.0049926921875 0.626684115625 0.0195758453125 0.6435995609375 0.005517014062500001 0.65672245625 0.01438675 0.6737376328125 0.008972946875 0.6910021265624999 0.014985975000000002 0.7080671671875 0.023705903125 0.7164999578125 0.029718931250000004 0.7335649984375 0.035132734375 0.7163005015625 0.0493413703125 0.711759990625 0.066481615625 0.7114608062500001 0.08647856875 0.7111117578124999 0.1064755234375 0.7107627109375 0.1261728640625 0.6932488953125 0.131511765625 0.6716932078125 0.148876721875 0.6842675984375 0.145495690625 0.65427911875 0.154065815625 0.654129528125 0.1506847859375 0.62414105 0.159254909375 0.6239914578125 0.1676752265625 0.6152594812500001 0.1473037578125 0.5941525703125 0.133170025 0.6029842750000001 0.1243751921875 0.5902602906250001 0.1241504828125 0.577386715625 0.1324958984375 0.5643635484375 0.13445376874999998 0.5128193828125001 0.12573384062499998 0.5043865890625 0.128066225 0.47429838437500005 0.1169390078125 0.49166260624999997 0.1113004953125 0.4960535265625 0.10288017812500001 0.5047855015625 0.091603153125 0.5135673421875 0.0684498796875 0.49680148749999997 0.0766454875 0.47519593593750004 0.059505240625 0.47549512031249996
1382 0.16242162031250001 0.47799120781250004 0.13979266875000002 0.4912636953125 0.14317369687499998 0.5212521734375 0.1321962859375 0.54719878125 0.149711046875 0.5683555546875 0.1500106578125 0.5855203234374999 0.16444400312500002 0.5938533875 0.170382128125 0.606627234375 0.184366053125 0.5892131468749999 0.195792884375 0.5890136906250001 0.20699500781250002 0.5759406578124999 0.2212785453125 0.5756913375 0.2382689859375 0.5668097703125 0.252327815625 0.5536868765625 0.246239884375 0.53233064375 0.2487220765625 0.510824821875 0.2344385375 0.5110741421875 0.23684582812500002 0.4852771265625 0.21421687500000003 0.4985496140625 0.208054040625 0.47290219218749996 0.193770503125 0.4731515125 0.1767800640625 0.4820330796875 0.16242162031250001 0.47799120781250004
1382 0.5206232375 0.6992412359375 0.5349067765625 0.698991915625 0.54099470625 0.7203481453125 0.5497895390624999 0.7330721296875 0.550613471875 0.780275240625 0.5648970109375 0.7800259203125 0.567229396875 0.7499377125 0.5724933937500001 0.724090834375 0.5897834468750001 0.732374034375 0.6096305937500001 0.723442603125 0.6240639390625 0.7317756656250001 0.6384223796875 0.7358175375 0.6440608921875 0.7314266171875 0.667513778125 0.765357240625 0.655113209375 0.7097712015625001 0.67232835625 0.7137632093749999 0.6869115078125 0.7306786578125 0.6836802859375 0.7092725625 0.6715044234375 0.6665601 0.6735371984375 0.6193071265625 0.6676739765625 0.6108244703125 0.6588791453125 0.5981004859375 0.6615111437500001 0.5851770468749999 0.6415890921875 0.5898172875000001 0.6382829671875 0.5641200000000001 0.62941323125 0.547104825 0.6262569124999999 0.529989921875 0.6177616921875 0.5344307046875 0.6062599578125 0.53033896875 0.586562615625 0.5478527859375 0.57235398125 0.5523932968749999 0.554914121875 0.5355277140625 0.5406305828125 0.5357770328125 0.5295033640625 0.5531412578125 0.5211579515625 0.566164425 0.5128874406249999 0.583478784375 0.513187053125 0.6006435515625 0.49634641718749994 0.618107503125 0.5054408609375 0.647996253125 0.5143855015625001 0.6693026203125 0.50889679375 0.6822759234375 0.5206232375 0.6992412359375
1382 0.9153087109375001 0.5549919984375 0.9173414859375001 0.507739025 0.9227552875 0.49047452812500003 0.951172559375 0.4813935046875 0.9395959218750001 0.47301057812499997 0.9193742593750001 0.4604860515625 0.9334330890625001 0.4473631546875 0.9333581859375 0.4430719625 0.9647819703125 0.442523459375 0.9500490140625001 0.41702562812500005 0.9672641625 0.42101763593749997 0.952606109375 0.399810996875 0.9410294718750001 0.39142807031250004 0.9697463562499999 0.3995118125 0.9466679843750001 0.38703715 0.96959655 0.3909294296875 0.949000371875 0.3569489421875 0.957495590625 0.352508159375 0.9399808296875 0.3313513828125 0.9572708828125001 0.3396345828125 0.9568214640624999 0.3138874328125 0.9339678031249999 0.3142863453125 0.9139708484375 0.31463539375 0.905026209375 0.293329025 0.887286740625 0.25929867500000003 0.8881855765625 0.310792978125 0.8622504984375 0.29836817656250003 0.8595435953124999 0.307000425 0.87405184375 0.31962468125 0.8513479875 0.3286059765625 0.8374389640625 0.35031125625000004 0.8547290171874999 0.3585944546875 0.8434519921874999 0.3673762953125 0.8608169468750001 0.37995068593750003 0.8553282421875 0.392923990625 0.866904878125 0.4013069171875 0.8838953187499999 0.39242535 0.8872014437500001 0.4181226359375 0.8762989359375 0.44836043437499995 0.8848690578125 0.4482108421875 0.8795301578125001 0.46976653125 0.8829860890625 0.5040462015625 0.8913315031250001 0.49102303281250004 0.9032077515625 0.5165707281249999 0.9016243968750001 0.589570853125 0.9104941312499999 0.6065860296875 0.9190642546875001 0.6064364375 0.9153087109375001 0.5549919984375
125 0.7390812765625 0.7726930234375 0.7619349390625 0.7722941109375 0.773736284375 0.7935506140624999 0.7828307296875 0.8234393640625 0.78335505 0.8534777078125 0.7891433671875 0.8576691703125 0.7914757546875 0.8275809640625 0.7876453078125001 0.771845334375 0.7841893765625 0.7375656640625 0.7861472468749999 0.6860214984375 0.7824666062500001 0.6388682515624999 0.7394661859375 0.631033828125 0.70789259375 0.62299995 0.6874462218749999 0.5976018468750001 0.670231071875 0.5936098390625 0.6649670750000001 0.61945671875 0.6625597859375 0.6452537328125 0.6719538421875 0.6923072515625 0.67525996875 0.7180045374999999 0.6816475109375 0.7565255375 0.6763086109375 0.7780812234375001 0.66254939375 0.8083688859375 0.6742758359375001 0.825334196875 0.69059215 0.777831903125 0.7075076859375 0.76465914375 0.7390812765625 0.7726930234375
1761 0.7475119875 0.6008458937500001 0.7048111765625 0.6101762390625 0.7824666062500001 0.6388682515624999 0.7896031796874999 0.7203011703125 0.7871209859375 0.7418069921875 0.80659361875 0.7114195999999999 0.8178706437500001 0.7026377609375001 0.8242581875000001 0.741158759375 0.8177208374999999 0.6940553781250001 0.8171965171875 0.664017034375 0.8221609015625001 0.6210053890625 0.7475119875 0.6008458937500001
819 0.013237596874999999 1 0.6114927765625 0.9938375515625 0.5677537171875 0.77997605625 0.07031206250000001 0.7671964375 0.0053973890625 0.8135796234375 0.007042134375 0.9078070437499999 0.01150839375 1 0.013237596874999999 1
1382 0.7574407578125 0.5148226015625 0.7457143140625 0.497857290625 0.72594206875 0.5110799140625 0.705945115625 0.5114289624999999 0.7027887953125 0.4943140578125 0.6857234515624999 0.4989044359375 0.66828359375 0.4820388515625 0.6568567640625 0.4822383078125 0.6705410781250001 0.447659453125 0.6700916593749999 0.4219123015625 0.6610721171875 0.39631474375 0.677238625 0.3402300640625 0.6996428671875 0.314084003125 0.7021250609374999 0.2925781796875 0.7218973046875 0.27935555624999997 0.710395571875 0.2752638203125 0.6848350078125 0.2842949796875 0.6683688890624999 0.323214890625 0.6573914765625 0.3491614984375 0.6434824531250001 0.3708667765625 0.6400265203125 0.3365871046875 0.6397269078125001 0.3194223390625 0.622811371875 0.3325950984375 0.6167983453125 0.315530059375 0.6172477625 0.341277209375 0.5943191984375 0.3373849296875 0.5741724390625 0.3291515953125 0.5944690046875001 0.3459673125 0.5946937140624999 0.3588408890625 0.5836413984375 0.380496303125 0.6065699625 0.3843885828125 0.5952929375 0.3931704234375 0.6096513796874999 0.3972122953125 0.589729328125 0.40185253593750003 0.58446533125 0.42769941562499997 0.593035453125 0.42754982343750003 0.6098760890625 0.4100858703125 0.6043873828125 0.42305917343750005 0.6275406546875 0.43982502968750004 0.6018302859375 0.44027380625 0.6276904609375 0.44840741250000005 0.6312962 0.49126946718750003 0.61408105 0.487277459375 0.603028734375 0.508932875 0.5945335140625 0.513373659375 0.6006214453125 0.5347298890625 0.629338328125 0.5428136343750001 0.6323448421875 0.551346153125 0.715039559375 0.5413177124999999 0.740749928125 0.5408689375 0.7607468828124999 0.5405198890625 0.76337888125 0.5275964484375 0.7574407578125 0.5148226015625
423 0.2645681859375 0.7638056843750001 0.273138309375 0.7636560921875 0.2720896671875 0.70357940625 0.26277051406249996 0.6608170796875 0.23720995 0.6698482390625 0.21736280312499998 0.6787796703125 0.20789384375000003 0.6274349609375001 0.19601759375 0.6018872656250001 0.2029294578125 0.6704466078125 0.20638538906249998 0.704726278125 0.1986392 0.7520789796875 0.2072093234375 0.7519293874999999 0.21510532031250001 0.71315906875 0.255024325 0.70816978125 0.2645681859375 0.7638056843750001
819 0.8675686125000001 0.603042796875 0.8584741687499999 0.5731540468749999 0.5525817359375 0.5656159203125 0.37854727499999996 0.5815312015625 0.255933553125 0.5965489296875 0.25758141874999996 0.69095515 0.192626171875 0.735013940625 0.1674401234375 0.7655010609375 0.5705355234375 0.7756350000000001 0.6142745828125 0.9894964953125 0.9999301218750001 0.9827648531250001 0.99604555625 0.5965077234375 0.9418430125 0.60174633125 0.94199281875 0.6103287171875 0.8675686125000001 0.603042796875
1939 0.1646583203125 0.769842115625 0.2547247125 0.6910050140624999 0.255933553125 0.5965489296875 0.0025754171875 0.6519089703125001 0.0034467890624999995 0.701829834375 0.00716488125 0.7511286765625 0.0049073984375 0.7855080765625 0.005470668749999999 0.8177778390625001 0.07316877031249999 0.7671465734375 0.1646583203125 0.769842115625
511 0.8498291421875 0.569012446875 0.8432376749999999 0.19138756562499998 0.8229411093750001 0.174571846875 0.7385985265625 0.0901940671875 0.7402463921875 0.1846002875 0.749844371875 0.5707576875 0.8384023125000001 0.569211903125 0.8498291421875 0.569012446875
598 0.7113797046875 0.1679341609375 0.7397220718749999 0.15456194375 0.7362661390625 0.1202822734375 0.6880766234375 0.14258592187500002 0.6845457890625 0.104015059375 0.63921298125 0.1262688421875 0.6398122046875 0.1605983765625 0.6142516421875001 0.1696295375 0.615150478125 0.22112383906250002 0.6406361390625 0.2078014875 0.6398871078124999 0.16488956875 0.6568026437500001 0.151716809375 0.6602585765625 0.1859964796875 0.683037334375 0.181306375 0.6808547546875 0.219976965625 0.6126682859375 0.2426296625 0.6103358984375 0.2727178671875 0.6956626140625 0.2497659890625 0.69543790625 0.23689241249999998 0.7125032499999999 0.2323020375 0.7113797046875 0.1679341609375