407 0.495636603125 0 0 0.008651368750000001 0 0.3507518859375 0.15809455156250002 0.27920671874999997 0.23776790937499998 0.2597952515625 0.34748910781250003 0.242862759375 0.5277761515625 0.2577366 0.6499672078125001 0.2676175890625 0.6516524453125 0.249567409375 0.663703028125 0.2523605265625 0.6640174859375 0.2703758 0.9772577312499999 0 0.495636603125 0
895 0 0.3897660890625 0.00865325625 0.885510775 0.64233529375 0.2887750265625 0.65001961875 0.270620134375 0.5839248515625 0.2657669015625 0.43368564843749996 0.253372034375 0.2936545609375 0.2528128265625 0.17403970625 0.275924934375 0.116467815625 0.3009575375 0.04110830625 0.33831446875000004 0 0.3568059671875 0 0.3897660890625
895 0.9806443890625 0 0.6639650765625 0.2673732546875 0.6622798390625 0.285423434375 0.6885903359375 0.30298494531250003 0.73931645625 0.3441479640625 0.8349792468749999 0.43858889687499997 0.9165917609375 0.53027161875 0.99878078125 0.65498234375 0.987348021875 0 0.9806443890625 0
1939 1 0.7248313343749999 0.99878078125 0.65498234375 0.9658422812499999 0.6014949984375 0.920695971875 0.5362069015625 0.8492391640625 0.4533572921875 0.763732078125 0.3677494703125 0.7230568453124999 0.3294144734375 0.678487040625 0.2971543765625 0.6622798390625 0.285423434375 0.6623846578125 0.291428525 0.69984664375 0.374871515625 0.75209264375 0.5031083578125 0.7817130765625 0.5956986046875 0.8198039796875 0.71517214375 0.8435301468749999 0.813872196875 0.8568909687499999 0.8917289546875 0.8765653359375 0.9874962703125 1 0.9824437453125 1 0.7248313343749999
511 0.80928140625 0.6853212109375 0.77232725625 0.8601669546874999 0.7773748406250001 0.9201480578125001 0.8355232359375 0.9281434546874999 0.8525247109375 0.87078094375 0.8390590687499999 0.7869190953125 0.8220133140625 0.727147421875 0.80928140625 0.6853212109375
1577 0.6999514640625 0.3808766078125 0.63390910625 0.37902592031250004 0.607485659375 0.46959095624999997 0.5934877921874999 0.469835290625 0.592745928125 0.541931290625 0.5987974234375 0.544829121875 0.601321215625 0.5748196734375 0.6193184734375 0.5745055296875 0.7251975093749999 0.5666504828125001 0.7297815359375 0.4854770359375 0.6999514640625 0.3808766078125
1536 0.45349285625 0.7005419046875 0.441555221875 0.589622240625 0.433451621875 0.58375676875 0.36124481875000003 0.6871347984375 0.3854426734375 0.8128577609375001 0.391546578125 0.8187581390625001 0.45349285625 0.7005419046875
1547 0.299987996875 0.7302524859374999 0.280043453125 0.7336040796875001 0.2599416796875 0.7279480359375 0.2584136703125 0.7550058515625 0.2525718140625 0.764118203125 0.327294278125 0.8048623640624999 0.3526089921875 0.7653755078125 0.299987996875 0.7302524859374999
1547 0.36145445781249996 0.69914498125 0.36114 0.68112970625 0.37082401875 0.662939909375 0.32062199687500004 0.651802346875 0.32298855937500004 0.6727852624999999 0.3131997203125 0.6849699671875 0.36145445781249996 0.69914498125
1547 0.4150874953125 0.5630530921875 0.4092456390625 0.57216544375 0.47334070937500006 0.5770535812500001 0.4870765296875 0.56179651875 0.48092021406249996 0.552893596875 0.414720628125 0.5420352734375 0.4150874953125 0.5630530921875
819 0.253697440625 1 0.5426162062500001 0.9933253750000001 0.8745132312499999 0.9845286296875001 0.8504201968749999 0.8648107578124999 0.8049151484375001 0.6643732015625 0.7458839187499999 0.4912028890625 0.6895861187500001 0.36003331250000004 0.6685933828125 0.3033339921875 0.66217501875 0.2794183421875 0.65022925625 0.2826303171875 0.5676047 0.36216250625 0.339308709375 0.5763896578125001 0.010600542187500001 0.882473325 0.0107428453125 1 0.253697440625 1
879 0.6516524453125 0.249567409375 0.65022925625 0.2826303171875 0.664227125 0.282385984375 0.6656503140625001 0.249323075 0.6516524453125 0.249567409375
1547 0.18753336874999998 0.7051842453125 0.1776397109375 0.7113638609375 0.2101065234375 0.73782829375 0.24152514374999998 0.704241815625 0.2235278859375 0.7045559578125 0.18706168125 0.678161334375 0.18753336874999998 0.7051842453125