407 0.0275204625 0 0.01093365625 0.3164951 0.1743291765625 0.255894440625 0.25516252968750003 0.24208799218750002 0.3657976046875 0.2328505109375 0.5446079296875 0.2602643078125 0.6658120734375 0.27864484375 0.6687523234375 0.260756190625 0.6805787125 0.264383109375 0.679635721875 0.2823764359375 1 0.042718751562500004 1 0.0255177171875 0.5130929578125001 0 0.0275204625 0
895 0 0.8363584828124999 0.65672288125 0.29921836874999996 0.6656549078125 0.28164373125000003 0.6000596890625001 0.2721917828125 0.45105108437499997 0.24934695156250003 0.3114001140625 0.23902103125 0.190464415625 0.2537329296875 0.13128658124999998 0.2746885421875 0.05350475624999999 0.30669765937500004 0.0106193265625 0.322492875 0 0.5251216890625 0 0.8363584828124999
895 1 0.0452401578125 0.6797928875 0.279377546875 0.6768526375 0.2972662015625 0.701874015625 0.3166202609375 0.74960518125 0.3612214828125 0.8384470765625001 0.4621054625 0.9134653234375 0.5592578515625 0.9867547546875001 0.689398003125 1 0.4366636703125 1 0.0452401578125
1939 0.97047679375 1 0.9867547546875001 0.689398003125 0.9576275796875 0.6337432765625 0.9171455109375 0.5654649703125 0.851642065625 0.477832603125 0.7723149703125001 0.3864686453125 0.734412934375 0.3453896703125 0.69220205 0.310099125 0.6768526375 0.2972662015625 0.6765383078125 0.303263975 0.7080883499999999 0.38911691875 0.7512617296874999 0.5206858796875 0.7743512406249999 0.6151167984375 0.804015303125 0.7369563921875 0.8207987062500001 0.8370710718750001 0.8286959703125 0.915670178125 0.8399618671875 1 0.97047679375 1
511 0.747391121875 0.9384732890624999 0.8048401406249999 0.9505054359375 0.8258016078124999 0.8944686203125001 0.8182186734375 0.8098717390625 0.8053839015625 0.7490566140625 0.7956006578125 0.7064441578125 0.7465399046875001 0.8782861953125 0.747391121875 0.9384732890624999
1577 0.6093450578125 0.477162853125 0.59536424375 0.47643014843750003 0.5895950234375 0.5482987765625 0.5954296359375 0.5516116796875 0.5958552453125 0.5817052265625 0.6138305765625 0.5826472734375 0.7199996375 0.582197109375 0.7302348703125 0.5015411640624999 0.7077740203125 0.3951146953125 0.6420216359375 0.388661634375 0.6093450578125 0.477162853125
1536 0.42777115312499997 0.5789105609375 0.34852895625 0.676999875 0.36389787500000004 0.8041045406249999 0.36957532187500003 0.8104163312500001 0.43961704843750005 0.6968092203125 0.435445859375 0.5853270234375 0.42777115312499997 0.5789105609375
1547 0.2446255984375 0.7106471437499999 0.2412138546875 0.737532459375 0.23475058125 0.74621510625 0.30644885624999996 0.7920723921875 0.3344563703125 0.754447590625 0.284413615625 0.7157394703125 0.264283859375 0.7176916390625 0.2446255984375 0.7106471437499999
1547 0.359772571875 0.653532134375 0.31046975625 0.6389197859375 0.31136685937499997 0.660016671875 0.300751903125 0.6714888609375 0.347900296875 0.688995425 0.3488432859375 0.6710021 0.359772571875 0.653532134375
1547 0.4680306640625 0.575006225 0.482797303125 0.5607444890625 0.477277021875 0.5514338125 0.4119961328125 0.5359840890625 0.41089597656250004 0.5569763 0.4044327046875 0.5656589484375 0.4680306640625 0.575006225
819 0.8385751718750001 1 0.8241186781250001 0.8883661734375 0.7927062953124999 0.6852426031250001 0.7458986125 0.5083763140625 0.6988878796875 0.3735991234375 0.6819014250000001 0.315573540625 0.6771669671875 0.29126842656249996 0.6650262484375 0.29363928281249996 0.5770550765625 0.3672141375 0.334371471875 0.56499431875 0 0.8353650796875 0 0.9713431546875 0.50809975625 0.9950964140625 0.621236690625 1 0.8385751718750001 1
879 0.6790070609375001 0.29437198593749997 0.6827331359375 0.26148889375 0.6687523234375 0.260756190625 0.6650262484375 0.29363928281249996 0.6790070609375001 0.29437198593749997
1547 0.1942226265625 0.717027009375 0.2279075875 0.6857139984375 0.20993225624999998 0.68477195 0.175396078125 0.65589786875 0.1739815921875 0.68288785625 0.1636809671875 0.688362271875 0.1942226265625 0.717027009375