407 0.4341737515625 0 0 0.11633650625 0 0.176355359375 0.009667315625 0.17629409375 0.10453780937499998 0.1832260015625 0.177578225 0.1992425 0.3247929484375 0.25361833749999996 0.4253277015625 0.3118747328125 0.50004380625 0.382441278125 0.534329809375 0.42286135625 0.9152951093749999 0.14823598124999998 0.8783336500000001 0 0.4341737515625 0
895 0 0.44798505468750005 0.4404848453125 0.43183084843749997 0.42441312499999995 0.332609634375 0.43869690625 0.32554706875 0.389048709375 0.2881648671875 0.300319721875 0.240764490625 0.2143951265625 0.20986728124999998 0.1283634671875 0.1876260609375 0.026377525000000002 0.17828708124999998 0 0.177832609375 0 0.44798505468750005
1603 0.4213404265625 0.3301977234375 0.49699444843749996 0.6517831109375 0.49171204062499996 0.653198528125 0.5401361421875001 0.8731604687500001 0.6460009999999999 0.85773501875 0.650635840625 0.8478658156250001 0.5169616609375 0.2916351390625 0.51087044375 0.2900320375 0.4213404265625 0.3301977234375
1536 0.507987515625 0.614328321875 0.5623208421875 0.5997697515625 0.548732325 0.5430196734375 0.4956928328125 0.5593883875000001 0.507987515625 0.614328321875
1603 0.7497152359375 0.278875990625 0.88289790625 0.7608278921875 0.902465390625 0.7674473390625 0.972968425 0.7377719796875 0.8354721046875 0.239721315625 0.7590906828125 0.23538416406249998 0.7497152359375 0.278875990625
1536 0.868380546875 0.5587409812499999 0.9051419718749999 0.5510476140625 0.8955975015625001 0.5093901265625 0.8562484046875 0.5134632078125 0.868380546875 0.5587409812499999
1603 0.1526510921875 0.5499353515625 0.058699065625000005 0.5675608328124999 0.0914874796875 0.7442621859375 0.0869597015625 0.7454754 0.12044986093750001 0.9338512609375 0.2191992703125 0.9160187390625 0.1526510921875 0.5499353515625
1536 0.131218428125 0.7929290078125 0.1637216796875 0.7874550265625 0.159567975 0.7508235640625001 0.12760393125 0.758309890625 0.131218428125 0.7929290078125
407 0.028306240625 0.66844805625 0.0606586203125 0.7891887843750001 0.0919763953125 0.7883461015625 0.0793592265625 0.7442767031249999 0.08965443749999999 0.7404396984375 0.07347695 0.664971903125 0.028306240625 0.66844805625
1939 0 0.5080324078125 0.45374958125 0.4843540328125 0.4430183375 0.43223041406249996 0 0.44611807031249995 0 0.5080324078125
407 0 0.5433194359375 0.460004634375 0.5107167265625 0.4538037609375 0.487574753125 0 0.510781853125 0 0.5433194359375
1939 0 0.56280773125 0.0035027484375 0.575880165625 0.40238448125000004 0.540175365625 0.45547815312499995 0.5270273703125 0.4595737875 0.515145821875 0 0.54437998125 0 0.56280773125
1939 0.0040419546875 0.5778925109374999 0.00800538125 0.5957027359375 0.01275326875 0.613422096875 0.39478659843749997 0.5691715281249999 0.40373379375 0.5603036578125 0.4321388171875 0.5365163640625 0.0040419546875 0.5778925109374999
1939 0.0248013984375 0.6553678109375001 0.025799190625000003 0.6621101375 0.027582131250000003 0.6687641656250001 0.48453981874999996 0.617375875 0.4742936015625 0.56404388125 0.01374766875 0.6141147296875 0.0248013984375 0.6553678109375001
1939 0.1959566234375 0.796072303125 0.316914071875 0.7766028046875 0.303486796875 0.7144174578125 0.48222823437500006 0.6902489125 0.4975362484375 0.6839903171875 0.489448153125 0.653805134375 0.495970215625 0.6509791421875 0.4870733109375 0.617775440625 0.1746527859375 0.6561949359375 0.1959566234375 0.796072303125
1939 0.42089170625000005 0.75413414375 0.511718153125 0.7459734609375 0.495111115625 0.69003219375 0.30607446875 0.71803774375 0.3173990984375 0.775394428125 0.42089170625000005 0.75413414375
1324 0.49210945468749995 0.8871075953125 0.49674429531250003 0.8772383921875001 0.49404826249999995 0.8671766640625 0.4977130515625 0.8597242109375 0.4819161203125 0.8218988906250001 0.4729121515625 0.7973511796875 0.479970828125 0.7663426703125 0.4853628921875 0.7864661265625 0.491777890625 0.7922961203125001 0.48579244218750006 0.7669395999999999 0.47932196562499996 0.7427914546875 0.466275246875 0.71824858125 0.4552782890625 0.71041108125 0.45603162187499996 0.6951114484375001 0.4523113578125 0.68424575 0.444656703125 0.6798263328124999 0.4374883703125 0.689295971875 0.4374896671875 0.7043934015625 0.44217998437499995 0.7128423484375 0.4341486625 0.7160727484375 0.4324252765625 0.7337891296875 0.4332895625 0.7551258 0.4335604625 0.771229403125 0.44002964218749996 0.7802801171875 0.4419155671875 0.772225896875 0.45340014375 0.8090498828125 0.4617036625 0.8370205171875 0.47874024843749996 0.873435259375 0.481273740625 0.873834825 0.4773935296875 0.883501825 0.49210945468749995 0.8871075953125
1324 0.238264871875 0.72757996875 0.22872299375 0.7161173421875 0.21637931875 0.7183464078124999 0.21325373593750002 0.7278112046875 0.215518921875 0.7423020296875 0.22457577343750001 0.75497303125 0.2246841328125 0.761414471875 0.215682759375 0.7670616203125 0.2176254578125 0.79242298125 0.221615325 0.8042948515624999 0.22194040468749998 0.8236191749999999 0.230727653125 0.8352840046875001 0.2369285265625 0.8584259765625 0.2464188171875 0.8968627421875001 0.2552615421875 0.9268457218749999 0.257311303125 0.94355109375 0.2552099546875 0.9538198625 0.24572355468749998 0.9606753875 0.252677759375 0.968517728125 0.27908979375 0.9614406437499999 0.275584953125 0.9483603984375 0.2650704296875 0.9091196609375001 0.2555801390625 0.8706828953124999 0.267171778125 0.8988508921875 0.28846524218749997 0.9179488171875001 0.294503575 0.9314286296875001 0.2998943421875 0.9364546546874999 0.30738905 0.9614067687500001 0.3134260875 0.95978915 0.315742859375 0.947305834375 0.3128842875 0.9275819437499999 0.3065221703125 0.909875240625 0.2927762984375 0.9038527203125 0.2839890515625 0.8921878937500001 0.27654981875 0.8855539265625 0.2721819890625 0.86623444375 0.2704005328125 0.8354378140625001 0.2700212734375 0.8128927703125 0.2706662453125 0.791151696875 0.260583865625 0.7625792953125 0.2508265640625 0.753331215625 0.23858995156249999 0.7469042921875 0.238264871875 0.72757996875
1803 0.272117434375 0.74223428125 0.304833515625 0.704350890625 0.3526421875 0.662423453125 0.43871895 0.5822033828125 0.4898157421875 0.5404733078125 0.543985234375 0.5011551437499999 0.580314515625 0.4827934421875 0.6451571796875 0.44708588593750004 0.7420180703125 0.407112725 0.815164253125 0.399375803125 0.838666128125 0.39954897031250003 0.86157461875 0.394489071875 0.861034115625 0.37737929531250003 0.8386635359374999 0.369354109375 0.8082616328125001 0.364559321875 0.7593177765625 0.3690464875 0.7142554265625 0.3789640828125 0.6113575 0.4205548640625 0.5507730093750001 0.45404303281249997 0.47827698593749995 0.5004286015625 0.4319775734375 0.5419516343749999 0.3608837453125 0.5965887859375 0.30606928125 0.657648021875 0.252009446875 0.7185050578125 0.2421463796875 0.7330103968749999 0.237996565625 0.7416712265625 0.24484241093749998 0.7430721250000001 0.25945127343749996 0.7553338828125 0.272117434375 0.74223428125
1538 0.855560921875 0.667860434375 0.8360424296875 0.6040719859375 0.70479106875 0.6424759203125 0.7191883953125 0.702244515625 0.855560921875 0.667860434375
1325 1 0.7144621265625 0.9895650890625 0.6729338078125 0.9919889234375001 0.6517945015625 0.9942502203125001 0.620993034375 0.9816885265625 0.5952417875 0.9661096125 0.5853967796874999 0.9751651671875001 0.5829703515625 0.9739242140625001 0.5692834984374999 0.9622796921875001 0.5529922109375 0.9499360156250001 0.5552212765625 0.95263334375 0.5803804343750001 0.947352234375 0.5968932796875001 0.9410468906249999 0.6126021578125 0.9537724203125 0.6631129953125 0.9628834515625 0.6790047171875 0.9763081328125001 0.710995203125 0.9782521296875 0.7514539953125 0.9827825000000001 0.780435640625 1 0.7790780171875 1 0.7144621265625
761 1 0.6544260609375 0.9577622874999999 0.6749848671875001 0.9190065765625001 0.6842910140625 0.8812751000000001 0.6944011328124999 0.8435436218750001 0.704511253125 0.8169161656249999 0.713802884375 0.800369790625 0.7365694875 0.79821685625 0.773812396875 0.8096485484375 0.8225130921874999 0.8217793953125 0.852693434375 0.8435591812500001 0.885680415625 0.8657143390625001 0.8959201484375001 0.8726156609375 0.9156392 1 0.8809281078125 1 0.6544260609375
1552 0.2709410359375 0.852547590625 0.27547140625 0.8815292375 0.2929375421875 0.898417453125 0.4397149359375 0.8817352359375 0.44116871875 0.8630126812500001 0.44542689218750003 0.8607932937499999 0.4219159390625 0.7549381140625 0.2672697640625 0.7845128921875 0.2682411140625 0.7971935718750001 0.2709410359375 0.852547590625
1939 1 0.44420175781250004 0.9152409296874999 0.14501525937499998 0.5490986171875 0.4145904140625 0.6285270828125 0.750262221875 1 0.6985201125 1 0.44420175781250004
1321 0.62852319375 0.70496993125 0.628363246875 0.7255026296875 0.6325156546875 0.7470366625 0.6362900984375 0.7611230796874999 0.64006454375 0.7752094984375 0.6385024015625 0.7874906125 0.6437848078124999 0.7860751968749999 0.644267240625 0.754671959375 0.649281340625 0.7673478015625 0.6520857328125 0.7838509703125001 0.6576377421874999 0.7834417250000001 0.6489562609374999 0.748023478125 0.6457210234375 0.7359494046874999 0.6457197265625 0.720851975 0.64194528125 0.7067655562499999 0.6317029546875 0.698725853125 0.6306245421875001 0.6947011625 0.623724515625 0.6900795421875 0.6189813156249999 0.693507303125 0.62852319375 0.70496993125
1324 0.08157541874999999 0.8159365265625 0.07742430781250001 0.8094999250000001 0.0713872703125 0.81111754375 0.0776410265625 0.82238280625 0.07548549843749999 0.8294308546875 0.082386821875 0.8491499062500001 0.084543646875 0.8571992875 0.09322383125 0.8775201046875001 0.09419258750000001 0.860005925 0.0954851265625 0.8467186375000001 0.097856078125 0.8374560421874999 0.0908476921875 0.82639298125 0.0821688046875 0.8211695921875 0.08157541874999999 0.8159365265625
1939 0.10238385624999999 0.8362428265625 0.0922459984375 0.7893522734375 0.0606586203125 0.7891887843750001 0.0727907640625 0.8344665578124999 0.10238385624999999 0.8362428265625
1050 0.66816365625 0.32768798593750004 0.6690808265625 0.33714794531250003 0.6743645296875 0.35082996093749996 0.6859535765625 0.348803096875 0.694469925 0.3443643234375 0.6906954796875 0.3302779046875 0.6850351109374999 0.3242457078125 0.6764645812500001 0.325463759375 0.66816365625 0.32768798593750004
1050 0.26844718125 0.058425665625 0.266291653125 0.0654737140625 0.27227580625000003 0.0757328046875 0.28397321249999996 0.0801473828125 0.28866223281250003 0.0734989 0.28672083125 0.0632349703125 0.28310892656250003 0.058810712499999994 0.27421461406250003 0.0558018734375 0.26844718125 0.058425665625
1050 0.7375172421875 0.094500625 0.7343348875 0.0705498421875 0.7256560000000001 0.06532645468750001 0.7177872171875 0.07821901406250001 0.719674440625 0.08526222343749999 0.7243105765625 0.09049045156249999 0.7375172421875 0.094500625
819 0.5501921078125 1 0.8708367984375001 0.91503743125 0.8652293125 0.897128525 0.8397318546875001 0.88347070625 0.8228578078125001 0.8567181265625001 0.8038256390624999 0.8068187328124999 0.7970287859375 0.748248834375 0.8067293140625 0.7240813312500001 0.6303059453125 0.750863990625 0.65386978125 0.8448424593749999 0.6472948359374999 0.8595451625000001 0.5401361421875001 0.8731604687500001 0.511718153125 0.7459734609375 0.1982205125 0.7954656953125 0.21925345 0.9192394593750001 0.1196410515625 0.9308327421874999 0.10006578749999999 0.8336287140625 0.0725211609375 0.8334603843749999 0.117145315625 1 0.5501921078125 1