407 0.0191568328125 0 0.0177987453125 0.038890523437500005 0.050151512499999995 0.0293471375 0.1039324859375 0.036561796875000004 0.4777320828125 0.56459554375 0.48572720937499997 0.5648747390625 0.9408636078124999 0.081797828125 0.9772139390625 0.072394040625 1 0.07318974687499999 1 0.0171556125 0.5087275265625 0 0.0191568328125 0
527 1 0.0705214546875 0.9813045671875 0.0698685953125 0.9430485203125001 0.076537540625 0.9164129015625001 0.09428545 0.485820275 0.5622096984375 0.47973086406250004 0.5646653421875001 0.10793005 0.03670139375 0.062144203125 0.02976593125 0.017984875 0.0335604390625 0 0.5931418109375 0 0.7631333140625001 0.0117282703125 0.78580033125 0.023069503124999998 0.8048744203125 0.0366844671875 0.9307595953125001 0.176413053125 0.9409756093749999 0.2532529984375 0.8609418625 0.721060971875 0.8746097859375 0.8040304921875 0.9628924921875001 0.9440382734374999 0.9651133796875 0.9644956625000001 0.8377497453125 0.9875990437500001 0.806537028125 1 0.4993029125 1 0.0705214546875
819 0.9810724078125 1 0.9860148109375 0.9092109531249999 0.989519078125 0.8088618640625 0.964588728125 0.8350847046875 0.9461301203125 0.9625181375 0.8060292734375001 0.9629622921875001 0.7211540375000001 0.87194474375 0.2532529984375 0.8609418625 0.176413053125 0.9409756093749999 0.0346856859375 0.9306897968750001 0.022883371875 0.8102045046875 0 0.7636554531249999 0 0.9775078031250001 0.644092221875 1 0.9810724078125 1
1050 0.6205889703125 0.1986916125 0.63067594375 0.196375565625 0.63286085625 0.1911152796875 0.65271544375 0.0237062140625 0.6573644640625 0.005190515625 0.6433729921875 0.0047019234375 0.6189624499999999 0.18796164375 0.6205889703125 0.1986916125
1050 0.49127945625 0.0047272828125 0.44771443906249997 0.27804004843749996 0.4534315890625 0.286244571875 0.4597071296875 0.2784588421875 0.50299295 0.0131412046875 0.49127945625 0.0047272828125
1050 0.46323213281250003 0 0.4378178421875 0.16028959843749999 0.43953742812499996 0.168354525 0.4474394890625 0.17129876093750002 0.4518093140625 0.1607781921875 0.4769157234375 0.014898859375 0.4790402578125 0 0.46323213281250003 0
1050 0.7961094953125001 0.2154940921875 0.8062895343750001 0.210513003125 0.82870129375 0.0271834828125 0.83125846875 0.011263028125000001 0.8170565984374999 0.0107670875 0.79429684375 0.210094209375 0.7961094953125001 0.2154940921875
1050 0.709089509375 0.3005089265625 0.7128078765625 0.3086436515625 0.7189903531249999 0.3035229640625 0.7487013734375 0.0830922515625 0.7388005296875 0.0800782140625 0.709089509375 0.3005089265625
1050 0.5792617671875 0.29330695156250003 0.582980134375 0.301441675 0.5869776984375 0.30158127343749996 0.625986759375 0.0441191640625 0.61617898125 0.0384400859375 0.5792617671875 0.29330695156250003
1050 0.3643437109375 0 0.32272184843749996 0.24699228906249998 0.322442653125 0.254987415625 0.32634715000000003 0.25779205625 0.33462147343750004 0.250076125 0.37260681562500003 0.02192948125 0.377895965625 0 0.3643437109375 0
1050 0.2859095390625 0 0.265040621875 0.12223657968749999 0.2646683609375 0.1328967484375 0.270478575 0.1384362296875 0.2766610515625 0.1333155421875 0.2984657640625 0.024677003125 0.300755790625 0 0.2859095390625 0
1050 0.2380398484375 0 0.2093052765625 0.1709878078125 0.21492936093749998 0.18185737500000002 0.24886848437500003 0.0122718578125 0.2492970265625 0 0.2380398484375 0
1050 0.35837206718750003 0.314944525 0.3623696296875 0.31508412343750003 0.368365975 0.3152935203125 0.39942432031249997 0.1135879 0.3875246953125 0.110504065625 0.35837206718750003 0.314944525
1050 0.6588851828125 0.3627947640625 0.6669733734375 0.36040891875000003 0.6930104375 0.1878791640625 0.683202659375 0.18220008593749998 0.6588851828125 0.3627947640625
1050 0.4557539765625 0.3343549296875 0.45947234375 0.3424896546875 0.46346990625 0.3426292515625 0.5008968578124999 0.1304728609375 0.49099601406250004 0.12745882343749998 0.4557539765625 0.3343549296875
1056 0.4640727078125 0.382674684375 0.48210190781250006 0.5540749734375 0.484566015625 0.5408195609375 0.49410733437500004 0.2102845296875 0.4640727078125 0.382674684375
1056 0.49256114218749997 0.54109875625 0.567406553125 0.34625880000000003 0.5880987281250001 0.15486435468749998 0.49121381875000003 0.5223736640625 0.49256114218749997 0.54109875625
1050 0.6276936078124999 0.396393328125 0.6356887343750001 0.396672525 0.658703296875 0.2533884359375 0.646803671875 0.2503046 0.6276936078124999 0.396393328125
1050 0.2664767671875 0.25303304375 0.272193915625 0.2612375671875 0.303761996875 0.10224242187499999 0.29176930625 0.10182362812500001 0.2664767671875 0.25303304375
1050 0.3787765546875 0.36101803125 0.38467983437500003 0.36389247187499996 0.41471446093750003 0.191502315625 0.40472055156250003 0.191153321875 0.3787765546875 0.36101803125