1142 0.940395328125 0.5999985453125001 0.951861453125 0.5385394578125 0.916913515625 0.522591540625 0.8453097078124999 0.513761309375 0.8281633109375001 0.571883140625 0.8552652281249999 0.5946828421875 0.940395328125 0.5999985453125001
1228 0.5109698125000001 0.6663321765625 0.3737207109375 0.688276009375 0.3259440375 0.96565405625 0.4605202453125 0.9111939390625 0.5109698125000001 0.6663321765625
1716 0.2709686484375 0.5855000859375 0.3812638265625 0.6302428124999999 0.5025919796875 0.6155642593749999 0.394054065625 0.5775846796875 0.2709686484375 0.5855000859375
1465 0.41631546249999996 0 0.36037007499999996 0.270112378125 0.42346580625 0.2813939109375 0.5697547968750001 0.3146184734375 0.46978120468749995 0.1762252359375 0.498025225 0 0.41631546249999996 0
855 0 0.9016785703125001 0.093862890625 0.9227133140625 0.24086234687500002 0.06580062187499999 0.09345348437499999 0.0152990140625 0 0.45496309375 0 0.9016785703125001
1012 0.5310002625 0.5044594328125 0.523562725 0.49435902968749995 0.51352629375 0.4964854734375 0.49391124375000006 0.513614928125 0.4782932 0.572061621875 0.525034834375 0.5926462453125 0.5276337296875 0.5804194 0.5310002625 0.5044594328125
666 0.9380500046875 0.6335780515625 0.8312940187500001 0.6172759937500001 0.777329925 0.8486114640625001 0.88974151875 0.8533363984375001 0.9380500046875 0.6335780515625
1966 0.8325934671875 0.611162571875 0.71559680625 0.60546305 0.662090528125 0.8496750875 0.76686034375 0.8527757140625001 0.8325934671875 0.611162571875
2001 0.7720473015625 0.5578254390625 0.8372239468749999 0.243678221875 0.6171160703125 0.1819837140625 0.5469705406250001 0.5270229078125 0.7720473015625 0.5578254390625
703 0.3834789046875 0.649882528125 0.2693593796875 0.6682231984375 0.25379066875 0.7564986453125 0.367452378125 0.7252814062499999 0.3834789046875 0.649882528125
1036 0.5945607234375 0.40082643281249997 0.661469965625 0.0785279859375 0.612946403125 0.036265840625000004 0.597000790625 0.02861674375 0.5188750765625 0.03543925 0.44653913437500004 0.3757531015625 0.5286371890625 0.3953334578125 0.5945607234375 0.40082643281249997
1939 1 0.50561560625 0.9744838828125 0.492230975 0.9787907109375 0.456938521875 0.9014819640624999 0.4298566609375 0.9615101484374999 0.1699918859375 0.7064543359375001 0.0923494609375 0.6715310640625 0.09131591875 0.643531265625 0.1854685609375 0.8439994265624999 0.24937814687499998 0.782083734375 0.5556989953125 0.8233493359375 0.5644702703125 0.8466091562500001 0.5076478875 0.87498585625 0.5094197890625 0.9391767921874999 0.52306399375 0.9610315859374999 0.5404886296875 0.9504070953125 0.5829577265625 0.9549921609375 0.5839323125 0.9827314703125 0.5962181125 0.9967964921875 0.52253218125 1 0.5122820859375 1 0.50561560625
1939 0.176897321875 0.5846734953125 0.27356754375 0.5732732406250001 0.2984612984375 0.448642121875 0.38644386875 0.46308364218750003 0.3719950296875 0.5686361343749999 0.46955621562500005 0.5680746421875 0.48043428125 0.5469582078124999 0.4952106921875 0.5075015046875 0.5281477921875 0.495333615625 0.5415438406249999 0.5450383125 0.5557884375000001 0.44796191093750004 0.563814034375 0.41771966093749996 0.43347065625000003 0.392144196875 0.43736900156249997 0.3738039296875 0.454057584375 0.30280552968749996 0.3616941890625 0.27891333125 0.34872437500000003 0.35496193125 0.3583523234375 0.36978767343749996 0.3511683609375 0.3810399328125 0.20294252968749998 0.36444269375 0.1663290765625 0.5291802390625 0.1741997625 0.537242834375 0.176897321875 0.5846734953125
819 0.8965935281249999 1 0.9214531687499999 0.8920250624999999 0.8932560453124999 0.8668626921874999 0.6570723109375 0.8507383109375001 0.5935434328125 0.8414945812499999 0.583531665625 0.8585354015625001 0.5462384046875 0.8761669890625001 0.5292962484375 0.9258127296875 0.39581524687499997 0.982635515625 0.4890950453125 1 0.8965935281249999 1