1939 0.8972499125000001 0.753327846875 0.975540065625 0.8672537437500001 0.9974256499999999 0.554275315625 0.9446541765625 0.5088167625 0.8972499125000001 0.753327846875
2011 0.07892987968750001 0 0.09015516875 0.42678788437500004 0.28638452187499996 0.42101765156250004 0.5595586531250001 0.4150588 0.7252415562500001 0.4127216734375 0.9951057328124999 0.554113090625 1 0.492067996875 1 0.0337424578125 0.517460384375 0 0.07892987968750001 0
1340 0.840700340625 1 0.948911771875 0.4812688734375 0.6759420078125 0.417627996875 0.5898371421874999 0.8821977375 0.7844626640625 1 0.840700340625 1
1340 0.7426382796875 0.4306455359375 0.8802831203125001 0.46254708750000006 0.9147208265625 0.30345067812500004 0.775913378125 0.28817519375 0.7426382796875 0.4306455359375
733 0.4913175359375 0.390794990625 0.517030384375 0.389808446875 0.5203191406250001 0.376115615625 0.3658482828125 0.3848058859375 0.35366739687500004 0.39230779843749997 0.355599778125 0.3980120453125 0.36271620000000004 0.6296282234375 0.3814692984375 0.62815500625 0.395388796875 0.629128353125 0.41862505624999996 0.39685008125 0.42809849062499994 0.39472796718750003 0.43985474375000005 0.6266685937500001 0.456094159375 0.6278041640625001 0.4398918390625 0.3927680765625 0.47933041875000004 0.395525890625 0.5353376546875 0.76143520625 0.55196460625 0.7570287546875 0.4913175359375 0.390794990625
261 0.30920145 0.3947675578125 0.552410434375 0.3839287796875 0.53369443125 0.1515014796875 0.2984140359375 0.1489718765625 0.30920145 0.3947675578125
1340 0.3801553171875 0.38023721093749996 0.5042734953125 0.3722090328125 0.49038049375000003 0.20416389218750003 0.371289684375 0.20697449375 0.3801553171875 0.38023721093749996
1323 0.608454765625 0.515937578125 0.60458470625 0.5379434453124999 0.6157967531249999 0.5442965890625 0.6001280421875 0.6016767015625 0.600510278125 0.6295490390625 0.60843356875 0.6495950171875 0.612874334375 0.6861048359375 0.6175088671875 0.71984364375 0.6759420078125 0.417627996875 0.7426382796875 0.4306455359375 0.766240878125 0.326482678125 0.7604437374999999 0.3093699390625 0.7465295375000001 0.2749822328125 0.7500120609375001 0.25851839062500004 0.7405439281249999 0.22722614375 0.74286914375 0.193974009375 0.7347520859375 0.17669904375 0.7225765 0.150786596875 0.6951250390625 0.1432978828125 0.6678620468750001 0.16645251562500002 0.6595459203125 0.18536292031249998 0.6651492953125 0.20524667187499998 0.6634053828125 0.2301857734375 0.6521880375 0.2572469890625 0.650444125 0.2821860890625 0.6144721718749999 0.3632075125 0.6160170171875 0.37445378125 0.598033690625 0.3982573125 0.59899723125 0.4178166140625 0.6140740375 0.435578253125 0.623547471875 0.43345613906249997 0.6134821359375 0.5107200046875 0.608454765625 0.515937578125
1343 0.42165645312500005 0.7869005734375001 0.47578960156249994 0.7795476890625 0.47697340625000006 0.6292641828125001 0.42110164531249994 0.628141809375 0.42165645312500005 0.7869005734375001
1340 0.309331625 0.792968859375 0.4193365359375 0.7867383484375 0.42090787656249995 0.6309128203125 0.31361041875 0.6317635328125 0.309331625 0.792968859375
735 0.09382474843750001 0 0.15723897656250002 0.43426340156250004 0.1361659609375 0.43557439374999996 0.1351971203125 0.44942944999999995 0.1630361171875 0.45137614218750005 0.2039877453125 0.6658663828125 0.1844595734375 0.67842364375 0.19064425000000002 0.6899943609375 0.2163570984375 0.6890078171875 0.21441941875 0.71671793125 0.19721116562500002 0.7294374171875 0.20126969374999998 0.7380748984375 0.2345235953125 0.7292619953125 0.235686203125 0.712635928125 0.22409192031249997 0.6784104453124999 0.2432325546875 0.6713952078125 0.230281896875 0.6565668046875001 0.21365494687500003 0.6609732578124999 0.1752170046875 0.44387423125 0.2198767203125 0.438643459375 0.23513669531249998 0.5204628046875001 0.22100223125000001 0.6559179078125 0.22815575 0.65363356875 0.2428662171875 0.5432797921875 0.2505904390625 0.5995111390625001 0.26470370625 0.597713475 0.23379621718750002 0.43961680468750003 0.24907209218749998 0.42119307343749995 0.2405674984375 0.40946013125 0.17947459999999998 0.41632634218750003 0.1298352109375 0.12604545312499998 0.148782078125 0.12180122499999999 0.14704346562499998 0.11332596718750002 0.133123965625 0.11235262187499999 0.1327417296875 0.084480284375 0.1211421484375 0.0836691625 0.10851043906249999 0 0.09382474843750001 0
1340 0.1000161390625 0.4191237484375 0.240955034375 0.4039181078125 0.19189165 0.13873854375 0.05946264531249999 0.13226276718750002 0.1000161390625 0.4191237484375
1340 0.03949924375 0.451091284375 0.1276613671875 0.4238414515625 0.1027500875 0.24667215312500002 0.02039040625 0.25762036875 0.03949924375 0.451091284375
1340 0.18346953593749998 0.8259361375 0.20223323437500001 0.7576342031250001 0.1645650640625 0.562865490625 0.1378780765625 0.6111214484375 0.18346953593749998 0.8259361375
1343 0.10306343281250001 0.7089311609375 0.415869909375 0.7029591125 0.42247921875000005 0.47508729375 0.102906759375 0.47780165781250006 0.10306343281250001 0.7089311609375
1567 0 0.69432475625 0.1307351578125 0.54657706875 0.1363014359375 0.8003613359375 0.1386213515625 0.800523559375 0.13887341250000002 0.430194596875 0.0652173921875 0.41669038281250004 0.0029565875 0.47359702031250006 0 0.515878190625 0 0.69432475625
319 0 0.9455960343750001 0.0672587515625 0.9542533671875001 0.1312687671875 0.83899326875 0.1256865921875 0.6854520796875 0.026511492187500003 0.6701633984375001 0 0.7211652046875 0 0.9455960343750001
1508 0.6768260578125 0.9384026890625 0.5898371421874999 0.8821977375 0.60918744375 0.7721684093750001 0.5537085171875 0.732089653125 0.5566044375 0.757353203125 0.5376575703124999 0.7615974296875 0.52799566875 0.733076196875 0.48275465000000006 0.7466200015625 0.4781095171875 0.7797099125 0.3396843046875 0.792306765625 0.55482873125 0.9827784609375 0.6768260578125 0.9384026890625
1939 0.6272237640625 0.41422128437500005 0.0924750859375 0.426950109375 0.0903065421875 0.691331746875 0.48856238906250005 0.6969040234375 0.616157790625 0.7058263625000001 0.6272237640625 0.41422128437500005
1343 0.471354134375 0.709623509375 0.6130575031250001 0.75016254375 0.6324290015625 0.5064757765625 0.590282971875 0.5090977609375 0.507347284375 0.49494465 0.471354134375 0.709623509375
819 0.9662575421874999 1 0.9699105953125 0.9477589140625 0.9732099515625 0.8672373625 0.8694162140625 0.7179667953125 0.087986625 0.6911695234375 0 0.8906725046874999 0 0.9634729828124999 0.300601465625 0.9844930843749999 0.536462978125 1 0.9662575421874999 1
1939 0.0361586984375 0 0 0.53502074375 0 0.8924341703125 0.08818039375 0.6883985125 0.07851880156249999 0 0.0361586984375 0