1749 0.4862728640625 0.893093725 0.5066484531250001 0.8826873718750001 0.51141274375 0.8895244765625 0.525048171875 0.881106328125 0.520981871875 0.8542814078125 0.4719024375 0.8748032859375 0.46930967187499995 0.8057818640625 0.4892199328125 0.808700721875 0.5028553609374999 0.800282575 0.5297384468749999 0.794550621875 0.548991265625 0.768540025 0.5515875703125 0.74194776875 0.5474437156249999 0.7173437171875 0.54903535 0.6240090734375 0.5586820328125001 0.5865451375 0.5531051890625001 0.555220315625 0.5228908015625 0.5608359375 0.503327765625 0.595730009375 0.48694092343750006 0.63518215 0.4769064671875 0.6837504265625001 0.47415505468749997 0.714784421875 0.42623893593749995 0.70199326875 0.3923054734375 0.7185969 0.362670975 0.755362846875 0.3665821671875 0.786629503125 0.434408546875 0.8023395125 0.4459129984375 0.8071884109375 0.45106506093750004 0.8029211703125 0.45024896875 0.8740471296875001 0.4159682796875 0.8528378312499999 0.41248186875000004 0.8571632359375 0.40837502187499997 0.8792555890625 0.411318553125 0.8904762625 0.421622678125 0.8819417828124999 0.437968975 0.891406915625 0.3641374328125 0.9043937 0.3586751515625 0.9175444125000001 0.35154722031249996 0.9306369609375 0.35941015 0.9442530015624999 0.3714574828125 0.93355581875 0.3732782421875 0.9291722468750001 0.4438560359375 0.913848265625 0.4350994609375 0.9735790515625 0.444705596875 0.9850323890625001 0.4565202640625 0.9809978125000001 0.45555260468750003 0.9609518296875 0.4656646125 0.9101626828124999 0.5300821359375 0.9279772312500001 0.5295392546875 0.943523309375 0.5411988140624999 0.9439304703125 0.5546791343749999 0.9399540609375 0.5523560390625 0.9109664375 0.4862728640625 0.893093725
423 0.648468559375 0.6897415078125 0.65749480625 0.6700445203125 0.647966225 0.6563703140625 0.668267796875 0.5525711531249999 0.67070899375 0.5304206328125 0.671251875 0.5148745546875 0.6648219328125 0.507979284375 0.652619490625 0.5231182046875 0.63557520625 0.5336408890625 0.6220948843749999 0.5376172984375 0.61709793125 0.5374428015625 0.6176408125 0.5218967218749999 0.6093125546875 0.52160589375 0.6016417421875 0.5502445203125 0.5949755984375 0.6456255343749999 0.56840273125 0.6424740124999999 0.5515135546875001 0.648554959375 0.5470964890625 0.6795307875 0.541556653125 0.69490236875 0.49739308125 0.8134332875 0.5053335671875 0.824828459375 0.5391154593749999 0.7170528890625001 0.5678193031250001 0.7069373640625 0.56382701875 0.773505253125 0.5719226140625 0.7804586890625 0.5759924515625 0.71166993125 0.5925714109375 0.7144724578125 0.6141807953125 0.8597595640625 0.6242522578125 0.8578876890625 0.606129284375 0.708275178125 0.628092971875 0.7001478609375 0.656327953125 0.7989712250000001 0.6677548484375 0.8060409921874999 0.6398300859375 0.6983341515625 0.648468559375 0.6897415078125
2001 0.8316602796874999 0.458215990625 0.9864107484375 0.46806714843749997 0.9909935359375 0.14580855312500002 0.8337243171875001 0.16032878125 0.8316602796874999 0.458215990625
407 0.126349234375 0 0.57613178125 0.086849725 1 0.019822421875 1 0.01718768125 0.47275902500000005 0 0.126349234375 0
872 0.9669551984375 0.7386641109375 0.9826141203125 0.48127602812500003 0.8279412046875001 0.46920400156250003 0.79218698125 0.49019120312500003 0.7848968640625 0.6989528421875 0.9669551984375 0.7386641109375
1564 0.069888325 0.11364285 0.4258723921875 0.139415546875 0.47630725937499996 0.1278353109375 0.0890635890625 0.08985311875 0.0705087609375 0.0958759015625 0.069888325 0.11364285
1564 0.434429775 0.2286574484375 0.07054223125 0.2381859828125 0.06999935 0.2537320625 0.42888993906249995 0.24402903125000003 0.47235198437500003 0.24109960468749997 0.434429775 0.2286574484375
1567 0.36550701874999997 0.53088063125 0.466454309375 0.5054992890625 0.464485515625 0.32309724218749997 0.4348915625 0.3109459140625 0.3260037890625 0.324932084375 0.3258416046875 0.5206011765625 0.36550701874999997 0.53088063125
316 0.21312372812499997 0.40548614374999997 0.15230717968750002 0.4278217265625 0.1508301078125 0.5656319062499999 0.1822448203125 0.5733996609374999 0.2597954375 0.54942486875 0.2577860984375 0.41594009375 0.21312372812499997 0.40548614374999997
1567 0.436446190625 0.17091486718749999 0.436557215625 0.3110040796875 0.43662061718749995 0.691237921875 0.49739661875 0.7178196109375 0.5793643015625001 0.6628689890625 0.5796146531249999 0.1781379984375 0.5431254328125 0.1724166125 0.436446190625 0.17091486718749999
872 0.757714175 0.4267272375 0.5848742046875001 0.4095736484375 0.581155128125 0.420561659375 0.5800217453125 0.691798446875 0.72249221875 0.7190093921875 0.7568910078125 0.68908055 0.757714175 0.4267272375
1754 0.0950105125 0.5881419859375 0.187858671875 0.6514208874999999 0.5510923125 0.5173492203125 0.43209606562499997 0.48651085937499994 0.0950105125 0.5881419859375
706 0.11689664531249999 0.5822355375 0.051818140624999995 0.6311052109374999 0.06838648593749999 0.9207487703125 0.12823183437500002 0.9739808812499999 0.23200809375000003 0.9153446781250001 0.22148191874999998 0.6437007312499999 0.11689664531249999 0.5822355375
1050 0.5627959546875 0.37322543124999996 0.558264328125 0.35972572187499996 0.5584969906249999 0.3530631171875 0.5450572171875 0.3081222546875 0.5274330421875 0.2874946140625 0.5175166890625 0.28492475 0.5182516875000001 0.3116333375 0.5304911359375 0.34319082343749996 0.5418404781249999 0.3524814578125 0.547882646875 0.3704810703125 0.5536146 0.39736415625 0.5589957875 0.4820479875 0.5522855609375 0.7219599515625 0.564022675 0.72014624375 0.5665079546875 0.553464775 0.5666295921875 0.4067129546875 0.5627959546875 0.37322543124999996
1050 0.1882570578125 0.35347551250000003 0.192866240625 0.3647543546875 0.1855832 0.3822886375 0.18504031875 0.39783471875 0.2050281359375 0.3985327078125 0.22056187968750002 0.3835101203125 0.226024159375 0.3703594078125 0.22339084531250003 0.350255259375 0.2084775375 0.3475108984375 0.1912411359375 0.315778915625 0.177528153125 0.32641793125 0.1769077171875 0.3441848796875 0.16850190468749998 0.34611491875 0.0780508578125 0.4052164484375 0.07901852031249999 0.4252624296875 0.1882570578125 0.35347551250000003
1939 1 0.0223639453125 0.5793855296875 0.0891869265625 0.568247621875 0.6469157484375 0.9900416546875 0.7461410390625 1 0.46097134687499997 1 0.0223639453125
1939 0.0250688296875 0 0.0602908921875 0.9137953359375001 0.5631731125 0.6489621203125 0.5777974312499999 0.086907890625 0.11456345937500001 0 0.0250688296875 0
1939 0.02217908125 0 0 0.673325759375 0 0.8379839875 0.0587027953125 0.9115163015625001 0.0229232453125 0 0.02217908125 0
819 0.9811767046875 1 0.9900416546875 0.7461410390625 0.564838765625 0.6490202859374999 0.05847013125 0.91817890625 0 0.8424097890625 0 0.9805741296875 0.638290571875 1 0.9811767046875 1
1493 0.7427233125 0.4262037453125 0.7442232421874999 0.7175446796875 0.7608797546875 0.7181263375 0.7725393140625 0.7185334984375 0.783076103125 0.7033364140625 0.7796778609375 0.41859991875 0.7427233125 0.4262037453125
1493 0.12170148125 0.5401553671875 0.11004192343750001 0.53974820625 0.0703359609375 0.578386025 0.06638422187500001 0.5960366421875001 0.07409204375 0.6140944187499999 0.0874172546875 0.6145597453125 0.0994645859375 0.6038625640624999 0.1290990859375 0.5670966187500001 0.12805387031249998 0.5492715046875001 0.12170148125 0.5401553671875