2001 0.557901290625 0 0.5231059453125 0.0249723046875 0.4625226109375 0.12328399375000001 0.355477190625 0.500950159375 0.8749174953125 0.6600481671875 0.9746857 0.2805675875 0.9823455578125 0.20850991875 0.9841071124999999 0.1497751375 0.9678416703125 0.10133921406249999 0.5613922796875 0 0.557901290625 0
1250 0.3579029296875 0.5015549640625 0.470423065625 0.50495355625 0.529839278125 0.1943107453125 0.42079170625 0.17698446406249999 0.3579029296875 0.5015549640625
1334 0.31793357968749997 0.49652065156249997 0.3820496265625 0.49771307968749995 0.4188689046875 0.3293711921875 0.3545314640625 0.3083989015625 0.31793357968749997 0.49652065156249997
1754 0.7029262578125001 1 0.7902380140624999 0.6586598640625 0.474670509375 0.5602553859375 0.4601160734375 0.5566265578125 0.45074520781249994 0.5838771328125001 0.35456026406249996 0.9593199531250001 0.3728086578125 0.9688009546874999 0.4611123484375 0.6456359390624999 0.727007546875 0.7365868859375 0.665678234375 1 0.7029262578125001 1
735 0.4964716078125 0 0.46065035937500004 0.1721288453125 0.41836596718749997 0.176379659375 0.4050797484375 0.1779981984375 0.42916629687499996 0.060724507812499995 0.41461186093749997 0.05709567812500001 0.3069624046875 0.4888540640625 0.17483416093749998 0.8947845390625 0.1859160328125 0.9123410578125 0.189388596875 0.8984133671875 0.3407205609375 0.9114888375 0.3268303078125 0.9671995953125 0.34381048281250004 0.971433228125 0.440931553125 0.5715679812500001 0.4513492421875 0.5297849125 0.4682187203125 0.5241286140625 0.47169128281250006 0.5102009234375 0.46683980468749997 0.5089913140625 0.4619883265625 0.5077817046875001 0.5446656562500001 0.1141775609375 0.5361202203125 0.10711577812499999 0.5164423625000001 0.1860393546875 0.47763053437499997 0.176362478125 0.5119407265625 0 0.4964716078125 0
144 0 0.7527490718750001 0.07565079218750001 0.78622553125 0.045444548437499996 0.8970422453125 0.0732852015625 0.8990525343750001 0.11401983125 0.75634268125 0.22665066406249998 0.7696312062499999 0.1837116890625 0.9315161156249999 0.21039482187499997 0.93816896875 0.316997453125 0.520943078125 0.3267004109375 0.523362296875 0.3313304953125 0.50479204375 0.1952676984375 0.45114311406249996 0.0415099953125 0.43746284218750003 0.038037431249999996 0.4513905328125 0.04658286875 0.45845231406250003 0 0.6407207453125 0 0.7527490718750001
814 0.1153289984375 0.44107448906249996 0.1263001734375 0.44874107656250006 0.1324198703125 0.45519805468749996 0.1458167859375 0.463469446875 0.16026052500000001 0.45720834374999997 0.17123170000000001 0.4648749296875 0.18220287500000001 0.47254151718750004 0.1919058328125 0.4749607359375 0.21120104999999997 0.4699092421875 0.2180354796875 0.43216393125 0.22624882343750002 0.4095559203125 0.222333471875 0.383923884375 0.2328618578125 0.352030746875 0.2207331609375 0.34900672187500004 0.2126305140625 0.38150466562499996 0.204195775 0.384332815625 0.2179753296875 0.3187321234375 0.20468911250000002 0.3203506625 0.1906881625 0.3661714921875 0.173818684375 0.371827790625 0.1616899890625 0.3688037671875 0.162626115625 0.344381340625 0.16356224218749998 0.3199589140625 0.176184275 0.2590007875 0.164055578125 0.25597676406250003 0.14647136875 0.30583535 0.1346747640625 0.3324811203125 0.1126818640625 0.42068982187500004 0.1153289984375 0.44107448906249996
1416 0.5349217515625 0.4322739015625 0.5203673156249999 0.4286450734375 0.5030045000000001 0.4982835234375 0.509124196875 0.5047405 0.48575238125000003 0.5778119046875 0.5184445140625 0.5810318015625 0.5358073296875 0.5113933515625 0.5430845468750001 0.513207765625 0.5568641015625 0.4476070765625 0.5349217515625 0.4322739015625
1249 0.5252187937499999 0.42985468281249994 0.5397732296875 0.4334835109375 0.5603366656250001 0.4336793859375 0.6249460484375 0.3708896640625 0.59490105 0.3880544328125 0.6043826125 0.3706937890625 0.582772353125 0.385030409375 0.5850873953125 0.37574528281249997 0.596773303125 0.33920958125 0.577810178125 0.37393086875 0.5728480015625 0.362831328125 0.559561784375 0.3644498671875 0.5545996093750001 0.3533503265625 0.551952475 0.332965659375 0.5412026937500001 0.345078934375 0.535082996875 0.3386219578125 0.5324358625000001 0.3182372890625 0.522843603125 0.3257080015625 0.5157877796875 0.3436734515625 0.505974125 0.3313643 0.51275800625 0.39716086562499997 0.4909263515625 0.391717621875 0.5165626609375 0.41290296875 0.5252187937499999 0.42985468281249994
1416 0.786705303125 0.5591557468749999 0.7708826484375 0.5502795500000001 0.7477322281250001 0.643130815625 0.7719896203125 0.6491788625 0.8002129140625 0.57731706875 0.786705303125 0.5591557468749999
1249 0.8403435109374999 0.4886994359375 0.8307512499999999 0.4961701484375 0.8223165109374999 0.4989982984375 0.8127242515624999 0.5064690109375001 0.8089195968749999 0.49072690625000004 0.8017530765625 0.4988024234375 0.8014209843750001 0.4691326296875 0.7907819 0.4911358359375 0.789402984375 0.47599853750000004 0.777827775 0.5224241703125 0.7733083875 0.5508843546875 0.7818538234375 0.5579461375 0.7927143015625 0.55572279375 0.8026386546875001 0.5779218734375 0.8346666031250001 0.521802184375 0.8403435109374999 0.4886994359375
1334 0.8251344906250001 0.6427047046875 0.8603630593749999 0.6564193390625 0.8882542625 0.5548877515624999 0.8542939109375001 0.5464204859375 0.8251344906250001 0.6427047046875
1340 0.8219375078125 1 0.8659388703124999 0.83040034375 0.7543548625 0.802579325 0.70313554375 1 0.8219375078125 1
423 0.5719764890625 1 0.572595259375 0.8805407093750001 0.584613259375 0.8736748015625 0.5902901671875 0.8405720546875 0.655282190625 0.7039102484375 0.6832840906250001 0.61226859375 0.6091329953125 0.5789871515625 0.5972256921875 0.595742990625 0.56971713125 0.6234024953125 0.5430339984375 0.61674964375 0.5042221687499999 0.6070727687499999 0.479139346875 0.6353370765624999 0.45449931406250005 0.7031611125 0.439451540625 0.763514434375 0.43112749843750003 0.7762325156250001 0.4264974140625 0.79480276875 0.430191371875 0.8006549421875 0.3862055734375 0.9770723453124999 0.43356283749999996 0.9938110046874999 0.44629556875 0.9427428093750001 0.52877070625 0.9633061703125 0.5232388484375 1 0.5368278515625 1 0.539631184375 0.9610828250000001 0.5541856203125 0.964711653125 0.5553609125000001 1 0.5719764890625 1
1249 0.1869942046875 0.36031931875 0.20468911250000002 0.3203506625 0.227567590625 0.3112614125 0.21251981718750002 0.371614734375 0.224316421875 0.3449689640625 0.241075203125 0.32942273437499997 0.2565657640625 0.3086291375 0.258770109375 0.2894540796875 0.25970623593750003 0.265031653125 0.2380959765625 0.2793682734375 0.22133719531249998 0.294914503125 0.2105874140625 0.3070277796875 0.2305973640625 0.257773996875 0.222273321875 0.270492078125 0.2135064921875 0.24365043281249998 0.2007737609375 0.2947186296875 0.1915135921875 0.33185913437500003 0.1901346765625 0.316721834375 0.1837334359375 0.17705318750000001 0.1771805515625 0.34801016875 0.1869942046875 0.36031931875
407 0.11451025468750001 0 0.094363721875 0.08080332968750001 0.16493155625 0.1181225296875 0.263908709375 0 0.11451025468750001 0
1939 0.2647345390625 0 0.160190775 0.12680285156249999 0.001721090625 0.7727239531250001 0.5380367296874999 1 0.8906428125 1 0.9857266234375001 0.6186396671875001 1 0.5601418203125 1 0.10935718593749999 0.5613922828125 0 0.2647345390625 0
1939 0 0.759083878125 0.16134829687500002 0.12216028906250001 0.094363721875 0.08080332968750001 0.07700090625 0.1504417796875 0 0.4592755484375 0 0.759083878125
819 0.538245546875 1 0.0004528734375 0.767476584375 0 0.7677353124999999 0 0.88143453125 0.4632578234375 1 0.538245546875 1