2001 0.465036596875 0 0.07639261562500001 0.05462035 0.05515334374999999 0.1010907328125 0.050765792187500006 0.15968789218749999 0.0508516109375 0.23215149375 0.11040675312499999 0.6199818578125 0.6436317796875 0.5160517015625 0.576649628125 0.1292651375 0.5266745453125 0.025159328125 0.498403234375 0 0.465036596875 0
1250 0.6125387 0.1870334984375 0.5022774125 0.1928662890625 0.528897121875 0.5080180515625 0.641156109375 0.516399634375 0.6125387 0.1870334984375
1334 0.6646994125 0.3246541140625 0.59852221875 0.3387864234375 0.617543278125 0.5100547796875 0.6814327328124999 0.515570834375 0.6646994125 0.3246541140625
1754 0.2854656703125 1 0.24950596093750002 0.7115620890625001 0.5234515203125001 0.6489029953125 0.57749153125 0.9795279296875 0.5966309921875 0.9720063421875 0.540217421875 0.5885661718749999 0.5337463515625 0.56048535625 0.51889233125 0.562572953125 0.19476746875 0.627452575 0.249435715625 1 0.2854656703125 1
735 0.54025824375 0 0.55607625625 0.18047364375 0.516465534375 0.18604056875 0.505145234375 0.10549244843750001 0.49590845312500004 0.1116223046875 0.5369900328125 0.511712378125 0.5320386921875 0.51240824375 0.5270873515625001 0.5131041078125 0.5290850515625001 0.5273184828125 0.5452708734375 0.5347071359375 0.5512639734375 0.577350259375 0.606055703125 0.98517691875 0.62338539375 0.9827413890625 0.6153945937499999 0.92588389375 0.7672643046875 0.92869855 0.7692620046875 0.9429129250000001 0.782118325 0.9266109531250001 0.6931451828124999 0.5090930453125 0.6312164828125 0.0684474453125 0.6163624609375 0.0705350421875 0.628058621875 0.1896840265625 0.6150143703125 0.186685565625 0.5734059484375 0.178038115625 0.5554600265625 0 0.54025824375 0
144 1 0.811289196875 0.95527618125 0.5060749140625 0.9645129609374999 0.4999450578125 0.9625152609375001 0.4857306828125 0.8081698812500001 0.4832639578125 0.6672446109375 0.52239655625 0.6699082109375001 0.5413490546874999 0.6798108921875 0.5399573234374999 0.7422175625 0.9660406171875 0.7694499343750001 0.96221335625 0.7436677640625 0.796726925 0.857070621875 0.7952843234375 0.8826648625000001 0.941470325 0.910563134375 0.9423811890625 0.8921058640625 0.829014128125 0.9718052796875 0.8033179734375 0.99226025 0.930899409375 1 0.9298116578125001 1 0.811289196875
814 0.84723310625 0.294168965625 0.8534141359375 0.3561125203125 0.8517922953125 0.380499009375 0.8501704546875001 0.4048854984375 0.8377921031250001 0.40662516249999997 0.8216062828125 0.399236509375 0.8124716125000001 0.35220319375 0.7994273609375 0.3492047328125 0.8062742921874999 0.4158864125 0.79818138125 0.4121920859375 0.79352008125 0.3790252125 0.7811417296875 0.3807648765625 0.7882787 0.41358381718750004 0.7817055203125001 0.43866617343750003 0.7875106890625 0.4620088625 0.7903622203125 0.50026179375 0.8090237109375 0.5073025140625 0.8189263921875 0.5059107828125 0.8306388421875001 0.49943299375 0.84235129375 0.49295520625 0.85606144375 0.5006917921875 0.8702495656250001 0.49386607031249996 0.8770106765625 0.488084146875 0.8887231265625 0.4816063578125 0.8934865375 0.46161006093749996 0.8808344375000001 0.3715856921875 0.8718876968749999 0.3438528078125 0.85961145625 0.292429303125 0.84723310625 0.294168965625
1416 0.506036009375 0.5788749234375 0.49043026875000006 0.5037607921875 0.49719137968749993 0.497978871875 0.4872028796875 0.4269069984375 0.472348859375 0.42899459531249995 0.44892395625 0.44195017343750004 0.45577088750000005 0.5086318515625 0.463197896875 0.507588053125 0.47318639687499997 0.578659925 0.506036009375 0.5788749234375
1249 0.50063928125 0.3428795515625 0.49550001093749996 0.3242749859375 0.4867412 0.315842534375 0.48197779062499996 0.33583883124999997 0.4752166796875 0.3416207546875 0.46579196874999995 0.328450178125 0.461028559375 0.348446475 0.45493334843750005 0.3589665234375 0.44188909687500005 0.3559680625 0.43579388750000003 0.3664881109375 0.42056400624999996 0.32997484374999997 0.42836687656250005 0.367531909375 0.42969867656250005 0.3770081578125 0.40970538437500004 0.3604911875 0.41732032500000005 0.378747821875 0.38923412343749997 0.358536525 0.44692625625 0.4277357984375 0.46739751875 0.42969046093749996 0.4822515390625 0.42760286406250003 0.492632190625 0.41164882656249996 0.5203425328125 0.393259259375 0.49806150000000005 0.396390653125 0.5116858328125 0.3316636375 0.50063928125 0.3428795515625
1416 0.208681840625 0.5288628203125 0.1933498484375 0.5455127234375 0.21390692968749997 0.6199309890625 0.23866363124999998 0.6164516609375 0.22534563125 0.5216891671874999 0.208681840625 0.5288628203125
1249 0.2228699609375 0.5220371 0.22135023125000003 0.4932604171875 0.21469123125 0.44587917031249996 0.211737590625 0.46078940937499996 0.20345675000000002 0.4377946515625 0.2000251390625 0.46726719843750003 0.193742 0.45848681406249997 0.1883126890625 0.47374498750000005 0.179553878125 0.4653125359375 0.17146096718749998 0.461618209375 0.1627021578125 0.4531857578125 0.1648877875 0.4867005640625 0.19087417812500002 0.54586065625 0.20306459999999998 0.5248205609375 0.2136331796875 0.5281669546875001 0.2228699609375 0.5220371
1334 0.1427946859375 0.509132390625 0.108135303125 0.5140034499999999 0.1252607734375 0.6178942609375 0.16172992656250001 0.60793714375 0.1427946859375 0.509132390625
1340 0.24931468437499998 1 0.21541036875000003 0.774334440625 0.101529540625 0.7903393484375 0.13302925625 1 0.24931468437499998 1
423 0.4248564859375 1 0.4229582203125 0.9577607718750001 0.5071310062500001 0.9459310593750001 0.51445590625 0.9980504296875001 0.563303409375 0.9863536500000001 0.537999209375 0.8063049109374999 0.54228465 0.8008709203125 0.5396210499999999 0.781918421875 0.5326720093749999 0.7683999125 0.524015309375 0.7068042921875 0.5065997984374999 0.63677621875 0.4846088078125 0.606044875 0.44499808593749995 0.6116118 0.41776571406249996 0.615439059375 0.3932990515625 0.5850556484375 0.3832084421875 0.567146946875 0.3059846953125 0.5924951703125 0.3242540359375 0.6865617984375 0.374604978125 0.8292684734375 0.37679060781249996 0.862783278125 0.3880250890625 0.870867796875 0.37512864375 1 0.391493925 1 0.39753561875 0.9565019749999999 0.412389640625 0.954414378125 0.410893409375 1 0.4248564859375 1
1249 0.81904479375 0.327120840625 0.81171989375 0.27500146875000003 0.800195371875 0.30077968906249997 0.79324633125 0.2872611796875 0.8079982421875 0.3383367546875 0.79857353125 0.32516617812500004 0.78353158125 0.3079533421875 0.7635382890625 0.2914363734375 0.76191645 0.3158228625 0.7621043796875 0.33512329375 0.775336559375 0.3574221859375 0.7903785109375 0.3746350203125 0.7993252515625 0.40236790468750006 0.7906685515625 0.3407722828125 0.8124716125000001 0.35220319375 0.8258917234375 0.39380251875 0.8369382734374999 0.38258660624999996 0.84829115625 0.2118811828125 0.8273256328124999 0.3501155984375 0.82437199375 0.3650258375 0.81904479375 0.327120840625
407 0.7685966109375 0 0.87314996875 0.155238684375 0.94723214375 0.12550026875 0.92959423125 0 0.7685966109375 0
1939 0.46503659375 0 0 0.06535663124999999 0 0.5337440265625 0.004533015625 0.5672174890624999 0.06535663124999999 1 0.3878968953125 1 0.96704186875 0.8233142718750001 0.8769574390624999 0.1643670015625 0.7681480234375 0 0.46503659375 0
1939 1 0.5009630796875 0.95722064375 0.19657214218750002 0.94723214375 0.12550026875 0.8762915390625 0.1596288765625 0.9713273093750001 0.8178802812500001 1 0.8377609156249999 1 0.5009630796875
819 1 0.840643090625 0.9688516390625 0.8182282140625 0.3881789265625 1 0.4917761859375 1 1 0.9253505671875001 1 0.840643090625