1569 0.48253961093750003 0 0 0.033742456250000004 0 0.22353812187500002 0.15511823593750002 0.2126911984375 0.1620519375 0.34051890937499996 0.358318559375 0.337487325 0.35490095781250003 0.1452574625 0.5605851687500001 0.1335478 0.5646264875 0.162670165625 0.642994534375 0.16520967343749998 0.6314419484375 0 0.48253961093750003 0
1343 0 0.4887892171875 0.00702645625 0.5892722265625 0.1185676125 0.5787993296875 0.11579195625000001 0.3384073671875 0.1598707921875 0.337998253125 0.1556762890625 0.2206717109375 0 0.229162715625 0 0.4887892171875
1340 0.1139828453125 0.3412070515625 0.124352378125 0.7762100203125 0.37810568125 0.7638122187499999 0.36031368750000003 0.3373478125 0.1139828453125 0.3412070515625
1340 0.5798470703125 0.466348175 0.5587760578125 0.1363474828125 0.3588912140625 0.14497843593749998 0.3643732359375 0.4814155734375 0.5798470703125 0.466348175
1343 0.723543728125 0.17026983906249998 0.562631359375 0.162809678125 0.5732854046875 0.3438408046875 0.7261662 0.3224576265625 0.723543728125 0.17026983906249998
1343 0.7817124421874999 0.658067109375 0.7243570890625 0.325257309375 0.57546655 0.3463614640625 0.5864269671875 0.703800940625 0.7817124421874999 0.658067109375
1340 0.938142165625 0.4867377734375 0.93029298125 0.145119809375 0.7246087703125 0.1568294703125 0.7283473453125 0.32497828281249996 0.7269795609374999 0.47744509687500003 0.938142165625 0.4867377734375
735 0.46287858125000003 0.48522012343750004 0.46511078906250003 0.5171421734375 0.4718402421875 0.5273643156250001 0.48835931875 0.534228725 0.5061294546874999 0.5303129390625 0.5147373109375 0.6820821875 0.5805765375 0.6774782593750001 0.5659832984375 0.52612755 0.5877436890625 0.5219327359375 0.59678924375 0.5079343187500001 0.601286490625 0.4862344125 0.6172475140625 0.4851183078125 0.6797931203124999 0.7774674953125 0.69918635 0.768091853125 0.6312134109375 0.48414171718750004 0.664944571875 0.479109828125 0.6676327078125001 0.46020960625 0.3863196453125 0.47988093125000003 0.3874357484375 0.49584195624999994 0.42515716562500006 0.4905310390625 0.3993590828125 0.7810382828125 0.4162501953125 0.793223034375 0.44710357500000003 0.488996396875 0.46287858125000003 0.48522012343750004
851 0.402775684375 1 0.7378232515625001 0.9765711921875001 0.7256810671875 0.7742586984375001 0.6690734109375 0.767524378125 0.662748825 0.6770785703125 0.4624919453125 0.68038918125 0.45897584687500004 0.7447913328125 0.4210684140625 0.747442078125 0.417501253125 0.7824428375 0.3826539890625 0.7715137046875 0.3946314734375 1 0.402775684375 1
1340 0.3427457203125 1 0.33654719375000003 0.8576063359375 0.2048687390625 0.8668141890625 0.20716377187499999 1 0.3427457203125 1
1346 0.1772004046875 1 0.18816364531250002 0.8572896109375 0.15145620937499998 0.8197587687500001 0.147414890625 0.7906364031249999 0.0772133734375 0.7901990140625 0.076571428125 0.8383611140625 0.0711440953125 0.846760165625 0.0670188828125 0.8737804140625001 0.0754224921875 0.90794409375 0.066004903125 0.9166221703125 0.062065709375 0.9463025890625 0.0590566015625 0.9892838609375 0.032947204687499995 0.9886273718749999 0.033742456250000004 1 0.1772004046875 1
2001 0.866524909375 0 0.8718652406249999 0.6571093703125 1 0.7393379703125 1 0.5398819578125 0.9622477765624999 0 0.866524909375 0
1939 0.7831922359375 0 0.8080722031249999 0.6909751749999999 1 0.8611147640624999 1 0.522512953125 0.962320709375 0 0.7831922359375 0
1939 0.48253960625000003 0 0 0.033742456250000004 0 0.48878921249999996 0.020791734375000002 0.7861248640625 0.8060770749999999 0.6911146890625 0.781192084375 0 0.48253960625000003 0
819 1 0.8650237625000001 0.8080722031249999 0.6909751749999999 0.020791734375000002 0.7861248640625 0.035747340625 1 0.479232146875 1 1 0.9635843640624999 1 0.8650237625000001