1569 0.05180899375 0 0.0372016046875 0.138980021875 0.21024841562500002 0.157167975 0.194879728125 0.28425772031249996 0.38869105 0.315353534375 0.4187057328125 0.1254506140625 0.6232985015625 0.1496355375 0.6222213765625 0.17901723593750002 0.6989578562500001 0.19512663125000002 0.7173548656250001 0.020090776562500003 0.5262038921875 0 0.05180899375 0
1343 0 0.502391990625 0.11067906875 0.5113671515625 0.14968920624999998 0.2741452953125 0.1931694265625 0.28139660625 0.20941218749999999 0.16512415 0.0366441203125 0.144284140625 0 0.49292965625 0 0.502391990625
1340 0.33414701875 0.7386375921874999 0.39068009375 0.31556259062500003 0.1474214203125 0.27658829687500003 0.08209594375 0.70678324375 0.33414701875 0.7386375921874999
1340 0.4226838203125 0.125868728125 0.3696608625 0.4581465734375 0.5844775921875 0.48072472031249996 0.6210307140625 0.1520785375 0.4226838203125 0.125868728125
1343 0.59928879375 0.35893909218750003 0.7535601359374999 0.3644282421875 0.7774046375 0.21409714218749998 0.6202323328125 0.178808178125 0.59928879375 0.35893909218750003
1343 0.6009990953125001 0.3618002078125 0.549724284375 0.7157126328125 0.74998453125 0.7045845671875 0.75129235 0.3668712421875 0.6009990953125001 0.3618002078125
1340 0.7807873953125 0.20104590625 0.7552704375 0.36728935625000003 0.7274478484375 0.51720234375 0.9337887640625 0.5630218453125 0.9853801624999999 0.225230828125 0.7807873953125 0.20104590625
735 0.4675162890625 0.5220587 0.48259241093750005 0.53168733125 0.5007725484375001 0.5309167859375 0.482895178125 0.68187505625 0.5485336234375 0.6887739359375 0.5604438609375 0.53718849375 0.5826020859375001 0.5368360609375 0.5939410171875 0.5246210546875 0.6021380890625 0.5040317562500001 0.618050440625 0.5057042125 0.628879934375 0.8044728890625 0.6496066 0.7986072828124999 0.631973746875 0.5071676109375 0.6660662328125 0.5080695203125 0.67199551875 0.48992322499999996 0.39154034531250004 0.4604461984375 0.3898678890625 0.47635854999999994 0.42793846406249997 0.477678571875 0.352086259375 0.7592925687500001 0.36660489687500003 0.7742253171875 0.4498179453125 0.47997819843749995 0.4660090390625 0.478998596875 0.462664128125 0.510823296875 0.4675162890625 0.5220587
851 0.652677728125 1 0.6746279421875 0.8092811984375 0.6200496859375 0.7928193718750001 0.6295269328125 0.7026493859375 0.43173752500000007 0.6711354593750001 0.417091528125 0.7339486328125 0.37929969531249996 0.7299765515625001 0.36970891093749997 0.763826140625 0.3372888796875 0.74701188125 0.30933893125 0.9746707875 0.550330284375 1 0.652677728125 1
1340 0.1218113296875 0.9603235531250001 0.2570663078125 0.9745394234375 0.2769327203125 0.823790209375 0.14565583124999998 0.809992453125 0.1218113296875 0.9603235531250001
1346 0 0.9475206671875 0.089986628125 0.9569786421875 0.13085845000000002 0.7977117640625 0.1012258453125 0.7543769203124999 0.10230296875 0.7249952203125 0.033243921875 0.7123741124999999 0.02424846875 0.7596930484375 0.017445109375 0.767022053125 0.0086905515625 0.7929154671875 0.011034029687499999 0.8280193953125 0.0002525828125 0.8349302859375 0 0.8357284546875 0 0.9475206671875
2001 1 0.051100484375 0.951783290625 0.047411553125 0.838934015625 0.719296246875 0.9635967765625001 0.8342903359375 1 0.48793680312500004 1 0.051100484375
1939 1 0.050486784375 0.8682434515624999 0.038631162499999996 0.770229403125 0.741570009375 0.9513699499999999 0.9697543703125 1 0.497190403125 1 0.050486784375
1939 0.051808995312499995 0 0 0.49292965625 0 0.699735403125 0.768240359375 0.7413609531249999 0.8662544078125001 0.03842210625 0.7989056609375 0.028662110937500002 0.5262038890625 0 0.051808995312499995 0
819 0.9469308156249999 1 0.9491021625 0.9721973734375 0.770229403125 0.741570009375 0 0.6997381671875 0 0.947520665625 0.49930750625 1 0.9469308156249999 1