1313 0.649563125 1 0.6742053390625 0.87041515 0.6823203890625 0.8126735703125 0.688158184375 0.7869970859375 0.706457865625 0.78368073125 0.7114841562499999 0.7637784046875 0.7191274265625001 0.6618089671875 0.723590703125 0.6300510984375001 0.722713171875 0.58871031875 0.720369890625 0.5736604734374999 0.71309155 0.5461406359375001 0.7340742421875001 0.5078721078124999 0.7433153156250001 0.4738416109375 0.7432492875000001 0.42672667343750004 0.7358136890625 0.384464215625 0.7275665859375 0.347975915625 0.7240972796875 0.3092149875 0.7002995265624999 0.288205809375 0.675690271875 0.2729707890625 0.6641971484375 0.259579121875 0.653515528125 0.2404132953125 0.6412109 0.2327957859375 0.6343383140625 0.2023888703125 0.6101348093750001 0.184266771875 0.59783018125 0.1766492609375 0.57094366875 0.193479334375 0.561139584375 0.2156542890625 0.5554590484374999 0.25607339375 0.5508385109375 0.2730886421875 0.5631431390625 0.2807061515625 0.5633003999999999 0.29544877187499996 0.5768222859375001 0.2944050453125 0.5734190046875 0.30275905625 0.546689753125 0.33433175 0.5354199171875 0.382797640625 0.5248043250000001 0.4107467546875 0.5106281953125 0.4323072578125 0.49192275937499996 0.4385106921875 0.469499525 0.423582896875 0.46359570312500004 0.40214444374999997 0.45947215156250004 0.38390029375 0.4471675234375 0.3762827828125 0.44036096406249997 0.39299080468750003 0.4303996171875 0.40042314062499995 0.4271535984375 0.4235197734375 0.4316829015625 0.43887684374999997 0.443176025 0.4522685109375 0.44333328437499997 0.46701113124999993 0.4404930171875 0.48722068281249997 0.463885015625 0.511116940625 0.5203158421875 0.5219918796874999 0.5394270296875 0.5129013671875 0.5497941281250001 0.502581953125 0.5583809578125 0.489068234375 0.56063300625 0.5364904 0.543789484375 0.7990925296875 0.523973640625 0.9876743359375 0.6116752984375 1 0.649563125 1
1340 1 0.06535663124999999 0.7083989609375 0.024374778125 0.6429563734375 0.601054059375 0.9803473281249999 0.6747994296875001 1 0.534963403125 1 0.06535663124999999
1567 0.072190359375 0 0 0.5221711828125 0 0.9178239687499999 0.3194563140625 0.9677636109375 0.4434557484375 0.8468177203125 0.469515140625 0.6296723515625 0.55657548125 0.5653611890625 0.5607902671875 0.55123301875 0.3823731546875 0.4407791203125 0.43774695937499997 0 0.072190359375 0
1416 0.18486047187500002 0.5455051906249999 0.1893237484375 0.5137473234375001 0.16786927812500002 0.5077879890625 0.1509441140625 0.5171857281250001 0.1387715390625 0.6037980953125001 0.166784075 0.6106791046875 0.18152321875 0.600974140625 0.1897955265625 0.5579751828124999 0.18486047187500002 0.5455051906249999
1416 0.28372845625 0.524070934375 0.2849457140625 0.5154096984375001 0.2846311953125 0.48592445937499995 0.257993175 0.4851248328125 0.253529896875 0.5168827 0.2483463484375 0.5220424078125 0.23845102968749998 0.5765896828125 0.24678936562499998 0.5807056625 0.2599054984375 0.5825490156249999 0.28120270937499997 0.5737657281249999 0.28372845625 0.524070934375
1416 0.1511769890625 0.293466575 0.1540172578125 0.27325702343749997 0.14389865156249998 0.26594673750000003 0.1260047203125 0.2663760125 0.1223529484375 0.2923597234375 0.11682967343749999 0.3475214484375 0.136098121875 0.35317355625 0.1613616234375 0.3478917984375 0.1617013484375 0.2978897796875 0.1511769890625 0.293466575
1416 0.2542345546875 0.3373914078125 0.25935207656250003 0.2851167609375 0.2549800328125 0.2845023109375 0.2578203 0.264292759375 0.2315880328125 0.26060605468750003 0.22874776562500002 0.28081560625 0.223564215625 0.2859753140625 0.2196639515625 0.329588721875 0.24071266875 0.338435134375 0.2542345546875 0.3373914078125
1416 0.2396622609375 0.0762622796875 0.231141459375 0.13689093593749999 0.25777947968750003 0.1376905625 0.264114259375 0.07675467968750001 0.2396622609375 0.0762622796875
1416 0.23529021718749998 0.0756478296875 0.21424150000000003 0.0668014171875 0.20337741562499997 0.112380228125 0.1995683828125 0.12362131875 0.22936119062500002 0.1336966328125 0.23529021718749998 0.0756478296875
1416 0.20112536718750001 0.0649580640625 0.1788593921875 0.0647728890625 0.1685583203125 0.12220724375 0.198756878125 0.1293954765625 0.20112536718750001 0.0649580640625
1416 0.19510510625 0.1553791875 0.162314771875 0.15077080625 0.163440796875 0.1744818875 0.159631765625 0.185722978125 0.15054795 0.2344960953125 0.190302103125 0.2371390734375 0.19623113125 0.17909026875 0.19510510625 0.1553791875
1416 0.23598528437500002 0.181733246875 0.2304620078125 0.23689497187500003 0.2676243859375 0.24211780312500003 0.27533368281250004 0.187263303125 0.23598528437500002 0.181733246875
1865 0.4970211 0.9573894703124999 0.5101372328125 0.9592328234374999 0.5236591203125001 0.9581890953125001 0.5416034609375 0.7987853046875 0.49269946875 0.7978005031250001 0.4731825265625 0.8097780953125 0.47171677812499996 0.8360690312499999 0.46716226718750004 0.9001992187500001 0.46982006875 0.944734303125 0.4970211 0.9573894703124999
1416 0.25386003281249997 0.7524573953125 0.21960395 0.77413995 0.20977465624999997 0.8758021640625 0.22248503749999998 0.8805325937499999 0.2403789671875 0.88010331875 0.25374359375 0.864316971875 0.269567940625 0.7517208937500001 0.25386003281249997 0.7524573953125
1416 0.2985240359375 0.8470576234375 0.2590844046875 0.873899884375 0.2564674234375 0.9559669968750001 0.2918495296875 0.9579955234374999 0.3069944265625 0.94540348125 0.31657522656250003 0.861370965625 0.2985240359375 0.8470576234375
1939 0.4381287734375 0 0.3520485671875 0.831027175 0.776777775 1 0.9324141671874999 1 1 0.5191018171875 1 0.0680069484375 0.5318565875 0 0.4381287734375 0
819 0.774750475 1 0.43090262656249995 0.8568299093749999 0.323828359375 0.9683780609375001 0.481221959375 0.9904982890625 0.545613215625 1 0.774750475 1
1812 0.400880509375 0.29323087187499997 0.40421776249999997 0.237761921875 0.3871353375 0.2324170390625 0.37142742812499996 0.233153540625 0.36371813125 0.28800804062499996 0.3873586234375 0.29427459843750003 0.400880509375 0.29323087187499997
1812 0.3674611375 0.229652009375 0.336856825 0.2253508546875 0.3318965625 0.29236812031250003 0.36112635625 0.29058789375 0.3674611375 0.229652009375