1749 0.4476388390625 0.9601200593750001 0.44252453125 0.9795268015625 0.4532421828125 0.9859296203125 0.4650196859375 0.97672379375 0.4688731921875 0.916477675 0.53472265625 0.9461407390625001 0.53559223125 0.9508070765625 0.54515223125 0.9637752796875001 0.555674271875 0.9520915796875 0.551424196875 0.9378031531250001 0.5488154671875 0.92380414375 0.47929742500000005 0.8957507109374999 0.4972544265625 0.8898910000000001 0.5055589656249999 0.9003813296875001 0.5107710812499999 0.8900178484374999 0.5113472375 0.8675544046875 0.508836315625 0.8625986546875 0.47089507968750005 0.8762171234375 0.484884740625 0.8064757625000001 0.48903700937499994 0.8117209265625001 0.501298203125 0.8093698984375 0.5709087078125 0.8081050875000001 0.581235134375 0.778334865625 0.5598922921875 0.736210984375 0.5301524453125 0.71291501875 0.480623978125 0.7154643328125 0.484385021875 0.6845364546875 0.4846677546875 0.6349432312500001 0.476841565625 0.5929461984375 0.464960915625 0.5547472609375 0.4365743375 0.5429724296875 0.42460656406249997 0.5724532390625 0.42625325468749997 0.6111041562499999 0.40840474374999997 0.7027301328125 0.399235971875 0.7259349703125 0.3962467015625 0.752485925 0.409670890625 0.7819310125000001 0.43477477656249996 0.7931270171875 0.4463620078125 0.8041961734375 0.46644404687499996 0.8054806749999999 0.449557578125 0.872454746875 0.40581738593749994 0.8421771328125001 0.3962627296875 0.8675704328125 0.407849959375 0.8786395890625001 0.413931653125 0.8729424437500001 0.4316983828125 0.8873577156250001 0.3633433390625 0.891100403125 0.35504414375 0.918971578125 0.36740314375 0.925663809375 0.37889256875 0.9276897046875 0.3815937625 0.9123704734375 0.44830745937499994 0.9083383734374999 0.4476388390625 0.9601200593750001
423 0.31351610937499996 0.8281584328125 0.364860165625 0.6905390406249999 0.3816595125 0.691244715625 0.371338428125 0.7593764421875 0.38070281562499997 0.754258125 0.3906380140625 0.6883148593749999 0.416611475 0.7041772015625 0.42724735 0.8166212671874999 0.43738350625000005 0.807126028125 0.418828978125 0.6820031703125 0.41660613281250003 0.6658156984375 0.4187258265625 0.6345984078125 0.4034700203125 0.6251388859375 0.3768225953125 0.6226967296875 0.3901329515625 0.52801405 0.38858406875 0.49840639375 0.3803773375 0.49695932656249997 0.37767614374999997 0.51227855625 0.37275210468750003 0.511410315625 0.360393103125 0.504718084375 0.345909065625 0.49088164062499995 0.33712083593750003 0.47353651250000006 0.3293977953125 0.4789442421875 0.3266966015625 0.4942634734375 0.3244791 0.5164375046874999 0.3227559765625 0.6221893390625 0.3105925890625 0.633583628125 0.31532635625 0.6547268500000001 0.3219895484375 0.664927765625 0.2722814984375 0.7644750671875 0.284928575 0.7599355765625 0.3330930875 0.6691421234375 0.35288705 0.681658346875 0.30405391718749997 0.8242334874999999 0.31351610937499996 0.8281584328125
2001 0.03085770625 0.36763447656250003 0.184274678125 0.390173021875 0.24418997656250002 0.098366225 0.09337639375 0.05146518906250001 0.03085770625 0.36763447656250003
407 0.3027415828125 0 0.5114306531249999 0.0800493625 1 0.08918390000000001 1 0.0826084015625 0.537774659375 0 0.3027415828125 0
872 0 0.6363293796875 0.17996419375 0.6353718578125 0.21623736875000002 0.429656459375 0.1856279453125 0.40169415781250006 0.0318250890625 0.3813440734375 0 0.5938203046874999 0 0.6363293796875
1564 1 0.19162158125 0.987230796875 0.184254296875 0.6005523859374999 0.14089400000000002 0.647477465625 0.16270717968749998 1 0.21136725156249997 1 0.19162158125
1564 0.6227754921875001 0.2644072234375 0.9718060875000001 0.34851577031250003 0.97450728125 0.3331965375 0.620552646875 0.24821975 0.580872259375 0.25250554531249997 0.6227754921875001 0.2644072234375
1567 0.6660693921874999 0.5563605578125 0.70659264375 0.364933584375 0.6029922156249999 0.3286140046875 0.5715185593750001 0.3343468671875 0.5316692703125 0.5123536578125 0.6251335421875 0.558168478125 0.6660693921874999 0.5563605578125
316 0.7543979843749999 0.46813610624999996 0.7246795078125 0.598286153125 0.79555081875 0.63786071875 0.8278940515625001 0.63679419375 0.8551016046875001 0.501688396875 0.800257871875 0.467196428125 0.7543979843749999 0.46813610624999996
1567 0.630585653125 0.191319746875 0.5259253765625 0.17060881249999998 0.48904399062500004 0.1686186375 0.3885076328125 0.6428091453125 0.45725924687499997 0.713601003125 0.5222337921875 0.700236228125 0.60135086875 0.32832459062499997 0.630585653125 0.191319746875
872 0.2094106203125 0.6315380421875 0.2368351578125 0.667964778125 0.3818497828125 0.6709697328125 0.43713446562499997 0.40542447812500004 0.435781196875 0.3939033421875 0.2631517625 0.3747466328125 0.2094106203125 0.6315380421875
1754 0.77383811875 0.713009809375 0.8778137453125 0.670417921875 0.5692246203125 0.50092365 0.446417071875 0.506347409375 0.77383811875 0.713009809375
706 0.8350559265624999 1 0.9111297031250001 0.721422496875 0.8576338984375 0.6600901593749999 0.74255473125 0.698467690625 0.6757806265624999 0.96198705 0.718795525 1 0.8350559265624999 1
1050 0.480092203125 0.3633560078125 0.48974466562499996 0.3470059671875 0.5027776296875001 0.3402780171875 0.5213107875 0.31195486250000004 0.5275827515625 0.2859827359375 0.5173487890625 0.286434715625 0.4958210171875 0.302947321875 0.47333120468749995 0.34411183125 0.47217355000000005 0.3506772171875 0.4649342015625 0.3629397453125 0.45422189062499996 0.3948984296875 0.42382945312500003 0.538468659375 0.391605396875 0.7020244578125 0.4027089359375 0.706238815625 0.4460258453125 0.47017436874999996 0.4688962 0.38845989375 0.480092203125 0.3633560078125
1050 0.8168562640625 0.4114540796875 0.8016982625000001 0.41103781875 0.7949426046875 0.4301551453125 0.7975513359375 0.44415415625000004 0.8096222578125 0.46207811093749995 0.8293184124999999 0.46555107500000004 0.83201960625 0.45023184218749995 0.8285413015625 0.4315664953125 0.8353947640625 0.4214924265625 0.9273208390625 0.514422596875 0.9324351500000001 0.4950158546875 0.8562485734375 0.41840000625 0.8484277265625 0.41476447656250004 0.8515148046875 0.3972567828125 0.840313459375 0.383999165625 0.8168562640625 0.4114540796875
1939 0.0821425625 0 0 0.465853621875 0 0.6382176234375 0.4026982515625 0.6295158078124999 0.5077620765625 0.08165899843749999 0.29533384375 0 0.0821425625 0
1939 1 0.09151947499999999 0.5097893078125 0.07975994843749999 0.4072364046875 0.6325725125 0.8440675203125 0.9961735781250001 1 0.380267203125 1 0.09151947499999999
1939 1 0.388176490625 0.8460947531249999 0.99427453125 0.9252545718749999 0.9292549171875001 1 0.5102033953125 1 0.388176490625
819 0.84393586875 1 0.40559505781249994 0.6322830984375 0 0.6384155953125 0 0.913133771875 0.480051815625 1 0.84393586875 1
1493 0.24335779999999999 0.362230409375 0.1808337703125 0.6400381937499999 0.1879806546875 0.6570939078125 0.199470078125 0.6591198031250001 0.215883540625 0.6620139390625 0.277923878125 0.37735135625 0.24335779999999999 0.362230409375
1493 0.903977478125 0.6660052796875 0.8731724406250001 0.6199564546875 0.86168301875 0.617930559375 0.85357409375 0.6255267515625 0.8488456671875 0.6427450328125001 0.8701885125000001 0.6848689125 0.8797485109375 0.697837115625 0.8928792828125 0.700152425 0.9041730921875001 0.6840918 0.903977478125 0.6660052796875