407 0.3594896109375 0.2153581359375 0.9869887125 0.296469525 0.9714674515624999 0.07450517031250001 0.301011525 0.163059965625 0.3594896109375 0.2153581359375
1939 0.48253961562500003 0 0 0.0337424578125 0 0.20583160625 0.9697567203125 0.07243991250000001 0.9675369375 0.0182961984375 0.9662575421874999 0 0.48253961562500003 0
1939 0 0.4647171265625 0.0333606671875 0.9273420984375 0.17348354375 0.82565324375 0.13959693906249998 0.40825028124999996 0.23583987031250003 0.41822768593750004 0.26264539375 0.756765821875 0.2953779640625 0.7544769375 0.4076295703125 0.67979808125 0.3614842828125 0.2214839171875 0.309095646875 0.1666715109375 0 0.20800031406250002 0 0.4647171265625
676 0.2610867 0.756874815625 0.23471715468749998 0.42457145625 0.1445636734375 0.412079815625 0.1721756109375 0.8069489187500001 0.195120040625 0.7990792250000001 0.2610867 0.756874815625
676 0.5669069921875 0.672837159375 0.546601246875 0.40485081562499997 0.45960504375 0.415111025 0.4828828515625 0.680801121875 0.5669069921875 0.672837159375
676 0.5795218703125 0.6740434625 0.66695405 0.6700180296875 0.6493297140625 0.395578921875 0.559070796875 0.403978859375 0.5795218703125 0.6740434625
1939 1 0.4835275640625 0.9854519265624999 0.2968918234375 0.36119363125000004 0.2173274 0.407774896875 0.6818763390625 0.7155642109375 0.6707957171875 1 0.686508590625 1 0.4835275640625
676 0.799007046875 0.6545187218749999 0.8821991234375 0.6570550484375001 0.86044011875 0.36828612031249996 0.778119996875 0.3782193453125 0.799007046875 0.6545187218749999
2001 0.9998790906250001 0.525609246875 0.9879623593750001 0.3551920546875 0.8680882609375 0.3656628890625 0.8797143406249999 0.5319235640625 0.9998790906250001 0.525609246875
819 1 0.6885425359374999 0.704653353125 0.6715586796874999 0.40748424375000003 0.677719821875 0.2938192703125 0.7545859312500001 0.2623547421875 0.75260930625 0.172030284375 0.8048706609374999 0.1731928921875 0.8214967281250001 0.0336513203125 0.931498615625 0.037344175 1 0.45772876562500003 1 1 0.9620806999999999 1 0.6885425359374999
1603 0.18823275 0.342196715625 0.1757632 0.343068671875 0.179792434375 0.378290071875 0.205312840625 0.38485919218750003 0.21919575937500002 0.381799984375 0.21672521718749999 0.346469590625 0.18823275 0.342196715625
477 0.17641004531249999 0.30752029062499997 0.1772820015625 0.319989840625 0.19062350781249998 0.3315874359375 0.20153436406249997 0.330824475 0.20533849062499998 0.318027940625 0.2038852296875 0.2972453546875 0.1952198046875 0.2853207765625 0.181046234375 0.28422346875 0.17641004531249999 0.30752029062499997
261 0.0234785 0.7860205234375 0.16295453124999998 0.719880053125 0.138328896875 0.41251579375 0.0008332968749999999 0.3949809546875 0.0234785 0.7860205234375
261 0.38782817812500003 0.62061853125 0.3731901453125 0.43368426718749997 0.294528825 0.4287426984375 0.313777396875 0.6592113953125 0.38782817812500003 0.62061853125
1050 0.6099634468749999 0.168605409375 0.6126847484375 0.18512248281250002 0.7737060828125 0.2031006640625 0.7772195578125001 0.1861476125 0.6099634468749999 0.168605409375
1050 0.9808014953124999 0.230387553125 0.9797842125 0.2158397453125 0.914860484375 0.2057607109375 0.906525603125 0.22096248593749998 0.9808014953124999 0.230387553125
1050 0.4392992984375 0.1471246796875 0.3972145640625 0.15006753125 0.4895080453125 0.1707632109375 0.48182000937499997 0.1504166046875 0.4392992984375 0.1471246796875
1050 0.4151666109375 0.205199559375 0.41944660625 0.2216076375 0.5359525578125 0.2301681125 0.5304045203125 0.2180255453125 0.4151666109375 0.205199559375
1050 0.631468859375 0.2297542234375 0.6310727734375 0.2464892859375 0.754249478125 0.260848559375 0.7579082765625 0.245973765625 0.631468859375 0.2297542234375