407 0.48253960781250005 0 0.1791292796875 0.0212165171875 0.25036502031249996 0.1219615234375 0.815119046875 0.0785542859375 0.8125420875 0 0.48253960781250005 0
676 0.455609634375 0.5931672156250001 0.48315926249999996 0.595156546875 0.47089738125 0.419803490625 0.440268478125 0.42977685 0.455609634375 0.5931672156250001
676 0.5613397359375 0.4252265125 0.50261623125 0.42541707031250003 0.50989143125 0.5854556750000001 0.56834245 0.58136838125 0.5613397359375 0.4252265125
909 0.4895903 0.5751279015625 0.5088014859375 0.5698687359375 0.500544971875 0.50779346875 0.477164565625 0.5094283859375001 0.4895903 0.5751279015625
1874 0.49220653125 0.500544971875 0.4997275140625 0.49610326562499996 0.5056135796875 0.46828115156249994 0.49591270625000006 0.44154898124999997 0.4767015203125 0.44680814687500003 0.48024384062500003 0.497465696875 0.49220653125 0.500544971875
2001 0.6938287109375 0.4159619796875 0.604203815625 0.42222916406250005 0.6071192375 0.5199200140625 0.700913353125 0.5172770796874999 0.6938287109375 0.4159619796875
2001 0.405470353125 0.4361259609375 0.312221209375 0.446562365625 0.31985082343750004 0.5556709328125 0.40947571875 0.54940375 0.405470353125 0.4361259609375
1939 0.4667281609375 0.41617924375 0.4753390890625 0.427324475 0.56106725 0.4213297765625 0.5680699640625 0.5774716468750001 0.6112065296875 0.5783710328125 0.6079366953124999 0.5316102171875 0.7365289359375 0.522618171875 0.7345129015625 0.3817907546875 0.2708014875 0.414216615625 0.2805290640625 0.60932583125 0.4519853859375 0.5973364375 0.43609925625 0.4261526015625 0.4667281609375 0.41617924375
1939 0.7278913046875 0.3430958953125 0.7120318796875 0.34028910625000003 0.6766887828125 0.338844746875 0.5898706781249999 0.32925250625 0.5230812171875 0.326091303125 0.46463019843750003 0.330178596875 0.390864728125 0.33925256875 0.3176442296875 0.3561200109375 0.2678041390625 0.3713525359375 0.26300801875 0.41476158906249994 0.7345129015625 0.3817907546875 0.7278913046875 0.3430958953125
1939 0.24646828593749998 0.122234009375 0.2486481765625 0.15340788593750002 0.27167417031249996 0.20270300468750002 0.233251796875 0.2132213359375 0.24935518750000002 0.6115057203125 0.28080155 0.613222565625 0.26363491875 0.3677282875 0.329061946875 0.35140581718749997 0.417869384375 0.33344843125 0.48801060625000003 0.328543678125 0.546461625 0.3244563859375 0.6330072437500001 0.3301518921875 0.72761881875 0.3391991609375 0.7535869374999999 0.6545621749999999 0.79309925625 0.6596307828125 0.8646029093750001 0.6742097031250001 0.8190157812500001 0.0782818 0.24646828593749998 0.122234009375
1050 0.4825396203125 0 0.42693376406250005 0.0038883406250000002 0.41555415937499995 0.020347234375000002 0.4269985796875 0.18401008593749998 0.428088525 0.199597025 0.4403237015625 0.206573034375 0.460352346875 0.2130040734375 0.48790197500000004 0.21499340312499998 0.5151791171875 0.21308600000000003 0.5491597828125 0.19504668593750002 0.555318334375 0.17112130625 0.5497866828125 0.148013384375 0.5390777921875001 0.05086750625000001 0.5463262890625 0.042529065625 0.5436014265625 0.00356171875 0.5350302124999999 0 0.4825396203125 0
1050 0.4035362453125 0.2404717734375 0.4149539625 0.2357575796875 0.4138640171875 0.2201706421875 0.401901328125 0.21709136562500003 0.382962628125 0.2262472671875 0.38794930625 0.24156171875000002 0.3957427765625 0.24101674687500002 0.4035362453125 0.2404717734375
1050 0.5939312671875 0.2193264796875 0.5931138078125 0.20763627499999998 0.58115111875 0.20455700000000002 0.5694609140625 0.2053744578125 0.5627573906250001 0.22150636875 0.574992565625 0.22848237968750001 0.5866827703124999 0.2276649203125 0.5939312671875 0.2193264796875
676 0.8175643828125001 0 0.8892085968749999 0.97008904375 1 0.9623417546875 1 0.5727743937499999 0.9621954390624999 0 0.8175643828125001 0