407 0.2613096171875 0 0.2546892265625 0.034447503125 0.8056998046875 0.16566731875000001 0.8918185078124999 0.0773063765625 0.5569678015624999 0 0.2613096171875 0
676 0.5017476375000001 0.596619484375 0.5292692828125001 0.59896435625 0.5699814484375 0.4399854828125 0.5412898140625 0.4253434953125 0.5017476375000001 0.596619484375
676 0.5090833203125 0.4259260421875 0.451112609375 0.41655144843749997 0.41977013906250005 0.5696754859375 0.47686213593750004 0.5828562125000001 0.5090833203125 0.4259260421875
909 0.4803769953125 0.5676316796875 0.49852894687499993 0.5758313890625 0.5210793687499999 0.51288455625 0.4982425703125 0.507612265625 0.4803769953125 0.5676316796875
1874 0.5199093796875001 0.5005874421875001 0.5313326765624999 0.4511077125 0.5131807265624999 0.44290800468749997 0.4994174546875 0.4677935046875 0.5008787156250001 0.4961938671875 0.507612265625 0.5017574296875 0.5199093796875001 0.5005874421875001
2001 0.4092451453125 0.4068855828125 0.321704084375 0.38667513750000004 0.29885749375000004 0.48563459687500005 0.3910834015625 0.502917625 0.4092451453125 0.4068855828125
2001 0.693826409375 0.47659534531250003 0.6033579312499999 0.4517000515625 0.581681328125 0.562956625 0.6692223890625 0.5831670718749999 0.693826409375 0.47659534531250003
1939 0.38844725625 0.5143360234375 0.3779026765625 0.5600096203125 0.42064885468749996 0.565869353125 0.45199132343750004 0.41274531562499994 0.5357262515625 0.43207704687500004 0.5459746625 0.42241607812500004 0.574666296875 0.4370580640625 0.5321967015625 0.6036492046874999 0.69966655625 0.6423126671875 0.7397961765625001 0.4511272984375 0.286866340625 0.34656020625 0.262844865625 0.48533842656250004 0.38844725625 0.5143360234375
1939 0.504408265625 0.324621709375 0.43794657187499997 0.3172958203125 0.350696784375 0.3131886203125 0.315562871875 0.30908631875000003 0.299459625 0.309377590625 0.286866340625 0.34656020625 0.7474084421875 0.452884728125 0.7494620421875 0.40925983437499996 0.7026184578125 0.3864181390625 0.6329380734375001 0.3583041546875 0.5615002609374999 0.3378024359375 0.504408265625 0.324621709375
1939 0.4815714671875 0.31934941875 0.5386634625 0.33253014531249997 0.6071738578125 0.34834701562500003 0.6920787734375 0.3799758609375 0.7541468906250001 0.4063324171875 0.698787840625 0.6461188 0.7301156203125 0.6493423875000001 0.8083261578125001 0.25848066875 0.77202225625 0.242081253125 0.8024762187500001 0.19699509843750002 0.8095059390625 0.16654603437499998 0.2508830921875 0.0335687875 0.11263355625 0.6150284312500001 0.1855375265625 0.6118146375 0.2253562875 0.612989521875 0.30033834062500003 0.3055714578125 0.39520039375 0.3114360875 0.4815714671875 0.31934941875
1050 0.5464195984375 0 0.5345954359375 0.0028529328125 0.5258082859375001 0.0409142625 0.5316631218750001 0.050283959375 0.5058891125 0.144558571875 0.49681068906250003 0.16651665468750002 0.4991506640625 0.1911108828125 0.5298910015625 0.21424384999999999 0.5565339328125 0.22039485625 0.5840555796875 0.222739728125 0.6048436749999999 0.2195210375 0.6180195046875 0.21454491718750002 0.6215343640625 0.199320384375 0.658440396875 0.0394627953125 0.64977563125 0.021426375 0.5569678046875 0 0.5464195984375 0
1050 0.635875284375 0.25875725312500003 0.6434875515625 0.2605146828125 0.6510998171875 0.2622721125 0.6584208109375 0.24792629531250002 0.641147575 0.2359204546875 0.6288504609375 0.23709044218750003 0.6253356015625 0.252314975 0.635875284375 0.25875725312500003
1050 0.4511321953125 0.2080879484375 0.45698703125 0.21745764531249998 0.4684054296875 0.220093790625 0.48158125937499996 0.21511766875 0.477483853125 0.19813570625000002 0.46606545468749994 0.1954995609375 0.45376834062500004 0.19666955 0.4511321953125 0.2080879484375
676 0.10671275625000001 0 0 0.470603096875 0 0.8937089578125 0.0420450796875 0.9034158296875001 0.25433547343749996 0 0.10671275625000001 0