1844 0.015358325 0.440493484375 0.065761059375 0.4466821625 0.090447053125 0.21357810625 0.0356911328125 0.210790509375 0.015358325 0.440493484375
1050 0.7494272609375 0.455849696875 0.8167666859375 0.4523111828125 0.8269012124999999 0.4338776203125 0.78357054375 0.338038821875 0.7849986999999999 0.326407421875 0.7224885140625 0.322667721875 0.7205843062499999 0.3381762546875 0.6587563203125 0.4250387796875 0.717458090625 0.459795546875 0.7005214 0.46952273906249997 0.71467049375 0.5145514671875 0.7123589499999999 0.565430253125 0.7278674828125 0.5673344609375001 0.75439393125 0.5115577203125 0.770785853125 0.47421454374999994 0.7484751578125 0.46360396406250004 0.7494272609375 0.455849696875
208 0.48626320468750006 0.6439299875 0.6684197578125 0.63481131875 0.6601207234375 0.6062432281250001 0.5953627453125 0.4605464640625 0.3234873546875 0.43109995 0.295468996875 0.6913439390625 0.440493484375 0.984641675 0.48211616875 0.741810428125 0.4805505796875 0.6904555890624999 0.48626320468750006 0.6439299875
544 0.9318601296875 1 0.968117284375 0.7581924234375 0.8453397390624999 0.668341115625 0.7691565109375 0.6156955546875 0.49306536718749994 0.652636359375 0.783384796875 1 0.9318601296875 1
1146 1 0.1670946375 0.856347728125 0.1620022296875 0.851518490625 0.16928044375 0.776910778125 0.6166476578125 0.9574379875 0.74901 0.969545440625 0.7465610234375 1 0.4839709640625 1 0.1670946375
1822 0 0.7636466984375 0.010264146875000001 0.770457159375 0.0427093703125 0.7626341765625 0.04508963125 0.7432485093750001 0.0469251234375 0.6962468562499999 0.06916710312499999 0.6753643171875 0.080253734375 0.6491764875 0.076307884375 0.617207315625 0.0718859828125 0.589115278125 0.09269980625 0.5798641375 0.104601109375 0.482935803125 0.11085850312500001 0.4640261875 0.0929009921875 0.4500145265625 0.0178073015625 0.4526009375 0 0.7009391015624999 0 0.7636466984375
351 0.783503703125 1 0.49551434375000003 0.6647438109375 0.452124884375 0.98606983125 0.576896971875 1 0.783503703125 1
1050 1 0.057637368749999994 0.9641565453125001 0.0532363453125 0.9476959078125 0.059086403125 0.9171548921875001 0.051400853125 0.8992660984375 0.0688823109375 0.8964097859375 0.0921451125 0.917292325 0.11438709218750001 0.9449083109374999 0.1138423234375 0.9594647406249999 0.12350079843749999 1 0.1246044953125 1 0.057637368749999994
2001 0.6331819750000001 0.473061253125 0.7209966046875 0.5271349703125 0.752013671875 0.5309433875 0.80485545625 0.10058157968749999 0.7781915749999999 0.09337208125 0.7539766703125 0.0982700359375 0.7326867953125 0.11139830937499999 0.6978613109375 0.138606959375 0.6886788875 0.1492862546875 0.6331819750000001 0.473061253125
1847 0.0928960296875 0.22568555781250002 0.1277902296875 0.22997002656249999 0.130170490625 0.2105843609375 0.1107848234375 0.20820409999999998 0.0928960296875 0.22568555781250002
201 0.4108946484375 0.5205439203125 0.3871557953125 0.5215647406249999 0.35811165312500004 0.533740909375 0.35960852656250003 0.5536026296875 0.3794702453125 0.55210575625 0.4012361734375 0.53510035 0.4108946484375 0.5205439203125
1608 0.95621598125 0.8551207578125 0.9628119937499999 0.7693477718749999 0.9419294546874999 0.7471057921875001 0.92594486875 0.7490787171875 0.9012539125 0.7578538046875 0.8906433328125001 0.7801644999999999 0.910029 0.7825447609375 0.92308855625 0.7723415171875 0.9255375328125 0.78444896875 0.9115258718750001 0.8024064796875001 0.910097715625 0.8140378796875 0.95621598125 0.8551207578125
1373 0.5975418203125 0.5710104078125 0.6085597359375 0.513329459375 0.579922928125 0.49013537500000004 0.5561840765625 0.491156196875 0.525235725 0.5188408984375 0.5359837375 0.559516440625 0.550064115625 0.57305205 0.551492271875 0.56142065 0.5975418203125 0.5710104078125
1950 0.2371008828125 0.36539483125 0.2457385375 0.3270995484375 0.1982608328125 0.329141190625 0.20220668281249998 0.36111036093750004 0.2371008828125 0.36539483125
1950 0.19051152968750001 0.5525180546875 0.2254057296875 0.5568025234375 0.23499548906249998 0.510752975 0.193299125 0.497762134375 0.19051152968750001 0.5525180546875
1950 0.3266135703125 0.3094806578125 0.32702090625 0.2741104046875 0.26593887656250004 0.2587393046875 0.25247198437499996 0.3043128 0.3266135703125 0.3094806578125
1643 0.80507153125 0.6437188765624999 0.8404417843750001 0.6441262109375 0.8486033875000001 0.6097080625 0.814661290625 0.5976693265625 0.80507153125 0.6437188765624999
1643 0.714400590625 0.6129079578125001 0.7638512203125 0.626850903125 0.7729649281250001 0.5846784875 0.710454740625 0.5809387859374999 0.714400590625 0.6129079578125001
1643 0.7711294359374999 0.631680140625 0.7963651609375 0.6505210390625 0.816089446875 0.5860379265625 0.7850723796875 0.5822295093750001 0.7711294359374999 0.631680140625
819 0 0.9306729234375 0.4283860328125 0.987090653125 0.425461003125 0.978860334375 0.280436515625 0.6855625984375 0.064337865625 0.68264253125 0.0454969671875 0.70787825625 0.031077970312499998 0.7612060203125 0 0.770685265625 0 0.9306729234375
1606 0.7639249 0.8826729906249999 0.7920856546875 0.9097442078125001 0.8245995953125 0.93341434375 0.87745130625 0.9517104734374999 0.9215279296875 0.945315646875 0.9428178046875001 0.932187375 0.946626221875 0.9011703078125001 0.9392792906249999 0.86484795 0.9115945890624999 0.8338996 0.866973196875 0.8126784406249999 0.8335071515625 0.7967625703125 0.8029661375 0.7890770203125 0.7603176687500001 0.783840446875 0.7244713640625 0.7873102453125 0.7109357562499999 0.801390621875 0.715833709375 0.8256055265625 0.72848593125 0.8507725359375 0.7639249 0.8826729906249999
683 0 0.9069423640625001 0.00911085625 0.9080610374999999 0.0101316765625 0.931799890625 0.02951734375 0.9341801500000001 0.02842780625 0.878948178125 0 0.8754576828125 0 0.9069423640625001