1844 0 0.4310409 0.0135768078125 0.5425565156250001 0.06416482031250001 0.5381306375 0.039846306250000005 0.3049879578125 0 0.3113600421875 0 0.4310409
1050 0.759507434375 0.41847847343750005 0.7354782171875 0.4127384140625 0.7347973125 0.40495564375 0.7999295109375 0.3874938 0.8060100218749999 0.36735596875 0.743700225 0.28262043124999997 0.74267886875 0.270946275 0.6807571515624999 0.28028489375 0.6821189609375 0.2958504359375 0.6397018 0.3936695671875 0.7043471328125 0.41546203125 0.689802946875 0.428497996875 0.7130048484375 0.4696009765625 0.7213221109375 0.5198485359375 0.7368876531249999 0.518486728125 0.7512378 0.45841368437499996 0.759507434375 0.41847847343750005
208 0.5327821875 0.740244546875 0.5205735390624999 0.6903374390625 0.5164881140625 0.6436408124999999 0.69276823125 0.59684893125 0.6787109109375 0.5706305890625 0.585075990625 0.4415815890625 0.3130194546875 0.4693046234375 0.33972113125000003 0.7296870015625 0.5425565156250001 0.9864231921875 0.5327821875 0.740244546875
544 1 0.6500245296875 0.8727933234374999 0.5928622906250001 0.787329253125 0.55720654375 0.5249517890625001 0.6507426796875 0.9207018171874999 0.9611821078125 1 0.951381715625 1 0.6500245296875
1146 1 0.5316439468749999 0.9559289140624999 0.06407309375 0.7782869875 0.0952994328125 0.77507650625 0.10342265625 0.795112025 0.5565256390625 0.9992139609375 0.6484618281250001 1 0.648121109375 1 0.5316439468749999
1822 0.10730698281249999 0.8519710578125 0.1056047234375 0.8325141296874999 0.0976279125 0.7861579562500001 0.11504212656249999 0.76110738125 0.1204417328125 0.733186778125 0.1099353453125 0.7027365984375 0.09976940937499999 0.6761778046875 0.11820498125000001 0.6628013875 0.109693678125 0.5655167484375 0.11188280312500001 0.54571936875 0.09140451875 0.5357474718749999 0.01848955 0.55389021875 0.060950809375000005 0.85994786875 0.07719725625 0.86636883125 0.10730698281249999 0.8519710578125
351 0.554230671875 0.9854018359375001 0.9080063031250001 0.9505293078125 0.52986453125 0.6620763843749999 0.554230671875 0.9854018359375001
1050 0.8013187374999999 0 0.80294948125 0.018639490624999998 0.8280000546874999 0.03605370625 0.8548993015624999 0.029779154687499997 0.8711457484375 0.036200118749999996 0.9521839406250001 0.021267853125 0.951577415625 0 0.8013187374999999 0
2001 0.618399728125 0.10536658437499999 0.6116383140625 0.1177216453125 0.62467075 0.4459598390625 0.721808975 0.4805942296875 0.752940059375 0.4778706125 0.715149875 0.0459268171875 0.6875697234375 0.044418596875 0.6649023140625 0.0542440796875 0.6468071953125001 0.07151188281250001 0.618399728125 0.10536658437499999
1847 0.0780792578125 0.29380066562499996 0.058622329687499995 0.29550292499999997 0.0447590484375 0.3163216609375 0.07978151875 0.3132575921875 0.0780792578125 0.29380066562499996
201 0.3929375046875 0.5760266656249999 0.41069217187499996 0.554867478125 0.41711313437499997 0.53862103125 0.3941052734375 0.5445551296875 0.368227384375 0.5625038359375 0.37382102968750003 0.5816203125 0.3929375046875 0.5760266656249999
1608 1 0.661190640625 0.98364841875 0.6498236375 0.968423328125 0.6550768312499999 0.946096371875 0.6687936999999999 0.9403563140625 0.6928229171875 0.9598132406250001 0.6911206578125 0.970466040625 0.67842514375 0.9753787828125 0.6897588484375 0.9654068875 0.7102371328125 0.96642824375 0.7219112890625 1 0.7410565171875 1 0.661190640625
1373 0.56415846875 0.561046771875 0.5631371125 0.5493726156250001 0.610174190625 0.5491785765625 0.6089587953125 0.49046734062499997 0.5761254499999999 0.4737340296875 0.5531175890625 0.479668128125 0.5286015078124999 0.5131823765625 0.5475715703125 0.550734425 0.56415846875 0.561046771875
1950 0.1693310140625 0.395609965625 0.1798374015625 0.4260601453125 0.21485987187500002 0.4229960765625 0.2153467359375 0.38374176875 0.1693310140625 0.395609965625
1950 0.24302214218749998 0.5656155328125 0.199535996875 0.5615777359375 0.20819371250000002 0.61571668125 0.2432161828125 0.6126526109375 0.24302214218749998 0.5656155328125
1950 0.2208927546875 0.3126754734375 0.217195409375 0.360053003125 0.29079128125000003 0.349693028125 0.2838358265625 0.315011009375 0.2208927546875 0.3126754734375
1643 0.8637951562499999 0.534831959375 0.82809178125 0.5301132578125001 0.828285821875 0.5771503359375 0.8629678390625 0.5701948812500001 0.8637951562499999 0.534831959375
1643 0.7846056359375 0.526075459375 0.7226839203125001 0.535414078125 0.7331903078125 0.565864259375 0.7844592234375 0.569221153125 0.7846056359375 0.526075459375
1643 0.8270704249999999 0.5184390999999999 0.795939340625 0.5211627171875 0.792582446875 0.572431634375 0.8211839546874999 0.5856140109375 0.8270704249999999 0.5184390999999999
819 0.42107196562500004 1 0.5312228109375 0.9913359343750001 0.5266505203125 0.983893615625 0.3238151375 0.7271574249999999 0.1118316453125 0.7692306046875 0.09864926874999999 0.7978321125 0.0956328265625 0.8529924140625 0.061972165625 0.871622025 0.0829699109375 1 0.42107196562500004 1
1606 1 0.76149409375 0.9720218890625001 0.741027765625 0.9239634546875 0.7295476484375001 0.8879196281249999 0.7209375609374999 0.8564480921875001 0.7197697921875 0.8136428515624999 0.723514765625 0.7793012859374999 0.73436160625 0.7689889375 0.7509485046875 0.778814421875 0.7736159125000001 0.7964226765625 0.7956024171875 0.837719696875 0.8194375953125 0.87089349375 0.8400622921875 0.9076182234375001 0.85645515 0.963118978125 0.8633629781250001 1 0.84975310625 1 0.76149409375
683 0.124818678125 1 0.11752054687499999 0.9687126234375001 0.0863894625 0.971436240625 0.07403440156249999 0.9646748265625 0.0771249546875 1 0.124818678125 1