587 0.5697355484375 0.4349523890625 0.655344209375 0.0697713484375 0.5628307171875 0.054100517187499995 0.4873002984375 0.4094432 0.5697355484375 0.4349523890625
587 0.21926579531249998 0.3364966359375 0.3033253546875 0.354364046875 0.3494331984375 0.0247155453125 0.27081883906250004 0.0000185125 0.21926579531249998 0.3364966359375
2001 0.5387984484375 0.2047395 0.4004342875 0.1793228078125 0.360066421875 0.3504506609375 0.49518196249999996 0.39115090937499997 0.5387984484375 0.2047395
2001 0.38945139218749997 0.1370531421875 0.54610784375 0.1703514984375 0.5669839890625 0.09092498437499999 0.413336271875 0.062259671875 0.38945139218749997 0.1370531421875
2001 0.36571390312499996 0.1360011015625 0.382769159375 0.05576243125 0.34374811250000004 0.0514617703125 0.33132590156249997 0.12869170624999998 0.36571390312499996 0.1360011015625
2001 0.328687153125 0.347774309375 0.3676705953125 0.164371634375 0.32401650625 0.1630797078125 0.3043773953125 0.3306265578125 0.328687153125 0.347774309375
1190 0.5069597234375001 0.7490774484375 0.645896153125 0.7905898515625001 0.684067440625 0.611008065625 0.6992585 0.5583277734375 0.574793471875 0.5238848796875 0.5467553203125 0.5618538828124999 0.5069597234375001 0.7490774484375
1453 0.3569102984375 0.42166312968749997 0.338378121875 0.43369806562499996 0.31644993593750004 0.5368620703125 0.52936768125 0.6060802421875 0.5356250359375 0.5954297296875 0.5591775328125 0.48462394687500004 0.3569102984375 0.42166312968749997
423 0.26181295000000004 0.49330047656250003 0.2335349140625 0.5511860828125 0.1126508875 0.5374719421874999 0.041051143750000005 0.6300779328125 0.0014954328124999999 0.7973848953125 0.013530368749999999 0.815917071875 0.0412361375 0.74193575625 0.20496209687500003 0.7607627124999999 0.213268640625 0.8344116453125 0.275472196875 0.504190875 0.31081974218749997 0.43183386874999996 0.2900909875 0.43541487187500005 0.26181295000000004 0.49330047656250003
627 0.2397922671875 0.5405355703125 0.2492982421875 0.5146015015625001 0.2721310796875 0.46354552031249996 0.2999293453125 0.445493115625 0.30886305 0.40346333593750006 0.213580709375 0.363242859375 0.1409838171875 0.3478119140625 0.016611284375 0.36929793125 0.0048538390624999995 0.5185524906250001 0.1910802546875 0.45031115312500003 0.18386335625 0.5406280671875 0.2152426234375 0.5433044171875 0.2397922671875 0.5405355703125
952 0.8146048312499999 0.5229426234375001 0.9827239499999999 0.5586774453125 0.99839478125 0.466163953125 0.7554821921875 0.40654425156249996 0.7218514515625001 0.5271883921875 0.7401437421875 0.53507005625 0.7753438984375001 0.5385585625 0.8146048312499999 0.5229426234375001
1121 0.8929114625000001 1 0.97923544375 0.5938776015625 0.9505325265625 0.5598219828125 0.8978522343750001 0.5446309234375 0.7876187203125 0.5371741390625 0.708856971875 0.5883226171875 0.587108746875 1 0.8929114625000001 1
1564 0.095107984375 0 0.0645735515625 0.1436532046875 0.1302957015625 0.1538512234375 0.1511268609375 0 0.095107984375 0
2001 0.477461940625 0.39936495625 0.493557653125 0.39879268749999996 0.5539895078125 0.152059209375 0.56259083125 0.07401711718750001 0.351629778125 0.033169479687499996 0.326213084375 0.171533640625 0.3109671328125 0.35598835625 0.477461940625 0.39936495625
1073 1 0.370660721875 0.87269271875 0.3436007234375 0.8686319421875 0.36270516875 1 0.3906283109375 1 0.370660721875
214 1 0.47448279375 0.7492248375 0.41719476406249995 0.7259122265625 0.508083946875 0.7125853640625001 0.533205859375 0.7014550796875 0.56678170625 0.6995908828124999 0.5943400859375 0.581456303125 1 0.8923887125000001 1 1 0.4774892609375 1 0.47448279375
389 0.5662104343750001 1 0.6396388 0.8012403640624999 0.49005185625000003 0.75347060625 0.5166130875 0.6472978671875 0.2892239390625 0.5710101859375001 0.25697762343749997 0.7039291484375 0.2095026453125 0.701825065625 0.05504277187499999 0.6769806421875 0.05949082343749999 0.562114084375 0 0.606641703125 0 0.8960800953125 0.5390284359375 1 0.5662104343750001 1