1917 0.024344403125 0.39340911875 0.0280108359375 0.41655806406250007 0.0355354265625 0.43909593750000003 0.06640068593750001 0.43420735937500005 0.0665924109375 0.4104473421875 0.0680062796875 0.394403640625 0.0566235328125 0.3724768390625 0.050321085937499996 0.35765528125 0.025949996875 0.3536053984375 0.024536128125 0.3696491 0.024344403125 0.39340911875
589 0.8364984046874999 0.502073075 0.8240852375 0.448669940625 0.7353476125 0.46272460000000004 0.74451369375 0.5205969640625 0.8364984046874999 0.502073075
1250 0.8703472296875001 0.36619886562500004 0.8544593546874999 0.26588676875 0.750900171875 0.2862438734375 0.766176975 0.3826978125 0.8703472296875001 0.36619886562500004
581 0.295829303125 0.3345903671875 0.31737265468750003 0.3707276546875 0.33830493281249996 0.40300678437500004 0.3456377984375 0.44930467500000004 0.3476986375 0.512257340625 0.353809359375 0.550838915625 0.37554443593750003 0.5632161859375 0.40640969687500006 0.558327609375 0.41553988124999997 0.5410617625 0.410651303125 0.5101965015625 0.39357718125 0.47730629999999996 0.38097228906249997 0.4476631828125 0.3618732265625 0.42695852656250005 0.358817865625 0.4076677390625 0.36286774843749997 0.3832966484375 0.3555348828125 0.3369987578125 0.34495493125 0.295170096875 0.328264259375 0.21475985937500003 0.27810821093750004 0.222703796875 0.2840272078125 0.285045390625 0.295829303125 0.3345903671875
214 0.6579927359375 0.4987060609375 0.6450043937500001 0.5165829796875 0.61475020625 0.5253297140625001 0.5767797015625 0.5352985921875 0.544500571875 0.556230871875 0.5103882265624999 0.565588678125 0.490294640625 0.5885459 0.7402720875 0.5687280718750001 0.7610485390624999 0.6999054296875 0.7963830296875 0.6982639374999999 0.8156738171875 0.6952085765625 0.8331313890625 0.68057874375 0.8518111046874999 0.6736652249999999 0.87373790625 0.6622824765625 0.8918065500000001 0.6515108015625 0.9092641218749999 0.6368809671875 0.9318019953125001 0.629356378125 0.94742635 0.6031520718750001 0.9205391765625001 0.43339313749999997 0.9059093421875 0.41593556718749997 0.8860074828125001 0.41513276875000005 0.856556090625 0.40397764374999995 0.8399013171874999 0.39870561718749997 0.8161412984374999 0.3985138921875 0.7858871109375001 0.40726062656249995 0.76193536875 0.4308289203125 0.7426445796875 0.43388428125 0.7199149828125 0.4651688890625 0.6908829375 0.4816319390625 0.6579927359375 0.4987060609375
300 0.5887017265625001 0.41080713125 0.6065786453124999 0.423795471875 0.6238444921874999 0.43292565625 0.6307580109375001 0.45160537187500005 0.6222388984375 0.4727293765625 0.653104159375 0.4678408 0.6468017125000001 0.4530192421875 0.647604509375 0.43311738125000004 0.64577129375 0.421542909375 0.664451009375 0.41462939062500004 0.6640316625 0.38701121562499996 0.6268639546875 0.377078234375 0.60432608125 0.384602825 0.5887017265625001 0.41080713125
407 0.46064914375 0 0 0.07295965625 0 0.1240815390625 0.419410275 0.1409996203125 0.9303379328125001 0.02082016875 0.9270403421875001 0 0.46064914375 0
1506 1 0.8658112890625 0.6023248015625 0.87137765 0.42243528281250003 1 0.492730359375 1 1 0.9226421390624999 1 0.8658112890625
351 0.75455436875 0.7088438890625001 0.732555771875 0.569950215625 0.5012580421874999 0.582854525 0.45801551093750004 0.6094781796875 0.4704645765625 0.7380195234375 0.706842609375 0.73222045625 0.75455436875 0.7088438890625001
1225 0.8929087640625 0.8332635546875 0.8293450265625 0.8314662359374999 0.7696394468750001 0.8290578453125 0.71501416875 0.8337546984375 0.6736048546875 0.8719528234375 0.6342204828125 0.8979654046875 0.5993053390624999 0.9272250718749999 0.5804338984374999 0.9578986078125 0.5879584890625 0.9804364812499999 0.96605793125 0.9205514125 0.9861515171875 0.8975941921875 0.9775965062499999 0.8435799859375 0.9404288 0.8336470046875 0.8929087640625 0.8332635546875
1956 0 0.5143803296875 0.050344748437499996 0.8322445609375 0.0785739953125 0.8356833703125 0.3492202 0.72162826875 0.2705836203125 0.2001659234375 0.284183034375 0.18614716250000002 0 0.186851678125 0 0.5143803296875
1191 1 0.4606491484375 0.9950663140625 0.4294990828125 0.9404410359375 0.43419593437500004 0.92623055 0.44435653906250006 0.9447903359375 0.611479459375 1 0.6080449765625 1 0.4606491484375
1956 0.469781709375 0.5838849453125 0.49556666875 0.571891125 0.5304818109375 0.5426314578125 0.563983084375 0.52941549375 0.5057395078125 0.186650540625 0.3790313796875 0.21067407968750002 0.44380502499999996 0.6196387828125001 0.45537949843750003 0.617805565625 0.469781709375 0.5838849453125
351 0.937433809375 0.09059228750000001 0.512233678125 0.17771208125 0.5362572171875 0.30442020937500003 0.9645127078125 0.236591203125 0.937433809375 0.09059228750000001
1373 0.059750689062499994 0.542044046875 0.0611645578125 0.5260003453125 0.053639967187500005 0.503462471875 0.0434793640625 0.48925198593749997 0.0197193453125 0.4890602609375 0.0022617749999999997 0.50369009375 0.0158970859375 0.56480954375 0.05833681875 0.55808775 0.059750689062499994 0.542044046875
183 0.12136127968749999 0.70630333125 0.09496525 0.71443899375 0.07953261874999999 0.7168832828125 0.0370928859375 0.7236050765625001 0.049314328125 0.800768228125 0.1264774796875 0.7885467859374999 0.12136127968749999 0.70630333125
1061 0.0228465015625 0.6586274703125 0.033618178124999995 0.6766961125 0.057989267187500006 0.6807459953125 0.08316315468749999 0.6648940171875 0.10325673906249999 0.6419367968749999 0.0744164203125 0.6346398296875 0.0409151453125 0.64785579375 0.0228465015625 0.6586274703125
2001 0.33039689375000003 0.4279889453125 0.319134075 0.23202570625000002 0.28116357187499996 0.241994584375 0.31232825000000003 0.43876062187500003 0.33039689375000003 0.4279889453125
1956 0.08558378125 0.20573736875 0.18881907343749998 0.7826277890625 0.3524672859375 0.7171590390625 0.2699725484375 0.19630776562500002 0.2874301203125 0.1816779328125 0.27910273281250003 0.17904191875 0.0831394921875 0.19030473750000002 0.08558378125 0.20573736875
1567 0 0.4894098171875 0.0542029046875 0.8316334890625001 0.08243215312499999 0.8350722984375001 0.1778556734375 0.7883191625 0.0715650203125 0.1921379546875 0 0.188055684375 0 0.4894098171875
389 1 0.613582428125 0.9608340390624999 0.612893328125 0.83496460625 0.692153215625 0.8246122765624999 0.701702746875 0.7770922421875001 0.7013192984375001 0.7480601984375 0.7177823484375 0.726133396875 0.7291650953125 0.7080647531250001 0.739936771875 0.4794030359375 0.74451369375 0.4625206390625 0.687863475 0.44808253125 0.6466458859374999 0.34960365000000004 0.674108234375 0.3620168171875 0.7275113671875 0.0881235265625 0.8460357000000001 0.06375243750000001 0.8419858171874999 0.08312739375 1 0.41042120000000004 1 0.5939974140625 0.8687416359375 0.660197165625 0.8622115671874999 0.7028286234375 0.83172975625 0.96682483125 0.8255113421875 0.9871460390625 0.8539323140624999 0.9966955703125 0.8642846421874999 1 0.8635714171875 1 0.613582428125
1917 0.6191476406249999 0.378300378125 0.6219753781249999 0.3462129734375 0.594968275 0.350490478125 0.59619041875 0.35820679375000003 0.59599869375 0.38196681093749996 0.6191476406249999 0.378300378125
1917 0.5896962484375 0.367145253125 0.5876713078125 0.3793307984375 0.610820253125 0.375664365625 0.605128878125 0.36470096406249997 0.5896962484375 0.367145253125