1606 0.3717142828125 0.620174134375 0.389146234375 0.678779 0.42422372187499996 0.704796659375 0.45613261562499996 0.7262890984375 0.49641363437499997 0.745291259375 0.541898184375 0.7572779234375 0.5873827359375 0.7692645875 0.6489332203125 0.7801175984375 0.6894372125 0.7753600140625 0.7229257078125 0.7653988984375 0.7702128312500001 0.7221722609375 0.8000773953125 0.6877730875 0.8043702484375 0.6409319109375 0.7462113296874999 0.6108443734375 0.6335174234375 0.57510735625 0.5694766609374999 0.5558822218749999 0.482354465625 0.5325872078125 0.433255375 0.5635948156249999 0.3893598171875 0.5875869265625 0.3717142828125 0.620174134375
1146 0.5675895625 0.0042045578125 0.5158147859375 0.3203291046875 0.8462026921874999 0.426183528125 0.9285203453124999 0.07181290312500001 0.5675895625 0.0042045578125
1588 0.080450184375 0 0 0.4562556703125 0 0.907650284375 0.142080575 0.9327029234375 0.1560458296875 0.47108368125 0.1792732 0 0.080450184375 0
208 0.152942978125 0.93858476875 0.3389510578125 0.9634499921874999 0.3715007 0.7113662078125 0.157198265625 0.622014275 0.144329096875 0.829970134375 0.13755535624999998 0.9358715156249999 0.152942978125 0.93858476875
351 0.6782428875 1 0.7086811296875 0.8461839093749999 0.3810064765625 0.7249418640624999 0.3446099296875 0.976347334375 0.48863888125 1 0.6782428875 1
1643 0.3087414296875 0.144988628125 0.2741192828125 0.138883809375 0.2637122203125 0.152914803125 0.2867936515625 0.1569846828125 0.306028178125 0.1603762484375 0.3087414296875 0.144988628125
201 0.176191034375 0.5143009265625 0.1651056578125 0.5321788265625 0.15334196875 0.5539036312500001 0.16533802343749998 0.5758514109374999 0.1795919921875 0.5624987296875 0.1963362390625 0.557518171875 0.2142141390625 0.5686035484375 0.2418207890625 0.5695048359375 0.26376856875 0.5575087796875 0.259466325 0.5369176265625 0.249282234375 0.5271888765625 0.2203189578125 0.5339813999999999 0.199272465625 0.51837080625 0.176191034375 0.5143009265625
1838 0.5828011671875 0.367839203125 0.5988577109375 0.29927322031250003 0.5855050281249999 0.28501925156249996 0.5812027843750001 0.2644280984375 0.5950014140625 0.23116257812500002 0.5816487312499999 0.21690860937499998 0.5789354796875 0.23229622968750002 0.5723753203124999 0.24700553749999998 0.56513685 0.2655617515625 0.5497492281249999 0.2628484984375 0.531871328125 0.251763121875 0.5259894843749999 0.26262552499999997 0.5443227234375 0.293623740625 0.5327913984375 0.35902113125 0.5461440796875 0.37327509999999997 0.5723941046875 0.381870196875 0.5828011671875 0.367839203125
291 0.6274126046874999 0.6097295046875 0.648459096875 0.6253401000000001 0.6722188421874999 0.6255630734375 0.688730725 0.57690993125 0.6923452640625001 0.5339156593750001 0.6778589296875001 0.50359575625 0.6636049609375 0.5169484390625 0.65002930625 0.5264542140625 0.6427908343750001 0.545010428125 0.6274126046874999 0.6097295046875
1887 0.57423424375 0.5963862140625 0.5979939890625 0.5966091890625 0.61179261875 0.5633436671875 0.625814221875 0.5063184015625 0.5796513578125 0.4981786421875 0.5787500718749999 0.5257852921875 0.57513553125 0.5687795640625 0.57423424375 0.5963862140625
683 0.8962688109375 0.8395955765625001 0.8892533125 0.8343920453125 0.8756776578125001 0.843897821875 0.83788691875 0.833267784375 0.8170727921875001 0.8613297734375 0.8168498171874999 0.8850895187500001 0.8243206546874999 0.9102058890625001 0.8358613703125 0.9122408296875 0.849437025 0.902735053125 0.8349506921875 0.8724151499999999 0.84151085 0.8577058421875 0.875454684375 0.867657565625 0.87274143125 0.8830451874999999 0.8784003015625 0.8959425296875001 0.8962688109375 0.8395955765625001
1643 0.535988165625 0.5658433375 0.53032929375 0.5529459953125 0.518788578125 0.55091105625 0.5058912359375001 0.5565699265624999 0.5077032015625 0.5687889562499999 0.526937728125 0.572180521875 0.535988165625 0.5658433375
291 0.7735668312499999 0.4332084171875 0.8113575718750001 0.44383845468749994 0.831028653125 0.3322782015625 0.83306359375 0.3207374859375 0.8326082546875 0.30082464531249997 0.809526821875 0.2967547671875 0.8047786296874999 0.323683103125 0.79640650625 0.3261733828125 0.7735668312499999 0.4332084171875
1887 0.7357760921875001 0.42257837968749995 0.7430145625 0.4040221671875 0.7547688609375001 0.3148650328125 0.7334993953125 0.3230141828125 0.70500085 0.41715187499999995 0.716541565625 0.4191868140625 0.7357760921875001 0.42257837968749995
291 0.626929090625 0.3875196765625 0.63506885 0.3413568125 0.62239448125 0.3232559390625 0.59478783125 0.3223546515625 0.5800879140624999 0.3832268234375 0.61086315625 0.3886533296875 0.626929090625 0.3875196765625
626 0.5345939734375 0.30380782968750003 0.499971825 0.29770301093749996 0.49228740625 0.3637787140625 0.5237409625 0.365358315625 0.5345939734375 0.30380782968750003
1645 0.49367220781250004 0.5583818921875 0.4755713328125 0.5710562609375 0.5479842203125 0.5877911171875 0.5635948156249999 0.566744625 0.49367220781250004 0.5583818921875
1645 0.29878970625 0.1789324625 0.33092157499999997 0.17666515625 0.3304662359375 0.1567523171875 0.2528498171875 0.147032959375 0.2385958484375 0.160385640625 0.29878970625 0.1789324625
1564 0.48730684843749994 0.3470344671875 0.471696253125 0.36808095937499996 0.8258439046875001 0.4741583578125 0.85503015625 0.4436060890625 0.48730684843749994 0.3470344671875
291 0.7873560687500001 0.3325105671875 0.7642746375 0.3284406875 0.7427915890625 0.4277819125 0.7683633000000001 0.440223915625 0.7873560687500001 0.3325105671875
291 0.7373932578125 0.6608541421874999 0.7502906 0.655195271875 0.7683820828125 0.5750885734375 0.75819799375 0.5653598234375 0.756386028125 0.5531407953125 0.7378298140624999 0.5459023234375 0.7041277375 0.6470555124999999 0.7143118265624999 0.6567842640625 0.7373932578125 0.6608541421874999