1606 0.4874115328125 0.7180028578125001 0.5242099421875 0.7292269234375001 0.568286565625 0.73562175 0.6152882187500001 0.7337862578125 0.662289871875 0.7319507656249999 0.72432400625 0.72433393125 0.761667184375 0.7079420109375001 0.7907800421875 0.688625059375 0.8233626984375 0.6334618046875 0.841864978125 0.5918341578125 0.8322752187500001 0.545784609375 0.7678608234375 0.5340157750000001 0.6496426140625 0.5327888062499999 0.5827792421875 0.533127425 0.49265306875 0.53632235625 0.45476512343750003 0.5803302640625 0.41980220625 0.616107853125 0.412455275 0.6524302093750001 0.4462599375 0.7033777125 0.4874115328125 0.7180028578125001
1146 0.474208109375 0 0.41967966093750003 0.006107184375 0.46259306875000006 0.323556071875 0.809493434375 0.32818908593749996 0.7869900078125001 0 0.474208109375 0
1588 0.279196409375 1 0.162620678125 0.5729096546875 0.0324423734375 0.057589529687499995 0 0.0588564578125 0 0.5305813078125 0.0576373671875 1 0.279196409375 1
208 0.42271829531250005 1 0.4814877953125 0.990285584375 0.43891300624999996 0.7397000703125001 0.20785059218750002 0.7169083578125 0.2563441546875 0.919540115625 0.27542367031250004 1 0.42271829531250005 1
351 0.49783107187500003 1 0.8197505062499999 0.9566233171875 0.8007771375000001 0.7700448609375 0.4519725640625 0.7499033140625 0.4905214953125 1 0.49783107187500003 1
1643 0.17255898125 0.2371646375 0.19582178125 0.23430832499999998 0.2152074484375 0.23192806406250002 0.213303240625 0.2164195296875 0.1784090390625 0.22070399843750002 0.17255898125 0.2371646375
201 0.184249171875 0.6529012984375 0.20213796562500003 0.6703827578125 0.2118651578125 0.6534460671875 0.22642158750000002 0.6437875921875 0.24675935937500001 0.6491615984375 0.273423240625 0.6419520999999999 0.2909046984375 0.62406330625 0.28077017187500003 0.60562974375 0.2681866671875 0.5993036328125 0.2424748890625 0.6142673984375 0.21778393281250003 0.6054923109375 0.1945211328125 0.6083486234375 0.1891471265625 0.62868639375 0.184249171875 0.6529012984375
1838 0.518914578125 0.26941363749999997 0.50878005 0.250980075 0.5122498484375 0.21513376874999998 0.4953131578125 0.205406578125 0.4972173671875 0.2209151109375 0.49524444218749997 0.23689969687499998 0.49374756875000003 0.256761415625 0.47823903593750006 0.258665625 0.4579012640625 0.25329161875 0.4554522875 0.2653990703125 0.48204745156250006 0.2896826921875 0.4901403375 0.355593959375 0.507077028125 0.3653211515625 0.5346930140625 0.3658659203125 0.540543071875 0.3494052828125 0.5358512671875 0.27914082812499996 0.518914578125 0.26941363749999997
291 0.7014047875 0.5697246484375 0.7029703765625 0.518369809375 0.6938566703125 0.47619739375 0.6711386390625 0.4514377203125 0.6614114468750001 0.4683744109375 0.651208203125 0.4814339671875 0.6497113296875 0.5012956859375 0.6539270828125 0.56768300625 0.6786180390625 0.57645809375 0.7014047875 0.5697246484375
1887 0.625427709375 0.5278908515625 0.6221640609375 0.46925779843750004 0.575638459375 0.47497042343749996 0.5828479578125 0.5016343062499999 0.5919616640625 0.5438067203125 0.5991711625 0.570470603125 0.6219579109375 0.56373715625 0.625427709375 0.5278908515625
683 0.9598083234375 0.7190336046875 0.9205609375 0.7199169921874999 0.9088608203125 0.7528382687499999 0.9155942671874999 0.7756250171875 0.9300819796875001 0.7974596609375 0.9417133796874999 0.7960315046875001 0.9519166234374999 0.7829719484375001 0.9291985921875 0.758212275 0.9311715171875001 0.7422276890624999 0.96654176875 0.7418203531249999 0.968445978125 0.7573288875 0.9776284015625001 0.7680081828125 0.9782418859374999 0.708899078125 0.9700115671875 0.7059740484375 0.9598083234375 0.7190336046875
1643 0.532852559375 0.5431932359375 0.5221732640625001 0.552375659375 0.527478553125 0.5635310078125 0.5468642203125 0.561150746875 0.5536663828124999 0.552444375 0.544483959375 0.5417650796875 0.532852559375 0.5431932359375
291 0.7675271671874999 0.24282343437499998 0.7660990109375 0.23119203437500002 0.7598416171875 0.21228241875 0.7365788171875 0.2151387328125 0.73991118125 0.242278665625 0.7326329671875 0.247107903125 0.74208529375 0.356143690625 0.7813326796875 0.355260303125 0.7675271671874999 0.24282343437499998
1887 0.689508446875 0.24846734375 0.6715509375 0.26247900468749996 0.6718208390625 0.36083549531250003 0.683452240625 0.3594073390625 0.70283790625 0.3570270796875 0.7043347796874999 0.33716535937500003 0.689508446875 0.24846734375
291 0.5653714625 0.29519413125 0.5387075796875 0.3024036296875 0.5424472812500001 0.36491381562499997 0.5734643484374999 0.3611053984375 0.5884968296875 0.35532405625 0.5827842046875 0.30879845625 0.5653714625 0.29519413125
626 0.4527971609375 0.37198588125 0.483338175 0.36430033125 0.4757213421875 0.302266196875 0.440827140625 0.306550665625 0.4527971609375 0.37198588125
1645 0.5715551765625 0.569925834375 0.5803302640625 0.5452348765624999 0.511017915625 0.5576809484374999 0.497413590625 0.5750936906249999 0.5715551765625 0.569925834375
1645 0.2375181453125 0.221317484375 0.16045152812500002 0.234715659375 0.1507243375 0.25165234999999997 0.21371057656249998 0.25178978281250003 0.2437755390625 0.24022709843749998 0.2375181453125 0.221317484375
1564 0.8040507109374999 0.3800199765625 0.8230290421875001 0.3422694625 0.44313868593750005 0.3574294515625 0.4343635984375 0.382120409375 0.8040507109374999 0.3800199765625
291 0.7110682265625 0.3599521078125 0.7391602640625 0.364374009375 0.7258308046875 0.255814275 0.7025680046875 0.2586705875 0.7110682265625 0.3599521078125
291 0.7786088359375001 0.4933402328125 0.7660253328125 0.48701412343749995 0.7607200421875 0.475858775 0.7408583234375 0.47436190156249997 0.738203196875 0.5809487125 0.7507867015625 0.5872748234375 0.7740495015625 0.5844185093750001 0.7847287984375 0.5752360875 0.7786088359375001 0.4933402328125