581 0.7075992015625 0.1515641 0.6961478046875 0.479489215625 0.7232022453125 0.4882512390625 0.706496153125 0.5189368984375 0.737590790625 0.523931378125 0.7417797515625 0.180118128125 0.75417299375 0.1610077546875 0.7075992015625 0.1515641
2001 0.6999277859374999 0.14738757656249998 0.60732550625 0.1128847859375 0.5949198250000001 0.46813699375000006 0.6888853671875 0.46360108125000005 0.6999277859374999 0.14738757656249998
1050 0.59860063125 0.36273249218750003 0.5782633234375 0.385474084375 0.5739504734375 0.3970493703125 0.6050451109375 0.40204385 0.6086763296875 0.40998791562500003 0.5968283921875 0.4134828078125 0.6106716328124999 0.464778428125 0.6023185875 0.4801212578125 0.6256054843750001 0.484843084375 0.6303273109374999 0.4615561890625 0.6312815953124999 0.4342290953125 0.627923028125 0.4184772875 0.6438111625 0.4112148515625 0.6598356234375 0.4000485453125 0.634417096875 0.34444007656250003 0.603322459375 0.339445596875 0.59860063125 0.36273249218750003
581 0.58956595625 0.3975946734375 0.5905202390625 0.37026758125 0.595923696875 0.3274613328125 0.6001498078124999 0.20644135000000002 0.6023310265624999 0.1439794234375 0.606916528125 0.12459639687499999 0.5567115171875 0.107208675 0.5207462875 0.465546796875 0.594510846875 0.4798486046875 0.6035455234375 0.4449864234375 0.59265186875 0.4211542234375 0.58956595625 0.3975946734375
1250 0.254886559375 0.1318463953125 0.23944455312500001 0.3501904859375 0.45778864375 0.3656324921875 0.4643323 0.1782467125 0.254886559375 0.1318463953125
214 0.2085729796875 0.45073683437499995 0.23521844218750002 0.47121046875 0.2660404265625 0.4840126890625 0.261727578125 0.495587975 0.256547184375 0.64393505 0.3264078734375 0.6581005328125 0.3409327453125 0.6898768 0.3686688171875 0.679119471875 0.5821547546875 0.7217522453125 0.5890082125 0.749351990625 0.5961343218749999 0.7691439953125 0.5957253437500001 0.7808556062500001 0.611340825 0.7814009109375 0.6159263265625 0.762017884375 0.628728546875 0.7311959 0.8767172765625 0.6812263921875 0.8799395156250001 0.7008820703125 0.8793942109374999 0.7164975515625 0.8908331703125001 0.7247142703125 0.9032264124999999 0.705603896875 0.9082208921875001 0.674509259375 0.9062255875 0.6197187484375 0.9067708921875001 0.6041032656249999 0.8914280625 0.5957502203125 0.8728629937499999 0.567741496875 0.8499850765625 0.5513080578125 0.8074514796875001 0.538096859375 0.7608776875000001 0.5286532046875 0.72601550625 0.519618528125 0.6754015171875001 0.51394241875 0.6363628125 0.51257915625 0.6012279781250001 0.5113522203125 0.6059498062500001 0.488065325 0.5829355625 0.47553575625000005 0.5557447953125 0.47067760312500007 0.53636176875 0.4660921015625 0.509307328125 0.45733007812500004 0.50368080625 0.3945954984375 0.1995878921875 0.372250446875 0.2085729796875 0.45073683437499995
1342 0.06926058125 0.4106942578125 0.0338530953125 0.4172750640625 0.0591352953125 0.476787403125 0.098310325 0.47424679375 0.06926058125 0.4106942578125
1050 0.0853346296875 0.2861793828125 0.0761636265625 0.3249454359375 0.043433075 0.3667974 0.09795093437499999 0.3726098375 0.0816538234375 0.391583884375 0.08460340937500001 0.419047303125 0.1069360234375 0.45109622343750005 0.090502584375 0.4739741421875 0.1373490296875 0.47561005625 0.1225515046875 0.45164152812499997 0.134944746875 0.4325311546875 0.1398029 0.4053403890625 0.1329494421875 0.37774064375 0.17239712499999998 0.36739229375 0.13513066093749998 0.3152787171875 0.13594861875 0.29185549375000003 0.0853346296875 0.2861793828125
581 0.0781148796875 0 0.063733234375 0.12126254218750002 0.055603253124999995 0.2421462 0.043024096875 0.3785090125 0.0358483984375 0.4720655765625 0.176387734375 0.4769733171875 0.17761466875 0.441838484375 0.184654040625 0.352185790625 0.1872442390625 0.278012253125 0.1835262828125 0.1606234875 0.17899036875000002 0.0666579453125 0.1739313078125 0 0.0781148796875 0
1191 0.035575746875 0.4798733171875 0.0081123265625 0.4828229046875 0.00197765 0.6584970734375 0.033072287500000006 0.663491553125 0.0672528375 0.69204558125 0.22381663281250003 0.685787015625 0.2349829390625 0.7018114765625 0.25087107343750004 0.694549040625 0.252098009375 0.6594142062499999 0.2559151421875 0.5501058343749999 0.250561271875 0.47956351406250003 0.035575746875 0.4798733171875
129 0 0.9672681531249999 0.32290054375 0.9823944296875 0.3716555546875 0.9293761578125 0.3847304265625 0.8907464328125 0.37828594843749996 0.851435075 0.3638974015625 0.8157549375 0.34129213593749996 0.7915137578125 0.30656628124999996 0.7785752109375 0.2717041 0.769540534375 0.09493932187500001 0.7946368203125 0.0755562953125 0.7900513203124999 0.0667075328125 0.7076610624999999 0.044374920312499996 0.6756121421875 0.00560886875 0.6664411390625 0 0.8270581281249999 0 0.9672681531249999
1506 0.8015894546875 0.7059632875 0.7745350140625 0.6972012640624999 0.6129767390625 0.734554465625 0.38818816875 0.679801103125 0.36058842343749997 0.6866545609375 0.340251115625 0.7093961531249999 0.298758540625 0.7783025593749999 0.33362072187499997 0.787337234375 0.371432490625 0.8238353296875 0.38150818750000004 0.871090753125 0.38404879687500004 0.910265784375 0.363302509375 0.9447189874999999 0.9846952765625 0.946997490625 0.9862263890625 0.9031521453125 0.97671831875 0.727713446875 0.8015894546875 0.7059632875
1250 0.8281606171875 0.280850390625 0.8218028765625001 0.35098373125000004 0.8608415812500001 0.35234699375 0.8631591249999999 0.285981196875 0.8281606171875 0.280850390625
1250 0.825025115625 0.370639409375 0.8225712453125 0.44090907812499996 0.8577060781249999 0.44213601249999995 0.8562560796875 0.37173001875 0.825025115625 0.370639409375
676 0.913351696875 0.6395107531249999 0.976222603125 0.629980359375 0.9848607390625 0.2706879546875 0.9302065531249999 0.2687793890625 0.913351696875 0.6395107531249999
1354 0.31247789375 0.49736021406250003 0.32309889531249997 0.52900015625 0.35864270781249996 0.51851548125 0.4134332203125 0.5165201765625 0.46808740625 0.5184287421875 0.4456184671875 0.4902836921875 0.415205459375 0.4657698609375 0.356647403125 0.46372496874999997 0.3137048296875 0.46222538125 0.31247789375 0.49736021406250003
1354 0.40753404531250004 0.4615933390625 0.434315834375 0.478163103125 0.46459251406249996 0.5065808046875 0.48747043124999995 0.5230142437499999 0.5343168765625 0.5246501578125 0.59705145625 0.5190236359375 0.601909609375 0.49183286875 0.5673200796875 0.4749904515625 0.5282813765625 0.47362719062499997 0.5013632609374999 0.46096129531249996 0.4549257953125 0.44761377031249994 0.40807935000000006 0.44597785625 0.40753404531250004 0.4615933390625
1506 0.9689105781249999 0.72744079375 0.84021918125 0.7190381609375 0.766590946875 0.70083248125 0.6365362875 0.7314685515625 0.60689165 0.796880065625 0.591548821875 0.7885270203125 0.581882103125 0.7295599859374999 0.399627128125 0.6880178234375001 0.35250803125 0.69418965 0.3180052390625 0.7867919296875 0.35985720468750004 0.8195224812499999 0.376786359375 0.89437765 0.358989659375 0.9562942718749999 0.9842863234375001 0.95870834375 0.986744428125 0.8883174374999999 0.9838444296875 0.74750545 0.9689105781249999 0.72744079375
407 0.273444296875 0 0.7623897140625 0.1495687953125 0.8291644890625 0.1401747296875 0.8599864734375 0.15297695 1 0.136414765625 1 0.0171556125 0.508727528125 0 0.273444296875 0
1191 0.680395996875 0.48284778125 0.6452611625 0.48162084531250005 0.598142065625 0.48779267187500003 0.593011259375 0.5227911796875 0.620474678125 0.5198415921875 0.6595133828125 0.5212048546875 0.6945118906250001 0.526335659375 0.7179351125 0.5271536171875 0.715394503125 0.4879785859375 0.680395996875 0.48284778125
2001 0.024972875 0 0.008521306250000001 0.47111129218750003 0.027904331249999997 0.47569679374999996 0.0405702265625 0.44877867968749996 0.053422034375 0.30460812656249997 0.071863215625 0.0003788859375 0.07054503125 0 0.024972875 0
1354 0.24275353125 0.47929086249999997 0.2625455359375 0.47216475156250004 0.2571420765625 0.514971 0.3119325890625 0.512975696875 0.30212954375 0.45791253281250005 0.2481569890625 0.43648461406249994 0.24275353125 0.47929086249999997