1050 0.38394361875 0.2838713796875 0.3522396625 0.334219153125 0.37863569375 0.342354815625 0.361945021875 0.422765053125 0.388952125 0.4270425578125 0.40178463906250006 0.3460212484375 0.43773020156250003 0.3438045828125 0.41095072187500004 0.288148884375 0.38394361875 0.2838713796875
1050 0.1550901765625 0.2555344390625 0.1298803921875 0.314820671875 0.1574985671875 0.3152400203125 0.14405498125 0.4001194859375 0.1338943765625 0.414329971875 0.16922886718750002 0.4159714640625 0.1665928546875 0.40764407656249996 0.1806475125 0.318906453125 0.21273491875 0.3160787140625 0.1898135953125 0.2610340890625 0.1550901765625 0.2555344390625
214 0.840584184375 0.4471598046875 0.76628466875 0.39188755625 0.71349260625 0.37561623125 0.6401876125 0.3640058609375 0.5485863531249999 0.3930020078125 0.5177210921875 0.3881134296875 0.5018332156249999 0.4884255265625 0.29425960624999997 0.550467703125 0.24869271718750002 0.71331311875 0.43468707812499996 0.762546440625 0.44996388125 0.6660925 0.4383894078125 0.664259284375 0.4971004671875 0.618189015625 0.5312128125 0.6275468234375 0.6089870359375 0.6359101078125 0.638630153125 0.648515 0.7261456328125 0.6702859734375 0.6909310718749999 0.8426809203125 0.7500255796874999 0.8441306875000001 0.7882237062499999 0.8027213734374999 0.8132417656250001 0.7196751234375001 0.831118684375 0.70668678125 0.8478452546874999 0.551138334375 0.8643442015625 0.4469680796875 0.840584184375 0.4471598046875
268 0.18448200937499998 0.7941068046875001 0.1150351734375 0.78310750625 0.04822435 0.7804355953125001 0.0266809984375 0.8165728828125 0.1700439 0.83532439375 0.18448200937499998 0.7941068046875001
1413 0.389179746875 0.375664365625 0.5022884609375 0.3856691421875 0.5342559375 0.208804965625 0.40957275 0.196966971875 0.389179746875 0.375664365625
713 0.3963926828125 0.1553300359375 0.30929655 0.10594088593749999 0.18724937656250001 0.10243028125 0.1594876109375 0.40256377499999996 0.08312725625 0.4102441921875 0.06475919531249999 0.6011271296875 0.11510696875 0.6328310859374999 0.27756893437499996 0.6308779390625 0.29303746249999996 0.5581840171875 0.3358965421875 0.5372876359375 0.44617751875 0.5152050078125 0.4583989609375 0.43804185625000003 0.3578951390625 0.39839396250000003 0.3963926828125 0.1553300359375
1250 0.376994203125 0.37768930625 0.505535546875 0.390138371875 0.5303977796875 0.2081938921875 0.40307857968749994 0.1880285125 0.376994203125 0.37768930625
1250 1 0.20036658749999997 0.9631583984375001 0.197637603125 0.9321854437500001 0.4181636578125 1 0.431947809375 1 0.20036658749999997
1250 0.025482515625 0.34969991718750004 0.13087491406250001 0.35848255 0.1579897109375 0.1373454234375 0.05767761406250001 0.12145754843750001 0.025482515625 0.34969991718750004
713 1 0.45485524843749997 0.94070455625 0.43928766250000006 0.87714081875 0.44108498125000006 0.8370017828125 0.7194833984375 0.8345574953125 0.734916028125 0.849990125 0.7373603171875 0.9621866921875 0.7780946859375 1 0.53935085625 1 0.45485524843749997
1373 0 0.585599609375 0.007497903124999999 0.588102890625 0.0273997640625 0.5873000937499999 0.0556290109375 0.5838612828125 0.058684371874999995 0.5645704953124999 0.07717236250000001 0.5477239968750001 0.10601268125 0.540427028125 0.0987157140625 0.5115867093750001 0.08045534531250001 0.47705501562499997 0.06666420625 0.43927623593750004 0.047984490625 0.43236271875 0.02808263125 0.433165515625 0.0102057125 0.44615385781250005 0 0.49343772656249996 0 0.585599609375
1373 0.7916021453125001 0.10718669218750002 0.7349519265625 0.0903042953125 0.7065309546874999 0.0699830875 0.6815487921875001 0.077891128125 0.6315844687500001 0.0937072078125 0.586700446875 0.10241804375 0.5669903109375001 0.126980859375 0.5679848328125 0.17064273593749998 0.545638684375 0.1868781640625 0.535058734375 0.228706825 0.5417446296875 0.2614053015625 0.570393225 0.23034831718749998 0.5870479984375 0.22507629062499998 0.6199382 0.24215041249999997 0.63839029375 0.3004421234375 0.6273909953125 0.369888959375 0.656231315625 0.3625919921875 0.666811265625 0.3207633296875 0.7072260578125 0.315299578125 0.7202502984375 0.2580382875 0.7251388750000001 0.2271730265625 0.7643315234375 0.229425590625 0.7953885078125 0.25807418437499996 0.8013075046875 0.1957325921875 0.7714726640625 0.15936768125 0.7367492453125 0.1538680328125 0.733310434375 0.1256387859375 0.7712809390625 0.1356076640625 0.8110846593750001 0.1340020703125 0.7916021453125001 0.10718669218750002
278 0.6254141890625 0.6820162734374999 0.6374080078125 0.656231315625 0.6063510234375 0.6275827203125 0.5427872859375 0.6293800390625 0.5261325109375 0.634652065625 0.5411457937499999 0.6647145296875 0.6254141890625 0.6820162734374999
1354 0.66165916875 0.47814499374999997 0.5934344765625 0.45942938125 0.5682246921874999 0.5187156140625 0.5542059312500001 0.532315028125 0.6681174421875 0.5622216640625 0.7028767578124999 0.49258310312500003 0.66165916875 0.47814499374999997
1354 0.695771515625 0.48750280156250003 0.6744198875 0.54740010625 0.6930996031250001 0.5543136234375 0.7213288515625 0.5508748140625 0.763193409375 0.4863165546875 0.669183759375 0.45560712031249995 0.654553925 0.47306469218749997 0.695771515625 0.48750280156250003
1354 0.563144390625 0.52582085625 0.5922123328125 0.46714569531250005 0.6115031203125 0.47020105624999997 0.653942853125 0.47692284999999995 0.6517261875 0.4409772875 0.5668467203125 0.4275337 0.563144390625 0.52582085625
1225 0 0.9198274140624999 0.2950746390625 0.9698206328125 0.295721609375 0.8908242640624999 0.2991963171875 0.8439153015624999 0.14754192500000002 0.75266159375 0 0.7810340734375 0 0.9198274140624999
1373 0.3386402484375 0.32020039218749996 0.3167134484375 0.30881764375 0.2897063453125 0.3045401390625 0.2647241828125 0.3124481796875 0.26105775000000003 0.335597125 0.26449656093749996 0.363826371875 0.278095975 0.3778451328125 0.2673242984375 0.3959137765625 0.2675160234375 0.4196737953125 0.30162836875 0.4290316015625 0.3117889734375 0.414821115625 0.317480346875 0.4038577140625 0.3211467796875 0.38070876875000004 0.335165540625 0.3671093546875 0.342079059375 0.3484296390625 0.3386402484375 0.32020039218749996
1191 0.6878757109375 0.8619717093749999 0.714954609375 0.7159727921875 0.72939271875 0.6747552031249999 0.49263123750000004 0.6214361015625001 0.4440807828125 0.6532958843750001 0.44427250625000003 0.6770559015625001 0.41879920156250006 0.8628585375 0.40802752656249996 0.88092718125 0.4102441921875 0.9168727437499999 0.43725129531249995 0.9211502484375 0.45065898437499996 0.9114089921874999 0.6070102296875 0.9480374218750001 0.6187764265625 0.9736306562499999 0.6541109171875 0.9752721484375 0.693758809375 0.874768325 0.6878757109375 0.8619717093749999
300 0.9390989624999999 0.3994839421875 0.9354325296875 0.4226328875 0.9350131828125001 0.4502510625 0.9516679578125 0.4449790359375 0.9624396328125 0.4269103921875 0.9559454625000001 0.41797193281249995 0.9634700531249999 0.395434059375 0.9531177234375001 0.38588452812499996 0.96228380625 0.3280121640625 0.9390989624999999 0.3994839421875
1146 0.173506371875 0.38896436093750003 0.342462509375 0.395949675 0.3697690296875 0.198572565625 0.20509039843750002 0.16458014999999998 0.173506371875 0.38896436093750003
407 0.1652029203125 0 0.5745149015625 0.10444298593750001 0.6001081359375 0.0926767875 0.6200099953125 0.091873990625 0.6527084734375 0.0851880953125 0.6699743203125 0.0760579109375 0.6994257109375 0.0649027859375 0.7335380578125 0.0742605921875 0.749773484375 0.09660674062499999 0.7556565828124999 0.10940335781249999 0.783274759375 0.1098227046875 0.8090597171875 0.121816525 0.8271283609375001 0.1325882015625 1 0.14562926874999998 1 0.0729596578125 0.53935085 0 0.1652029203125 0
389 0.9270403437500001 1 0.960846275 0.7865577421875 0.8654227546875 0.73980460625 0.8229830218749999 0.7330828125 0.8114085484375 0.7312495953125 0.7977732375000001 0.7923690453125001 0.744945278125 0.85123593125 0.7025055453125 0.8445141375 0.6913145218750001 0.89020095625 0.6604133625 0.9604505890624999 0.6457835296875001 0.9779081609375 0.6084240984375 0.9640811250000001 0.4019168046875 0.91950875625 0.428995703125 0.773509840625 0.254575815625 0.726109734375 0.271877559375 0.641841340625 0.1307313234375 0.6590353921875 0.10047713437500001 0.6502886578125 0.0866500984375 0.6876480890625001 0.10999076875 0.7150745390625 0.1083492765625 0.7504090296875 0.1404366828125 0.747581290625 0.1641967 0.7473895671874999 0.3056904875 0.8528537609375 0.3117294140625 0.9645486062499999 0.52669025625 1 0.9270403437500001 1
1354 0.7783984171875 0.5401390359375 0.8220602953125 0.5391445140625 0.8562085390625 0.4733641109375 0.79447801875 0.46358695625 0.7783984171875 0.5401390359375
1354 0.6852274609375 0.45419325156249996 0.7560881671875 0.48123625312499996 0.727631296875 0.53605325625 0.7629657875 0.537694746875 0.786761703125 0.4623648125 0.79428629375 0.4398269390625 0.693974196875 0.4239390625 0.6852274609375 0.45419325156249996
1354 0.5044692296875 0.49675291406250005 0.561730521875 0.5097771546875001 0.5656245765625 0.435250015625 0.6407627875 0.4352859140625 0.678733290625 0.4452547921875 0.679763709375 0.413778459375 0.5242152625000001 0.3970518890625 0.5044692296875 0.49675291406250005