1050 0.6393818875 0.4251862078125 0.624097109375 0.344496925 0.65063110625 0.3368231765625 0.6198106703125 0.2859297609375 0.592733028125 0.289735275 0.5649862999999999 0.34491512968750004 0.6008877015625 0.3477587953125 0.6123042453124999 0.428991721875 0.6393818875 0.4251862078125
1050 0.8321872546875 0.4217570140625 0.8675450109374999 0.4207324453125 0.8576339624999999 0.40634679531250006 0.8456737734375 0.321245634375 0.8732950609374999 0.3213083546875 0.8491238046875 0.2615911796875 0.8143096921874999 0.266483984375 0.7904311984375 0.32112019375 0.822464365625 0.324507503125 0.8349681999999999 0.41347690000000004 0.8321872546875 0.4217570140625
214 0.20653697499999998 0.7976450703125 0.2440065921875 0.8397147265625 0.3031174015625 0.8392965218749999 0.2709169109375 0.666313253125 0.3587990171875 0.64607295 0.3886576046875 0.6339873218750001 0.46656594218749997 0.6269826578125001 0.500836409375 0.61822161875 0.5587344890625 0.6653095203125 0.547129784375 0.6669404546875 0.5607209078125 0.7636463203125 0.7475461812499999 0.7176665468750001 0.704828275 0.55405068125 0.49836906562500005 0.48839529531250003 0.48423429687499997 0.38782119531250003 0.45328842031249994 0.3921703546875 0.36220716406250003 0.3615799625 0.28871070468750004 0.371909215625 0.23564271093750003 0.3872567140625 0.16038987656249998 0.4412238390625 0.1366368234375 0.4406174734375 0.1513152375 0.545059809375 0.165324565625 0.7008764843749999 0.1829720828125 0.7141748437500001 0.20653697499999998 0.7976450703125
268 0.8103370640625001 0.799568559375 0.8240536281249999 0.84103185 0.9677219546875 0.8247852234374999 0.9468125671875001 0.78827745625 0.8799652874999999 0.78978295 0.8103370640625001 0.799568559375
1413 0.5957021328125001 0.1985912984375 0.470831334375 0.20825146718749998 0.4997072359375 0.385646615625 0.6129733296875 0.3776173828125 0.5957021328125001 0.1985912984375
713 0.705915565625 0.56178715 0.720113053125 0.6347399640625 0.8825161890625 0.6395281640625 0.9334096046875 0.608707728125 0.91837570625 0.41753329531250005 0.8421610234375001 0.408521375 0.8196415375000001 0.1079490828125 0.697551684375 0.10932913749999999 0.60960685625 0.15719072812499998 0.6438564875 0.40088950937499995 0.542676021875 0.43877733125 0.5535489203124999 0.5161420234375 0.6634277046875 0.5401459578125001 0.705915565625 0.56178715
1250 0.6023513125 0.1897675390625 0.47469956875 0.207707821875 0.4963826453125 0.39005849531250003 0.6251216796875 0.37985468125 0.6023513125 0.1897675390625
1250 0 0.42346596718749996 0.0693086203125 0.4106334453125 0.042189093750000004 0.1896004265625 0 0.19198601875000001 0 0.42346596718749996
1250 0.9488614953125 0.1292347921875 0.8482873953125001 0.1433695609375 0.8715386859375001 0.364946225 0.9770683109375 0.35800428125 0.9488614953125 0.1292347921875
713 0 0.534963409375 0.033030279687500004 0.7699860609375 0.145920671875 0.7312159968749999 0.161393609375 0.7290414171874999 0.15921902968749999 0.713568478125 0.12394482968750001 0.4345119390625 0.060422140624999995 0.431605553125 0 0.44634671875 0 0.534963409375
1373 1 0.5019707609374999 0.9906594343749999 0.454710146875 0.973011915625 0.44141178906249995 0.9531270984375 0.440261778125 0.9343295703125 0.44684823749999997 0.9198812015625 0.48438057343749996 0.901020953125 0.5185883203125 0.8932217625 0.5472968984375 0.9219303406250001 0.5550960875000001 0.9401215031250001 0.57226268125 0.9428397281249999 0.5916038546875 0.9710046609375 0.5955348093749999 0.990889478125 0.59668481875 1 0.5938188671875 1 0.5019707609374999
1373 0.23451353749999998 0.1546817109375 0.204048584375 0.1905203921875 0.20887866875 0.252955790625 0.24043091093750002 0.22485357968750003 0.2796569015625 0.22328536406250002 0.2840060609375 0.25423124218750004 0.2960289703125 0.311711115625 0.33634225156249997 0.3178793703125 0.3461905796875 0.3598863078125 0.3748991578125 0.36768549687499996 0.3651135484375 0.2980572734375 0.3845801625 0.2400964734375 0.4177633390625 0.223598965625 0.4343235671875 0.2291608546875 0.4624257796875 0.260713096875 0.469681325 0.22813628437500003 0.4598329953125 0.1861293484375 0.43777359843749997 0.1695064 0.43952997343750005 0.1258685296875 0.4202515203125 0.10096546718749999 0.375526359375 0.09147262187500001 0.32584567343750004 0.074786953125 0.30100533125 0.06644411875 0.272234034375 0.08626621718750001 0.21529780468749998 0.10215736093750001 0.195350265625 0.1286286375 0.2351199015625 0.13092865781250002 0.273258603125 0.1216239734375 0.2693276484375 0.14978890625000002 0.23451353749999998 0.1546817109375
278 0.3598863078125 0.6538094203125 0.371428290625 0.679799771875 0.4559858078125 0.66397135 0.4715214671875 0.6341754828124999 0.45496123906249997 0.6286135921875 0.39143855 0.6257072078125 0.3598863078125 0.6538094203125
1354 0.407287809375 0.457804903125 0.338746875 0.47532698125 0.297283584375 0.4890435453125 0.3308222453125 0.5592781328124999 0.44523835 0.53136408125 0.431459065625 0.5175220781250001 0.407287809375 0.457804903125
1354 0.305981903125 0.5509352984375 0.32477943125 0.5443488390625 0.3044764078125 0.4840880203125 0.3459397 0.47037145625 0.33161677031250003 0.45266121875 0.23708548437500002 0.48172527968749995 0.2778169703125 0.5470043437500001 0.305981903125 0.5509352984375
1354 0.40837509843750003 0.465541371875 0.436414590625 0.5247149015625 0.43442817187499994 0.4263781015625 0.349327009375 0.43833828906249994 0.34648334375 0.47423969218749995 0.389033925 0.468259596875 0.40837509843750003 0.465541371875
1225 1 0.7907657625 0.847994840625 0.758774353125 0.69477095 0.847367428125 0.6974264546875 0.8943298890625 0.6966946484375 0.9733255171874999 1 0.92736793125 1 0.7907657625
1373 0.6896689375 0.4181188234375 0.6995799875000001 0.432504471875 0.733850453125 0.42374343281250004 0.73445681875 0.39999038124999997 0.7240021249999999 0.381736496875 0.737844128125 0.3679572140625 0.7417750828125 0.33979228125 0.7385132140625 0.31658287343749997 0.713672871875 0.3082400390625 0.6865952281250001 0.31204555312500004 0.6644731109374999 0.32304389218749996 0.66054215625 0.351208825 0.667128615625 0.370006353125 0.6809078984375 0.38384835625 0.68416976875 0.40705776406250005 0.6896689375 0.4181188234375
1191 0.5421534234375 0.9122074515625 0.5553890625 0.9221812203124999 0.5824667046875 0.91837570625 0.5853103703125 0.8824743046875 0.5748556765624999 0.864220421875 0.5526289546875 0.6780015140625 0.55323531875 0.6542484609375 0.5052482890625 0.621546209375 0.2675923203125 0.6707251328125 0.281308884375 0.7121884234375 0.3058356265625 0.8586376953125001 0.299730090625 0.8713296890625 0.3376179125 0.9725101546875001 0.37297566875 0.9714855859375 0.3851867375 0.9461015984375001 0.5421534234375 0.9122074515625
300 0.038906389062500005 0.4188508390625 0.0493610828125 0.4371047234375 0.0659213109375 0.44266661249999995 0.06598403124999999 0.415045325 0.06272216093750001 0.3918359171875 0.040788203125 0.31997039374999997 0.048942878125 0.3779939140625 0.0384254640625 0.3873613171875 0.0455555671875 0.41002708125 0.038906389062500005 0.4188508390625
1146 0.80071856875 0.1697781171875 0.63547176875 0.20089131875000002 0.6593294265625 0.3987149296875 0.828381740625 0.394679371875 0.80071856875 0.1697781171875
407 0.465036590625 0 0 0.06535663124999999 0 0.137319578125 0.1793336828125 0.12693498281249999 0.197587565625 0.1164802890625 0.22357791875 0.10493830468750001 0.25119920625000003 0.105001025 0.25730474062500003 0.09230903124999999 0.2739276890625 0.07024963281249999 0.30819815625 0.061488595312500005 0.337450378125 0.07315601875 0.3545542515625 0.0825861421875 0.3871310625 0.0898416875 0.40701588125 0.090991696875 0.43239986874999997 0.10320276718750002 0.8684837609375 0 0.465036590625 0
389 0.46090184375 1 0.6801344203124999 0.967763628125 0.6881217703125 0.8561911875 0.8314346125000001 0.7532124640625 0.855187665625 0.753818828125 0.8872208328125 0.7572061390625 0.8861962625 0.72184838125 0.9100120359374999 0.6948334593750001 0.8968391171875 0.657238403125 0.8664368843749999 0.665455796875 0.7256122234375 0.6458010234375 0.741440646875 0.7303585406249999 0.5662200765625001 0.7747073796875 0.59074681875 0.9211566515625 0.3834930828125 0.9621181812499999 0.3458980265625 0.9752911 0.3315750984375 0.9575808609375001 0.3019046703125 0.886802628125 0.29151269687500003 0.84092745625 0.248962115625 0.8469075515625001 0.197169571875 0.78712765625 0.1846030171875 0.725779546875 0.1729983140625 0.72741048125 0.1304477328125 0.7333905765625001 0.034222792187500004 0.7784712218750001 0.06535663124999999 1 0.46090184375 1
1354 0.206202328125 0.4584531515625 0.1443105734375 0.46715147031250004 0.1773055890625 0.533517825 0.2209434609375 0.5352742 0.206202328125 0.4584531515625
1354 0.27177415625 0.53207505 0.244278309375 0.47676975625000007 0.31560018749999996 0.4509675640625 0.30738279375 0.42056533125 0.2068086921875 0.4347001 0.213938796875 0.4573658625 0.23641640000000003 0.5330996203125 0.27177415625 0.53207505
1354 0.4355154609375 0.4341145703125 0.4381082453125 0.5086983187499999 0.4955881203125 0.49667541093749995 0.47758511718749996 0.3966449546875 0.3217684421875 0.4106542828125 0.3222493671875 0.44214380468750003 0.36038806874999996 0.43283912031250005 0.4355154609375 0.4341145703125