1917 0.8463129828125 1 0.8471976515625 0.9930839375 0.853057384375 0.9503377578125001 0.8003589640625 0.9181263671875 0.8056312546875001 0.89528956875 0.816175834375 0.849615971875 0.789532903125 0.8434649671875001 0.7833818984375001 0.8701078984375 0.7584915 0.9084605015625 0.72043016875 0.8996733515625 0.7046181953125 0.916067871875 0.7057832859375 0.9804808609375 0.7104928625 1 0.8463129828125 1
1917 0.6828574421875 1 0.6917287421875 0.9892631140624999 0.6847039171875 0.9675963046874999 0.65952714375 0.9377297859375 0.6621632890625 0.9263113859375001 0.6683142937500001 0.8996684546875 0.6642168890625 0.8826864921875 0.640501375 0.8812203343749999 0.631714225 0.919281665625 0.6167809656250001 0.931870053125 0.59042930625 0.9418222953125 0.5801808953125 0.9514832640625001 0.5749086046875 0.9743200625 0.5846071578125 1 0.6828574421875 1
1250 0.516419003125 0.2552326 0.572632284375 0.2722194578125 0.58376430625 0.20663648124999998 0.5313571593749999 0.1905283375 0.516419003125 0.2552326
1250 0.5456882859375 0.35419695625 0.5588690125 0.29710495937500003 0.5111467125 0.2780693984375 0.49240242343749996 0.34189494531250003 0.5456882859375 0.35419695625
1250 0.5392411109374999 0.4168525140625 0.5480282625 0.378791184375 0.490936265625 0.3656104578125 0.4730706921875 0.425629871875 0.48361037656250006 0.43207215000000004 0.506447175 0.437344440625 0.5392411109374999 0.4168525140625
1250 0.0669893390625 0.2917886 0.07869901093750001 0.31052799375 0.096564584375 0.2505085796875 0.0470848546875 0.2390852828125 0.042251921875 0.260019015625 0.041225121875 0.2818314625 0.0669893390625 0.2917886
1340 0.053235860937500004 0.21244235156250002 0.09217590625 0.21742336875 0.10418664375 0.148034259375 0.0737375796875 0.1410045390625 0.053235860937500004 0.21244235156250002
1250 0.13552421718750002 0.047026096875 0.0954141828125 0.0297479640625 0.07783988124999999 0.10587062656249999 0.12175604843750001 0.12402747343750001 0.13552421718750002 0.047026096875
1050 0.040632782812500004 0.3538567171875 0.0880638109375 0.35678903125 0.053813509375 0.29676472187499997 0.03478284375 0.292371146875 0.0233595484375 0.3418508765625 0.020131064062500002 0.42529453124999994 0.040632782812500004 0.3538567171875
1146 1 0.4064075984375 0.9046396796874999 0.396977409375 0.8630439015625001 0.6118782921875 0.9716643312500001 0.6449732953125 1 0.5222380281250001 1 0.4064075984375
1373 0.71781850625 0.650512375 0.7547147453124999 0.5948865359375 0.8258612859375001 0.5992850078124999 0.8375758546875 0.565908525 0.7989319781249999 0.52491488125 0.8247010921875001 0.48275614375 0.8056704265624999 0.47836256875 0.782833628125 0.47309027812500004 0.81299141875 0.46401675156250005 0.8437366531249999 0.43503384375 0.8613060578124999 0.41102705781250004 0.8282208484375 0.4154157359375 0.781959809375 0.4247805359375 0.7585355687499999 0.4394176265625 0.7515058484375 0.46986669062499997 0.7298390375 0.47689151562500004 0.7154932203125 0.469570521875 0.7131532453125 0.44497629375000003 0.7175468203124999 0.42594562812500003 0.716964275 0.3937391328125 0.66748454375 0.38231583750000003 0.6677758171875 0.398419084375 0.6841703375 0.41423105937500004 0.70085613125 0.44614628125 0.67128578125 0.43531042812500004 0.6706983390625 0.45521980781250004 0.657522509375 0.460195928125 0.6639598906249999 0.5017721203125001 0.6894279375 0.5477418859375 0.666003696875 0.5623789765625 0.6469730328125001 0.5579854 0.6501917234375 0.5787734953125 0.6970353078125 0.601615190625 0.7075749921875001 0.60805746875 0.701715259375 0.6508036484375 0.6914668484375001 0.6604646171875 0.6800484484375 0.657828471875 0.6721400140625 0.6920836687499999 0.676819965625 0.7412721265625 0.6949719156249999 0.749471834375 0.7069777562499999 0.7321986 0.7178136109375 0.70262825 0.71781850625 0.650512375
715 0.965222053125 0.655512978125 0.7321692203125 0.6057174937500001 0.6984818796875001 0.786363178125 0.7248335375 0.7764109359375 0.9157227359375 0.8525531828125 0.965222053125 0.655512978125
842 0.6191356296875 0.80011665625 0.65194425625 0.6232771046875001 0.285089325 0.5626359734374999 0.265752696875 0.698486775 0.2508145421875 0.7631910375000001 0.26633524375 0.7306932703125 0.6071346859375 0.765274015625 0.6059598015625001 0.8050927765625 0.6191356296875 0.80011665625
954 0.12056647499999999 0.320193859375 0.1026960046875 0.432329146875 0.4165563453125 0.496771515625 0.447015203125 0.39956948593749997 0.12056647499999999 0.320193859375
2001 0.4534770671875 0.1805663015625 0.171240675 0.08333489375 0.1202752015625 0.3040906109375 0.40017161874999996 0.37672779218749997 0.4534770671875 0.1805663015625
2001 0.5377651609375 0.544799778125 0.609202975 0.565301496875 0.6795001796875 0.2608108515625 0.6033775171875 0.2432365515625 0.5377651609375 0.544799778125
214 0.2288564578125 0.7541126140625 0.2967843078125 0.737722990625 0.54740654375 0.7635116890625 0.60654724375 0.785183396875 0.6337776171875 0.7714250218750001 0.6425647671875 0.733363690625 0.6577941968750001 0.6847626765625 0.6618964984375 0.6496287640625 0.66892621875 0.6191796984375 0.6097855203125 0.5975079921875001 0.5746516078125 0.5934056890625 0.5535722390625 0.5805211328125 0.5143409203125 0.55943686875 0.47891573593750003 0.53923131875 0.4396844171875 0.518147053125 0.4347082953125 0.504971225 0.42270735156250006 0.470128584375 0.42885835625 0.44348565312500005 0.434130646875 0.42064885468749996 0.430033240625 0.4036668921875 0.38318965625 0.380825196875 0.3489344578125 0.3729167625 0.3032608609375 0.36237218125 0.2690056640625 0.3544637453125 0.23855659999999998 0.347434025 0.192883003125 0.3368894453125 0.15570038749999998 0.3242961609375 0.14428198750000001 0.321660015625 0.11353675468749999 0.35064292343750003 0.10445833125 0.37260100625 0.1018221859375 0.38401940625000003 0.097428609375 0.4030500703125 0.0906901625 0.4496023828125 0.0871753015625 0.46482691562499995 0.098884975 0.4835663078125 0.108837215625 0.5099179656249999 0.1006375078125 0.5280699171875 0.0936077875 0.55851898125 0.088335496875 0.5813557796875 0.076324759375 0.6507448890624999 0.0915541875 0.602143875 0.16738067968749998 0.655730803125 0.168545771875 0.7201437921875 0.2288564578125 0.7541126140625
706 0 0.614190396875 0.0227476234375 0.62233963125 0.06285765625 0.6396177625 0.067838675 0.6006777171875 0.07223225 0.5816470515625001 0.0941952296875 0.5386096 0.090685265625 0.5017182578125 0.057604953125000004 0.4539910609375 0.004319090625 0.4416890515625 0 0.46039708749999997 0 0.614190396875
1501 0.78154844375 1 0.7599478640624999 0.9889767375 0.742674628125 0.976970896875 0.7084194312500001 0.9690624609375 0.662745834375 0.95851788125 0.6361029031250001 0.9523668750000001 0.6056538390624999 0.9453371546874999 0.5591015265625 0.9385987078125 0.5069856515625 0.9385938109374999 0.48795498593750003 0.9342002359375 0.470094309375 0.942103775 0.4370090984375 0.9464924531250001 0.4282219484375 0.984553784375 0.4979357984375 1 0.78154844375 1
407 0.24221449687500002 0 0.6396912109375 0.1554042171875 0.8961633875 0.2426784875 0.91666510625 0.171240675 1 0.162697703125 1 0.10228204062499999 0.5569678046875 0 0.24221449687500002 0
1250 0.1164837578125 0.146864271875 0.0716888765625 0.13251355781250002 0.05147842968750001 0.22005461718750002 0.09715202656250001 0.23059919843749999 0.1164837578125 0.146864271875
1191 0 0.6386905625 0.0669550625 0.656599725 0.0813057765625 0.61180484375 0.0971226484375 0.5432944484375 0.11850308125 0.468050503125 0.0327194515625 0.440227790625 0.0007082265625 0.439964528125 0 0.44303219374999997 0 0.6386905625
713 0.6870634796874999 0.7837270328125 0.7060941453125 0.7881206078125 0.7219061203125 0.7717260875 0.9262624203125001 0.8589954609375001 0.9745917484375 0.6496581421875 0.8194190078125001 0.6098246921875 0.743296346875 0.5922503906250001 0.6870634796874999 0.7837270328125
1050 0.5248903984375 0.461647396875 0.515807078125 0.5357213546875 0.5216619140625001 0.5450910515625 0.544799778125 0.46223483906249996 0.582861109375 0.4710219890625 0.5611991953125 0.4259309375 0.5307501296875 0.41890121718750006 0.48770778281249993 0.4490541125 0.5248903984375 0.461647396875
950 0.23239090468749998 0.5304245812499999 0.23824574062499998 0.539794278125 0.2543489875 0.5395030046875 0.290361615625 0.539799175 0.341598775 0.5436102046875 0.307343578125 0.53570176875 0.3108584375 0.5204772359375001 0.2804093734375 0.513447515625 0.27220966562500004 0.531599465625 0.263718684375 0.53364816875 0.23239090468749998 0.5304245812499999
1354 0.1609579875 0.4578069875 0.271335846875 0.483289725 0.2710445734375 0.4671864765625 0.12084795468750001 0.44052885625 0.12201304531249998 0.5049418453125 0.1407524375 0.4932321734375 0.1609579875 0.4578069875
1354 0.3448223625 0.512282425 0.43441212656249995 0.5409838515625001 0.437048271875 0.529565453125 0.421532465625 0.5099473453125001 0.4101140671875 0.5073112 0.285390390625 0.47450747031249996 0.289487796875 0.4914894328125 0.336040109375 0.4982278796875 0.3448223625 0.512282425
1354 0.186426034375 0.503776753125 0.22624479531250002 0.5049516390625 0.2546451578125 0.503490378125 0.32784040000000003 0.51637983125 0.3228642796875 0.5032040015625 0.154515709375 0.468346671875 0.1504134078125 0.503480584375 0.16856535781249998 0.5116802921875 0.186426034375 0.503776753125
1506 0.8896999578125 1 0.9154265671875 0.8885658109374999 0.6211843328125 0.8086076375 0.479187421875 0.763798065625 0.2645778125 0.7383055359374999 0.2575480921875 0.7687546015625 0.22622031250000002 0.7655310140625 0.19196511562500002 0.757622578125 0.11555118125 0.7239450296875 0.13282931250000002 0.6838349953125 0.0736886140625 0.6621632890625 0.047924396875000004 0.65220615 0 0.659626446875 0 0.8862295203125001 0.0733728578125 0.9066394171875001 0.41299741562500003 0.9810389234375 0.43261552343750004 0.96552311875 0.4472575109375 0.936831484375 0.47360916875000003 0.9268792421875001 0.5239676140625 0.9344964046875001 0.5649563625 0.9479684031250001 0.57227735625 0.9336225859375 0.6024351484375 0.9245490593750001 0.6156109765625 0.9195729390625 0.6255681156249999 0.893808721875 0.6317191203125 0.8671657906249999 0.6677317484375 0.867461959375 0.6709504390625 0.8882500546875001 0.6686055671875 0.9157717015625 0.6893936625 0.9125530109375 0.7005207890625 0.899085909375 0.7163327640625 0.8826913890625001 0.7271637203125 0.9052369140625001 0.7356547015625 0.9031882109374999 0.762006359375 0.89323596875 0.7707935109374999 0.8551746390625 0.8155883921875 0.869525353125 0.8068012421875 0.9075866828124999 0.8261231796875 0.9280835062499999 0.8504212390625 0.9617561578125 0.853931203125 0.9986475 0.8597895234375 1 0.8896999578125 1