214 0.6012279781250001 0.5113522203125 0.5428062484375 0.5054034578125 0.3426182484375 0.5296817875000001 0.3152415671875 0.642076071875 0.5466109421875001 0.7322369203125 0.8454863125 0.6801357828125 0.9244312656250001 0.5460905140625 0.9309253343749999 0.47205330312499993 0.7875727375 0.435778271875 0.6863447593750001 0.42442605 0.6012279781250001 0.5113522203125
1354 0.7588823828125 0.47386269218750005 0.71416756875 0.5231134203125001 0.822794309375 0.5464499046875 0.8753168640625001 0.49747182968750003 0.7588823828125 0.47386269218750005
1354 0.64594279375 0.46210149375 0.5977330859375 0.49950428281250003 0.690880671875 0.51839159375 0.73936303125 0.47318106249999997 0.64594279375 0.46210149375
1490 0.6161618296875 0.531416878125 0.5962334984375001 0.5424468578125 0.6693164281249999 0.57626801875 0.673034384375 0.6936567828125 0.7274159171875 0.703373090625 0.739040790625 0.5943373703125 0.7055418703125 0.546263990625 0.6161618296875 0.531416878125
1250 0.756800340625 0.30962748281249997 0.7455844453125 0.406951590625 0.839141009375 0.4141272890625 0.8424128375000001 0.3204343984375 0.756800340625 0.30962748281249997
1902 0.7120483765625 0.13608494375 0.7079585921875 0.25320105625 0.9343830765625001 0.26110797343750003 0.9355232734375001 0.1165284421875 0.7120483765625 0.13608494375
1902 0.5393237953125001 0.1574136859375 0.5321480968750001 0.25097025 0.6959743281249999 0.26059981875 0.7039679828125001 0.1436200328125 0.5393237953125001 0.1574136859375
676 0.1268767921875 0.103924409375 0.10415991250000001 0.6425222015625 0.2689404265625 0.6248246765625 0.29433424218750004 0.1214980453125 0.1268767921875 0.103924409375
2001 0.297147503125 0.152865334375 0.2900585421875 0.355866596875 0.39963956718750004 0.35187598750000004 0.426111553125 0.153460228125 0.297147503125 0.152865334375
706 0.0087939578125 0.4633035515625 0.0027956078125 0.63507385 0.0929936046875 0.626497740625 0.1020778703125 0.478286990625 0.0087939578125 0.4633035515625
1625 0.5614084671875 0.7562054484375 0.6192848921875 0.7777696921875 0.6400311796875 0.7433164890625 0.597497584375 0.730105290625 0.5614084671875 0.7562054484375
581 0.41063239687499997 0.14901105312500001 0.38356551875 0.4763908625 0.42918502812500003 0.5131616109375 0.45775149531250003 0.142839225 0.30967707031249997 0.129851090625 0.31303563749999996 0.14560289843750002 0.41063239687499997 0.14901105312500001
316 0.8235130890625 0.7497238187499999 0.8020355828125 0.9170449421875 0.9130666062499999 0.9834603281250001 0.9839820296875 0.9674221812500001 0.9920338828125 0.736847265625 0.9768546453125 0.7238095765625 0.8235130890625 0.7497238187499999
33 0.6098412375 0.8243434859375001 0.628678959375 0.84454446875 0.63121956875 0.8837194984375 0.6181446953124999 0.9223492234374999 0.6169177593749999 0.9574840578125 0.6392503734375 0.989532978125 0.7329432625 0.99280480625 0.772527271875 0.9785525859374999 0.7565524 0.8763703250000001 0.710932890625 0.8395995765625001 0.6788839703125 0.8619321890625 0.6305875249999999 0.7898902828125001 0.6098412375 0.8243434859375001
322 0.39490530156250003 0.71130471875 0.35668455312499997 0.686518234375 0.3092928046875 0.700497803125 0.3001218015625 0.7392638546875 0.27724388437499997 0.7228304156250001 0.191358734375 0.719831240625 0.17801120937499998 0.76626870625 0.20438401874999998 0.7945500828125 0.27869388281249996 0.7932364093750001 0.29725895156250004 0.8212451328125001 0.36725596718750003 0.8315067453125 0.4190968921875 0.802048021875 0.4214144375 0.7356822249999999 0.39490530156250003 0.71130471875
1050 0.5859347374999999 0.3896506078125 0.6131255046875 0.3945087609375 0.6105353078125 0.4686822984375 0.6260144624999999 0.4731314734375 0.631963225 0.41470974375 0.6483966640625 0.391831825 0.6458560546875 0.3526567953125 0.59120186875 0.3507482296875 0.5859347374999999 0.3896506078125
1050 0.8890733687499999 0.4393227515625 0.9279757468750001 0.444589884375 0.9171688296875 0.53020238125 0.928880440625 0.530611359375 0.9339245093749999 0.38616815312499997 0.9065974156250001 0.3852138703125 0.8890733687499999 0.4393227515625
1189 0.848844878125 0.695887590625 0.9145290453125 0.7177244875000001 0.9241586140625 0.55389825625 0.8584744484375 0.532061359375 0.848844878125 0.695887590625
351 0.46863271093750003 0.5028132609375 0.5192467 0.508489371875 0.5274758578125 0.16090857812499998 0.4806294125 0.1592726640625 0.46863271093750003 0.5028132609375
268 0.3717918796875 0.9254722875000001 0.32290054375 0.9823944296875 0.5179577375 0.9931146078124999 0.5610366390625 0.990710325 0.6056151265625 0.9453634687499999 0.45095989843749995 0.8969678468750001 0.3717918796875 0.9254722875000001
1819 0.5681380375 0.45156722968749996 0.56745640625 0.47108658124999997 0.5988236953125 0.4682733203125 0.599369 0.45265783906249996 0.5681380375 0.45156722968749996
1956 0.072495259375 0.09420810156250001 0.0708593453125 0.14105454687500002 0.0561857078125 0.449323984375 0.102623175 0.46267150937499996 0.0962158453125 0.64615341875 0.2803793859375 0.633041396875 0.2982381125 0.121634371875 0.31049502812499996 0.10642786875000002 0.072495259375 0.09420810156250001
713 0.0598169265625 0.45726805156249994 0.0050264140625 0.45926335468749996 0.002250303125 0.65068933125 0.0959431921875 0.653961159375 0.1003923671875 0.6384820046875 0.102350521875 0.47047925 0.0598169265625 0.45726805156249994
1956 1 0.1006618609375 0.9359322515624999 0.10481683125 0.9176149578125001 0.7412840359375 0.9921770265625 0.7327482015625 1 0.5087275453125 1 0.1006618609375
1625 0.6051689984374999 0.7342818125 0.585649646875 0.7336001828125001 0.5579135749999999 0.7443575109375 0.55723194375 0.7638768625 0.5920941265625 0.7729115390625 0.6152446953124999 0.7815372375 0.6467483125 0.7748201046875 0.6433897453124999 0.759068296875 0.6244156984375 0.742771184375 0.6051689984374999 0.7342818125
1050 0.8927045859374999 0.44726681875 0.9278394203125 0.44849375468749997 0.930156965625 0.3821279578125 0.8872143906250001 0.38062836875 0.8927045859374999 0.44726681875
407 0.027199974999999998 0 0.024198814062499997 0.0221661953125 0.581361675 0.0728917984375 1 0.031135275 1 0.0171556125 0.50872753125 0 0.027199974999999998 0
300 0.036170639062499996 0.3509092671875 0.046791640625000006 0.3825492078125 0.0450194015625 0.4332995234375 0.048377967187499996 0.44905133125 0.064538753125 0.4339811546875 0.077204646875 0.40706304062500004 0.06199814375 0.394806125 0.079385865625 0.3446011140625 0.06781058125 0.3402882640625 0.0528767296875 0.3202236078125 0.0372612484375 0.319678303125 0.036170639062499996 0.3509092671875
1699 0.7667644234375001 0.9197218765624999 0.7515579203125 0.9074649609375 0.7526485296875001 0.8762339984375 0.7456587453125 0.8525381234375 0.7226445015625 0.8400085546874999 0.6989486265625 0.8469983390625 0.69799434375 0.87432543125 0.7012165828125 0.8939811093750001 0.700671278125 0.9095965921875001 0.6841015140625 0.9363783796874999 0.6795160124999999 0.9557614062500001 0.65205259375 0.9587109937499999 0.6474670921875 0.97809401875 0.658769725 0.9902146093749999 0.7134239109375 0.992123175 0.7604066828125 0.98985521875 0.7764311421875 0.9786889125 0.7920466234375 0.9792342171874999 0.795541515625 0.9910821546875 0.82704513125 0.984365021875 0.8467008093749999 0.9811427828125 0.862861596875 0.96607260625 0.8480640718749999 0.942104078125 0.8212822828125 0.9255343140625 0.793955190625 0.92458003125 0.7667644234375001 0.9197218765624999
1699 0.6251840671875 0.8326965312500001 0.6240934578124999 0.86392749375 0.6223212171875 0.9146778093749999 0.6139681718750001 0.9300206390625 0.6171904125000001 0.9496763171874999 0.6445175046875 0.9506306 0.67211725 0.9437771421875001 0.6884143625 0.9248030953124999 0.6862827328125001 0.8739164531249999 0.667308684375 0.8576193406250001 0.6225071328125 0.7974253703125 0.6099775640625 0.8204396140625001 0.6251840671875 0.8326965312500001
351 0.5321480968750001 0.25097025 0.9381506203125 0.2651481703125 0.93942714375 0.11666476875000001 0.927988184375 0.10844804999999999 0.5479494921875 0.13426311562499998 0.544677665625 0.22795600624999998 0.5321480968750001 0.25097025
1956 0.48884613125 0.14783370468749998 0.4724002546875 0.5068534578125 0.523286896875 0.504721828125 0.5401293140625001 0.47013229843750004 0.6304636375 0.45765231875 0.6246140515625 0.28937691249999997 0.5345523796875 0.2940491515625 0.5396831859375 0.25905064375000003 0.5475405140625 0.145974728125 0.5363742078125 0.1299502671875 0.4775434984375 0.135713115625 0.48884613125 0.14783370468749998