1586 0.08516525 0 0.0718881 0.1316181515625 0.0490508078125 0.32574817500000003 0.0382073375 0.4940932390625 0.02373333125 0.6104490390625 0.0080012828125 0.8096593640625 0.20824202656250002 0.7939150796875001 0.1954813078125 0.7246599687499999 0.237537590625 0.6838617265625 0.3382690359375 0.6721314265625 0.38051704375 0.6550932031250001 0.3825778828125 0.5921405375 0.402515640625 0.5161995296875 0.45270758750000006 0.44900525625 0.5235919546875001 0.001458978125 0.5153370828125 0 0.08516525 0
291 0.2531138125 0.38575317343750004 0.2210264078125 0.38858091093749997 0.2081938921875 0.4696022203125 0.23967022500000001 0.470632640625 0.2531138125 0.38575317343750004
1588 0.07295965625 0 0 0.46064914687499997 0 0.9021752328125 0.0065874125000000006 0.7936156624999999 0.0223194609375 0.5944053375 0.032935310937500004 0.477438465625 0.0476369390625 0.30970447343749996 0.0704742296875 0.11557445 0.078837515625 0.0378002265625 0.080433746875 0 0.07295965625 0
1844 0.579223990625 0.44926877656249997 0.643590525 0.46737331875 0.680338884375 0.48505851250000004 0.7304949328125 0.49300245 0.7958796515625 0.0801795890625 0.7694836203125 0.0720439265625 0.7181054265625 0.0718163046875 0.648658590625 0.06081700625000001 0.6360536984375 0.090460121875 0.58617340625 0.3554508515625 0.57009380625 0.4320029296875 0.579223990625 0.44926877656249997
1822 0.4049599296875 0.5007669 0.39376890625 0.54645371875 0.383991753125 0.6081842390625 0.379103175 0.6390494999999999 0.3935053859375 0.6729701218749999 0.3916721703125 0.68454459375 0.368523225 0.6808781609375 0.3106508609375 0.6717120796875 0.25419236562499997 0.6785897000000001 0.20239482656250002 0.705980253125 0.19303701874999998 0.7400925984375 0.1997229140625 0.772791075 0.23158269687500002 0.8213415296875001 0.248429196875 0.839829521875 0.23013292968750002 0.8804360375 0.278228140625 0.9513326421875 0.41368300312499995 0.945101990625 0.4393480328125 0.7830593718750001 0.4566497765625 0.698790978125 0.4454946515625 0.6693395859375 0.4542413859375 0.6390853984375 0.467649075 0.629344140625 0.47131550781250003 0.6061951953125 0.447363765625 0.582626903125 0.6847722171874999 0.5569496375 0.5266236531249999 0.45675747031249997 0.47910361874999996 0.45714091874999996 0.460423903125 0.45022740156249996 0.4380777546875 0.46646282812499995 0.4049599296875 0.5007669
544 0.76174364375 0.5454110625 0.7302673109375 0.5443806421875 0.71624855 0.55798005625 0.456913296875 0.572274575 0.458327165625 0.5883182765625 0.7839462015625001 0.8297284765624999 0.8572030609375 0.5170259875000001 0.7786260406250001 0.4887608421875 0.76174364375 0.5454110625
351 0.7442496171874999 1 0.78272405625 0.8374447921874999 0.48166783593750007 0.6157447281249999 0.408183353125 0.979825409375 0.51867195 1 0.7442496171874999 1
201 0.2768379328125 0.460699659375 0.27439364374999997 0.47613228906250005 0.290437346875 0.4747184203125 0.31866659375 0.47127960937499996 0.3334881515625 0.47758205625 0.34364875625 0.4633715703125 0.3554508515625 0.41382659374999997 0.3668335984375 0.3918997921875 0.35953663125 0.3630594734375 0.3465482890625 0.3451825546875 0.3248132125 0.35755982343750004 0.306325221875 0.3744063234375 0.30651694687500003 0.398166340625 0.2768379328125 0.460699659375
1847 0.5562545328125 0.0699112921875 0.56782900625 0.0717445078125 0.5735203796875 0.0607811078125 0.6352509015625001 0.0705582625 0.78388583125 0.1059645484375 0.7903800015625 0.1149030078125 0.8064237046875 0.1134891375 0.8151704390625 0.08323495 0.5694704984375 0.03641001875 0.52905570625 0.0418737703125 0.5272224890625 0.053448242187499995 0.55808775 0.05833681875 0.5562545328125 0.0699112921875
1887 0.5868685109375 0.6007673421875 0.5245269171875 0.5948483453125 0.5054278531249999 0.6155530031249999 0.666248328125 0.648934346875 0.692644359375 0.657070009375 0.6918415625 0.63716815 0.621591928125 0.606266990625 0.6144866859375 0.6011866890625 0.5868685109375 0.6007673421875
291 0.7980726546875 0.59071443125 0.8112886203125 0.5572131578125 0.8143439796875 0.5379223703125 0.8161771968749999 0.526347896875 0.825726728125 0.51599556875 0.8025777828124999 0.5123291359375 0.7895535437500001 0.5695904265625 0.782028953125 0.5921282999999999 0.7980726546875 0.59071443125
1887 0.852314484375 0.5478912484375 0.8285544671875 0.5480829734375 0.82019118125 0.625857196875 0.836234884375 0.624443328125 0.852314484375 0.5478912484375
676 1 0.0729596578125 0.9563166750000001 0.0660408984375 0.7510918765625 1 0.919130459375 1 1 0.48940981250000004 1 0.0729596578125
1589 0.0868423890625 0 0.073337865625 0.07252364375 0.039465378125 0.41123871406249995 0.025183096874999998 0.55135453125 0.028621907812500003 0.5795837781250001 0.12163703749999999 0.566631334375 0.186145503125 0 0.0868423890625 0
1506 0.39924489375 0.9863195796875001 0.41570794375000003 0.9572875359375 0.389922984375 0.945293715625 0.3302174046875 0.9477021062500001 0.30584631562500003 0.9517519890624999 0.2898026125 0.9531658578125001 0.2652397984375 0.9334557218749999 0.23662710156250003 0.8893744984374999 0.2504541375 0.852015065625 0.2265023953125 0.8284467734375 0.05063274062499999 0.840141175 0.004526575 0.856568328125 0.0057128203125 0.9239902234375 0.39924489375 0.9863195796875001
1606 0.675606134375 0.6148220015625 0.6634205890625 0.6168469421875 0.6528406390625 0.6586756031250001 0.6735452953125 0.6777746671875 0.695472096875 0.6891574140625 0.7200349109374999 0.70886755 0.7496780281250001 0.7214724421875001 0.7844014453125 0.726972090625 0.7986119328125 0.7371326953125 0.826685353125 0.63479565625 0.8073945640625 0.6317402953125 0.7694240609375 0.6217714171875001 0.746275115625 0.618104984375 0.70383538125 0.611383190625 0.675606134375 0.6148220015625