1849 0.3890699296875 0.0452858546875 0.3590049671875 0.0568485390625 0.3570320421875 0.07283312343750001 0.360295690625 0.13146617656249998 0.3664843671875 0.1818689109375 0.353287378125 0.23465190625000001 0.36342190625000004 0.25308546875000004 0.3638292421875 0.288455721875 0.370493971875 0.3427355890625 0.41164556562500004 0.3573607359375 0.43926155156249996 0.35790550468750004 0.4678983578125 0.3347114203125 0.49265803124999996 0.3119933875 0.5222469421875 0.2965535703125 0.5059237375000001 0.2277172734375 0.4925255625 0.1506506578125 0.47123568593750004 0.137522384375 0.46599911250000003 0.0948739171875 0.45593330156249995 0.0449472359375 0.3890699296875 0.0452858546875
1828 0.26437825 0.568286565625 0.2551271109375 0.5891003890625 0.25505839375 0.6205935078125 0.24628330625 0.645284465625 0.246214590625 0.676777584375 0.32130828125 0.67936399375 0.32620623593750003 0.6551490890625 0.3281791609375 0.6391645046875001 0.3282478765625 0.607671384375 0.31376016406249996 0.585836740625 0.3084548734375 0.5746813921875 0.26437825 0.568286565625
1822 0.38785535000000004 1 0.4209505328125 0.9780407 0.44571020624999996 0.9553226671875 0.47291885625 0.9204971828125 0.475912603125 0.8807737453125 0.45224246562500003 0.8482598046875 0.4067376859375 0.8302335781249999 0.334092971875 0.815539715625 0.325524034375 0.7457513140625001 0.3066831359375 0.7205155890625 0.183159634375 0.7081332703125 0.1687406390625 0.6548055078125 0.1537768734375 0.6290937296875 0.10970025000000001 0.622698903125 0.0748060484375 0.626983371875 0.064126753125 0.6361657953125001 0.0804499578125 0.7050020921875 0.18023460625 0.716363590625 0.3081112921875 0.7321469890625 0.319673975 0.7622119515625 0.3316439953125 0.8276471687500001 0.353611109375 0.9745021859375 0.356741846875 1 0.38785535000000004 1
1606 1 0.878119584375 0.9439562078125 0.8784034093749999 0.9037567171875001 0.87153253125 0.884439765625 0.842419671875 0.8675717921875 0.8011993609375001 0.8647841968750001 0.7464434421874999 0.8779811859375 0.693660446875 0.9013127031250001 0.6593110140625 0.9309016140624999 0.6438711968749999 0.927093196875 0.6128541296875001 0.9281140171875 0.589115278125 0.9320598671875 0.55714610625 0.9258024734375001 0.538236490625 0.8822019015624999 0.5357187984375 0.834724196875 0.53367715625 0.7954768109375 0.53456054375 0.7663639515625 0.5538774953125001 0.7333739593749999 0.5736704968749999 0.6965068343749999 0.593939553125 0.6717471609375 0.616657584375 0.6692294671875 0.6602581562500001 0.6837171796875 0.6820928 0.7117405015625 0.718007821875 0.7198333875 0.7839190890625 0.696840490625 0.88513189375 0.7220074984375 0.8977841140624999 0.72717535625 0.9719257015625 1 0.9352022359375001 1 0.878119584375
1586 0.4694186921875 0 0.2723485921875 0.024197165625 0.3704153296875 0.822886646875 0.43047653906249994 0.8312543984375 0.46965520781250003 0.8618641296874999 0.48169394375 0.8958062265625 0.4627156125 0.933556740625 0.7325493625 0.9515879296875 0.7190824703125 0.9060144328125 0.7026905484375 0.8686712562500001 0.709561428125 0.828471765625 0.7247313421875 0.759704184375 0.7316022203125 0.71950469375 0.7020820265625 0.7034513921875 0.67453475625 0.6714135046874999 0.6731753171875 0.6282889843749999 0.7110632625 0.5842810765625 0.7547325515625001 0.5553056515625 0.8080603140625 0.5408866546875 0.8632922859375001 0.5419761921874999 0.9146471249999999 0.54354178125 0.9399515671875 0.4932077625 0.925463853125 0.47137311875 0.9071677234375001 0.4185214078125 0.905808284375 0.3753968875 0.9165562968750001 0.33472134531250003 0.961653740625 0.3173773203125 0.9724704703124999 0.24520865781249998 0.9423626328125 0 0.4694186921875 0
1844 0.37131360625 0.1891471265625 0.3617876 0.33593342656249997 0.3792003421875 0.3495377515625 0.3922598984375 0.35974099531250003 0.41212161875 0.36123786875 0.43007912812500004 0.3472262078125 0.4387855 0.3540283703125 0.4620483 0.3511720578125 0.46354517343749996 0.33131033906249996 0.514968728125 0.3013828078125 0.4794660046875 0.1404474140625 0.3883190125 0.1673811984375 0.37131360625 0.1891471265625
1844 0.37641770937499996 0.0704528640625 0.38457931093750003 0.1048710125 0.4115818125 0.1645248859375 0.43906036562499995 0.22805589375 0.487558890625 0.20635868125 0.4731398953125 0.15303091875 0.45545725 0.0410701015625 0.37791458125 0.05059114375 0.37641770937499996 0.0704528640625
1847 0.3142461421875 0.14105593593750002 0.36077174218749997 0.13534331093750002 0.3655322640625 0.1741146453125 0.39845353906250003 0.1858147609375 0.3999504125 0.1659530421875 0.38253767031249997 0.1523487171875 0.385531415625 0.112625278125 0.3773698125 0.0782071296875 0.36628318125 0.052019300000000004 0.360909175 0.072357071875 0.364241540625 0.09949700624999999 0.3627446671875 0.119358725 0.29588129531249996 0.11969734375 0.2919354453125 0.151666515625 0.3142461421875 0.14105593593750002
1608 0.8826092375 0.57108905 0.8845134453125001 0.586597584375 0.9009740828125 0.5924476421875 0.9251889875 0.597345596875 0.9334880234374999 0.56877750625 0.89281248125 0.55802949375 0.8826092375 0.57108905
486 0.3493273125 1 0.328380346875 0.769014115625 0.3177697671875 0.74670341875 0.30083307656249997 0.7369762265625 0.0852791953125 0.7122803078125 0.14490420312500002 1 0.3493273125 1
1589 0.677258425 0 0.70963510625 0.5726496765625 0.7207904546874999 0.5673443875 0.7479303890625 0.564012021875 0.7629628703125 0.5582306796875 0.7964289140624999 0.5423148109375 0.82744598125 0.53850639375 0.842954515625 0.5366021859375001 0.9059407546875 0.53673961875 0.9321285828124999 0.5256529875 0.93845469375 0.5130694828125 0.9380473578125 0.4776992296875 0.9187304078125 0.44858637031250004 0.9090719328124999 0.434029940625 0.9033593062499999 0.387504340625 0.9054009484375 0.34002663593750004 0.9175771171875 0.31098249375 0.9534921390625 0.282959171875 0.9386178765625001 0 0.677258425 0
1844 1 0.46941869531249997 0.9762788859375 0.27622572500000003 0.9486579374999999 0.500009925 0.936957821875 0.5329312015625 0.9344401281250001 0.5765317734375001 0.9362756203125 0.6235334265625 0.9172285718750001 0.692777059375 0.9118545656249999 0.7131148296875 0.9491977437499999 0.696722909375 0.991370159375 0.6876092015624999 1 0.6925655484375 1 0.46941869531249997
291 0.9350635390625 0.0687647296875 0.931048971875 0.1322270203125 0.9552638765625 0.137124975 0.9477157593750001 0.0435977203125 0.932207225 0.0455019296875 0.9350635390625 0.0687647296875
1591 0.9160115281250001 0.36233733125 0.9175084 0.3424756125 0.9408399171875 0.3081261796875 0.9544442421875001 0.2907134375 0.942336790625 0.2882644609375 0.9142447515625 0.28384255937499997 0.8803026562499999 0.29588129531249996 0.872479671875 0.32832651875 0.8850631765625 0.3346526296875 0.8796891703125 0.35499040000000004 0.8781922984375001 0.37485212031250004 0.89029975 0.377301096875 0.9160115281250001 0.36233733125
1606 0.830778346875 0.5656463281249999 0.8075155453124999 0.568502640625 0.7881298796875 0.5708829015625 0.7614659968749999 0.5780924 0.7459574640625 0.5799966078125001 0.71249141875 0.5959124765625 0.694533909375 0.6099241375 0.68868385 0.6263847765625 0.688615134375 0.6578778953125 0.6953485796875001 0.68066464375 0.719563484375 0.6855625984375 0.74473049375 0.69821481875 0.7703735546875 0.7147441734375 0.8091448890624999 0.7099836515625 0.8556704890625 0.7042710265625 0.8697508671874999 0.6907354171875 0.9003605984374999 0.6515567484375 0.9212431390625 0.62931476875 0.9193389296875001 0.6138062343749999 0.919407646875 0.582313115625 0.9165513328125 0.5590503140624999 0.872474709375 0.5526554875 0.860843309375 0.5540836437500001 0.830778346875 0.5656463281249999
544 0.8023427265624999 0.7186900234375 0.751463940625 0.7210015671875001 0.73200955625 0.754874946875 0.7143219484375 0.8672430984374999 0.9870807265625 0.8770439703124999 0.88491581875 0.84629680625 0.872469746875 0.77698445625 0.8624039359375001 0.727057775 0.8643768609375 0.7110731890624999 0.8377129796875 0.7182826875 0.8023427265624999 0.7186900234375