1865 0.3282552796875 0.5292144249999999 0.2506388609375 0.5194950671874999 0.22553188125 0.5943982328125 0.228709865625 0.66635578125 0.23233379687500003 0.6907938390624999 0.29388428125 0.70164685 0.3300766375 0.608865784375 0.3282552796875 0.5292144249999999
1822 0 0.6938296687500001 0.0203080578125 0.701006103125 0.020085084375 0.7247658484375 0.0062864546875 0.75803136875 0.0234860421875 0.77296365 0.099745834375 0.7903768203125 0.159484353125 0.7890108015624999 0.1821104453125 0.7731678421875 0.18323470625 0.721801446875 0.18684924687499999 0.678807175 0.210376625 0.6353575640625 0.2196500359375 0.6052606359375 0.21670441875000002 0.576975671875 0.20855526875 0.55570620625 0.1714428421875 0.5412292640625 0.1413459125 0.531955853125 0.09065783125 0.5269846859375 0.0483418734375 0.519523240625 0.0001440703125 0.5229241984375 0 0.5237412625 0 0.6938296687500001
2001 0.385023384375 0 0.3381694375 0.22554127343750002 0.6619877953125 0.2786726765625 0.7099250578125 0.0293021453125 0.543744334375 0 0.385023384375 0
2001 0.080450184375 0 0.04898265 0.178461259375 0.3227818171875 0.2228280203125 0.3690721140625 0 0.080450184375 0
1606 0.79781948125 0.7230735484374999 0.8333523078124999 0.769004046875 0.8684297953125 0.7950217046875 0.8978484109375 0.8081420218750001 0.9381294296875 0.8271441828125001 0.97521368125 0.6393241359374999 0.9129848828125 0.63231803125 0.8500777718749999 0.6291588296875 0.8050485609375 0.63708500625 0.7740503453125 0.6554182453124999 0.77631765 0.6875501140625 0.79781948125 0.7230735484374999
1844 0.7783807640625 0.8783063859375 0.8077993812500001 0.891426703125 0.8329157515625001 0.8839558656250001 0.8566754968750001 0.884178840625 0.8824701812500001 0.8728610984375 0.91460205 0.8705937921875 0.9188949031250001 0.823752615625 0.9611826859375 0.6289170734375 0.9408145078124999 0.6094595734375 0.8894481125 0.6083353125000001 0.83876003125 0.6033641453125 0.8195255046875 0.5999725796875001 0.7887784359375 0.7968430625 0.7783807640625 0.8783063859375
203 0.8472549031250001 1 0.9057651953124999 0.785738903125 0.654322159375 0.47961303749999995 0.3823255359375 0.4475187359375 0.38210256249999996 0.4712784796875 0.37194664843749997 0.66384671875 0.49531754843750003 0.99895464375 0.5062702421874999 1 0.8472549031250001 1
1506 0 0.9116167953125001 0.3991449171875 0.9819968125 0.2031663296875 0.856210765625 0.16039503125000001 0.82883648125 0.1128755421875 0.8283905328125 0.0633211125 0.8394853015624999 0.0176135890625 0.8512583828125001 0 0.8635915515624999 0 0.9116167953125001
1453 0.22778979531250002 0.559097771875 0.235929553125 0.5129349078125001 0.30200525625 0.520619328125 0.310823328125 0.470609559375 0.330280828125 0.45024137968750005 0.331182115625 0.4226347296875 0.29927322031250003 0.4011422890625 0.0272765984375 0.3690479875 0.009872820312499999 0.5127401093749999 0.061239215624999996 0.5138643703125 0.115774203125 0.5195138499999999 0.184340184375 0.5355703921875 0.22778979531250002 0.559097771875
201 0.7724050046875 0.2148454953125 0.7665231593749999 0.225707896875 0.7805541546875 0.2361149609375 0.7787515796875 0.29132826093749997 0.7473168078125 0.4246133203125 0.7235664546875 0.491822675 0.7011727265625 0.5513382203125 0.6692732234375 0.597278109375 0.6527613421875 0.6459312515625 0.6593308921875 0.6986542734375 0.6830906359375 0.698877246875 0.7091082953125001 0.6637997609374999 0.7274321421875001 0.627365646875 0.746434303125 0.5870846296875001 0.7658918046875 0.56671645 0.796667046875 0.57214295625 0.8059404578124999 0.5420460265625 0.7932660890625 0.523945153125 0.7805917203125 0.505844278125 0.7606788812499999 0.5062996171874999 0.740766040625 0.5067549578125 0.7448359203125 0.48367352500000005 0.7613478031249999 0.4350203828125 0.7708441875 0.381163709375 0.7835091640625 0.33183225312500003 0.7896139828125001 0.29721010625 0.81586400625 0.305805203125 0.827627696875 0.2840803984375 0.8188002328125 0.2666578375 0.8192461812499999 0.21913834843750002 0.833946096875 0.1582661765625 0.8407292296875 0.1197971234375 0.8565627984375 0.0749908859375 0.8599543640625 0.055756360937500006 0.8368729328125 0.051686481250000006 0.8294114875 0.0940024390625 0.8034032203124999 0.19651225625 0.7866589734375 0.2014928140625 0.7724050046875 0.2148454953125
1847 0.763633890625 0.6020169109375 0.7640892296875 0.62192975 0.7910175671874999 0.6266779421875001 0.8269963406249999 0.6250889515625 0.8073064750000001 0.6017845453125 0.763633890625 0.6020169109375