1844 0.8153793828125 0.3314183984375 0.7945032375000001 0.4108449140625 0.8471835296875 0.4260359734375 0.8609901640625001 0.361080859375 0.8527761171874999 0.3433608375 0.8153793828125 0.3314183984375
1844 0.7504242671875 0.3176117625 0.7265393890625 0.392405234375 0.7715779031250001 0.4059719828125 0.7846648796875 0.4007666703125 0.79546278125 0.3311785125 0.7504242671875 0.3176117625
1849 0.7389992046875 0.502878634375 0.7194149875 0.538651059375 0.742912590625 0.5596197015625 0.8294086140625 0.5660244453125001 0.8383423203125 0.523994665625 0.7389992046875 0.502878634375
1849 0.6371647312500001 0.62499969375 0.625222290625 0.6623964296875 0.6432746953125 0.6901946953125 0.7739970781250001 0.7139870765625 0.782930784375 0.6719572968749999 0.7602453359375 0.6471677671875 0.6371647312500001 0.62499969375
1849 0.649956928125 0.77148540625 0.6398786859375 0.7813237625 0.60305421875 0.785477034375 0.585906465625 0.8097867937500001 0.587863159375 0.8381573265625001 0.7022499453125 0.8824385781249999 0.7559822781250001 0.8738921484375 0.7695490281249999 0.8288536343749999 0.752881046875 0.8133301921875 0.7416582671875 0.7909771265625001 0.649956928125 0.77148540625
1822 0.404145390625 0.44368381250000005 0.35065294375 0.43231364218749996 0.19375660625 0.41893188593749997 0.16461152031249998 0.612412803125 0.22330928125 0.6368699515625 0.25387639375000004 0.6433671921874999 0.267295753125 0.674174190625 0.2730733359375 0.7033568796874999 0.264951784375 0.7415657703125 0.266908478125 0.7699363031249999 0.2664287046875 0.8097695046875 0.258547040625 0.8280617937500001 0.23074877656249998 0.8461141984375 0.23815066875 0.867655109375 0.2578273828125 0.8878115953125001 0.287582340625 0.8981297250000001 0.3072590546875 0.9182862109375 0.34465579062499996 0.9302286515624999 0.3790437921875 0.9375380468750001 0.41042305937499995 0.940214396875 0.432776125 0.9289916171874999 0.4358397515625 0.8018502359375 0.4519354625 0.8012779671875 0.48818766093750005 0.781028984375 0.5091563015625 0.75753138125 0.512644809375 0.722331225 0.5145090046874999 0.6947728453125 0.49483229062499995 0.6746163593750001 0.46068417500000003 0.6473903640625001 0.40418299375 0.6313871484375 0.44837175 0.4610714515625 0.404145390625 0.44368381250000005
1373 0.3419764140625 0.13494905937499999 0.3154700765625 0.109347375 0.283278653125 0.11049191249999998 0.2601134328125 0.1255355828125 0.24215352499999998 0.1536662296875 0.21946807812500002 0.1288766984375 0.209962103125 0.1548107671875 0.221184884375 0.1771638328125 0.24387033281249998 0.20195336406250003 0.2207051125 0.216997034375 0.201840553125 0.1930196578125 0.17046128437500002 0.19034330625 0.19453115781250002 0.227407659375 0.2120112921875 0.23911021250000003 0.2338845859375 0.2677206328125 0.265263853125 0.270396984375 0.282983875 0.2621829375 0.2889088453125 0.2155201125 0.3156550703125 0.2212051984375 0.380610184375 0.235011834375 0.38882423125 0.25273185625 0.4054922109375 0.2682552984375 0.4136137609375 0.23004640781250002 0.42808516250000006 0.2371159171875 0.43157366875000003 0.201915759375 0.42498393125 0.1765539609375 0.41457330625 0.15038000625 0.400341790625 0.12339389687499999 0.36514163437499997 0.11990539062500001 0.3419764140625 0.13494905937499999
1039 0.4844389546875 0.32896464375 0.49614150781250005 0.31148450781250003 0.49857797187499997 0.30002184062500004 0.48573088125 0.28531055312500003 0.4726439046875 0.2905158671875 0.46557439531249994 0.30498726875000004 0.4554961515625 0.314825625 0.4615136203125 0.32409171406250004 0.43013435156249996 0.32141536249999997 0.4220128015625 0.359624253125 0.42396949375000004 0.38799478593750003 0.4973785421875 0.39960484375 0.5065521328125 0.3376584625 0.4844389546875 0.32896464375
1452 0.8415157328125 0.13330443593750002 0.8145296234374999 0.14753595 0.7943731374999999 0.16721266562499998 0.770155875 0.20599382500000002 0.747230540625 0.20112089375000003 0.721868740625 0.20771063125000003 0.7085418781249999 0.23283254375 0.700420328125 0.2710414359375 0.6947352421875 0.297787659375 0.706770178125 0.316319834375 0.740346025 0.32745011874999996 0.729788009375 0.377121678125 0.73255685625 0.401671321875 0.75930308125 0.4073564078125 0.8089746390625001 0.4179144234375 0.8387295953124999 0.42823255156249995 0.8635191265625 0.405547103125 0.8700163671875 0.374979990625 0.88854854375 0.3629450546875 0.9076529890625 0.3670058296875 0.9157745390625 0.32879693906249996 0.9322575265624999 0.2324625578125 0.925907675 0.1871841578125 0.9048465374999999 0.15475285 0.8851698234375001 0.1345963625 0.8415157328125 0.13330443593750002
1625 0.7520039859375001 1 0.7507220718750001 0.9925795953125001 0.709504446875 0.9798250015625 0.6934087359375 0.9803972703125 0.684382534375 0.9664981375 0.6761684875 0.9487781171874999 0.6747840625 0.9365032937500001 0.661936971875 0.9217920062499999 0.6351907484375 0.9161069218750001 0.6122654140625 0.9112339921875 0.5863313453125001 0.9017280171875001 0.565602590625 0.9053090203125 0.543249525 0.9165318015624999 0.5247173484375 0.9285667375 0.5252896171875 0.9446624484375 0.5435819078125 0.9525441125 0.5665072421875 0.9574170437499999 0.5801664875 0.9683074406250001 0.5976466234375 0.9800099953125001 0.6189476484374999 0.9925247031250001 0.6423559062499999 1 0.7520039859375001 1
1564 0.7882458828125001 0.421495425 0.7560544609375001 0.4226399640625 0.7282561953125 0.4406923671875 0.70566324375 0.47183174843750003 0.6907120703125 0.504595440625 0.638604046875 0.5055000921875 0.6241326468749999 0.49843058281249997 0.61104566875 0.5036358953125 0.5382840984375 0.8835282234375 0.5551919640625 0.879135065625 0.5611169359375 0.8324722421875 0.701197903125 0.90617606875 0.6906398890625 0.9558476265625 0.7097443343750001 0.9599084015624999 0.7203023484375 0.9102368437499999 0.7816764609375 0.9033147234375001 0.7779480671875 0.9584314812500001 0.7940437796875 0.9578592109375 0.7926593546875 0.9455843890625 0.8513744046875 0.6505637765625 0.8668053499999999 0.577966884375 0.8735424765625 0.5274831718749999 0.8655683156249999 0.48984655000000005 0.8529611109375 0.4552186609375 0.83629313125 0.43969521875 0.7882458828125001 0.421495425
1564 0.2655904078125 0 0.25343119999999997 0.044244870312500004 0.13127556093749998 0.58136591875 0.08393068125 0.8228940843749999 0.107668171875 0.8239461265625 0.1501401203125 0.6053432937500001 0.17444987812499999 0.622491046875 0.2017683703125 0.64427184375 0.1988521328125 0.6955677109375 0.20195336406250003 0.7561296671875 0.2020458609375 0.8120585796875 0.1860426453125 0.8685597609375 0.18336629375 0.8999390281249999 0.19864985 0.9031876484374999 0.2073436703125 0.88107446875 0.218713840625 0.8275820218750001 0.23008401093750003 0.774089575 0.23739340625 0.7397015734375 0.231615825 0.710518884375 0.22388154999999998 0.6529656625 0.235011834375 0.6193898156250001 0.24012465 0.57654788125 0.25311913124999996 0.51541365625 0.267737921875 0.446637653125 0.277243896875 0.420703584375 0.29797265156249997 0.41712258125 0.3752025875 0.42954479375 0.43251592343749995 0.44172711875 0.45844999218750004 0.45123309375 0.46284315 0.468140959375 0.43967792968749997 0.4831846296875 0.41889428124999994 0.6185400578125 0.4410074609375 0.6272338765625001 0.4500336625 0.6411330093750001 0.483609509375 0.65226329375 0.48002850625000004 0.6315345390625 0.5890971687500001 0.099618803125 0.5847040109375 0.0827109375 0.56918056875 0.0993789171875 0.535604721875 0.0882486328125 0.5404776515624999 0.0653232984375 0.533075759375 0.0437823875 0.5142112 0.0198050125 0.505997153125 0.002084990625 0.5041763703125001 0 0.2655904078125 0
291 0.3867201484375 0.300206834375 0.38347152812499996 0.315490390625 0.376494515625 0.38589070468750003 0.4002320046875 0.3869427453125 0.409405596875 0.324996365625 0.39956723906249997 0.314918121875 0.40119154999999995 0.30727634375 0.3867201484375 0.300206834375
1917 0.3354242796875 0.29729059687500003 0.34144174843749997 0.3065566859375 0.3390052828125 0.318019353125 0.3199008375 0.31395857656250004 0.3085306671875 0.3674510234375 0.3390977796875 0.3739482640625 0.3480314859375 0.331918484375 0.3583496140625 0.3021635265625 0.3607860796875 0.290700859375 0.3378607453125 0.28582792968750004 0.3354242796875 0.29729059687500003
291 0.45139777187499996 0.146226734375 0.435154671875 0.222644515625 0.4534469625 0.2305261796875 0.4811527296875 0.1565448640625 0.4753751484375 0.127362175 0.45627070312500007 0.1233014 0.45139777187499996 0.146226734375
291 0.4730311796875 0.1947537546875 0.454499003125 0.206788690625 0.4480017625 0.237355803125 0.502306365625 0.24490508437499997 0.5019739828125 0.208892771875 0.49514435937499995 0.2034475734375 0.5052226015625 0.193609215625 0.46018408906249997 0.1800424671875 0.4730311796875 0.1947537546875
316 0.476372296875 0.235399109375 0.49385243125 0.24710166249999999 0.505554984375 0.22962152812499997 0.5177373109375 0.1723081921875 0.4948119765625 0.16743526250000001 0.476372296875 0.235399109375
291 0.49185813593749994 0.031027793749999998 0.4864129359375 0.037857415625 0.4714617625 0.0706211078125 0.46902529687500005 0.082083775 0.5034132984374999 0.0893931703125 0.5161678937499999 0.0481755453125 0.50551738125 0.041918192187499995 0.5087660015625 0.0266346359375 0.49348244531249996 0.023386015625 0.49185813593749994 0.031027793749999998
291 0.5145435828125 0.0558173234375 0.5140638109375 0.095650525 0.525526478125 0.09808698906249999 0.533648028125 0.059878098437500006 0.5262461375 0.0383371890625 0.515595625 0.032079834375 0.5145435828125 0.0558173234375
920 0.4965836765625 0.083947971875 0.372118646875 0.0495050765625 0.368057871875 0.068609521875 0.44447565312500004 0.0848526234375 0.5064220328125 0.0940262140625 0.4965836765625 0.083947971875
316 0.2517896 0.37136440937500004 0.29764026875 0.3811102703125 0.3155076796875 0.2970507109375 0.26884485625 0.2911257390625 0.2517896 0.37136440937500004
1105 0.1383450703125 0.5668945171875001 0.20907776562499997 0.6098838421874999 0.24815370468750003 0.48241007812500003 0.1580766765625 0.45527657968749996 0.1383450703125 0.5668945171875001
1107 0.16896707500000002 0.4416173328125 0.146041740625 0.43674440312499996 0.12444593749999999 0.5759207203125001 0.2172918125 0.6276038640625 0.253026634375 0.45948474375000004 0.16839480625 0.42552162187500003 0.16896707500000002 0.4416173328125
1844 0.645323884375 0.774494140625 0.6846773125000001 0.8148071124999999 0.76133498125 0.8111336140625 0.72417813125 0.7792745734375 0.645323884375 0.774494140625
1844 0.5804612671875 0.8166164171875 0.592496203125 0.8351485921874999 0.706070834375 0.883250734375 0.760615321875 0.8708834140624999 0.7725577609375 0.8334866796875 0.7474358484375 0.8201598156250001 0.6754112250000001 0.8208245812499999 0.6436995750000001 0.78213591875 0.60305421875 0.785477034375 0.5804612671875 0.8166164171875
1844 0.635300534375 0.6525580734374999 0.646523315625 0.6749111390625 0.778057853125 0.6948826312499999 0.7867516734375 0.6727694515625 0.767074959375 0.652612965625 0.6409856203125 0.6258118500000001 0.635300534375 0.6525580734374999
1844 0.6462834296875 0.6948277390625 0.7786301234375 0.7109783421875 0.7665951859375 0.6924461671875 0.6626190265624999 0.67433886875 0.6284709109375 0.6471128734375 0.6205892468750001 0.6654051640625 0.6462834296875 0.6948277390625
316 0.77789015 0.26354704687499997 0.7705807546875 0.29793504843749996 0.79431824375 0.29898708906250004 0.8100815718750001 0.262402509375 0.7811387703125 0.248263490625 0.77789015 0.26354704687499997
316 0.73318401875 0.285992609375 0.7599302421874999 0.29167769374999997 0.770248371875 0.2619227359375 0.7358603703125 0.254613340625 0.73318401875 0.285992609375
819 0.8793956312500001 1 0.49176866406249997 0.8017577390625 0.43803633125 0.8103041687499999 0.43497270312499997 0.93744555 0.328560078125 0.9308009203125 0.22310699843749998 0.8444898890625 0.253913996875 0.8310705281249999 0.2541538828125 0.811153928125 0 0.8282661843750001 0 0.89690498125 0.4850239328125 1 0.8793956312500001 1
1663 0.6584657546875 0.637514403125 0.700495534375 0.6464481078125 0.7031718859375 0.615068840625 0.664150840625 0.6107681796875 0.6584657546875 0.637514403125