1844 0.2804549125 0.2177166921875 0.24143386718749998 0.21341603125000003 0.2267225796875 0.22626312187500003 0.21291594374999998 0.2912182359375 0.267220546875 0.2987675171875 0.2804549125 0.2177166921875
1844 0.3454100265625 0.23152332812499998 0.29874720312499997 0.22559835625 0.2803075234375 0.2935622046875 0.29014588125 0.30364044843750004 0.3368087046875 0.30956541875 0.3454100265625 0.23152332812499998
1849 0.2804925171875 0.405420028125 0.18114940156249998 0.384303996875 0.1722156953125 0.4263337765625 0.2538387890625 0.4556638546875 0.2838336328125 0.44606538437500004 0.2804925171875 0.405420028125
1849 0.31955116562499997 0.5974240265625 0.3238518265625 0.55840298125 0.2023955328125 0.5285931296874999 0.1715885328125 0.542012490625 0.162654828125 0.5840422703125 0.2917529015625 0.6154764312500001 0.31955116562499997 0.5974240265625
1849 0.15968369843750002 0.7671125625 0.282192034375 0.7731849234375 0.295518896875 0.7480630109375 0.289741315625 0.7188803218750001 0.2577897796875 0.700108259375 0.252584465625 0.6870212812500001 0.160883128125 0.6675295609375 0.14153879687499998 0.6833853859375 0.1199978859375 0.690787278125 0.114072915625 0.7374501015625 0.15968369843750002 0.7671125625
1822 0.40752411093749996 0.6720325046875 0.3980181359375 0.6979665734375 0.3868878515625 0.7315424187499999 0.3964863234375 0.7615372625 0.42136835 0.7947807265625 0.4358397515625 0.8018502359375 0.38692545625 0.9192457562499999 0.40278128124999996 0.9385900875000001 0.4325362390625 0.9489082171875 0.46692424062500004 0.9562176125 0.5059452859375 0.9605182734375 0.5321192406249999 0.950107646875 0.5634985078125 0.9527839984375 0.5896724625 0.9423733734375 0.6051959046875 0.9257053921875 0.5871435015625 0.8979071281250001 0.5873833875 0.877990528125 0.603146715625 0.841405946875 0.6164735796875 0.816284034375 0.6245951296875 0.77807514375 0.64174288125 0.7537653843750001 0.6665324125 0.7310799359375 0.6970995249999999 0.7375771765625 0.760670215625 0.739108990625 0.812740634375 0.5505010015625 0.663965846875 0.49891035468749995 0.6104733999999999 0.48754018437499996 0.5629984218749999 0.4854361015625 0.534093221875 0.6590004203125 0.47596773125 0.650638984375 0.43369806562499996 0.661621878125 0.40752411093749996 0.6720325046875
1373 0.683752346875 0.25551799218750004 0.6726220625 0.2890938390625 0.6887177734375001 0.28852157031250003 0.6805962234375 0.3267304609375 0.702137134375 0.31932856875 0.716848421875 0.306481478125 0.7818035359375 0.3202881140625 0.8085497593750001 0.3259731984375 0.794983009375 0.3710117125 0.8078301 0.385723 0.8375850578125 0.3960411296875 0.8692042125 0.3788008796875 0.8899329671875 0.375219878125 0.9269973203124999 0.3511500046875 0.8972423624999999 0.34083187656249997 0.8702562531250001 0.355063390625 0.8552125828125 0.3318981703125 0.88601958125 0.31847881093749997 0.9053639125 0.3026229859375 0.907228109375 0.27506460625 0.8764211109375 0.2884839671875 0.871455684375 0.25548038906250004 0.8564120140625 0.23231516874999997 0.8274692109374999 0.21817614999999999 0.7928413234375 0.2307833546875 0.777797653125 0.207618134375 0.74422180625 0.19648785 0.72024443125 0.21535240937500003 0.7000879453125 0.23502912343750001 0.683752346875 0.25551799218750004
1039 0.6364623609375 0.365271734375 0.6067074046875 0.35495360468750004 0.6159734921875 0.3489361375 0.6107681796875 0.33584915937500004 0.6101959109374999 0.31975344843750003 0.600357553125 0.3096752046875 0.58263753125 0.3178892515625 0.5802010671875 0.32935191875 0.5837820703125 0.350080675 0.5600445796875 0.349028634375 0.5432292109375 0.409350703125 0.615013946875 0.4286025390625 0.6283408109375 0.403480625 0.6364623609375 0.365271734375
1452 0.1898056171875 0.17448748125 0.181684065625 0.21269637187499998 0.2007885109375 0.21675714687499997 0.21282344687500002 0.23528932343750003 0.20632620781250002 0.2658564359375 0.2197455671875 0.2966634359375 0.251124834375 0.2993397859375 0.3007963921875 0.3098978015625 0.327542615625 0.3155828875 0.34005732499999997 0.2942818625 0.350615340625 0.24461030468749997 0.385815496875 0.24809881093750003 0.4043476734375 0.236063875 0.41003275781250004 0.2093176515625 0.41815430937500003 0.1711087609375 0.41619761562499996 0.142738228125 0.395708746875 0.1264026296875 0.3727834125 0.1215297 0.3664335609375 0.0762513 0.3560229359375 0.0500773453125 0.33715837656250003 0.026099970312499998 0.29675290625 0.0095244859375 0.2705789515625 0.019935112499999998 0.23814764375 0.04099625 0.21393038125000002 0.079777409375 0.1898056171875 0.17448748125
1625 0.0984945796875 0.8858925062499999 0.1214199140625 0.8907654359375 0.15198702656250002 0.8972626765625 0.191008071875 0.9015633390625 0.2155577171875 0.898794490625 0.23628647187500001 0.8952134875000001 0.2531943390625 0.8908203296874999 0.2761196734375 0.895693259375 0.2960362734375 0.8959331453124999 0.3031057828125 0.8814617453125001 0.291070846875 0.86292956875 0.275215021875 0.8435852374999999 0.2577348859375 0.8318826828124999 0.2301765078125 0.8300184875 0.2072511734375 0.8251455562500001 0.18050495 0.819460471875 0.162784928125 0.82767451875 0.15652757343749998 0.8383250312499999 0.1418162875 0.8511721218750001 0.1279171546875 0.8601983234375 0.113445753125 0.8531288140625 0.07060381875 0.8480159984375 0.058901265625 0.865496134375 0.0602856890625 0.87777095625 0.074757090625 0.8848404656250001 0.0984945796875 0.8858925062499999
1564 0.13319465 0.422033115625 0.1177637046875 0.4946300078125 0.0514068765625 0.7880263109375 0.045149521875 0.7986768234375 0.059620923437499994 0.8057463328125 0.078632871875 0.7538781953125 0.1318854328125 0.7851649671875001 0.1213274171875 0.834836525 0.1404318625 0.8388973 0.150989878125 0.7892257421875 0.3089382578125 0.7788700093750001 0.2953715078125 0.8239085218750001 0.3090307546875 0.8347989203124999 0.39707588125000004 0.4581552140625 0.387237525 0.44807697031249993 0.3711418125 0.4486492390625 0.3239067203125 0.42662855625 0.32357433750000003 0.3906162453125 0.3156001765625 0.3529796234375 0.29754777187500003 0.3251813578125 0.2686049703125 0.3110423390625 0.2173091015625 0.308126103125 0.1957681921875 0.31552799375 0.17016650625000002 0.34203433125 0.1475735546875 0.3731737125 0.13319465 0.422033115625
1564 0.6823303203125 0.055539834375 0.655344209375 0.0697713484375 0.6398207671875 0.0864393296875 0.6349478375000001 0.1093646640625 0.59974768125 0.1058761578125 0.5923457890625 0.084335246875 0.581455390625 0.09799449375 0.46474494999999993 0.62828591875 0.45304239687500003 0.645766053125 0.488242553125 0.649254559375 0.5021416859375 0.6402283578125 0.525879175 0.6412803984375001 0.5619463796875 0.5091735921875 0.5469027093750001 0.48600837031250005 0.5577931078125 0.47234912500000004 0.5853514875 0.47421332187500004 0.6426648234375001 0.486395646875 0.7182704484375 0.5064596359375 0.7357505843750001 0.518162190625 0.7338863875 0.54572056875 0.719267596875 0.614496571875 0.7062731171875 0.6756307968749999 0.693518521875 0.716848421875 0.690030015625 0.7520485781249999 0.6595554 0.80148025 0.642407646875 0.8257900078124999 0.6350982515625 0.860178009375 0.62372808125 0.91367045625 0.6123579109375 0.967162903125 0.6113058703124999 0.9909003921874999 0.6265894265624999 0.9941490125 0.6369075546875 0.96439405625 0.6452689921875 0.9062685640625 0.6681018296875 0.8552125828125 0.6955677109375 0.8011478671875001 0.7137675046874999 0.75310061875 0.7475832375 0.744314303125 0.7767659265625 0.738536721875 0.7266522 0.9555152437500001 0.7487653796875 0.9642090624999999 0.8037520359375 0.72430520625 0.91062411875 0.1839355375 0.9206098656249999 0.11816826875 0.9044166671875 0.07479111875 0.714761628125 0.0344786953125 0.69704160625 0.0426927421875 0.6823303203125 0.055539834375
291 0.65924030625 0.4459901765625 0.681500875 0.378838484375 0.6847494953125 0.363554928125 0.668653784375 0.364127196875 0.6670294734375 0.371768975 0.653942496875 0.3769742875 0.6371271265625 0.4372963578125 0.65924030625 0.4459901765625
1917 0.6982613515625 0.45029083906249995 0.7288284640625 0.45678807812500005 0.7401986359375 0.40329563124999995 0.7210941890625 0.39923485625 0.7235306546875 0.3877721890625 0.73279674375 0.38175472187500004 0.7352332078125 0.37029205468750004 0.7123078734375 0.3654191234375 0.709871409375 0.376881790625 0.7071950578124999 0.408261059375 0.6982613515625 0.45029083906249995
291 0.6720497937500001 0.272998128125 0.6882928953125 0.19658034687499998 0.693165825 0.17365501249999998 0.6740613796875 0.1695942375 0.6569136265625 0.1939039953125 0.65213319375 0.2727582421875 0.6720497937500001 0.272998128125
291 0.6016494812500001 0.26602111562499997 0.654329771875 0.281212175 0.6608270125 0.25064506249999996 0.6487920765624999 0.23211288593749999 0.6665120984375 0.2238988390625 0.619849275 0.2179738671875 0.6250545875 0.23106084531249999 0.6166006546875 0.2332574234375 0.6016494812500001 0.26602111562499997
316 0.629207859375 0.2678853109375 0.6400057609375 0.19829715312500001 0.6170804265625 0.19342422343750001 0.6048981 0.250737559375 0.608479103125 0.2714663140625 0.629207859375 0.2678853109375
291 0.6638906390625 0.12350368281249999 0.698278640625 0.130813078125 0.70071510625 0.11935041093750001 0.7003827234375 0.0833380984375 0.6981861453125 0.074884165625 0.6998104546875 0.0672423875 0.6845268984375 0.0639937671875 0.681278278125 0.0792773234375 0.66900345625 0.080661746875 0.6638906390625 0.12350368281249999
291 0.6516158171875001 0.12488810624999999 0.6673791453125 0.08830352500000001 0.676072965625 0.066190346875 0.66379814375 0.0675747703125 0.6482747 0.08424275 0.64015315 0.122451640625 0.6516158171875001 0.12488810624999999
920 0.6723445734375 0.121307103125 0.6592575953125 0.12651241562499999 0.719579665625 0.1433277859375 0.795997446875 0.15957088749999998 0.8000582218750001 0.14046644218749998 0.6723445734375 0.121307103125
316 0.796127546875 0.4032031359375 0.7510890328125 0.3896363859375 0.7332216218750001 0.47369594531250003 0.779072290625 0.48344180625 0.796127546875 0.4032031359375
1105 0.8305531531250001 0.5982158671875 0.7372275046875 0.5863659250000001 0.7210769 0.7187126171875 0.8031797671875 0.7082094953125 0.8305531531250001 0.5982158671875
1107 0.849085328125 0.58618093125 0.8261599937499999 0.5813080015625001 0.833229503125 0.5668366 0.742100434375 0.563440590625 0.7063656125 0.731559709375 0.8122059687500001 0.722108628125 0.849085328125 0.58618093125
1844 0.181611884375 0.6639485578125 0.1347091734375 0.6779401859374999 0.20324529062500002 0.7124755781250001 0.25559319999999996 0.6916543265625 0.181611884375 0.6639485578125
1844 0.11536484218750001 0.6937960125 0.11106418124999999 0.7328170578125001 0.15586280937500002 0.7663004078125 0.2791833 0.7685518796874999 0.29771547656249997 0.75651694375 0.289741315625 0.7188803218750001 0.253968890625 0.6992961046875 0.209262759375 0.721741665625 0.1437353765625 0.69183931875 0.11536484218750001 0.6937960125
1844 0.295001521875 0.6001928750000001 0.31434585312499996 0.58433705 0.3200309375 0.5575908265625 0.1939415984375 0.530789709375 0.16776764375 0.5412003359375 0.166715603125 0.564937825 0.295001521875 0.6001928750000001
1844 0.15964609375 0.5794092265625 0.2871198578125 0.6184851640625 0.3225599 0.6020570703125 0.3227997859375 0.5821404703125 0.2805301203125 0.593123365625 0.1781782703125 0.567374290625 0.15964609375 0.5794092265625
316 0.342308796875 0.170961371875 0.3455574171875 0.155677815625 0.31336599375 0.15682235312499998 0.31288622187500004 0.1966555546875 0.3349994015625 0.20534937343749998 0.342308796875 0.170961371875
316 0.3843385765625 0.17989507656249998 0.349950575 0.17258568125 0.34727422343750003 0.20396494999999998 0.374020446875 0.209650034375 0.3843385765625 0.17989507656249998
819 0.8170958531249999 1 0.5980338984375 0.88424788125 0.590152234375 0.902540171875 0.6128376828125 0.927329703125 0.481395640625 0.9632871218749999 0.38148025625000004 0.9260753796875001 0.430394553125 0.808679859375 0.3847837703125 0.7790173984375001 0 0.7997646328125 0 0.89690498125 0.48502393125000004 1 0.8170958531249999 1
1663 0.30498726875000004 0.5344256046875 0.2675905328125 0.522483165625 0.257272403125 0.5522381234375 0.2993021828125 0.561171828125 0.30498726875000004 0.5344256046875