1584 1 0.2585640125 0.085594784375 0.0791195421875 0 0.443555228125 0 0.8913827484375 0.4704730078125 1 0.8929811703125001 1 1 0.5364505234375 1 0.2585640125
544 0.1038609703125 0 0.085594784375 0.0791195421875 1 0.2566526046875 1 0.1468428828125 0.9737419671875 0.096219896875 0.5569678062500001 0 0.43720599687500006 0 0.42666397187499994 0.031157357812499998 0.26883609375 0 0.1038609703125 0
1869 0.862597809375 0.20148793125000003 0.7787364234374999 0.0723166875 0.52379073125 0.0071226265625 0.5280719515625 0.139038709375 0.862597809375 0.20148793125000003
358 0.5753571890625 0.13939668125 0.5760409390625 0.1501132234375 0.8165907156250001 0.18875461875 0.8204040562499999 0.1790763140625 0.8141870453125 0.16497058281250002 0.8069338640625 0.1485138953125 0.7912598046875 0.1343365703125 0.7821551765625 0.125899390625 0.7804352578125 0.1128318953125 0.7821762624999999 0.0984516796875 0.77307163125 0.0900145 0.7698526828125 0.0766009265625 0.736300696875 0.064631365625 0.7159980140625 0.07050280625000001 0.6932916640625 0.052590210937500007 0.67644990625 0.0571489328125 0.663884353125 0.050024471875 0.6575358109375 0.057005743750000004 0.642545503125 0.0535449578125 0.63240470625 0.0427568234375 0.6061059 0.0472439484375 0.592504178125 0.037768534375 0.571165328125 0.0412890203125 0.5572111875 0.040179189062499995 0.5490322828124999 0.027732256249999997 0.5313963296875001 0.015213728125000001 0.5271201265625 0.0268969109375 0.5149963484375 0.045215284375 0.5059599921875 0.098034234375 0.5329425484375 0.1042636484375 0.55115180625 0.12113800781249999 0.564753528125 0.1306134234375 0.5752467453125 0.1330359734375 0.5753571890625 0.13939668125
1812 0.9271404796875 0.1065784640625 0.9141120640624999 0.10145888125 0.9002683671874999 0.106709759375 0.8719654984374999 0.16775110625 0.8826796015625 0.1828950734375 0.9052755109374999 0.194446959375 0.933357490625 0.1206841953125 0.9271404796875 0.1065784640625
367 1 0.1022820421875 0.9767400281249999 0.0969120546875 0.9542545656250001 0.0917208765625 0.9492946109375 0.0926875171875 0.9024983375 0.2064762203125 0.933736009375 0.22847016406249998 0.9506882125 0.23027215 0.96581005 0.21264593281250002 1 0.1095033 1 0.1022820421875
356 0.934129575 0.7670539203125 0.9422191218749999 0.745692434375 0.9588610765625001 0.7009645843750001 0.9485204765624999 0.650007321875 0.9285912984375001 0.620065465625 0.9008145484375 0.596758803125 0.8816795656249999 0.583894196875 0.856196040625 0.5780108609375 0.8327848515625 0.5768294375 0.815480234375 0.583393034375 0.7998955328124999 0.6030241281250001 0.7746118109375 0.637309921875 0.7743698343750001 0.652036215625 0.782196321875 0.672848734375 0.7843580171875 0.7113590640624999 0.798753934375 0.737911728125 0.8160374687499999 0.7587958421875001 0.8407057124999999 0.7750496390625 0.875183421875 0.7830094453124999 0.9006669484375 0.7888927812500001 0.920969628125 0.7830213390625 0.934129575 0.7670539203125
356 0.60709385625 0.562735828125 0.5804004609375 0.6304839624999999 0.616976609375 0.7592972312499999 0.7647180015624999 0.7553947562500001 0.781712375 0.702301321875 0.733959259375 0.5603489609375 0.60709385625 0.562735828125
356 0.8789656484374999 0.5135803234375 0.867699325 0.46663281406249996 0.8449929734375001 0.44872021875 0.8123667109375001 0.43274090625 0.786420325 0.428862446875 0.7615101078125 0.42733494375000003 0.7467406859375 0.43659557656250003 0.736447271875 0.4743421546875 0.73261284375 0.51146816875 0.7380145765624999 0.5359443625 0.7512638796875 0.5537853640625 0.7703988640625 0.5666499703125 0.77696829375 0.5723901171875 0.8075222171875 0.5836675203125 0.8407428687499999 0.5765549531249999 0.8490533046875001 0.5679148828125 0.8789656484374999 0.5135803234375
356 0.7383198078125 0.4388749359375 0.7649710296875 0.426022225 0.7938050343749999 0.42423213125 0.8077802609375 0.39789425 0.808947959375 0.379158203125 0.79766055 0.3596584046875 0.7833750765625 0.33946644843749996 0.7623886453125001 0.3346213484375 0.7424383812500001 0.3321272046875 0.72178328125 0.34636422968749997 0.714267040625 0.3720815484375 0.7053622140625 0.40381349687499996 0.7096173328125001 0.41957802656250004 0.719868575 0.4367268703125 0.7383198078125 0.4388749359375
356 0.7320184515625 0.5345600484374999 0.740349971875 0.4984722671875 0.7172018437500001 0.45511683906249994 0.6851699765625 0.4160456453125 0.6021499718750001 0.39265549375000003 0.547437853125 0.45182325937499995 0.5371444390625 0.48956983750000005 0.5814788015625 0.5779394953125 0.59150915625 0.582366921875 0.60755671875 0.5607309515625001 0.72150415 0.5595852109375 0.7320184515625 0.5345600484374999
356 0.6021499718750001 0.39265549375000003 0.6381267125 0.40096137968749995 0.643218196875 0.3789077375 0.6490145187499999 0.3401229234375 0.64165089375 0.3173055265625 0.61479986875 0.2899891109375 0.576750790625 0.276981315625 0.5329264765625 0.2753106234375 0.5089208984375 0.29722107656249996 0.511503284375 0.38862195312500003 0.540668621875 0.40591398593749994 0.5805691484375 0.4109022734375 0.6021499718750001 0.39265549375000003
357 0.544449821875 0.7383296296874999 0.5578306546875 0.735083628125 0.57502483125 0.722159321875 0.5806896218750001 0.704461509375 0.5862439687500001 0.680402990625 0.569312853125 0.651153290625 0.544292190625 0.6432650796875 0.5228428953125001 0.64042485625 0.5026506578125 0.65265700625 0.4936353875 0.6780282453125 0.489117209375 0.7044377203125001 0.5015512328125 0.7326491828125 0.5159682359375 0.7317541375000001 0.5294595125 0.73486884375 0.544449821875 0.7383296296874999
343 0.5171570203125 0.6855703796875 0.506227040625 0.8013042578125 0.5933023625 0.8002898109375 0.6078037078125 0.6896039203125001 0.5171570203125 0.6855703796875
356 0.43671940156250005 0.7535811015625 0.454024021875 0.7470175046875001 0.47090794999999996 0.6875633609375 0.479349915625 0.6578362890625 0.4808700328125 0.63073465625 0.46255032968750004 0.6074995890625 0.44756002031250003 0.6040388046875 0.4236859703125 0.6048622546875 0.40430901406249997 0.6067239421874999 0.3853738328125 0.6340284656249999 0.37333941406250004 0.686155259375 0.3696365171875 0.702194271875 0.38356957187499996 0.7307518125 0.40374072187500004 0.7459673734375001 0.41573296875 0.7487360015625 0.43671940156250005 0.7535811015625
356 0.333859578125 0.7340575140625 0.3594746328125 0.718853846875 0.3719719140625 0.6647221765625 0.3715301375 0.6392793421875 0.36520268125 0.618812903125 0.36405606874999996 0.6101012390625 0.3580599453125 0.608716925 0.3534524078125 0.6013179796875 0.352416240625 0.598967025 0.3423858859375 0.5945396 0.33096694531250004 0.5961268015625001 0.322546065625 0.5984061625 0.3195480046875 0.59771400625 0.3109062375 0.58727195 0.3046681390625 0.6006139296875 0.29335964375 0.6085618421875 0.281477840625 0.612153921875 0.267723503125 0.6512132203125 0.25568908437500004 0.7033400140625 0.2639784328125 0.7221476546875001 0.27907918593750003 0.7319691484375 0.30156465 0.7371603265625 0.333859578125 0.7340575140625
356 0.5591037828125 0.5791090249999999 0.5550906375 0.5486182015625001 0.5374546859375 0.536099675 0.5126549109375 0.5409328796875 0.48981703125 0.5441072859375 0.47930272812499997 0.5691324484375 0.47328551875 0.5951958453125 0.48860716093749995 0.6177387546875 0.5097040374999999 0.6289445640625 0.5361132859375 0.630818146875 0.5528446 0.6198987171875 0.5591037828125 0.5791090249999999
356 0.48967547031249997 0.2779957609375 0.48738224375000005 0.260572434375 0.47770430781249995 0.2477794234375 0.473096771875 0.24038047968749998 0.46791592968750007 0.228625703125 0.4608836375 0.2248904328125 0.4533884828125 0.223160040625 0.449112278125 0.23484322343750003 0.44265329218750005 0.23546378437499998 0.42938290312499994 0.24507049531249997 0.42407053125000005 0.254402721875 0.41922102031249997 0.2617300703125 0.42601133750000003 0.280191634375 0.44768152031249997 0.2957532734375 0.47501649375 0.2936171015625 0.484363096875 0.2873279890625 0.48967547031249997 0.2779957609375
356 0.3883618640625 0.34752209375 0.3997808046875 0.345934890625 0.42250824218750005 0.33639977499999996 0.428504365625 0.3377840890625 0.43002448125 0.3106824578125 0.4248436390625 0.29892768125 0.4157390109375 0.2904905 0.411594334375 0.28108668125 0.3956783015625 0.2816356484375 0.3782632375 0.2818385375 0.365918571875 0.28743549375 0.3571452765625 0.298080440625 0.3582918890625 0.306792103125 0.3492766171875 0.33216334375 0.3592858859375 0.36403848125 0.37312958125 0.358787603125 0.3883618640625 0.34752209375
358 0.441916315625 0.5942889046875 0.45979424062499996 0.5920811390625 0.4634971390625 0.5760421234375 0.46662673125 0.5556472796875 0.46122500000000005 0.5311710859375001 0.44982714531249995 0.505310578125 0.4423530765625 0.476132475 0.44248460625 0.4550454734375 0.4399704921875 0.424900728125 0.443100084375 0.40450588125 0.44208500156249997 0.374707215625 0.43390609687500004 0.3622602828125 0.43564710156249997 0.34788006718750003 0.42861480937499996 0.3441447984375 0.41858445624999996 0.339717371875 0.4032417296875 0.344622171875 0.383975215625 0.35284456875000003 0.3697791015625 0.36646103124999996 0.35833907656249997 0.3954959453125 0.35670851406250004 0.4162368703125 0.3681063703125 0.4420973765625 0.3584073484375 0.4567520765625 0.363125328125 0.470511728125 0.3770583828125 0.49906927031250004 0.39319530468749997 0.51124171875 0.37390770624999997 0.5469118265625 0.3709990015625 0.5800280890625 0.38378544375 0.5998739671875 0.4107679984375 0.60610338125 0.441916315625 0.5942889046875
358 0.5133808328125 0.49675399843749996 0.5237636046875 0.4928158390625 0.5323160140625001 0.46944947656249997 0.5345198812499999 0.453064384375 0.5257676703125 0.43626162031250004 0.516773484375 0.4341851484375 0.5194402140625 0.4157951796875 0.512539453125 0.3909729078125 0.501825346875 0.375828940625 0.504712965625 0.3701603890625 0.5098044500000001 0.348106746875 0.4981646203125 0.3369725328125 0.4884866859375 0.3241795203125 0.4739592390625 0.3187138578125 0.467610696875 0.32569512968750003 0.4551555875 0.324931378125 0.4407385875 0.3258264234375 0.43807185625 0.3442163921875 0.43932891406249996 0.3592887640625 0.4466925375 0.3821061609375 0.45002193281249997 0.4018804421875 0.44792850937499995 0.42462624375 0.446055975 0.4600934609375 0.45630721718749995 0.47724230468749995 0.47151841406250006 0.49342450781249997 0.4895067828125 0.49757745 0.5133808328125 0.49675399843749996
356 0.16793001406250002 0.6936379203125 0.1896001953125 0.709199559375 0.22200556875 0.7124574546875 0.24127208125 0.704235059375 0.252007271875 0.691931315625 0.25813492656250003 0.6722286265624999 0.2597654859375 0.651487703125 0.2568989546875 0.62970854375 0.24607440625 0.60820386875 0.235581190625 0.60578131875 0.21909185 0.6019744546875 0.19878916875 0.6078458953125 0.17652459375000001 0.6153761359375001 0.16208650625 0.6437188921875 0.15767877187499998 0.6764890765625 0.16793001406250002 0.6936379203125
356 0.0741326484375 0.7374469328125 0.1055018515625 0.7383538749999999 0.1286921515625 0.72681388125 0.1449816875 0.6904516171874999 0.14489232968750002 0.6566431984375 0.13821245625 0.64454234375 0.1324583078125 0.6284317359375 0.1257784328125 0.61633088125 0.118172834375 0.6082397796875 0.10168349531250001 0.604432915625 0.0827694 0.6042897265625 0.06500191718750001 0.6128582 0.055765759375 0.6255080234375 0.0501009671875 0.643205834375 0.0408648078125 0.6558556578125 0.029777198437500003 0.6765249875 0.027441803125000004 0.7139970812499999 0.03861876875 0.727136171875 0.054645246875 0.7329479125 0.0741326484375 0.7374469328125
356 0.23367252343749997 0.23789845625 0.24544388281249999 0.22794566875000002 0.253444071875 0.17277576249999999 0.2384537625 0.1693149765625 0.23673384375 0.15624748125000001 0.22727679531249997 0.1561758859375 0.221391115625 0.1611522796875 0.2089360078125 0.1603885296875 0.1955551734375 0.16363453125 0.1852828453125 0.1739333984375 0.182042809375 0.18796753593749999 0.17567318125 0.22239651718750003 0.196880503125 0.23996303281250003 0.21037178124999997 0.24307774062499998 0.22582495156250001 0.24453365 0.23367252343749997 0.23789845625
358 0.1203767015625 0.5918546874999999 0.134572815625 0.5782382234375001 0.1516776328125 0.5315054984375001 0.1461654578125 0.500668596875 0.1460761 0.46686017656249995 0.15198286562500002 0.434436071875 0.15672193125 0.4207480125 0.1740476359375 0.386736703125 0.16957163125000002 0.3582507578125 0.15874708125 0.3367460828125 0.15438151875 0.3146208453125 0.15416063124999999 0.3018994265625 0.14216838437499998 0.2991307984375 0.141021771875 0.290419134375 0.1335266171875 0.2886887421875 0.12186570156250001 0.3050022390625 0.1136657109375 0.3200030171875 0.10985236875 0.329681321875 0.105465721875 0.3350037953125 0.0941572234375 0.34295170625 0.07683151875000001 0.376963015625 0.08534175625 0.408492075 0.0950196921875 0.4212850859375 0.0763054 0.461311025 0.0701777453125 0.4810137140625 0.0670481546875 0.501408559375 0.0627719484375 0.513091740625 0.0500537796875 0.55450199375 0.058453573437499996 0.5796703437499999 0.0734438828125 0.5831311296874999 0.0965026515625 0.592678140625 0.1203767015625 0.5918546874999999
358 0.2578146484375 0.3385002640625 0.27694963125 0.35136486875 0.287221959375 0.341066003125 0.29888287343750003 0.3247525046875 0.32172075625 0.32157809843749996 0.3372843703125 0.329394715625 0.34398533124999997 0.314047859375 0.344579721875 0.2909559796875 0.3481721765625 0.2685562578125 0.337568515625 0.259773 0.335848596875 0.246705503125 0.3426810859375 0.21027164531250003 0.3346126265625 0.20418542031250003 0.3246927171875 0.20611870312499997 0.312590025 0.196989365625 0.300134915625 0.1962256140625 0.2933235125 0.2052117625 0.29021500625 0.198158896875 0.2874378328125 0.21018815625 0.2763713109375 0.2034097734375 0.27302082968749997 0.211083203125 0.27335216406249996 0.230165328125 0.26942837656249996 0.23348292499999998 0.263763584375 0.25118073750000003 0.2578568203125 0.283604840625 0.26799761875 0.2943929765625 0.2622223828125 0.3057300796875 0.25655759218749996 0.3234278921875 0.2578146484375 0.3385002640625
358 0.3232197859375 0.3219241765625 0.3014180734375 0.32744953906249996 0.288147684375 0.33705625 0.2754506015625 0.351018790625 0.26767130156249996 0.41891011406249995 0.2808101609375 0.43039040625 0.271815975 0.42831393437500004 0.2573778859375 0.45665669375 0.2552844640625 0.4794024921875 0.260223334375 0.5058835625 0.26053358125 0.5524134 0.26800764843749997 0.5815915031250001 0.2836817078125 0.5957688296875 0.29221303125000003 0.599850178125 0.3065195890625 0.5925944234375 0.32393465312499997 0.5923915328125 0.343884915625 0.594885678125 0.3594696171875 0.575254584375 0.37276109218750003 0.5382001625 0.36056904375 0.49526240625 0.351243525 0.474103809375 0.3527636421875 0.44700217656249996 0.352895171875 0.425915175 0.34586287968749996 0.4221799046875 0.361710640625 0.36037480624999996 0.3489241984375 0.3405289296875 0.33578533906249997 0.3290486375 0.3232197859375 0.3219241765625
358 0.2307266640625 0.4695094046875 0.246532253125 0.462599728125 0.2562523609375 0.42049731718750005 0.253738246875 0.3903525734375 0.2625326296875 0.35225991562500003 0.25724134374999996 0.3341444328125 0.24260345156250002 0.3223180609375 0.2066267109375 0.3140121765625 0.191504871875 0.3316383921875 0.1774192015625 0.351615565625 0.1723277171875 0.373669209375 0.1801542046875 0.39448172812500004 0.1787656171875 0.40049635781250004 0.163643778125 0.41812257343750003 0.1630493875 0.441214453125 0.1761671609375 0.48014245625 0.1871232390625 0.48056012968750006 0.2065001953125 0.478698440625 0.2307266640625 0.4695094046875
1436 0.48887523593750004 0.719164015625 0.401226609375 0.7158226296875 0.39181674843750003 0.8044548765625 0.4732483625 0.79369053125 0.48887523593750004 0.719164015625
1436 0.2563095765625 0.7963996859375 0.34938102187500003 0.7967695531250001 0.35993749375 0.716848971875 0.2667556078125 0.71011839375 0.2563095765625 0.7963996859375
1436 0.2349707265625 0.799920171875 0.24541675624999998 0.7136388796875 0.15177200625 0.70891318125 0.14236214687499998 0.7975454281250001 0.2349707265625 0.799920171875
1436 0.117562371875 0.8023786328125 0.13296835625 0.7151307015625 0.03678840625 0.7077079671875001 0.0233443140625 0.7932971015625 0.117562371875 0.8023786328125
1436 0.0872825640625 0.43428098750000005 0.0678423484375 0.5184858078125 0.15374997031249998 0.536207409375 0.174689215625 0.4523486671875 0.0872825640625 0.43428098750000005
358 0 0.7168360578125 0.013950525 0.7108823734375 0.0249276890625 0.6838523359375 0.02505921875 0.662765334375 0.012846084375 0.6472752890625 0.0113470515625 0.6469292109375 0.026006029687499998 0.6313078703125 0.030282232812499997 0.6196246875 0.03352226875 0.6055905515625 0.0276576765625 0.5831192359374999 0.0320443234375 0.5777967625 0.0464824125 0.5494540046874999 0.04061781875 0.5269826890625 0.0475396671875 0.5243572484375 0.0521682890625 0.5043084828125 0.0499855078125 0.4932458640625 0.064181621875 0.4796294 0.0640922640625 0.4458209796875 0.0617990375 0.42839765312500006 0.071608503125 0.42010366250000003 0.0777361578125 0.400400975 0.0719820078125 0.38429036562499996 0.046498482812500005 0.37840703124999997 0.028047250000000003 0.3762589640625 0.017554034375 0.3738364140625 0 0.44696478749999996 0 0.7168360578125
1436 0.280526015625 0.500012121875 0.19428706093749998 0.463208396875 0.1772716015625 0.5437495421875 0.25751443281249997 0.579168953125 0.280526015625 0.500012121875
1436 0.3919593328125 0.46872163593750005 0.3077716296875 0.46406753125 0.29860374375 0.5379734843749999 0.38025624687500004 0.5399305562500001 0.3919593328125 0.46872163593750005
1436 0.5980313984375 0.4994032265625 0.5218017125000001 0.49447463750000004 0.5061748390624999 0.569001153125 0.579516909375 0.5795982921875 0.5980313984375 0.4994032265625
367 0.8898534546875 0.4527418671875 0.9098037171875 0.4552360109375 0.9289808734375 0.4132051953125 0.939495175 0.38818003437500004 0.9377752562499999 0.3751125390625 0.9280973203125 0.3623195265625 0.9109242312499999 0.3477961234375 0.895933921875 0.3443353375 0.88059119375 0.3492401375 0.85239876875 0.4166421921875 0.8601148125 0.43109400156250005 0.8738269781250001 0.4469301265625 0.8898534546875 0.4527418671875