1578 0.45185547656249997 0 0 0.08783180625 0 0.5376628359375 0.089869240625 1 0.5201933640624999 1 1 0.9067350375000001 1 0.451855475 0.9121681921875 0 0.45185547656249997 0
1090 0.6073227218749999 0 0.5957561250000001 0.007344059375000001 0.5762676640625 0.0328648546875 0.5755381828125 0.0710387421875 0.5913883 0.0896904140625 0.61102084375 0.085874234375 0.63210781875 0.0790587640625 0.6531227515625 0.061390985937499996 0.679518621875 0.039960681250000005 0.6833010484375001 0.017492828125000002 0.6738495171875 0.0003139765625 0.673384028125 0 0.6073227218749999 0
1090 0.7302705359375 0.0599778640625 0.701767328125 0.060085171874999996 0.6683920031249999 0.06657267812499999 0.637051975 0.083530871875 0.6288342171875 0.1041442875 0.63392245625 0.13032101406250002 0.6388666140625 0.134793121875 0.656535903125 0.13135855937500002 0.6835126390624999 0.12339823593749999 0.7502632874999999 0.1104232234375 0.756954575 0.0819567921875 0.74510300625 0.073394190625 0.7302705359375 0.0599778640625
1090 0.6267989203125001 0.0936735984375 0.6154561765625 0.0877286703125 0.5913883 0.0896904140625 0.5809911624999999 0.0781285234375 0.5476158390625 0.08461602968750001 0.534525965625 0.11160964375 0.5385965578125 0.1325510234375 0.5715351 0.13429815312499999 0.6064368953125 0.135663665625 0.6349401046875001 0.1355563578125 0.632395984375 0.12246799687500001 0.6267989203125001 0.0936735984375
1870 0.9075170984375 0.47919312343750003 0.9016993765624999 0.4911902859375 0.79386446875 0.5338838906250001 0.7559097296874999 0.5168123453125 0.737731615625 0.517629234375 0.7663789078125001 0.53922654375 0.783611415625 0.5440266171875 0.8012807046875 0.5405920546874999 0.9395100328125 0.4865572171875 0.9493263046875 0.48464912812499994 0.953180771875 0.47303358281249996 0.942783634375 0.46147169374999997 0.8886140359375 0.44483541718749997 0.9083906624999999 0.462723853125 0.9001008625000001 0.47248496093750003 0.9075170984375 0.47919312343750003
358 0.751771628125 0.4116701734375 0.75024515625 0.40381715625 0.640883778125 0.43865774531249996 0.739186046875 0.5146299437499999 0.768706903125 0.5197579828125 0.794810075 0.528266928125 0.899736121875 0.4915719046875 0.9070082734374999 0.476575453125 0.9035185468750001 0.469104053125 0.9064274078125001 0.4631054703125 0.8593858781250001 0.40976812812499996 0.8097236531249999 0.4058385984375 0.802888284375 0.4126004140625 0.7939455765625001 0.39803923281250003 0.751771628125 0.4116701734375
1870 0.690392853125 0.5675796265625 0.6011008 0.5903693984375 0.54911058125 0.605908428125 0.5259883109375 0.6022532093749999 0.5432928593749999 0.6179055906250001 0.5678695593749999 0.61856151875 0.7458728 0.5595119937499999 0.7585979328125 0.5516053234375 0.759471496875 0.535136053125 0.72791534375 0.519537325 0.7462375406249999 0.5404250515625 0.7399109953125 0.5498045406250001 0.690392853125 0.5675796265625
358 0.498511815625 0.46089889375000004 0.5138531093750001 0.47693289375000003 0.5454092625 0.492531621875 0.5764565921875 0.505512678125 0.6070671375 0.5267283703125 0.6322247046875 0.5408542781250001 0.66428968125 0.559070678125 0.6761412484375 0.5676332796875 0.6972282234375 0.5608178078125 0.729077075 0.546477284375 0.7357683609375 0.5180108531250001 0.687853265625 0.48114277968749997 0.6473544062500001 0.45098287031249995 0.6143438234375 0.43838343281250003 0.5931848078125 0.43434659531250003 0.5877318265625 0.42725681406250005 0.5696257546875 0.4389260109375 0.54802995625 0.443123809375 0.5371960375 0.43979655468749995 0.512691378125 0.44999293281249997 0.498511815625 0.46089889375000004
358 0.428924346875 0.4907247953125 0.4384479203125 0.5187559578125 0.47000407343750006 0.534354684375 0.48934391718750003 0.56047775625 0.5091205453125001 0.5783661921875 0.5303516015625 0.5932553375 0.5500561875 0.600291465625 0.57317845625 0.6039466859375 0.6128803265625 0.588079690625 0.644292396875 0.581973803125 0.6564366640625 0.56059715 0.6346967828125 0.5430903328125 0.60663035625 0.5349630046875 0.58394486875 0.52307315 0.5587873015625 0.508947240625 0.529703228125 0.49558456562500003 0.512907503125 0.48254985625 0.50592805 0.46760705781249995 0.488767584375 0.4736592921875 0.4759704109375 0.47071365624999995 0.456265825 0.463677528125 0.4400509671875 0.46411279843750003 0.428924346875 0.4907247953125
1869 0.304500775 0.6996375828125 0.31584351875 0.705582509375 0.345292334375 0.699858240625 0.5335486296874999 0.6306659890625 0.5388575265625 0.616051153125 0.4078373734375 0.497540265625 0.38769600625 0.4987387734375 0.24452252031250002 0.548301503125 0.304500775 0.6996375828125
358 0.3423925390625 0.5591598546875 0.314254071875 0.5401802171875 0.3077834421875 0.5278550921875 0.2837876078125 0.54066914375 0.273534553125 0.55081186875 0.26859039687499997 0.546339759375 0.25782851875 0.5538648125 0.2933786890625 0.6529010953125 0.3083552421875 0.6880220375 0.3353319796875 0.6800617124999999 0.34071291875 0.6762991875 0.355473346875 0.67886320625 0.378523575 0.6716661171875 0.3972105125 0.6734669015625 0.41873426875 0.6584167953125 0.43982124375 0.651601325 0.469270059375 0.6458770546875 0.503082165625 0.6311549125 0.5103543171875 0.6161584609374999 0.48716000625 0.6016509328125 0.466946596875 0.5919971328125 0.450150871875 0.5789624234375 0.41873880156250004 0.5850683125 0.40332546718750006 0.5581820046875 0.39045625 0.544384059375 0.36936927656249996 0.5511995296875 0.3571529671875 0.5617238734375001 0.3423925390625 0.5591598546875
1869 0.049057050000000005 0.79003948125 0.24131189375 0.7309363 0.2785416859375 0.7128332515625 0.2887226984375 0.69183821875 0.2126016265625 0.5517897171875 0.039907284375000004 0.596224409375 0.02456145625 0.6535388921874999 0.049057050000000005 0.79003948125
358 0.2725078390625 0.6922734890625 0.26894607187499997 0.6739497828125 0.2728005390625 0.6623342375 0.2544063 0.630594203125 0.2424826921875 0.6111792953124999 0.21558252812499998 0.55664344375 0.201330925 0.5566970984374999 0.1748630109375 0.5672750953125 0.123818396875 0.5771971625 0.0894974671875 0.58930163125 0.045797046875000004 0.59507955625 0.033796862500000004 0.6381608234375 0.049421790625 0.7709525375 0.055311553125 0.7698076828125 0.0715264125 0.7693724125 0.0931222109375 0.7651746140625 0.12446223906250001 0.7482164171875 0.1416227046875 0.7421641828125 0.17987014375000002 0.729296478125 0.210264565625 0.717955246875 0.2426942828125 0.7170847031250001 0.2711254515625 0.7061250890624999 0.2725078390625 0.6922734890625
1870 0.343641609375 1 0.29976367656249997 0.8744193625 0.28740328593750003 0.863239090625 0.27213403281250004 0.8580573984375001 0.258391253125 0.8607287250000001 0.24123078750000002 0.866780959375 0.11572659062499999 0.9129091265625 0.0941307921875 0.917106925 0.0933292703125 0.9444285046875001 0.10064191250000001 1 0.343641609375 1
1349 0.21948996250000002 1 0.22777164062500002 0.98621 0.2389703 0.9704503125 0.2531498640625 0.95954435 0.28158103125 0.9485847359375 0.302740046875 0.9526215734375001 0.305140084375 0.9440053203125001 0.29656211718750003 0.9103571953125 0.2821664296875 0.8887062328124999 0.259044159375 0.8850510140625 0.23352185312499998 0.890012046875 0.21643342968749998 0.9069165890625 0.20683328125 0.9413816031250001 0.2119935640625 0.9784106375 0.21808794374999999 1 0.21948996250000002 1
1349 0.3208332328125 1 0.308193028125 0.9597113546875 0.289942871875 0.9496759359375 0.2663838203125 0.9542553515625001 0.237007046875 0.9708319296875001 0.22340834843750002 0.995207871875 0.22108452656250002 1 0.3208332328125 1
1349 0.15295094375 1 0.1678563609375 0.9924231953125 0.1949051390625 0.995315178125 0.20326698125 0.9964063796874999 0.1997052140625 0.978082671875 0.18611104843749998 0.9291101296875001 0.158553446875 0.923600475 0.137466471875 0.9304159437499999 0.1173971453125 0.942466759375 0.10910734531249999 0.9522278671875 0.104816096875 0.972078046875 0.10939551249999999 0.9956371 0.1106270984375 1 0.15295094375 1
1869 0.4975328171875 1 0.5835529296875 0.982250990625 0.5982413171875 0.973962703125 0.5980972343750001 0.9522580875 0.509759853125 0.8227339312499999 0.496309771875 0.7954660046875001 0.48089643593750003 0.768579696875 0.47253459375 0.767488496875 0.3034740609375 0.841099203125 0.2991828125 0.8609493828125 0.3464251875 1 0.4975328171875 1
358 0.4503154484375 1 0.4740474671875 0.9953869624999999 0.47048569999999995 0.9770632562499999 0.49317118750000005 0.9889531125 0.5113493 0.988136221875 0.5682836765625 0.9770692999999999 0.5823191578125 0.9444587234374999 0.5450938984375 0.889213290625 0.52684374375 0.8791778703125 0.5197202078125 0.8425304562499999 0.49216260468749995 0.8370208 0.487074365625 0.810844075 0.47267867812500003 0.7891931125 0.4574814671875 0.794863728125 0.44679162968749997 0.8132410890624999 0.4320312015625 0.8106770703124999 0.40941775625 0.809639525 0.3991647015625 0.8197822499999999 0.372624746875 0.8195079375000001 0.3525554203125 0.8315587531249999 0.3286316265625 0.8552251125 0.325358025 0.8803106375 0.340334578125 0.9154315796875 0.356184696875 0.934083253125 0.3651274046875 0.9486444328125 0.35836407656249997 0.9662585578125 0.3521816140625 0.9973426625 0.3535186171875 1 0.4503154484375 1
1869 0.501037803125 0.767381190625 0.4976921609375 0.78161440625 0.6069678984375 0.955966959375 0.6260916187500001 0.94953310625 0.7705754515625001 0.875266471875 0.7754475671875001 0.8688862734375 0.7768299546875 0.8550346734375 0.764397521875 0.83300209375 0.6447201125 0.7204361328125 0.6250155281249999 0.7134000046875 0.510854075 0.7654731 0.501037803125 0.767381190625
358 0.6922704671875 0.7763911484375 0.63788474375 0.72719795 0.5075084328125 0.7797063171875 0.551785184375 0.8607468562499999 0.61569448125 0.9379712171874999 0.767085725 0.8677950718749999 0.768904896875 0.8457088390624999 0.6922704671875 0.7763911484375
1870 0.8137086046875 0.6359731187500001 0.66275414375 0.697914628125 0.6549731671875 0.7102934078125 0.8033699109375 0.8553089859374999 0.8294730828124999 0.8638179328125 0.85695864375 0.8584752796874999 0.9655950734375001 0.788460096875 0.9669774625 0.7746084984375 0.9481464421875 0.7511030984375 0.8309411109375 0.6407731921875001 0.8235248765625001 0.634065028125 0.8137086046875 0.6359731187500001
358 0.9172477296875 0.6864781765625 0.8985607921875 0.6846773921875 0.881837109375 0.6824949921875 0.8772576937500001 0.6589359390625 0.861988440625 0.6537542484375 0.85268099375 0.6582800109375 0.8393749953125 0.6527167015625001 0.8338499718750001 0.6347746109375 0.8276675093750001 0.665858715625 0.8038878 0.711229690625 0.7804007890625 0.726661415625 0.752915228125 0.7320040671875 0.7165590015625 0.733637846875 0.69532794375 0.7187487015625 0.6743130125000001 0.736416478125 0.704414734375 0.755014496875 0.7305899484375 0.7743757515625 0.752838653125 0.7945002421875 0.7672343406250001 0.8161512046875 0.7939183796875 0.8381301328124999 0.8371820171875 0.8405868453125 0.8691029109375 0.8370986281249999 0.9180401874999999 0.8058535640625 0.93316535625 0.7893306390625 0.935930134375 0.7616274421875 0.9455302812499999 0.727162428125 0.9370963984375 0.7152189203125 0.9330258062500001 0.6942775390625 0.9172477296875 0.6864781765625
1870 1 0.625226509375 0.92459645625 0.6089855484375 0.9063463015625001 0.5989501296874999 0.8926035203125 0.60162145625 0.8646811765625 0.6151987437499999 0.8309411109375 0.6407731921875001 0.9584715390625 0.75181268125 0.9851555765625 0.7737916078125 1 0.7799981421875 1 0.625226509375
358 1 0.5998422921875 0.9781851890625 0.6121518421875 0.9566614328125 0.6272019484375 0.9375377125 0.6336358015625 0.926775834375 0.6411608546875 0.919940465625 0.6479226703125 0.9107050593749999 0.6633007421875 0.919647765625 0.6778619234375001 0.9320081578125 0.6890421953125 0.9381140453124999 0.7204542640625 0.9485832249999999 0.7428684624999999 0.9722863609375001 0.7599936625 1 0.76887428125 1 0.5998422921875