1578 0.54625818125 0 0 0.0106396421875 0 0.4154543140625 0.0082787828125 0.9786546203125001 0.9981865234375 0.6973355015625 0.9833795703125 0 0.54625818125 0
358 0.5110771515625 0.5998218796875 0.5107979140625 0.5838243171874999 0.499993253125 0.5760116953125001 0.47312121874999996 0.5644789203125 0.42765517031250005 0.5572713140625 0.3982215890625 0.551784165625 0.376821696875 0.5481570921875 0.3474579265625 0.546669334375 0.3233568671875 0.5410891062500001 0.31819886875000003 0.5511806625 0.3077781625 0.5653646890624999 0.302724878125 0.58145533125 0.297811215625 0.60554475625 0.36786698906250004 0.646328325 0.5195296953125 0.6256783015625 0.521986528125 0.6136335890625 0.5110771515625 0.5998218796875
358 0.086408728125 0.5652280968750001 0.06283124062499999 0.5896433 0.065776740625 0.6055943234375001 0.098714296875 0.659027621875 0.12562123593750002 0.6725600921875 0.282546653125 0.647817596875 0.2516819765625 0.5603429375 0.20084850156249998 0.551228715625 0.086408728125 0.5652280968750001
358 0.021881409375 0.688373009375 0.0935213953125 0.6671194828125 0.063075575 0.6036411671875 0.0070841046874999996 0.604618503125 0.021881409375 0.688373009375
358 0.611173384375 0.52806403125 0.592369940625 0.5203910281249999 0.5657073359375 0.5208564250000001 0.5551819140625 0.529041365625 0.5285891171875 0.5335061546875 0.49926025156250003 0.5340180921875 0.4886301140625 0.5362039453125 0.472737265625 0.5424822703125 0.4729117890625 0.5524807468749999 0.499993253125 0.5760116953125001 0.513533984375 0.58777716875 0.5137434125 0.599775340625 0.5245829796875 0.6095876578125 0.551385203125 0.6171210421875 0.68434918125 0.5947971015625 0.6623559046875 0.5571752062499999 0.6379756078125001 0.5355974156250001 0.611173384375 0.52806403125
358 0.7631851390625 0.5274109609375001 0.746978146875 0.5156920265625 0.7282445125 0.5120184140624999 0.6881109859375 0.5047177296875 0.655976240625 0.49727742499999994 0.626647375 0.4977893625 0.6135604046875 0.512019928125 0.6138047390625 0.5260177953125 0.6379057984375 0.531598025 0.6541826000000001 0.5473163484375 0.6760711625 0.5789391578124999 0.6789817546875 0.5928904859374999 0.7002769359375 0.5905184718750001 0.7720914453125001 0.579263421875 0.77967136875 0.5551274578125 0.7713933500000001 0.5392695140625 0.7631851390625 0.5274109609375001
358 0.677341228125 0.49890480156250006 0.7443118859375 0.5157385671875 0.7659561125 0.5333635078125 0.774199228125 0.54722175625 0.774652990625 0.5732177953125001 0.851800021875 0.561869665625 0.8347902203125 0.5041577375 0.7384906984375 0.4878359109375 0.6745702546875 0.49295225625 0.677341228125 0.49890480156250006
358 0.896149115625 0.5050870187500001 0.8799421234375 0.49336808593750003 0.869067653125 0.48155607187499994 0.85327951875 0.4938334828125 0.8450713078125001 0.4819749296875 0.8240204625 0.4983448109375 0.837491384375 0.5061108937500001 0.8461533578125 0.5439654875 0.8517302125 0.557870275 0.881059078125 0.5573583375 0.9316133140625 0.550474996875 0.9152667031249999 0.53075728125 0.9123910125 0.5188056484375 0.9095851328125001 0.5108534062500001 0.896149115625 0.5050870187500001
356 0.8065299093749999 0.718683621875 0.8330179890625 0.708219746875 0.8273364203125 0.6883158734375 0.7790644921875 0.673156025 0.7335635390624999 0.663948725 0.5850557609375 0.71254794375 0.6172952203125 0.725987334375 0.7081575078125 0.73640315625 0.7721128546875 0.73328650625 0.8065299093749999 0.718683621875
358 0.9217161781250001 0.5946544546875 0.8420076 0.6120482093749999 0.8422868390625 0.6280457734375 0.7732433046875 0.6452533703125 0.765558665625 0.6633902468749999 0.88893965 0.703243021875 0.9951363093750001 0.6753853921874999 0.9914578078125 0.6174407656249999 0.9217161781250001 0.5946544546875
1812 0.4302595359375 0.8592718578125 0.4213532296875 0.8074193968750001 0.40525095312500004 0.8016995484375 0.38928829375 0.8039784828125001 0.3787628703125 0.8121634234374999 0.37356996875 0.8202552843750001 0.374128446875 0.8522504109375 0.38507272812500004 0.8680618156250001 0.40373654999999997 0.8677360375 0.4302595359375 0.8592718578125
1812 0.4530691171875 0.79086335625 0.45334835625 0.8068609203125 0.4538370234375 0.8348566546875 0.47000911093750003 0.8445758937500001 0.48863802968750003 0.8422504203125 0.504530878125 0.8359720953125 0.5009919968750001 0.78602625 0.4822583640625 0.7823526375000001 0.4662608 0.7826318765625 0.4530691171875 0.79086335625
1812 0.6371807125 0.7956508953125 0.6343748328125 0.787698653125 0.6208341015625 0.7759331796875 0.5598591578125001 0.7970005484375 0.5522443296875 0.8191368171875 0.562944275 0.820950353125 0.6371807125 0.7956508953125
1812 0.698295275 0.7825823093750001 0.6955243015625 0.7766297625 0.679317309375 0.764910828125 0.6262015265625 0.7778397953125 0.63704109375 0.7876521140625 0.6371807125 0.7956508953125 0.698295275 0.7825823093750001
1812 0.7514110578125 0.7696533421875 0.740292253125 0.7438434609375 0.6792475 0.7609114375 0.6927533265625 0.7706772156249999 0.69555920625 0.7786294578125 0.7514110578125 0.7696533421875
358 0.24616701562499999 0.244391065625 0.24595758750000002 0.23239289375 0.24045054062500001 0.222487496875 0.2268749046875 0.2087223265625 0.20530048750000002 0.19509677812499998 0.1971620875 0.18723761562500002 0.18372606875 0.181471228125 0.17299121875 0.17765799531249998 0.14895996875 0.1760771578125 0.1355937609375 0.1743101609375 0.122227553125 0.172543165625 0.1064045140625 0.1828208796875 0.0959139953125 0.1930055171875 0.09608852031250001 0.20300399374999997 0.08016076718750001 0.20728262343749998 0.0777039359375 0.21932733437500002 0.0671785125 0.22751227499999999 0.0620554203125 0.2396035265625 0.08875292968750001 0.24113782499999997 0.20887427343749998 0.24704231718749997 0.24616701562499999 0.244391065625
358 0.49433867343750004 0.2520610421875 0.4939547203125 0.2300643921875 0.48048379687500004 0.222298309375 0.467117590625 0.2205313125 0.453751384375 0.218764315625 0.4294408953125 0.201185915625 0.4213723046875 0.19732614375 0.3974108640625 0.19974469687500002 0.392287771875 0.2118359484375 0.3602926453125 0.21239442656250002 0.339032371875 0.21676613437499997 0.3392767046875 0.23076400156250002 0.33134773281249996 0.2349030125 0.31012236406250004 0.2412744171875 0.3077004359375 0.2553188234375 0.29724482343749997 0.2675031546875 0.3583593875 0.25443456875 0.4945830078125 0.266058909375 0.49433867343750004 0.2520610421875
358 0.658809109375 0.2011828875 0.61071170625 0.1960215171875 0.5493877140625 0.19709193125 0.5200588484375 0.19760386875 0.47487203906250003 0.206393825 0.488447675 0.2201589953125 0.4945481015625 0.2640592140625 0.5265781328125 0.2655004328125 0.5399094359375 0.2652677328125 0.66795975 0.26703321562500004 0.6703118671875 0.2489894171875 0.675190625 0.2229002984375 0.658809109375 0.2011828875
358 0.163429634375 0.393857796875 0.1368019359375 0.3963228890625 0.1262765125 0.40450782968750004 0.096947646875 0.4050197671875 0.06761877968749999 0.40553170468750005 0.054462001562499994 0.41576288124999994 0.0329224890625 0.4041370265625 0.0009273625000000001 0.40469550312499997 0.005059625 0.4886361703125 0.055718575000000006 0.4877519140625 0.0663138078125 0.48356636406250003 0.0902752484375 0.4811478109375 0.1142715921875 0.480728953125 0.14626671875 0.4801704765625 0.1621246625 0.47189245625 0.1915233375 0.4753799109375 0.21818594375 0.4749145125 0.2447438328125 0.4684500296875 0.2357328125 0.4105984828125 0.22222698593749998 0.400832703125 0.182233078125 0.4015308 0.163429634375 0.393857796875
358 0.4249325953125 0.4012950734375 0.307686940625 0.40734221406250004 0.307931275 0.42134008125 0.2838651203125 0.41775954843749996 0.28168752812500003 0.4458018234375 0.35932322656250004 0.46244942968749997 0.4978291546875 0.45203058125 0.4917287265625 0.40813036093750005 0.4249325953125 0.4012950734375
358 0.637989103125 0.3835740265625 0.5474060546875 0.38915576875 0.5477201984375 0.4071530265625 0.579924753125 0.41859272187499996 0.5986583859375 0.422266334375 0.6253209921875 0.42180093750000003 0.6335641078124999 0.4356591859375 0.73488200625 0.43389067499999995 0.7261851296875 0.3940363859375 0.6408298875 0.3935259625 0.637989103125 0.3835740265625
358 0.5744875171875 0.41268671562500003 0.5477201984375 0.4071530265625 0.5343888953125 0.407385725 0.5130588125 0.40775804375 0.5024286734375 0.4099438984375 0.500006746875 0.4239883046875 0.5084243859375001 0.44784503124999997 0.5324556359375 0.44942586875 0.5831145859375 0.4485416125 0.6310025609375 0.4417048109375 0.628091965625 0.4277534828125 0.5987631015625 0.42826542031250003 0.5744875171875 0.41268671562500003
358 0.30909105000000003 0.793376503125 0.2955852234375 0.7836107250000001 0.2952710796875 0.7656134671875 0.28969422499999997 0.751708678125 0.2655582609375 0.7441287546875001 0.24163172500000002 0.748547003125 0.2311412078125 0.7587316390625001 0.2123028609375 0.749058940625 0.1829739953125 0.749570878125 0.1699219296875 0.7658011390625 0.1513279171875 0.7701263078125 0.13259428281250002 0.7664526953124999 0.1035097515625 0.7809625015625 0.1038588 0.8009594546875001 0.0853345953125 0.8092840140625001 0.0774754328125 0.8174224156250001 0.067089628125 0.8336061375 0.0349897875 0.828165528125 0.047888739062500005 0.9559598749999999 0.05311654375 0.9498677093750001 0.0745164390625 0.9534947812500001 0.1037056859375 0.9449840625 0.11935420000000001 0.9247078703125 0.1434203546875 0.9282884031249999 0.18874678281249999 0.9274972281249999 0.20463963125 0.921218903125 0.1988533484375 0.8953159421875 0.21772660156249998 0.9069883359375 0.2444241109375 0.9085226343749999 0.2549146296875 0.8983379984375001 0.25463539062499996 0.8823404359374999 0.2867003265625 0.8857813484375001 0.31076648125 0.8893618812499999 0.3293954 0.8870364078125 0.337010228125 0.8649001390625 0.33652156093749996 0.8369044046875 0.3361725125 0.8169074500000001 0.3200004265625 0.8071882125000001 0.30909105000000003 0.793376503125
1939 1 0.8974212984375001 0.992854 0.69742858125 0.01094504375 0.9786080796875 0.013517089062500001 1 0.3093798875 1 1 0.9893416890625 1 0.8974212984375001
1313 0.9989758375 0.895351884375 0.99688155 0.7753701609375 0.9866004593750001 0.7975529703124999 0.976319371875 0.819735778125 0.9634767359374999 0.8479642125 0.9692281156250001 0.871867478125 0.9801025859375001 0.8836794906250001 0.9989758375 0.895351884375
1050 0.9546458171875001 0.342041278125 0.9703292375 0.32376478125 0.9620861218750001 0.3099065328125 0.41241759843750003 0.2954973765625 0.4103098140625 0.3275390421875 0.42374583125000004 0.3333054296875 0.9546458171875001 0.342041278125
1050 0.956670296875 0.4580236109375 0.9562514390624999 0.43402726718749995 0.42092645624999997 0.477376578125 0.4212755046875 0.49737353124999995 0.4214849328125 0.5093717046874999 0.956670296875 0.4580236109375
1050 0.9505214703125 0.5641470859375 0.950346946875 0.554148609375 0.4293306015625 0.6532566921875 0.43487255156250004 0.6651617859375001 0.4615700625 0.6666960828125 0.9373297875000001 0.572378565625 0.9505214703125 0.5641470859375