1578 0.0749845875 0 0 0.4734340515625 0 0.9216405296874999 0.494742225 1 0.9270403421875001 1 1 0.5393508546875 1 0.0729596578125 0.5393508546875 0 0.0749845875 0
1090 0.8372738140625 0.109284221875 0.8342677937499999 0.0899087671875 0.82096773125 0.0716028015625 0.794146775 0.061954965625000004 0.7584795796875 0.069805371875 0.731437790625 0.08712162968750001 0.7176960640625001 0.1227438515625 0.7262110546875 0.14569175 0.745964821875 0.1488204390625 0.7681111234375 0.1496281609375 0.7939014375 0.1402134109375 0.8260350390625 0.12910343124999998 0.8372738140625 0.109284221875
1090 0.8844375156250001 0.195051521875 0.8762292671875 0.182951834375 0.8668799578125 0.1652716078125 0.8400590015624999 0.155623771875 0.8064775984375 0.150305 0.7712275609375 0.1555215703125 0.756455190625 0.17208120625 0.7522836046875 0.19841956249999998 0.755400040625 0.2043129703125 0.7731784312500001 0.20712879062499998 0.8012508625000001 0.20887512031250002 0.8684136703125 0.21951266406249997 0.8844375156250001 0.195051521875
1090 0.7514492875000001 0.20368723281249998 0.7535350796875 0.19051805625 0.758123825 0.1615458625 0.7494984171875 0.1520800125 0.7262110546875 0.14569175 0.720395340625 0.1312710953125 0.6868139375 0.1259523234375 0.6652811203125 0.1468410234375 0.6619438515625 0.167911709375 0.692298403125 0.18081911875 0.72462833125 0.194039396875 0.7514492875000001 0.20368723281249998
1870 0.896510884375 0.6046497125 0.8853825265624999 0.610986875 0.8900571796875001 0.6198269875 0.8804870390625 0.6291108546874999 0.7645533 0.6323480109374999 0.7347263234375 0.6033247187499999 0.7173650921875 0.5978750640625 0.7368980265625 0.6279678453125 0.7514495640625001 0.6383723031249999 0.7692279546874999 0.6411881234375 0.9176020375 0.6376892015625 0.9274789203125 0.6392535453125 0.9350736859375001 0.629656809375 0.929257971875 0.61523615625 0.8840451406250001 0.5810760765625 0.896510884375 0.6046497125
358 0.8145143046875001 0.5214651484374999 0.8110911249999999 0.504723528125 0.766798521875 0.5031080828125 0.7680499968750001 0.495206575 0.6533677328125 0.490542225 0.7197576265625 0.595554096875 0.745744265625 0.6104696046875 0.76736299375 0.627393209375 0.8785116625 0.6287979859374999 0.8904743390625001 0.617193153125 0.8897504375 0.608978778125 0.8945355078125001 0.60433684375 0.8685733750000001 0.5381269859375 0.823250128125 0.5174489531249999 0.8145143046875001 0.5214651484374999
1870 0.71756141875 0.622205321875 0.7084084359375 0.628855353125 0.655797165625 0.6286222671874999 0.564095521875 0.6194979671875 0.5099260343750001 0.6163181765625 0.4894483671875 0.6049751109375 0.50035589375 0.6256020437500001 0.523226096875 0.6346241406249999 0.7106905546875 0.6400164312500001 0.7253525093750001 0.63693884375 0.7318062140625 0.6217615671875001 0.7074882078125 0.5963107187500001 0.71756141875 0.622205321875
358 0.5555436328125001 0.4561490609375 0.52902941875 0.45734943437500003 0.5119749296875 0.46274799062499994 0.5209070796875 0.483062053125 0.545225084375 0.508512903125 0.5699602484375 0.5313299171875 0.591468559375 0.5617355703125 0.6102775921875 0.5836139765625 0.6341784390625 0.6116986609375 0.6423866874999999 0.6237983484375 0.6645329906249999 0.6246060703125 0.69936586875 0.6220233359375 0.715389715625 0.5975621953125 0.682973878125 0.5465296093750001 0.65523269375 0.504337140625 0.628522153125 0.4812072578125 0.6100198625 0.4701770609375 0.607320584375 0.4616498171875 0.5863153421875 0.46642263437500003 0.5645861984375 0.4629810765625 0.5555436328125001 0.4561490609375
358 0.47132633593750006 0.450910071875 0.45594048125000003 0.44577328437499997 0.436383040625 0.466974853125 0.43574504999999997 0.49657278437499996 0.46006305468750003 0.5220236328125 0.46930194687500004 0.55318590625 0.4817676921875 0.5767595437499999 0.496625971875 0.5980122109375 0.512735728125 0.611363375 0.5332133953125 0.6227064390625 0.57594778125 0.62137518125 0.6075538093749999 0.6263810828125 0.6262769328125 0.6104471859375 0.6118358109375001 0.58656068125 0.58824170625 0.5693242078125 0.570990890625 0.5503925046875 0.5521818578125 0.5285140968750001 0.5294220703125 0.5060099515625 0.5180973859375 0.4880168546875 0.516649584375 0.4715881046875 0.498454034375 0.47140612031250007 0.48743609218749995 0.46426123593749996 0.47132633593750006 0.450910071875
1869 0.39490013125 0.46040460625 0.2434096109375 0.458010121875 0.248010746875 0.6207332906249999 0.2566361546875 0.6301991421875 0.2862668046875 0.634892175 0.48683499843750005 0.6342601734375 0.49682229843750003 0.6223424703125 0.4142367390625 0.46616713125000003 0.39490013125 0.46040460625
358 0.359736003125 0.50343348125 0.344656890625 0.50914490625 0.3316635703125 0.5016871515625 0.311713478125 0.47422820468750004 0.3098485171875 0.4604332890625 0.28291714375 0.46426749999999994 0.26981340781249996 0.47029179374999996 0.26669697187499997 0.4643983828125 0.2540103953125 0.4677888421875 0.2535442234375 0.57301138125 0.2556055109375 0.6111365546874999 0.28367794375 0.6128828828125 0.29002123125 0.6111876546875 0.3030145515625 0.6186454078125 0.3271362296875 0.619766 0.34408030312500004 0.6278494921875 0.3694534578125 0.6210685765624999 0.39159975937499997 0.6218762984375 0.421230409375 0.6265693328124999 0.458038665625 0.6242994671875 0.4700013421875 0.612694634375 0.45316768593749995 0.5911290953125 0.4374750875 0.575144096875 0.426150403125 0.5571510015625 0.394544375 0.5521450984375 0.3892562359375 0.5216085625 0.3818823046875 0.5042412046875 0.359736003125 0.50343348125
1869 0 0.61948344375 0.1779278296875 0.6285325953124999 0.219103996875 0.62425463125 0.23585174375 0.6080078656250001 0.21222074218750003 0.4503703828125 0.0347435828125 0.433060390625 0.000720515625 0.48166980625000005 0 0.48582975 0 0.61948344375
358 0 0.60483264375 0.0052357406250000006 0.6065806703125001 0.026964884374999998 0.610022228125 0.062214921874999995 0.6048056578125001 0.080410471875 0.6049876421875 0.120752321875 0.6059773500000001 0.153192665625 0.6057155812499999 0.183964375 0.6159891546875 0.2144293421875 0.61541451875 0.22046588906250003 0.602871078125 0.2233859984375 0.5844342296875 0.23098076406249998 0.57483749375 0.22455156562499998 0.5387204171875 0.2199873265625 0.51639825625 0.2133618015625 0.45595092187499997 0.1999513234375 0.45112700468750006 0.1714617328125 0.4520145109375 0.1201019390625 0.44387991875 0.0837108421875 0.44351594843750003 0.0406697140625 0.4339989984375 0.01465856875 0.47037784218749995 0 0.5324404281249999 0 0.60483264375
1870 0 0.9176230328124999 0.1816211296875 0.950406490625 0.183780440625 0.78335425625 0.17598935 0.768620734375 0.1634131890625 0.7585291453125 0.149585553125 0.7563390625 0.131390003125 0.756157078125 0 0.7565710953125 0 0.9176230328124999
1349 0.0639573515625 0.87507233125 0.0778954046875 0.863780365625 0.09380883437500001 0.852801271875 0.11086332343750001 0.8474027156249999 0.14132829062500002 0.8468280796875 0.1598305828125 0.8578582750000001 0.1650328109375 0.85058250625 0.1684804953125 0.816029775 0.1623580390625 0.790760909375 0.141880371875 0.7794178453125 0.116200475 0.7753505484375001 0.094360915625 0.7853910374999999 0.07355199999999999 0.8144941125 0.065736403125 0.8510549421875 0.0639573515625 0.87507233125
1349 0.1488126390625 0.8507133890624999 0.12510811875 0.8469589624999999 0.09183345781249999 0.852488403125 0.0707178 0.870743265625 0.06354019375 0.877706165625 0.05686565624999999 0.9198475359374999 0.079735859375 0.928869634375 0.10739113281249998 0.9332497984374999 0.13785609999999998 0.9326751625 0.16011281875 0.9200008375 0.162529859375 0.8663855203124999 0.1488126390625 0.8507133890624999
1349 0 0.8514982171875 0.019468421875 0.8491266281250001 0.0438968421875 0.8610954312500001 0.051381190624999996 0.8649807421875 0.0543013015625 0.8465438921875 0.0582765609375 0.795875278125 0.0342652984375 0.781272640625 0.0121189953125 0.7804649171875 0 0.782816903125 0 0.8514982171875
1349 0 0.916312796875 0.045737296875 0.9261846984375 0.0550006953125 0.9060526203125001 0.05480436875 0.8817223625 0.055749103125 0.86297264375 0.021026639062499998 0.8520733328125001 0.0076161609375 0.8472494140625001 0 0.8497840921875 0 0.916312796875
1869 0.39547699375 0.7763850921875 0.3901888546875 0.74584855625 0.3827045078125 0.74196324375 0.1986632265625 0.7533125734375 0.18784161093750001 0.7704979484375001 0.1840136640625 0.9480855234375 0.41357451875000006 0.9817444828124999 0.4302118484375 0.9789797640625 0.4374998703125 0.9585348171874999 0.39878975625 0.806608759375 0.39547699375 0.7763850921875
358 0.21981578281249997 0.87545871875 0.2074359484375 0.8896973875 0.19099494374999998 0.916792365625 0.19358380625 0.9388016562500001 0.3061802765625 0.9566351843750001 0.3091003859375 0.9381983375 0.32635120156249997 0.9571300390624999 0.343712434375 0.9625796953125001 0.40099835781250004 0.97165289375 0.42534086875000005 0.9458093921874999 0.40925561874999994 0.881163878125 0.3955383984375 0.8654917484375 0.40137861875 0.82861805 0.37736735625 0.8140154109375001 0.381538940625 0.78767705625 0.37541648437499997 0.7624081921875 0.3591963125 0.7625390750000001 0.342865725 0.77615200625 0.3298724046875 0.768694253125 0.30897757812500004 0.7599850234375001 0.29587384375000003 0.7660093171875 0.2710282640625 0.7566743484375 0.24804764375000002 0.761134296875 0.2174722609375 0.77519098125 0.2058163265625 0.7976440265625 0.2078776140625 0.8357692 0.2163926046875 0.8587170984375 0.21981578281249997 0.87545871875
1869 0.54448906875 0.7432882390625 0.419402346875 0.7531754265624999 0.4095254640625 0.75161108125 0.401513540625 0.7638416515625 0.4445670609375 0.9650539640625 0.46473798593750004 0.9655488171875 0.6259090625 0.9451773890625 0.632669509375 0.9408483249999999 0.63870605625 0.928304884375 0.6345589765625 0.9033488890625 0.560598825 0.7566394015625 0.54448906875 0.7432882390625
358 0.6251851625 0.9369630140625 0.6344485609375 0.9168309359375 0.5861437984375 0.825483096875 0.5518630015625 0.7606555968750001 0.4113904234375 0.765405996875 0.4252794640625 0.8567027359375 0.458922271875 0.9511281640625 0.6251851625 0.9369630140625
1870 0.762835653125 0.74547205625 0.7581609984375001 0.7366319421874999 0.748284115625 0.7350675984375 0.585248078125 0.7416441109374999 0.5737025609375 0.7506151078125 0.6635516359375 0.9376398531250001 0.6851703625 0.9545634578125 0.7128256375 0.958943621875 0.8388570921875 0.9303067171875 0.8448936375 0.917763278125 0.8352375875 0.8892348390624999 0.762835653125 0.74547205625
358 0.8371270531249999 0.8517354046875001 0.840464321875 0.8306647187499999 0.8283053203125 0.8179392953125 0.811361246875 0.8098558015625 0.79639255 0.8020851796875 0.800146978125 0.778380659375 0.7875708171875 0.7682890703125 0.777276775 0.7693585625 0.766675990625 0.7595798421875 0.7676207234375 0.7408301234375 0.75117971875 0.7679251 0.7133163140625001 0.80242673125 0.6859677828125 0.8088947781250001 0.658312509375 0.8045146125 0.6235900453125 0.7936153015625 0.608731765625 0.77236263125 0.582941453125 0.78177738125 0.604866921875 0.8095491984375001 0.6228416390625 0.8366952765625 0.6368656015624999 0.8632156171875 0.6429880578125 0.8884844812500001 0.660545615625 0.9182643968749999 0.7003598921874999 0.9353699859375 0.7315487609375 0.9430097234374999 0.7882211984375 0.9303865015625 0.8080853828125001 0.9200331437499999 0.820158475 0.8949462640625001 0.8409673906249999 0.8658431875 0.8371270531249999 0.8517354046875001
1870 0.8479976828125 0.7319613281249999 0.8341700453125 0.7297712453125 0.8032879203125001 0.7329797171875 0.762835653125 0.74547205625 0.8446973124999999 0.8934330203125 0.8622548703125 0.9232129328124999 0.87992284375 0.9395108015625 0.8941676390625 0.9390670484375001 0.935760965625 0.9321552484375 0.9475395687500001 0.8705729812499999 0.9574766 0.8078330296875 0.861714903125 0.74763345625 0.8479976828125 0.7319613281249999
358 0.8527582468749999 0.7786137453124999 0.8440224234375 0.782629940625 0.8300843703125 0.7939219046875 0.8335075484375001 0.810663525 0.8412986390625001 0.8253970484375 0.8362927359375 0.8570030750000001 0.8384644390625 0.8816462015625 0.8548809374999999 0.9058455750000001 0.88554223125 0.929601196875 0.9041549390625001 0.9271493453125 0.9386810750000001 0.9137183999999999 0.9562017359375 0.8030973046875 0.9539196171875 0.7919362249999999 0.9359449 0.764790146875 0.9109889046875 0.768937225 0.88561575 0.775718140625 0.865444825 0.7752232875 0.8527582468749999 0.7786137453124999