407 0.42152045468750005 0 0.540215278125 0.0469758546875 0.6022211015625001 0.07774170625 0.6327733703125 0.10692795625 0.6259902375 0.145397009375 0.625321315625 0.21667624375 0.9502639343749999 0.2184412515625 0.96542858125 0.24491424999999997 0.9767463234375 0.270708934375 1 0.2800515046875 1 0.080450184375 0.5437443296875 0 0.42152045468750005 0
1050 0.7689946546875001 0.0992153625 0.76062253125 0.10170564062500001 0.7592659046875 0.1093994515625 0.7771438046875 0.12048482812500001 0.7925314265625001 0.12319808125000001 0.8009035499999999 0.120707803125 0.8113106140624999 0.1066768078125 0.7850605890625 0.098081709375 0.7689946546875001 0.0992153625
1050 0.7309903328125 0.1797774 0.7282770796875 0.1951650203125 0.7352925781249999 0.200368553125 0.7506801984375 0.20308180468749998 0.7660678203125 0.2057950578125 0.771949665625 0.1949326546875 0.76561248125 0.18588221875 0.750224859375 0.183168965625 0.7309903328125 0.1797774
324 0.5936447874999999 0.2388563890625 0.5963580390625001 0.22346876718750003 0.6119686343749999 0.20242227499999998 0.5793814265624999 0.184776740625 0.592046403125 0.135445284375 0.58570921875 0.12639484843749998 0.5723565374999999 0.1121408796875 0.5320755187499999 0.09313871875 0.48093209843749996 0.06825471250000001 0.42458514531249997 0.050386204687500005 0.3290908265625 0.02958146875 0.30465276874999997 0.0332054 0.30442979375 0.0569651453125 0.2976466625 0.09543419843749999 0.2514837984375 0.08729443906249999 0.270272378125 0.13820549531249998 0.245388371875 0.1893489171875 0.28770432968750004 0.1968103625 0.309652109375 0.18481430625 0.31304367499999997 0.16557977968749998 0.3035378984375 0.152004125 0.315756928125 0.150192159375 0.3587511984375 0.1538066984375 0.4196233703125 0.168506615625 0.48751103906250004 0.1884100640625 0.5533637687499999 0.219854228125 0.5486155765625 0.24678256406250001 0.5497492281249999 0.2628484984375 0.5861833421875 0.281172346875 0.5936447874999999 0.2388563890625
1939 0.08838320468750001 0 0.0024019828125 0.4876237375 0.5773934453125 0.533479103125 0.620117784375 0.223691740625 0.6275792296875 0.1813757828125 0.6341299968749999 0.0992341453125 0.6225892796875 0.09719920625 0.6099149125000001 0.0790983328125 0.580496296875 0.065978015625 0.42411414843750006 0 0.08838320468750001 0
1939 1 0.27528424375 0.9742560453125 0.262336809375 0.9661068953124999 0.24106734375 0.950942246875 0.214594346875 0.629846534375 0.21350765156249998 0.5819186640625 0.5303105109375 0.9903625984375 0.59840075625 1 0.543744334375 1 0.27528424375
544 0.856405565625 0.5707769375 0.8928396781249999 0.5891007859374999 0.9141185359374999 0.648383965625 0.9455814828125 0.7173958953125 0.9412886296874999 0.764237071875 0.937674090625 0.8072313421875 0.951433759375 0.8191771687499999 0.99841003125 0.552761490625 0.7853493046875 0.5463482703125 0.856405565625 0.5707769375
1584 0.7052212265625 1 0.913254815625 0.9457199328125 0.9109875093750001 0.9135880640625 0.9322569765625 0.9054389140625 0.9358715156249999 0.86244464375 0.9485396234374999 0.83559063125 0.951433759375 0.8191771687499999 0.937674090625 0.8072313421875 0.9455814828125 0.7173958953125 0.8935179921874999 0.5852538796875 0.789196209375 0.547026584375 0.003080296875 0.48377683281249995 0 0.5012460640625 0 0.91558330625 0.4787508625 1 0.7052212265625 1
1567 0.47282990625 0.38414689375 0.156027046875 0.33621902187499997 0.14200544375 0.3932442890625 0.1682554671875 0.4018393859375 0.48890523124999996 0.4504455703125 0.5165118828125 0.4513468578125 0.5266865796875 0.393643278125 0.47282990625 0.38414689375
1090 0.24970940000000003 0.344804728125 0.2741474578125 0.34118079687499997 0.2965505765625 0.34909758125 0.3304944109375 0.35904930625000003 0.34339175312500003 0.353390434375 0.35561078125 0.35157846875 0.3447483796875 0.34569662343749996 0.3069576390625 0.33506658749999996 0.26531999375000004 0.3237582359375 0.24970940000000003 0.344804728125
1092 0.408333803125 0.34500891875 0.3947581484375 0.3545146953125 0.3773355875 0.3633421578125 0.40426392343749995 0.3680903515625 0.49342105937499997 0.3798446484375 0.49794627656249996 0.37667605625 0.4877621875 0.36694730625 0.46988428750000005 0.35586192968749997 0.43277186093750003 0.3413849875 0.408333803125 0.34500891875
1349 0.3328086734375 0.728342821875 0.3174210515625 0.72562956875 0.29750821250000004 0.7260849078125 0.28528918281250004 0.7278968734375 0.27872902499999996 0.74260618125 0.27126757968750004 0.7849221390625 0.295027325 0.7851451140625 0.3142618515625 0.7885366796875 0.34005653593749996 0.7772189375 0.34231445 0.7419184765625 0.3328086734375 0.728342821875
1349 0.42060918125 0.7477909296874999 0.4194755296875 0.7317249953125 0.40408790781250004 0.7290117421875 0.38485338125 0.7256201765625 0.3656188546875 0.7222286109375 0.350008259375 0.743275103125 0.3497852859375 0.7670348484375 0.3613260015625 0.7690697875 0.37671362343750003 0.771783040625 0.407488865625 0.7772095453125 0.42060918125 0.7477909296874999
1349 0.2488644625 0.7770053546875 0.2687773015625 0.776550015625 0.27420380624999996 0.7457747734375 0.25315731406249997 0.730164178125 0.22939757031250002 0.7299412046875 0.21016304375 0.7265496390624999 0.20111260625 0.7328868234375 0.198399353125 0.74827444375 0.19116088281250002 0.7668306578124999 0.21741090624999998 0.7754257546875001 0.2488644625 0.7770053546875
819 0.919549815625 1 0.9496701453125 0.829179121875 0.92885601875 0.8572411109375 0.9322569765625 0.9054389140625 0.9109875093750001 0.9135880640625 0.9125765015624999 0.9495668374999999 0.7185048234375 1 0.919549815625 1
343 1 0.28518148593750003 0.8762714468749999 0.23315995156249997 0.8063770140625 0.42709420781249996 0.8364739421875 0.43636761875 1 0.4727546546875 1 0.28518148593750003
1350 0.5948347890625 0.6595163 0.5531971437500001 0.6482079484375001 0.43439841875 0.6470930796875 0.44164628281249996 0.6959691953125 0.5977804078125 0.6878012625000001 0.5948347890625 0.6595163
1350 0 0.8922161890625 0.284629653125 0.8666084375 0.21198440000000002 0.8062009968750001 0 0.8196382 0 0.8922161890625