406 0.4956366046875 0 0 0.008651368750000001 0 0.168940478125 0.34181653437500004 0.1667724296875 0.9858405781249999 0.132089878125 0.9835349421874999 0 0.4956366046875 0
1050 0.6880563656249999 0.082591890625 0.8829982515625 0.059654942187500004 0.8397633515624999 0.0447822296875 0.648727121875 0.0676510046875 0.6880563656249999 0.082591890625
1050 0.8995753000000001 0.11406141875 0.981457709375 0.104818465625 0.9812531890624999 0.0931015015625 0.8953287781249999 0.0946013171875 0.8836799859375001 0.0987114921875 0.8995753000000001 0.11406141875
1050 0.7434172718750001 0.1206940125 0.7080618546874999 0.10959060937500001 0.6028136890625 0.12314825781250001 0.6381691046875 0.13425166093750002 0.7434172718750001 0.1206940125
1050 0.512506409375 0.0973766609375 0.46543402812499995 0.086477778125 0.352442725 0.10407742812500001 0.3994469328125 0.1110706578125 0.512506409375 0.0973766609375
1050 0.44302269843750003 0.1454716453125 0.5132563171875 0.1403388671875 0.4818747296875 0.1330729453125 0.403897975 0.1422477234375 0.44302269843750003 0.1454716453125
1050 0 0.069099403125 0.01991665625 0.07862693281250001 0.1328397859375 0.05712162656250001 0.06617095625 0.0426579546875 0 0.060433279687499994 0 0.069099403125
1050 0.20834252812499998 0.13003377656249998 0.25500586875 0.1174987296875 0.2198549734375 0.1181122921875 0.1575690125 0.1309200328125 0.20834252812499998 0.13003377656249998
1694 1 0.9432825734374999 0.9939532203124999 0.5968628296875 0.583703325 0.8189002453124999 0.314144953125 0.819698559375 0.0068450921875000004 0.6726955421875 0.0029053515625 0.6708108875 0.008651368750000001 1 0.056717428125000004 1 1 0.9835349421874999 1 0.9432825734374999
1939 0.9858405781249999 0.132089878125 0.2872055375 0.1716325140625 0.29492890625 0.3902810234375 0.990885415625 0.421108353125 0.9881584765625 0.26488215 0.9858405781249999 0.132089878125
1939 0 0.3954290265625 0.29492890625 0.3902810234375 0.2872055375 0.1716325140625 0 0.16908883125000002 0 0.3954290265625
819 1 0.943282571875 0.9929987921875 0.542183659375 0.990885415625 0.421108353125 0.29492890625 0.3902810234375 0.0020047765625 0.39539403281249996 0.012503490624999999 0.9968649125000001 1 0.9835321640625001 1 0.943282571875
490 0.531293646875 0.7260507796875 0.5665808890624999 0.7332485281250001 0.6444212953124999 0.7162624390625 0.7025289078125 0.6879002515625 0.7526888625 0.6518631 0.8069589921875 0.6274747421875 0.8457428484375 0.6111703875 0.884390359375 0.587054721875 0.8791894078125001 0.51291545 0.8823451546875001 0.46988507031250004 0.8697419343749999 0.41931607499999995 0.775665346875 0.4014239625 0.3357579671875 0.4911463203125 0.3051262875 0.526842603125 0.305535328125 0.550276534375 0.2943637515625 0.5817262953125 0.30237958125 0.5933069125 0.300041915625 0.6832051531250001 0.347114296875 0.6941040359375 0.3824697125 0.705207440625 0.41391947343749996 0.7163790171875 0.46866681874999994 0.71933024375 0.531293646875 0.7260507796875
1445 0.42563643906250004 0.716174496875 0.43283418749999997 0.6808872546875 0.45215794374999996 0.668829421875 0.483675878125 0.6839066546875 0.49587005624999997 0.7110417203125 0.50361319375 0.70699971875 0.4912826671875 0.67205334375 0.46757604375 0.6568397640625 0.448115940625 0.6610862859375 0.42098087656249994 0.673280465625 0.41768878281250005 0.708499534375 0.36711978749999996 0.7211027546875 0.36875595 0.8148384765625 0.54848425625 0.8156081515625001 0.54684809375 0.7218724296875 0.5388322624999999 0.7102918125000001 0.42563643906250004 0.716174496875
1445 0.8846630531249999 0.6026773421875 0.861229121875 0.6030863828124999 0.8419053671875 0.615144215625 0.842246234375 0.6346724906250001 0.8188123046875001 0.63508153125 0.7918135859375 0.655087021875 0.79256349375 0.6980492265625 0.796878190625 0.721414984375 0.85950501875 0.72813551875 0.9297386359375001 0.7230027406249999 0.9371409046875 0.6994324640625 0.9407056921875 0.6798360156250001 0.936390996875 0.6564702578125 0.9087787171875 0.6413248515625 0.90460036875 0.6257704046875 0.8846630531249999 0.6026773421875
490 0.2977921921875 0.5543185359375 0.301152459375 0.523005121875 0.339663621875 0.49107814687499995 0.44470726875000005 0.4658035328125 0.4513596296875 0.39927104999999996 0.435464315625 0.3839211234375 0.3610523484375 0.3734994546875 0.263410971875 0.375203790625 0.2362759078125 0.3873979703125 0.1738536 0.39239440000000003 0.10348363437500001 0.3897158671875 0.00207295 0.3992996875 0.028847381249999998 0.5902677453125 0.052485831250000003 0.6015756703124999 0.091678728125 0.6087052453124999 0.122787621875 0.600348546875 0.1653407875 0.576164709375 0.192680371875 0.5756874953125 0.21604612968749998 0.5713727984375 0.24338571562500003 0.570895584375 0.2666832984375 0.562675234375 0.2977921921875 0.5543185359375
490 0.485556096875 0.34397831874999996 0.5246808203125 0.3472022390625 0.5637373703125 0.346520503125 0.6145108875 0.3456342484375 0.6496617828125 0.34502068750000003 0.6445290046875 0.2747870703125 0.46082687031249997 0.2701799125 0.44945077187500004 0.2899127078125 0.46144043124999995 0.3053308078125 0.453901815625 0.321089775 0.4542426828125 0.34061805 0.485556096875 0.34397831874999996
490 0.8219196453125001 0.3654549859375 0.8570023671874999 0.36093576875 0.8999645734374999 0.3601858609375 0.92353485 0.36758813125 0.9745128875000001 0.37841884062500003 0.9806198609375001 0.2806411171875 0.789106415625 0.27617030625 0.7936256312500001 0.3112530296875 0.7939664984375 0.3307813046875 0.778684746875 0.35058227343750004 0.8060925046875 0.3540107140625 0.8219196453125001 0.3654549859375