1340 0.451855475 0 0.351587634375 0.01949009375 0.45438044843750003 0.39108798437500003 0.568737709375 0.35050392812500003 0.46651415781249994 0 0.451855475 0
291 0.6941628203125 0 0.7019578765625 0.0401020875 0.69075135 0.045339625 0.71080635 0.148513653125 0.7318291484375 0.1413680265625 0.739682165625 0.13984155468749998 0.720200165625 0.03961535625 0.7123471484375 0.041141828125 0.7024377671875001 0 0.6941628203125 0
1564 0.38722578125 0.44391125000000003 0.302561590625 0.4695459296875 0.244236959375 0.4839423 0.24317545 0.49944468124999997 0.3046093359375 0.49056235312499996 0.49496051718749995 0.4321473671875 0.5266168421875 0.4168163734375 0.5200695875 0.39361535625 0.38722578125 0.44391125000000003
1584 0.1198099515625 0.46224032031249995 0.1861181859375 0.8348116750000001 0.524868665625 0.8270902296875 0.8978117234375 0.8066039999999999 0.7559612 0.1397364390625 0.7318291484375 0.1413680265625 0.5967778328125 0.20127064374999998 0.31039616875 0.321180996875 0.069986609375 0.42603685625 0.1198099515625 0.46224032031249995
296 0.243090959375 0.478046640625 0.317121625 0.460597328125 0.513606825 0.39181238125 0.510741825 0.3770732328125 0.4549534484375 0.3940358140625 0.43793243125 0.348397015625 0.24848299375 0.4219327671875 0.23956846718749997 0.43896162343749995 0.24218921249999997 0.462925875 0.243090959375 0.478046640625
1564 0.27770599375 0.572272065625 0.25193943281250003 0.58645820625 0.2542314328125 0.5982495234375 0.3855252203125 0.5819062234375 0.525733534375 0.5485340703125 0.514113771875 0.5202006296875 0.37840496562500003 0.555757378125 0.27770599375 0.572272065625
896 0.27827899375 0.5752198953125001 0.3110813171875 0.565784559375 0.37586871093749996 0.553191165625 0.44008310625 0.5376499421875 0.5174672796875 0.5164895640625 0.51590804375 0.4770229296875 0.5361135875 0.47615457812499995 0.5298105875 0.44372845468750005 0.5219575703125 0.4452549265625 0.5196655703124999 0.4334636109375 0.5137758078125 0.43460846406250003 0.5121412984375 0.44716301718749996 0.4866189921875 0.45212405 0.4585604296875 0.4545188734375 0.3937730359375 0.4671122671875 0.392711528125 0.48261465000000003 0.32710687968749996 0.5014853203125 0.32203437031250004 0.4963528984375 0.2625637390625 0.5048536078125 0.2705857390625 0.5461232203125 0.27827899375 0.5752198953125001
244 0.5673182796875 0.772950721875 0.654274471875 0.759107359375 0.5958284734375 0.4584287625 0.51705404375 0.48291858750000005 0.5673182796875 0.772950721875
1939 0.45185547656249997 0 0 0.0878318078125 0 0.527181153125 0.074710415625 0.9115329203125 0.9181954687499999 0.9219509640625001 1 0.9060497734374999 1 0.45185547656249997 0.9121681921875 0 0.45185547656249997 0
291 0.5830350531249999 0.2039419703125 0.606838359375 0.1901374484375 0.62139839375 0.181188846875 0.6056078687500001 0.1628437484375 0.6029871234375 0.1388794953125 0.609694140625 0.1314573640625 0.614437903125 0.1244168515625 0.611572903125 0.1096777046875 0.601831903125 0.05956460625 0.5861258687500001 0.06261755 0.5790056140625001 0.0364687015625 0.571152596875 0.0379951734375 0.5774555968749999 0.0704212984375 0.572711834375 0.077461809375 0.566004815625 0.084883940625 0.5610167984375 0.10114956093750001 0.5830350531249999 0.2039419703125
291 0.6166454124999999 0.1148101265625 0.614437903125 0.1244168515625 0.6069136312500001 0.138116259375 0.605279121875 0.1506708125 0.609290121875 0.17130561875 0.618862140625 0.17862263437499998 0.6239346484375 0.18375505625 0.650847209375 0.1754645765625 0.646263209375 0.151881940625 0.640533209375 0.12240364687500001 0.6315341921875001 0.11803445937499998 0.6272789375000001 0.106624759375 0.620731684375 0.08342374375 0.6128786671875 0.084950215625 0.6166454124999999 0.1148101265625
1313 0.21198555156249999 1 0.20290416875 0.9630948109374999 0.171313896875 0.8529853859375001 0.2042007125 0.864948090625 0.22612525625000002 0.8729232281250001 0.2534510546875 0.8982037249999999 0.2869953609375 0.9345123015624999 0.2916546328125 0.9060737484375 0.3010576671875 0.8705946812500001 0.30988770312499997 0.8321677828125 0.30309619374999996 0.8181918734375 0.2455043265625 0.8049129234375 0.211715765625 0.7778294515625 0.1826709671875 0.7437054671875 0.135055134375 0.69789528125 0.125727371875 0.681353159375 0.134313153125 0.65215136875 0.1299734078125 0.619343628125 0.1146713890625 0.5825483171875 0.094052609375 0.549845690625 0.06451930312500001 0.53417191875 0.0429235046875 0.5383697171875 0.02476570625 0.5602544921875 0.0111074171875 0.5843238578125 0.0919066734375 1 0.21198555156249999 1
1316 0.290650834375 1 0.277592325 0.96999136875 0.267851325 0.91987826875 0.264892615625 0.81032185 0.267673125 0.8036629546875 0.259735615625 0.7837913859375 0.259651125 0.76239334375 0.2679926515625 0.742416659375 0.27600543125 0.710267040625 0.2728116859375 0.68335495625 0.25783841406249997 0.6587325828124999 0.23705987031250003 0.656653103125 0.223890090625 0.662272259375 0.2138295640625 0.67340545625 0.2143272921875 0.7283744750000001 0.211302528125 0.744258475 0.2080335109375 0.7693675828125001 0.19404647656250001 0.7812640140625 0.1809611875 0.8082812125000001 0.17524040624999998 0.8522221484375001 0.21143695624999997 1 0.290650834375 1
1313 0.4790807328125 1 0.5852594796874999 0.9805487453125 0.579200734375 0.938897515625 0.5573514625 0.8789011890625 0.534196428125 0.8436323515625 0.508260884375 0.8150224093749999 0.48797084999999996 0.79449271875 0.48477710468749996 0.767580634375 0.48632712187499993 0.7336280390625001 0.47691486875000005 0.695687875 0.467258359375 0.6669728187499999 0.43854230781250003 0.6450217703125001 0.42504378125000003 0.6384679890625 0.4071302375 0.6511276578125 0.397154203125 0.6836588953125 0.3936409296875 0.7179931078124999 0.3987979296875 0.7445235718750001 0.3882488953125 0.77410698125 0.361420825 0.8037955046875 0.3291915015625 0.8161786687499999 0.30939919374999997 0.8506179968750001 0.29451963281250004 0.92081289375 0.28560510625 0.9378417499999999 0.27832508906250003 0.9423160515625 0.300182115625 1 0.4790807328125 1
1316 0.738712846875 0.8895362468749999 0.7513188468750001 0.95438849375 0.8926731609375 0.9269119984374999 0.8962709249999999 0.9139758265625 0.8765446703125 0.822974734375 0.8732664343750001 0.774664609375 0.8590259250000001 0.7223669171875 0.8267873828125 0.6613308499999999 0.7970098218749999 0.6548821859375 0.7643672593749999 0.633694371875 0.7460404796875 0.6127830640624999 0.7172399359375 0.5694339734375 0.674208103125 0.547206421875 0.6467225421875 0.5525490734375 0.6288934890625 0.5866067828125 0.6270992171875001 0.629784484375 0.6407667265625 0.6791343484375 0.65565550625 0.68235868125 0.67929905 0.69917730625 0.70408859375 0.7218915906250001 0.7215981203124999 0.7490801765625 0.7262666109375 0.794060853125 0.738712846875 0.8895362468749999
171 0.7493555921875 0.9547701109375 0.7349461015625 0.8596763359375 0.6631229453125 0.867518925 0.57208048125 0.9127486703125 0.5864054796875 0.9864444046875 0.6517658749999999 0.976798840625 0.7493555921875 0.9547701109375
896 0.6492296203125 0.9742326296874999 0.730540303125 0.9523090140624999 0.7035340328124999 0.8657822234375001 0.65363541875 0.8815999484375 0.631795365625 0.895022853125 0.643255365625 0.9539794421875 0.6492296203125 0.9742326296874999
291 0.7764109984374999 0.1296429828125 0.7707654890625 0.1215627296875 0.7624992359375 0.08951822499999999 0.7546462171874999 0.091044696875 0.7615222171875 0.12641865000000002 0.7559612 0.1397364390625 0.7634102 0.178058221875 0.7745414546875 0.2248418734375 0.7894302343749999 0.22806620781250003 0.8045632703125 0.222065434375 0.788275015625 0.1487513171875 0.7764109984374999 0.1296429828125
289 0.753865840625 0.3909988984375 0.75067209375 0.364086815625 0.74420933125 0.362283840625 0.7462570765625001 0.3833002640625 0.74347656875 0.389959159375 0.7410248046875 0.4087909890625 0.7459375500000001 0.444546559375 0.7594360765625 0.45110034062500004 0.77088685625 0.4366376953125 0.7634378578125001 0.3983159140625 0.753865840625 0.3909988984375
1564 0.6112149812500001 0.5166221140625 0.660296340625 0.5070816640625 0.77890885625 0.4779073078125 0.7793973656250001 0.4594570953125 0.8074559265625 0.4570622734375 0.802627671875 0.44270474374999996 0.60605798125 0.49009165 0.6112149812500001 0.5166221140625
291 0.7476565500000001 0.45339004843749997 0.7415978046875 0.41173881874999996 0.74290356875 0.3870113296875 0.7341488046875 0.37341703593750003 0.72301755 0.326633384375 0.713201278125 0.3285414734375 0.721796278125 0.372758915625 0.71541800625 0.39235398125 0.7235244984375 0.455021634375 0.7476565500000001 0.45339004843749997
291 0.7240974984374999 0.4579694640625 0.712881753125 0.3897877703125 0.7162352609375 0.3860767046875 0.7097724984375 0.3842737296875 0.7040424984375 0.35479543593749996 0.6942262265625 0.3567035265625 0.6999562265625 0.38618181875 0.6946394625 0.390274503125 0.6851519374999999 0.404355528125 0.698575190625 0.46293049843749995 0.7240974984374999 0.4579694640625
291 0.68344215625 0.468931271875 0.6966119359375 0.46331211562499997 0.6851519374999999 0.404355528125 0.6814696828125 0.39589365781249997 0.6685441562500001 0.3922877078125 0.66338715625 0.36575724374999996 0.6496443765625 0.36842856875 0.6548013765625 0.3949590328125 0.6467041046875 0.4057106109375 0.659883103125 0.47351068749999997 0.68344215625 0.468931271875
291 0.7893073484375 0.5523662781249999 0.7789933484375 0.49930535000000004 0.773103584375 0.5004502046875 0.7814543296875 0.5538927499999999 0.7772835671875 0.5638810921874999 0.7856343125 0.6173236390625 0.8052668562499999 0.613507459375 0.79380685625 0.554550871875 0.7893073484375 0.5523662781249999
1564 0.2843469578125 0.6902903546875 0.286394703125 0.7113067796875 0.3929834390625 0.6936472375 0.546934534375 0.6576037578125 0.543496534375 0.63991678125 0.529753753125 0.6425881062500001 0.39036269375 0.669682984375 0.2843469578125 0.6902903546875
896 0.296126484375 0.6880006468750001 0.39625245625 0.6685381296874999 0.3998502203125 0.655601959375 0.42700703593749995 0.638086371875 0.45261383281249995 0.654523378125 0.47420963125000004 0.65032558125 0.5403872796875 0.6344027390625 0.5254892796874999 0.5577591749999999 0.42928981562499996 0.5764584578124999 0.42880130781250003 0.5949086703125 0.38560971093749996 0.6033042656250001 0.36712316718750004 0.6130161046875 0.35755115000000004 0.6056990890625 0.3306385890625 0.6139895703125 0.3000437734375 0.61381818125 0.2953000109375 0.62085869375 0.28826424687499996 0.6161078890625 0.2810687203125 0.64198023125 0.286225721875 0.6685106968750001 0.296126484375 0.6880006468750001
291 0.1551393109375 0.381951965625 0.150226565625 0.3461963953125 0.1518610734375 0.333641840625 0.14343505625 0.3322204828125 0.13942405625 0.31158567812500004 0.13353429375 0.31273053281249996 0.13697229375 0.3304175078125 0.128302021875 0.33822125625 0.138616021875 0.3912821859375 0.1551393109375 0.381951965625
598 0.3662598171875 0.2521972265625 0.3700265625 0.2820571375 0.38041583437500004 0.28309687656250004 0.3868785984375 0.284899853125 0.386549853125 0.27272691718750003 0.37934510781249997 0.2251800296875 0.380979615625 0.21262547656250003 0.375822615625 0.1860950125 0.374019125 0.15585348125 0.3680448703125 0.13560029375 0.3539733453125 0.126098684375 0.3499623453125 0.105463878125 0.3378540734375 0.0955806515625 0.3246842921875 0.10119980625 0.33319480156250003 0.12401920468750001 0.3354868015625 0.1358105234375 0.3195365109375 0.14808857343749998 0.32125551093750004 0.1569320609375 0.3361442921875 0.16015639375 0.3406438 0.1623409859375 0.3498118 0.20950625781249999 0.3662598171875 0.2521972265625