360 0.6787585375 0.6608133609375 0.634931940625 0.6528841765625 0.6154750124999999 0.6545864375 0.5833225718749999 0.6456358984375 0.5660547703125001 0.627540778125 0.515807209375 0.6358580421875 0.52986453125 0.6620763843749999 0.514639440625 0.667329578125 0.499754803125 0.6764741578125 0.502818871875 0.711496628125 0.5155143859375 0.722149428125 0.6275372499999999 0.7476392390625 0.6576469781250001 0.7332414640625 0.7188877890625001 0.716120075 0.7143155 0.7086777546875 0.7051709203125001 0.6937931171875 0.6882435703125 0.679589384375 0.6787585375 0.6608133609375
140 0.3532439609375 0.70497688125 0.3408889 0.6982154656249999 0.3136492015625 0.70059863125 0.27862673125000004 0.7036627 0.23582149062500002 0.7074076734375 0.19792899218749999 0.7224863515625 0.20522489843749997 0.7610597546875 0.237717790625 0.7739016796875 0.2805230328125 0.77015670625 0.330430140625 0.7579480578125 0.35630802968749997 0.73999935 0.3532439609375 0.70497688125
291 0.2139373 0.2779934546875 0.2057664484375 0.1846002015625 0.23198479062500002 0.17054288125 0.2136480046875 0.0505908328125 0.13158845624999999 0.053848942187500005 0.1492443390625 0.16601821875 0.1707439796875 0.187664271875 0.18835223437499998 0.20965077656250003 0.194480371875 0.279695715625 0.2139373 0.2779934546875
291 0.29497549218749997 0.2630611890625 0.31020058125 0.2578079953125 0.3066020203125 0.1718570609375 0.328588525 0.15424880624999998 0.3080626140625 0.054094139062500005 0.26880830625 0.053607274999999996 0.23835812656250002 0.0641136625 0.23329897187499998 0.0959256515625 0.24297804374999998 0.161738753125 0.2637967796875 0.175602034375 0.28072413125 0.18980576875 0.29497549218749997 0.2630611890625
291 0.383456003125 0.24355663437500003 0.37800876875 0.181294465625 0.39931436875 0.15590343906249998 0.3838476125 0.023936782812499998 0.314143125 0.033956307812499996 0.33179900625 0.14612558281250002 0.334182171875 0.17336528281250002 0.3627836796875 0.186547659375 0.3682309125 0.24880982812500002 0.383456003125 0.24355663437500003
291 0.48779488125 0.136398884375 0.5084195765625 0.10322508749999999 0.49956782187500004 0.0020490624999999997 0.4220805625 0.012749490625000002 0.4260195765625 0.1025918109375 0.4482001203125 0.132020634375 0.46259789375000004 0.16213036249999999 0.467023771875 0.212718375 0.49139344218750003 0.22234981875 0.48779488125 0.136398884375
291 0.50723089375 0 0.5199473218749999 0.14534942343749999 0.5414469609375 0.1669954765625 0.55501741875 0.23246812656250002 0.5709234125 0.23499770312499998 0.57428030625 0.1837287875 0.588484040625 0.16680143593750002 0.577618628125 0 0.50723089375 0
291 0.5934966609375001 0 0.603515090625 0.11451116406249999 0.62924656875 0.13970815 0.6390720515625 0.16237555937499998 0.6445192859375 0.224637728125 0.671758984375 0.2222545625 0.664609490625 0.1405354671875 0.6671390671874999 0.124629471875 0.6855746390624999 0.11125305468749999 0.6724351171875 0 0.5934966609375001 0
291 0.7121941140625 0 0.743799009375 0.149291965625 0.7595585921875 0.1949672359375 0.7619417562499999 0.2222069359375 0.788841003125 0.215932384375 0.786798290625 0.19258407187499998 0.78660425 0.1455469921875 0.7930252125 0.129300546875 0.7893377734375 0 0.7121941140625 0
296 0.9426442234374999 0.5396970734375001 0.9299010828125001 0.4388615015625 0.9095692109375 0.3857439125 0.9009114953124999 0.3316049671875 0.8814545671875 0.333307228125 0.872650440625 0.32231397500000003 0.85844670625 0.3392413265625 0.8579598421875 0.3784956328125 0.856451621875 0.406075784375 0.8467725500000001 0.3402626828125 0.8379684218750001 0.3292694296875 0.822062428125 0.326739853125 0.8191923984375 0.3387544609375 0.8071777906250001 0.3358844328125 0.8060100218749999 0.36735596875 0.8107763515625 0.42183536562499996 0.8070790062500001 0.46921289687499995 0.8103371140625001 0.5512724453125 0.8460404890625 0.5559911468750001 0.8693888015625 0.553948434375 0.9001794343749999 0.5473334328125 0.9196363609375 0.545631171875 0.9426442234374999 0.5396970734375001
297 1 0.582044534375 0.9859839562499999 0.5868805640625 0.9714397703125 0.5999165296875 0.9594251609375 0.5970465 0.9487723609375 0.6097420125 0.9296558859375 0.615335659375 0.9286345296875 0.603661503125 0.9130689875 0.6050233109375001 0.9027566390624999 0.621610209375 0.8907420296874999 0.6187401796875001 0.888358865625 0.59150048125 0.8656914562500001 0.601325965625 0.8504663656250001 0.6065791593750001 0.845213171875 0.5913540687500001 0.8222053109375 0.5972881671875 0.81510344375 0.60575184375 0.7956465171875 0.607454103125 0.78110233125 0.62049006875 0.76028359375 0.6066267875 0.7457394093749999 0.6196627515625 0.7344057046875 0.62457549375 0.73270344375 0.6051185671875 0.7093551296875 0.6071612796875 0.7100360343750001 0.61494405 0.7022532640625 0.6156249546875 0.6997236859375 0.6315309484375 0.6870281734375 0.6208781484375 0.6860068171875 0.6092039921875 0.6743326609375 0.6102253484375 0.6591075703125 0.6154785421875 0.6569184453125 0.635275921875 0.6491356749999999 0.6359568265625 0.6470929625 0.6126085125 0.6315274203125 0.613970321875 0.6205341671875 0.6227744484375 0.6078386546875 0.6121216484375 0.58906263125 0.6216066796875 0.5734970890625 0.6229684890625 0.561142028125 0.6162070734375 0.5345832328125 0.626373009375 0.5218877203125001 0.6157202093749999 0.510554015625 0.6206329515625 0.48788660625 0.6304584359375001 0.489248415625 0.646023978125 0.5097267000000001 0.6559958734375 0.5119158234375 0.63619849375 0.5699461546875 0.6272003265625 0.5833225718749999 0.6456358984375 0.6193663984375 0.6542459859374999 0.6664034765625 0.6540519453125 0.679098990625 0.6647047453125 0.683330828125 0.6682556796875 0.710910978125 0.6697639 1 0.65593106875 1 0.582044534375
291 0.2987680921875 0.3960492015625 0.2870939359375 0.3970705578125 0.28830933281250004 0.45578179375000005 0.27833743593750004 0.476260078125 0.29176148125 0.5848784203124999 0.312239765625 0.5948503171875 0.331356240625 0.5892566703125001 0.3169108390625 0.4689641703125 0.303534421875 0.4505286 0.2987680921875 0.3960492015625
296 0.47533750625 0.5766599421875 0.49124350000000006 0.57918951875 0.5061281375 0.5700449390625 0.5145918140625 0.57714680625 0.5421719640625 0.5786550265625 0.5655202781249999 0.5766123140625 0.5503939718749999 0.44853704375000003 0.52889433125 0.426890990625 0.5234470984375 0.364628821875 0.4148287546875 0.3780528671875 0.3992632125 0.3794146765625 0.3999441171875 0.387197446875 0.3762553515625 0.38534877500000003 0.3752339953125 0.3736746171875 0.3635598390625 0.3746959734375 0.360689809375 0.38671058281250004 0.3451242671875 0.388072390625 0.31365273125000004 0.38690462187499997 0.307912671875 0.410933840625 0.3152085796875 0.44950724375 0.3077662609375 0.4540795328125 0.320802225 0.46862371875 0.334907175 0.5850248328125 0.33947946406249996 0.5924671515625 0.36248732499999997 0.5865330531249999 0.39463976562499997 0.59548359375 0.41798807968749996 0.59344088125 0.42864087968750003 0.5807453671875 0.4487787109375 0.586825878125 0.46823563906250004 0.5851236171875 0.47533750625 0.5766599421875
872 1 0.6558126875 0.0145180703125 0.68777278125 0.041834414062500005 1 0.4321920921875 1 1 0.9503232453124999 1 0.6558126875