407 0.339119171875 0 1 0.21223777031250002 1 0.09881728749999999 0.4223611046875 0 0.339119171875 0
1584 0.104608403125 0 0.0160646328125 0.4918415609375 0.91663556875 0.6018960375 0.9397758375 0.3785207296875 0.9680450468749999 0.379443646875 0.99687064375 0.21596556093750002 0.3490735109375 0 0.104608403125 0
171 0 0.6576169984375 0.0852727765625 0.790395128125 0.8769248140625001 0.8040718421875 0.914665953125 0.601548740625 0.0160646328125 0.4918415609375 0 0.5829486203124999 0 0.6576169984375
423 0.9435204015625 0.6452227703125 0.9155984890625 0.6423302359374999 0.8962496296875001 0.6368876578125 0.8940468812500001 0.6263449875 0.8822291874999999 0.624261209375 0.858141959375 0.7032789625 0.8321896609375001 0.700733725 0.7907135734375 0.7056054921875 0.785618290625 0.722984734375 0.8005664593749999 0.7418673265625 0.7642048875 0.867461259375 0.7683772531249999 0.8783512265625 0.815628790625 0.748584928125 0.8470284765624999 0.766306659375 0.8234123234374999 0.9002405140624999 0.8312907859375 0.9016296984375 0.8690415437500001 0.768157303125 0.9134149734375001 0.7698889765625 0.90508466875 0.8516851015625001 0.9172400421875 0.782748559375 0.9422549968749999 0.7099869484375 0.9673841140624999 0.625060346875 0.9435204015625 0.6452227703125
423 0.7672968953125 0.6080572515625 0.7547846093749999 0.6099127046875 0.7371866578125 0.69819810625 0.7092647453125001 0.695305571875 0.6595628984374999 0.7007577687500001 0.639191384375 0.839325446875 0.643130615625 0.8400200390625001 0.677408409375 0.7262437984375001 0.7235231296875 0.7526527468750001 0.7046501546874999 0.8366516203125001 0.7008395125 0.927368096875 0.713932228125 0.933738403125 0.7398604843750001 0.7636568765625 0.7970934953125 0.76156348125 0.7788057609375 0.888313465625 0.7924837140625 0.9374348828124999 0.8017513624999999 0.9309456062500001 0.7946768468750001 0.8789268484375 0.7970983046875 0.796088834375 0.8191017546875001 0.7288887734375 0.8414524999999999 0.659719096875 0.8490930203125 0.6163875546875001 0.8387834843749999 0.6287856781250001 0.8071554734375 0.6353939265624999 0.7838673828125 0.6292567546875001 0.7672968953125 0.6080572515625
423 0.62177848125 0.5925526953125 0.616450065625 0.5997365640625001 0.6002413 0.6801435031249999 0.5854121015625 0.6836212749999999 0.5419663984375 0.6881457453125 0.531309565625 0.702513484375 0.4978453359375 0.8347108562500001 0.5037541828125 0.8357527453125 0.5462577343749999 0.721396075 0.5832189703124999 0.7421293109375 0.566553553125 0.8711962078125 0.5774435203125 0.8670238421875001 0.599209028125 0.7551030546875 0.6662901171875 0.7547461421875 0.646261090625 0.8568188515624999 0.658078784375 0.8589026296875 0.670581453125 0.787996471875 0.6799584546874999 0.734816853125 0.6975612140624999 0.6810568046875 0.7136606265625 0.6473402078125 0.721301146875 0.604008665625 0.695815115625 0.6218541765625 0.6623316515625 0.6159501390625 0.6302373734375 0.6021676390625 0.62177848125 0.5925526953125
423 0.4542470015625 0.57519749375 0.4476435625 0.5780948359375 0.42668680937500003 0.673911403125 0.3816187875 0.6761189609375 0.3635449515625 0.674962909375 0.3407423625 0.8273178953125001 0.3449147265625 0.8382078625 0.376989771875 0.7138889515625 0.39993056562499996 0.7219957390625 0.419859853125 0.7356640765625 0.401334175 0.8176933343749999 0.38871734375 0.9007644828125001 0.38269914374999997 0.9464129359375001 0.4004256828125 0.9495386031249999 0.4392087125 0.74110665625 0.46087448281250004 0.744926915625 0.447448896875 0.8441022828125 0.456369246875 0.8395826218750001 0.4746617921875 0.7473579906250001 0.5088398484375001 0.749322796875 0.492750053125 0.8520901000000001 0.499933921875 0.8574185156249999 0.52019608125 0.7655411796875 0.530500809375 0.7186177046875 0.546714384375 0.6727361171874999 0.571034746875 0.6039137375 0.56697654375 0.58085878125 0.555972415625 0.5971961359375 0.517740965625 0.606701725 0.4731344015625 0.5947746781250001 0.4542470015625 0.57519749375
423 0.26504975000000003 0.5540220328125 0.2607632234375 0.5552970562499999 0.2403869 0.6593393812499999 0.1933492625 0.6611996421875 0.162906153125 0.8568861703125 0.16950959375000002 0.8539888281250001 0.20343528125 0.7076568515625 0.23020114375 0.7286232203125 0.206584990625 0.862557075 0.225700715625 0.8578042796875 0.2498972984375 0.732096184375 0.2916065203125 0.7374197921875 0.274013378125 0.860230546875 0.2878006859375 0.8626616203124999 0.311649971875 0.7389231406250001 0.3313461265625 0.742396103125 0.319657021875 0.8317233937499999 0.3173497265625 0.9023964187500001 0.3211796046875 0.9497813531249999 0.33890614375 0.9529070203125001 0.3327593546875 0.9071444046874999 0.33413892343749996 0.8302152375 0.34779764375 0.74123524375 0.3731598953125 0.6665040171875 0.391457246875 0.6088047375000001 0.395738965625 0.5730043625000001 0.35912983593750003 0.5848268640625001 0.3170733171875 0.5814728703125 0.2866013578125 0.5700072828125 0.26504975000000003 0.5540220328125
426 0.6646286796875 1 0.6737215453125 0.873845990625 0.67302214375 0.84325986875 0.6651436828125 0.8418706828125 0.648578003125 0.8551965328125 0.629462278125 0.859949328125 0.58763889375 0.8667907093749999 0.5613392984375001 0.8662150875 0.507812384375 0.8588077015625 0.4842911609375 0.8424751562499999 0.471545740625 0.8341352343749999 0.45972804843750004 0.83205145625 0.4580108 0.9800009453125 0.468206175 0.9797678109374999 0.4952003609375 0.9764042015625 0.5465245265625 0.9732689171875 0.64477216875 0.9804383609375 0.6413229234375 1 0.6646286796875 1
1758 0 0.8956397046875001 0.1688246171875 0.9269787656249999 0 0.6631376953125 0 0.8956397046875001
433 0.8399031875 1 0.8403349171875 0.953995753125 0.9114694 0.94216844375 0.9311511296875 0.84206535 0.90740158125 0.8500627828124999 0.8741512515625001 0.8543541187500001 0.8252581593749999 0.8437020937499999 0.8214330921874999 0.8308425125 0.8082262124999999 0.8366371953125 0.8142732640625001 0.9981408593750001 0.8248169765625001 1 0.8399031875 1
1050 0.8585409078125 0.24031477343750002 0.8503151499999999 0.240895203125 0.8530935203125001 0.22513827968750003 0.84892115625 0.2142483125 0.840581234375 0.22699373281250002 0.83919205 0.23487219375 0.8175262796875 0.231051934375 0.819957353125 0.21726462500000002 0.8134680765625 0.207996978125 0.8077923640625 0.21715046249999997 0.8060558828125 0.226998540625 0.7831150890624999 0.218891753125 0.7848515703125 0.20904367656249997 0.78067920625 0.19815370937500001 0.7733811734375 0.2049902828125 0.7677054609375 0.2141437671875 0.7463869875 0.20835389218749997 0.748470765625 0.1965361984375 0.7423287843749999 0.1852989359375 0.736653071875 0.1944524203125 0.73456929375 0.2062701140625 0.7093115890624999 0.1997856453125 0.71243725625 0.18205910625 0.7056006828125 0.1747610734375 0.7002722671875 0.18194494375 0.6978411921875 0.19573225156250001 0.6729307828125 0.18727816875 0.67269765 0.17708279375 0.6672502625 0.1619063 0.6576353187499999 0.1703651921875 0.65752115625 0.18253018125 0.630293834375 0.17569841718749998 0.6301748640625 0.1533380546875 0.6212545125 0.157857715625 0.6195180312499999 0.16770579218749998 0.5880041828125 0.16214905156249998 0.5862628921875 0.1374717765625 0.5789648609375 0.1443083484375 0.5765337859375 0.15809565781249998 0.5437449156249999 0.1482523875 0.545481396875 0.1384043109375 0.543973240625 0.12392240937500001 0.53470559375 0.13041168593750002 0.5306522 0.1418820828125 0.5034248781249999 0.13505031875 0.49739706093749997 0.111648065625 0.490446325 0.1165150234375 0.48801525156250003 0.13030233125 0.4571959953125 0.12080635937499999 0.4615966859375 0.10736634687499999 0.451168178125 0.09740410625 0.43854172968749994 0.1114245484375 0.4306632671875 0.1100353640625 0.44837538125 0.0095849734375 0.424059828125 0.11293270625 0.40830290468749997 0.110154334375 0.38756486093750003 0.1125902171875 0.385600053125 0.1467682734375 0.8620234890624999 0.28966932343749996 0.8818338062500001 0.28097729843749997 0.8863486593750001 0.25537229687499996 0.8641024578125001 0.243326278125 0.888299040625 0.11761818125000001 0.8938557828125001 0.08610433437500001 0.8879469359375 0.0850624453125 0.8585409078125 0.24031477343750002
291 0.6338052656250001 0.4322050828125 0.6259268046875001 0.4308158984375 0.6196754703125 0.4662689765625 0.6129578687499999 0.4813313078125 0.6070538296875 0.514814771875 0.6039281625 0.5325413125 0.6091424171875001 0.53752243125 0.6298804609374999 0.5350865484375 0.638796003125 0.49604153437500004 0.6331154828125001 0.47066966718750003 0.62998500625 0.4538708546875 0.6338052656250001 0.4322050828125
1939 1 0.19029678125 0.96839234375 0.3774740328125 0.9420927484374999 0.3768984109375 0.879589021875 0.80047990625 0.9302234031250001 0.8358092062500001 1 0.44008645937499996 1 0.19029678125
296 0.144051171875 0.2382130015625 0.1475241359375 0.218516846875 0.13732876249999998 0.21874998125 0.1315388875 0.2400684546875 0.1259773375 0.23705695000000002 0.13014489375 0.21342156406249999 0.124236046875 0.212379675 0.1211103796875 0.2301062140625 0.11288462031249999 0.2306866453125 0.11033457499999999 0.22211359062499997 0.112418353125 0.210295896875 0.1015283875 0.2144682625 0.0927221984375 0.20682293281250003 0.0868133515625 0.20578104375 0.0790538609375 0.226752221875 0.07117539843750001 0.22536303750000003 0.070361834375 0.20694190468749998 0.0607517 0.24992614999999999 0.05669830625 0.261396546875 0.1564541046875 0.283047890625 0.16571213437500001 0.207507909375 0.1555167609375 0.20774104375000002 0.14996001875 0.239254890625 0.144051171875 0.2382130015625
291 0.324352115625 0.43653488749999997 0.3205318546875 0.4582006578125 0.3116115046875 0.46272031875 0.3051270359375 0.48797802343749996 0.32714010312499997 0.48982866875 0.331307659375 0.4661932828125 0.3244710859375 0.45889525000000003 0.328291346875 0.4372294796875 0.324352115625 0.43653488749999997
291 0.44598277499999994 0.299575103125 0.4432044046875 0.31533202656250003 0.4405401953125 0.3189239609375 0.4347503203125 0.3402424359375 0.4537518828125 0.3476546296875 0.45757214218750003 0.325988859375 0.4527051859375 0.31903812343750004 0.455830853125 0.301311584375 0.44598277499999994 0.299575103125
291 0.4298785546875 0.29876634687500003 0.4220000921875 0.2973771625 0.4202636109375 0.3072252390625 0.41852712968750005 0.3170733171875 0.411923690625 0.319970659375 0.411114934375 0.3360748796875 0.43278070468749996 0.3398951390625 0.434284053125 0.31985168750000004 0.4297643921875 0.3109313375 0.4298785546875 0.29876634687500003
291 0.40195664062500003 0.2958738140625 0.3960477953125 0.294831925 0.3936167203125 0.30861923281250003 0.387360578125 0.309546959375 0.3838876140625 0.329243115625 0.407523 0.333410671875 0.4086790515625 0.3153368359375 0.3998728625 0.30769150624999997 0.40195664062500003 0.2958738140625
291 0.381332759375 0.2861447078125 0.37380159375 0.28278590625 0.3710232234375 0.29854283125 0.36604210312499996 0.30375708437500004 0.3605995234375 0.32310594375 0.37960108593749997 0.33051813750000003 0.385043665625 0.31116927968749997 0.3801767078125 0.30421854375 0.381332759375 0.2861447078125
291 0.309151578125 0.2693555109375 0.3044035921875 0.2847651390625 0.30011706562499996 0.28604016250000003 0.2956022125 0.3116451640625 0.3117064328125 0.31245391875 0.3158739890625 0.28881853281250003 0.31065973593749996 0.2838374125 0.313090809375 0.2700501046875 0.309151578125 0.2693555109375
291 0.298028478125 0.2633325015625 0.29211963124999996 0.2622906125 0.2893412609375 0.2780475375 0.282390525 0.2829144953125 0.27822296875 0.30654988125 0.29397989375 0.3093282515625 0.29814745 0.285692865625 0.2952501078125 0.2790894265625 0.298028478125 0.2633325015625
296 0.5803780890625 0.30905665 0.5701827140625 0.309289784375 0.5687935296875 0.3171682453125 0.5412189125 0.312306096875 0.5156139109375 0.30779124375 0.518044984375 0.2940039359375 0.5101665234375 0.29261475 0.5087773375 0.3004932125 0.498929259375 0.29875673125 0.489314315625 0.307215621875 0.489775775 0.2930810171875 0.4818973125 0.2916918328125 0.47414263125 0.34718836249999996 0.58050186875 0.365942365625 0.5818862453125 0.3235385515625 0.5786416062499999 0.31890472812500004 0.5803780890625 0.30905665
296 0.4442366765625 0.24037247499999997 0.41202823593750004 0.23875496406250002 0.4101727828125 0.22624267812499999 0.40426393593750004 0.2252007890625 0.4025274546875 0.2350488671875 0.39661860781249997 0.234006978125 0.38815971562499996 0.22439203437500002 0.384220484375 0.22369744218749998 0.38213670624999996 0.235515134375 0.374605540625 0.23215633281249998 0.37668931875 0.220338640625 0.3684635609375 0.2209190703125 0.369043990625 0.2291448296875 0.3591959140625 0.22740834687499997 0.3546762515625 0.21848799687499998 0.342858559375 0.21640421875000002 0.3369497125 0.21536232968750002 0.3296564890625 0.25672425468750004 0.4664876859375 0.2869438453125 0.4741282046875 0.2436123046875 0.45049281875 0.23944474843750002 0.44215289843749994 0.25219016875 0.4442366765625 0.24037247499999997
296 0.81036164375 0.363824928125 0.8192771859375 0.3247799140625 0.68766024375 0.29954144375 0.6810616125 0.3369641375 0.81036164375 0.363824928125
296 0.840619703125 0.503196553125 0.8414284578125001 0.48709233281250003 0.8190680953125 0.48721130468749996 0.779675784375 0.4802653765625 0.7694804109375 0.4804985109375 0.7596323328125 0.4787620296875 0.7546512140625 0.4839762828125 0.7429476828125 0.469727515625 0.7281184859375001 0.4732052875 0.7198927265624999 0.47378571718750007 0.709354865625 0.51051381875 0.7072710875 0.5223315125 0.7021758046875 0.53971075625 0.7294031249999999 0.5465425203125001 0.7550081265624999 0.5510573734374999 0.7829300406249999 0.55394990625 0.8026261953124999 0.5574228703124999 0.8242919656250001 0.5612431296875 0.8452631437499999 0.5690026203125 0.8505867515625001 0.5272933984375 0.8503536171875 0.517098025 0.8524373953125 0.50528033125 0.840619703125 0.503196553125
819 0.8997537718749999 1 0.9295288109375001 0.8397484375 0.8812113406250001 0.8027968187500001 0.08724239218749999 0.790742425 0.1668550015625 0.9266314687499999 0.568656565625 0.997479925 0.5829486203124999 1 0.8997537718749999 1
296 0.1949331140625 0.3873137328125 0.15125427656249998 0.38164282968749996 0.147434015625 0.4033086 0.11325595937499999 0.4013437921875 0.0988978375 0.45973766562499996 0.1435044015625 0.47166471249999997 0.165170171875 0.475484971875 0.17501825 0.47722145468750005 0.19019474375 0.47177406718750003 0.20363475625 0.47617475625 0.2066462609375 0.47061320625 0.21510515312499998 0.48022815 0.22668971249999997 0.47211655468749997 0.2480081859375 0.4779064296875 0.25842707656249997 0.4188179640625 0.2625946328125 0.395182578125 0.1966695953125 0.37746565625 0.1949331140625 0.3873137328125
884 0.2984142421875 0.5375657078125 0.3181103984375 0.541038671875 0.32667864375 0.5039632734375 0.3089521046875 0.50083760625 0.2984142421875 0.5375657078125
884 0.3884361265625 0.5453155828125 0.393179303125 0.4953806015625 0.3754527640625 0.492254934375 0.368045378125 0.54578185 0.3884361265625 0.5453155828125
291 0.8852022249999999 0.34249683750000004 0.8820765578125 0.3602233765625 0.8767481406250001 0.367407246875 0.8707251312500001 0.378530346875 0.8916963093750001 0.3862898375 0.8931996578125 0.3662463859375 0.8883327 0.35929565 0.8911110703125 0.3435387265625 0.8852022249999999 0.34249683750000004
2019 0.96074220625 0.35175486718750004 0.981004365625 0.25987753125 0.698535784375 0.1917930203125 0.687427109375 0.28934607031250004 0.96074220625 0.35175486718750004