407 0.495636546875 0 0.0006077984375 0.008640759375 0.8476120437500001 0.2540310046875 0.9956232796875 0.24489445468749999 0.99134863125 0 0.495636546875 0
810 0.4790968875 0.0982765984375 0.3875796921875 0.1606941109375 0.2774878375 0.2200569515625 0.42620303125000003 0.2512500484375 0.5468498734375 0.266038615625 0.620205134375 0.22421147812500003 0.6843025468749999 0.1825459375 0.748341 0.13750253437499999 0.54764634375 0.046396667187500004 0.4790968875 0.0982765984375
1050 0.5892559546875 0 0.5980928249999999 0.018484978125000003 0.60752755625 0.028456971874999997 0.6354190265625 0.0347279109375 0.6679394203125 0.0409180515625 0.7373143265625 0.036328215625 0.7742278015624999 0.028926103125 0.7971365796875001 0.01501065625 0.810787509375 0.0012568046875000001 0.8113353 0 0.5892559546875 0
1536 0.9745387125 0.3633189625 0.9686716109375 0.29246461875 0.8436906484375 0.2946461703125 0.8448109046875001 0.358825584375 0.9745387125 0.3633189625
171 1 0.49563659375 0.9996253578125 0.4741733609375 0.930136215625 0.4722185859375 0.33577611093750004 0.6414011515625 0.0113386703125 0.623411978125 0.0179120375 1 0.31078678125 1 0.6891952984375 0.9933948546875 1 0.844213171875 1 0.49563659375
1567 0.0113386703125 0.623411978125 0.3356581890625 0.6346454234375 0.704321246875 0.5336013828125 0.6940610640625 0.47633929375 0.5691390625 0.4818987078125 0.5636846859375 0.43468941250000004 0.5566383687500001 0.29627779374999996 0.28288325312499996 0.2638883828125 0.2595617484375 0.2541587828125 0.25838253125 0.18660150625 0.002848309375 0.13699958437499998 0.0113386703125 0.623411978125
296 0.546230284375 0.4958141546875 0.5364417875 0.465574975 0.5132382046874999 0.462601103125 0.43923437187500003 0.46727173750000006 0.43882164687499997 0.44362669062500004 0.415559103125 0.4372749546875 0.396866521875 0.4274645546875 0.378350825 0.427787746875 0.35965824375 0.41797734999999997 0.34120150625 0.42167840625 0.322508925 0.4118680078125 0.31354587968750003 0.42891892187499997 0.29497122343750004 0.42586425156249996 0.29977702968750003 0.43591704531250003 0.281379253125 0.44299596562500004 0.2676693625 0.4533719515625 0.27400815 0.5512492046874999 0.2878359640625 0.5476289453125001 0.3062927015625 0.5439278890625 0.33406624687500003 0.5434431 0.366350796875 0.5361217859375 0.4172689671875 0.53523300625 0.4588703265625 0.5311279578125 0.5004127265625 0.523645046875 0.5420140859375 0.51954 0.546230284375 0.4958141546875
896 0.153361309375 0.5364606375000001 0.0470139671875 0.5450747234375 0.051996656249999995 0.565261109375 0.0844580875 0.5680733859375 0.1122316359375 0.5675885968750001 0.1491451109375 0.5601864828124999 0.153361309375 0.5364606375000001
896 0.24844613437500002 0.41316077812499996 0.1743833421875 0.41445355 0.16987233906250002 0.42129007500000004 0.12358309375000001 0.42209805625 0.12399581875000001 0.445743103125 0.24434785625000002 0.44364235 0.24844613437500002 0.41316077812499996
896 0.254136353125 0.47388152968749997 0.20784710781250001 0.4746895109375 0.207552303125 0.4578001921875 0.1844076828125 0.45820418281249997 0.1847024859375 0.4750935015625 0.1661867875 0.47541669531249997 0.1613220203125 0.4619860375 0.1289195484375 0.462551625 0.128978509375 0.46592948749999996 0.12434958437500002 0.4660102859375 0.124998153125 0.5031667890625 0.2452912296875 0.497688171875 0.254136353125 0.47388152968749997
1708 0.5263574890625 0.9489326984374999 0.5587599609375 0.9483671109375 0.56374265 0.9685534953125 0.5778063046875 0.9784446921875001 0.5734132234375 0.9920369453125 0.8280630328124999 0.9909709093749999 0.8321613109375001 0.9604893359375 0.8550700890625 0.946573890625 0.87756614375 0.9090133968749999 0.8678955687500001 0.885529946875 0.8536550296875 0.865505159375 0.89378236875 0.776953515625 0.89799856875 0.7532276687499999 0.9067847312499999 0.7260431625 0.8876794234375 0.69258771875 0.8737926500000001 0.6928301125 0.8505890671874999 0.6898562390625 0.8273854828125 0.686882365625 0.8136166328125001 0.6938804890625 0.7950419734375 0.6908258171874999 0.78596100625 0.7011210046875 0.8000836234375001 0.7143900671875001 0.8372919015625 0.723877271875 0.8188941249999999 0.7309561921875 0.7542660640625 0.742220959375 0.69877793125 0.7465684 0.6573534546875 0.7608070390624999 0.6155752109375 0.7547784953125001 0.6063763234375 0.7583179546875 0.5740328124999999 0.76226140625 0.5323724921874999 0.762988590625 0.5231146437499999 0.7631501875 0.5139747156250001 0.7700675109375 0.5096405953125 0.787037628125 0.5237632125 0.8003066875 0.5608535703124999 0.8030381671875 0.6258353953125 0.8120405843749999 0.616990271875 0.8358472265625 0.5939635703125 0.843006946875 0.56179694375 0.8570839875 0.5159204234375 0.8815370171874999 0.474672828125 0.9059092468750001 0.4796555171875 0.9260956312499999 0.5263574890625 0.9489326984374999
1709 1 0.6281366609375 0.9973585515625001 0.6095798296875 0.9789018140625 0.6132808859375001 0.955816153125 0.617062740625 0.92804260625 0.6175475296874999 0.904897984375 0.6179515203125 0.8865002078125 0.625030440625 0.877419240625 0.6353256296875001 0.886853971875 0.6452976234375 0.9146864812500001 0.6481906984375 0.947029990625 0.644247246875 0.9332611390625001 0.6512453703125 0.9149223234375 0.661702153125 0.8686920390624999 0.6658879984375 0.827090678125 0.6699930468749999 0.7716615078125 0.6777183531250001 0.7812141609375 0.6944460765625 0.7950419734375 0.6908258171874999 0.813557671875 0.6905026234375 0.8736157671875 0.6826965203124999 0.90631304375 0.6990202531249999 0.9161015406249999 0.7292594296875 0.8891534453125001 0.7770343140625 0.8671880390625001 0.8449955812500001 0.8835511671875 0.9866234687500001 0.9113247140625 0.9861386796874999 0.8810158515625 0.8413753234374999 0.894902625 0.841132928125 0.9622428828125 0.9852498984375 0.9761296578125 0.9850075046875 0.913241440625 0.8306761437500001 0.9639237656249999 0.8162759093749999 1 0.965268378125 1 0.881608678125 0.98647878125 0.7820932796875 0.972297203125 0.7654463546875 1 0.7018873937500001 1 0.6281366609375
1939 0.0112207484375 0.61665625 0.8241426374999999 0.5010998546875001 0.82390679375 0.48758840000000003 0.8289784234375001 0.24759847031249999 0.0006077984375 0.008640759375 0.00143325 0.055930853125 0.0112207484375 0.61665625
1939 0.8195726734375001 0.5045585171875 0.9953538843749999 0.4947324578125 0.9992457984374999 0.45242836249999996 0.9956213 0.24478103125 0.8290373843750001 0.250976334375 0.8195726734375001 0.5045585171875
819 1 0.8344445265625 0.7030231109375 0.989774596875 1 0.9845908453125001 1 0.8344445265625