171 1 0.4996699234375 0.67508056875 0.4838413859375 0.6099260265625001 0.5040605890625 0.50779346875 0.499455028125 0.4942777890625 0.41816857343749997 0.282491690625 0.41339915781250003 0.010183315625 0.4950934328125 0.041788242187500005 1 0.438997859375 1 1 0.9585420499999999 1 0.4996699234375
598 0.3772671203125 0.3127928859375 0.3517068234375 0.2832539265625 0.323884709375 0.2773678609375 0.32696398437499996 0.2654051703125 0.32170481875 0.246193984375 0.31925244375 0.21112337343749998 0.279195153125 0.198261296875 0.2602564515625 0.207417196875 0.2538254140625 0.2274458421875 0.256277790625 0.26251645468749996 0.2568227625 0.27030992343750004 0.2197628203125 0.300311928125 0.208890075 0.31281958906249996 0.20635577187499998 0.3325757484375 0.22747436250000003 0.354593725 0.2410719703125 0.38105340781249997 0.25385211875 0.3958228875 0.25521455 0.4153065609375 0.2487835109375 0.43533520625 0.2543151625 0.458443128125 0.308869446875 0.4546283203125 0.3386808921875 0.4329647578125 0.3245383125 0.3987116046875 0.3306968640625 0.374786225 0.3557941171875 0.3417049453125 0.3772671203125 0.3127928859375
291 0.15253701875 0.4029075296875 0.1478228265625 0.39148981250000003 0.161774846875 0.36701945937499997 0.1476322671875 0.3327663078125 0.13457963281250002 0.31410009375 0.1265136765625 0.31074833125 0.12433378749999999 0.2795744546875 0.1126435828125 0.2803919140625 0.11899269374999999 0.3151900390625 0.107302490625 0.316007496875 0.11256165625 0.335218684375 0.0980646625 0.35189556718750004 0.099972065625 0.379172709375 0.112479728125 0.390045453125 0.094903459375 0.4186850265625 0.09318661406249999 0.4501313890625 0.0987182671875 0.4732393109375 0.1109534421875 0.480215321875 0.1387755578125 0.48610138750000004 0.16605269843749998 0.4841939828125 0.1610660203125 0.46887953125 0.17112130625 0.444681665625 0.168941415625 0.4135077890625 0.15253701875 0.4029075296875
1939 0 0.4054636125 0.0060140953125 0.491469184375 0.27415325 0.40615066093749996 0.5020712578125 0.4176236015625 0.49114510468750006 0.0933771734375 0.0403776953125 0.030918973437500004 0 0.033742456250000004 0 0.4054636125
1939 0.48253960781250005 0 0.0403776953125 0.030918973437500004 0.49114510468750006 0.0933771734375 0.5114177171875001 0.49528580624999996 0.601860071875 0.5007088265624999 0.6867707734375 0.4830239265625 0.6731197578125 0.11981015312500001 0.674101071875 0.021846815625 0.5598629203125001 0 0.48253960781250005 0
1050 0.1352065328125 0.26706679218749996 0.133299128125 0.23978965 0.152510315625 0.23453048437500001 0.1659173640625 0.20226666249999997 0.15150229843750002 0.1641167765625 0.1158867140625 0.1587756828125 0.1047414828125 0.1673866109375 0.0896995171875 0.176270025 0.087982671875 0.20771638750000002 0.093514325 0.23082430937499998 0.1132704828125 0.2333586125 0.121608925 0.24060710937500002 0.1279580359375 0.27540523437500003 0.16692538125 0.272680371875 0.171639575 0.2840980890625 0.194475009375 0.274669703125 0.181422375 0.2560034890625 0.16556295000000001 0.2531966984375 0.166380409375 0.26488690312499996 0.1352065328125 0.26706679218749996
407 0.5643209703125 0 0.674101071875 0.021846815625 0.6796327234375 0.0449547375 0.967722228125 0.020945978125 0.9662575421874999 0 0.5643209703125 0
1939 0.9970651796875 0.49656812656250005 0.9877463328125 0.3073040125 0.971260915625 0.071551571875 0.9640943468750001 0.0250632421875 0.6718392546875 0.045499709375 0.6945642421875 0.4824789546875 0.9970651796875 0.49656812656250005
1564 0.6802863265625 0.16629848125 0.6780245093749999 0.18995137499999998 0.9393782125 0.1755915328125 0.9749937953125001 0.180932625 0.9728139062500001 0.1497587484375 0.6802863265625 0.16629848125
1564 0.6927120625 0.23199799687499997 0.6951644375 0.2670686078125 0.96820834375 0.25189130625 0.9804435203124999 0.2588673171875 0.9779911453125001 0.22379670625 0.6927120625 0.23199799687499997
226 0.889646753125 0.30437433281250004 0.874059815625 0.3054642765625 0.8716074390624999 0.270393665625 0.859917234375 0.271211125 0.8623696109375001 0.30628173593749997 0.8470551593750001 0.31126841562499996 0.8630232156250001 0.42762547968750003 0.866838021875 0.4821797640625 0.8528860015624999 0.5066501156250001 0.849806725 0.51861280625 0.8698353703124999 0.52504384375 0.9043610093750001 0.5147979984375 0.8902184296875 0.480544846875 0.8889379265624999 0.40623440312500003 0.8882023953125 0.33971742968749996 0.889646753125 0.30437433281250004
226 0.776096478125 0.30448296406250003 0.7704828984375001 0.33620181250000003 0.7792024578125 0.46089731875 0.7741338515625 0.5004096375 0.7629886203125 0.509020565625 0.7988766890625 0.5182583921874999 0.81391865625 0.509374978125 0.8000485625 0.47901856093750006 0.797868671875 0.44784468437499997 0.7945988374999999 0.40108386874999996 0.7952257375 0.35405056875 0.8052810234375001 0.3298527015625 0.7994768859375 0.302848046875 0.776096478125 0.30448296406250003
1175 0.5755927625 0.0130720328125 0.5522123546875 0.01470695 0.529104434375 0.020238603124999997 0.5351810578125 0.05113999375 0.5509585546875 0.108773553125 0.586301653125 0.1102179109375 0.60442289375 0.08937180781250001 0.59589389375 0.02339980625 0.5755927625 0.0130720328125
1050 0.6043409671875 0.144198578125 0.5873915968750001 0.12580485 0.55984196875 0.12381551875 0.5367340484375 0.1293471703125 0.52196456875 0.14212731875 0.5197027515625 0.1657802125 0.5255068890625 0.19278486875 0.54608050625 0.20700937656249999 0.5577707109375 0.20619191718750002 0.565482253125 0.260473715625 0.5694609140625 0.2053744578125 0.5931138078125 0.20763627499999998 0.6101451046874999 0.1712032328125 0.6043409671875 0.144198578125
1267 0.5989713546875 0.571395021875 0.6981065625 0.5331365031249999 0.5915322984375 0.5210099593749999 0.48460362031250004 0.5598134499999999 0.5989713546875 0.571395021875
1708 0.7093871296875001 0.8064528953125001 0.6509361109375 0.8105401890625 0.5991886171874999 0.798495571875 0.5604937578125 0.8051171687500001 0.53512401875 0.8343017140625 0.5581500125 0.8835968328125 0.54602346875 0.990171096875 0.5696763625 0.9924329140625 0.5724831515625 0.976573490625 0.607008790625 0.9663276453125 0.6083712218749999 0.9858113171875 0.631751628125 0.9841764 0.63826459375 0.909320984375 0.6819461328124999 0.918013840625 0.725627671875 0.9267066953124999 0.7252732578125001 0.97763673125 0.756447134375 0.9754568406249999 0.7568015484374999 0.9245268062499999 0.8032898765625 0.9173602359374999 0.799311215625 0.9724594921874999 0.8343818265625 0.9700071171875001 0.8261253125 0.90793185 0.8450640125 0.8987759499999999 0.849587646875 0.8514701625000001 0.78143575625 0.8288252859374999 0.7605896515625 0.81070404375 0.7285983171875 0.8011937296875 0.7093871296875001 0.8064528953125001