407 0.1550637 0 0.8714185499999999 0.2917138015625 1 0.2972551328125 1 0.0418344125 0.5218304781249999 0 0.1550637 0
810 0.5212029265625 0.0982923109375 0.42366266562500005 0.1508017421875 0.3079688 0.1983316546875 0.4526087484375 0.24489884375 0.5710488484375 0.27221742656250003 0.6483743890625 0.23828713437500001 0.716475903125 0.20354984687500002 0.784871865625 0.16544703593750001 0.594799790625 0.053861953124999994 0.5212029265625 0.0982923109375
1050 0.656228178125 0.0422798234375 0.6833113625 0.0514318640625 0.7150065609375 0.060987400000000004 0.7844811921875 0.063674359375 0.8219661828125 0.0601713046875 0.8462040265624999 0.0487267078125 0.8612178421875001 0.0364751140625 0.8648814078125 0.03001306875 0.6404301328125 0.0103761265625 0.6478874875 0.031376259375 0.656228178125 0.0422798234375
1536 0.9862261984374999 0.4136705171875 0.9877975328125 0.3425910421875 0.8632731953125001 0.331696575 0.8576787390625 0.39564150625 0.9862261984374999 0.4136705171875
171 0.66591806875 1 0.9675844265625001 0.8923421734374999 0.9995879765625 0.5265399125 0.9306838328125 0.517332253125 0.3218953015625 0.623460471875 0.0011155437500000001 0.571656896875 0 0.5844076203124999 0 0.9547743046875 0.5169320749999999 1 0.66591806875 1
1567 0.0011155437500000001 0.571656896875 0.3224841921875 0.616729425 0.699689653125 0.554774696875 0.69547119375 0.49675381406249997 0.5706524125 0.48922486875000004 0.57016263125 0.44170405312499994 0.5776228671875 0.3033141265625 0.3087530265625 0.242486946875 0.2865762984375 0.2303728859375 0.2924652 0.163062434375 0.043515634375 0.0870216375 0.0011155437500000001 0.571656896875
296 0.5464145703125001 0.5006694656249999 0.5398405515625 0.4695727640625 0.5170749328124999 0.464189746875 0.44298828749999997 0.4610992890625 0.44504940312499996 0.4375406296875 0.42257823281249995 0.42879209218750003 0.40501351718749995 0.41708152812500005 0.38656546718749996 0.41546753281250004 0.3690007515625 0.4037569703125 0.35025825625 0.405508496875 0.3326935421875 0.393797934375 0.32199729062500004 0.4098185484375 0.3038436875 0.40483903125 0.307572365625 0.4153390984375 0.28853542499999996 0.42045614843749995 0.2738160515625 0.4293422203125 0.2698891578125 0.527345875 0.284019640625 0.5251908484375 0.302762134375 0.523439321875 0.330434209375 0.5258603140625 0.3633071875 0.5219537609375 0.41403932499999996 0.5263922484375 0.45584188125 0.5266582140625 0.497938884375 0.5235586578125 0.5397414421875 0.523824625 0.5464145703125001 0.5006694656249999
896 0.1514490578125 0.5000272921875 0.044783881250000004 0.49747786562499996 0.047629221875 0.5180745 0.0796188640625 0.5242645140625 0.10729093906250001 0.5266855078125 0.1447759296875 0.523182453125 0.1514490578125 0.5000272921875
896 0.2589013421875 0.3873419546875 0.18510914375 0.38088597343749997 0.179908240625 0.38721351875 0.13378811562499998 0.38317853125 0.13172699999999998 0.4067371890625 0.251639325 0.4172281578125 0.2589013421875 0.3873419546875
896 0.25821334375 0.4483248609375 0.21209321874999998 0.444289871875 0.21356544375 0.42746225937500004 0.1905053828125 0.4254447640625 0.18903315625 0.44227237812500003 0.17058510625 0.4406583828125 0.167150875 0.42679279374999995 0.1348667875 0.42396830156250004 0.1345723421875 0.42733382343750004 0.1299603296875 0.426930325 0.12672143281249998 0.46395107343750003 0.24692820312500002 0.47107652031249997 0.25821334375 0.4483248609375
1708 0.780430484375 1 0.7822074531250001 0.9926870390625 0.806445296875 0.98124244375 0.8327442546875 0.9462391875 0.8255813453125 0.9218735328125 0.813511978125 0.9004699 0.8626756625 0.8165978015625001 0.869348790625 0.793442640625 0.8809283765625 0.7673254578125001 0.8654247765624999 0.7320562374999999 0.8515887390625 0.730845740625 0.828823121875 0.7254627218749999 0.8060575046875 0.7200797062500001 0.791632578125 0.72560025625 0.7734789734375 0.7206207375 0.7633716125000001 0.7299103078125 0.7760298703124999 0.7445828953125 0.8120426343749999 0.757907453125 0.79300569375 0.763024503125 0.727554184375 0.7674720875000001 0.6719155875 0.765995625 0.629229696875 0.7758262265625 0.5883104734375 0.7654636906250001 0.578792003125 0.7680222156250001 0.5462134703125 0.7685632484375 0.504705359375 0.7649317578125 0.49548133437499997 0.7641247609375 0.48566841875 0.7700488078125 0.47958418125 0.786472921875 0.49224243906250004 0.8011455078124999 0.52884409375 0.8077390234375 0.5925289328125001 0.8234845734375 0.5812437921875 0.846236234375 0.5575948390625001 0.8509497859374999 0.5241329718750001 0.861587384375 0.47595173125 0.8811110546875 0.43238250312500004 0.9010382234375 0.4352278453125 0.9216348578125 0.4792868546875 0.9492285062500001 0.5115709421875 0.9520529968749999 0.514416284375 0.97264963125 0.5273689859374999 0.9839566953125001 0.5215791921874999 0.9970152875 0.551167840625 1 0.780430484375 1
1709 0.9581655874999999 1 0.9591128203125001 0.9891730671875001 0.954327021875 0.8313988218749999 0.941963209375 0.8133607125 0.9804306437499999 0.7455092296875 0.984552875 0.6983919125 0.983179759375 0.660967665625 0.9644372640625001 0.6627191921875 0.9410827562499999 0.6640672203125 0.91341068125 0.661646228125 0.89035061875 0.659628734375 0.8713136796875001 0.6647457828125 0.8612063187500001 0.6740353546875 0.8695470078125 0.68493891875 0.8969246390625001 0.690725434375 0.9295031703125 0.690184403125 0.91507824375 0.695704953125 0.8957468578125001 0.704187525 0.8493322875 0.703518059375 0.8075297296875 0.7032520921875001 0.751596690625 0.705141153125 0.759348490625 0.7227757640625 0.7734789734375 0.7206207375 0.7919270234375 0.7222347328125001 0.852472075 0.720749171875 0.8832839375000001 0.7404012765625 0.88985795625 0.771497978125 0.8580636500000001 0.8161943031250001 0.8291146859375 0.8814872609375 0.8303361593749999 1 0.8555555890625 1 0.84324516875 0.8793322343750001 0.85708120625 0.88054273125 0.8983182812500001 1 0.913510690625 1 0.8764125921874999 0.8720601578125 0.9283225093749999 0.8630365546875 0.9466248765625 1 0.9581655874999999 1
1939 0.051129040625 0 0.050582315625 0.00624909375 0.001704434375 0.5649258500000001 0.822251984375 0.5349759609375 0.8234297640625 0.521513871875 0.8535593890625 0.2833687625 0.1553956453125 0 0.051129040625 0
1939 1 0.29666083906249996 0.85326494375 0.286734284375 0.8173455265625 0.537937984375 0.9931908921874999 0.5465398953125 1 0.5123279515625 1 0.29666083906249996
819 0.9581655859374999 1 0.968450684375 0.8824407921875 0.6717003796875 1 0.9581655859374999 1