398 0.612814665625 0.03289053125 0.5851682390625 0.0316850125 0.44792481874999995 0.05957605312499999 0.46826003906249997 0.1402485515625 0.46221931875 0.1511284125 0.48762275937500005 0.26857182343749997 0.53008110625 0.30429874375 0.5540245515625 0.29687391406249997 0.6453815640625 0.2776795359375 0.7094686828125 0.2515015578125 0.69744958125 0.206850134375 0.6767147625 0.20594599218749998 0.6580427656250001 0.132477709375 0.6347345625 0.10560897968750001 0.6277836812500001 0.0977284671875 0.612814665625 0.03289053125
171 1 0.4652592515625 0.9567411124999999 0.2778844234375 0.9313376718749999 0.1604410125 0.9176160734375 0.10100623906249999 0.3793355234375 0.23666039843750003 0.009444570312500001 0.4719234109375 0.103213503125 0.996625578125 0.10499138906250001 1 0.5405337515624999 1 1 0.8939238578125 1 0.4652592515625
884 0.4957125859375 0.496247203125 0.5007022578125 0.517859846875 0.515098371875 0.55058019375 0.534625046875 0.5536603062500001 0.542328990625 0.5499846609375 0.5492013234375 0.5427069078125 0.5367271421875001 0.4886752953125 0.5135760359375 0.4921231 0.4957125859375 0.496247203125
140 0.1714792578125 0.5217790609375 0.1744684484375 0.5495447046875 0.346567884375 0.5022242171875 0.3444888546875 0.49321895 0.33545894375 0.4763331671875 0.253806359375 0.48569890156250006 0.1714792578125 0.5217790609375
140 0.43173642812499996 0.7007222718749999 0.44714431875000005 0.6933709796875 0.44415512812499996 0.6656053390625 0.4379965859375 0.6537477984375 0.399359040625 0.649388628125 0.36771165156249996 0.660489103125 0.3405595796875 0.676242903125 0.33493466562499996 0.68892381875 0.3464201375 0.709036790625 0.3578270625 0.71399149375 0.3915534828125 0.7118962875 0.43173642812499996 0.7007222718749999
934 0.46768327656249997 0 0.463473596875 0.00097188125 0.463669965625 0.038867546875 0.382888265625 0.0594145234375 0.37997762343749997 0.046807146875 0.3665702171875 0.048005440625 0.3727680328125 0.0674421125 0.350268375 0.1181657703125 0.3785039109375 0.233058290625 0.47918881718749995 0.2098133484375 0.4475090125 0.0577749984375 0.5603539078125 0.0279286015625 0.55390608125 0 0.4871154171875 0 0.48179212656250003 0.006227965625 0.4803542875 0 0.46768327656249997 0
1939 0 0.5495587828125 0.032942285937499996 0.6922474984375 0.0451022734375 0.68564604375 0.007820621875 0.4722983296875 0.3777115734375 0.23703531562500002 0.3547244203125 0.11523996249999999 0.32947807500000004 0.028113084375000003 0 0.10417909218750002 0 0.5495587828125
1939 0.45576126875 0 0.33476573125 0.028789382812499997 0.3841680984375 0.227956509375 0.9172002671874999 0.0992051875 0.8942969453125 0 0.45576126875 0
2006 0.57630036875 0 0.520845478125 0.0123881890625 0.5602292265625 0.16075089375 0.8082777875 0.101587321875 0.78482450625 0 0.57630036875 0
291 0.07496612968750001 0.25191515625 0.08328225 0.28793623125 0.073617096875 0.305344009375 0.0976160234375 0.387067725 0.13983872656250002 0.3773198453125 0.11296843125 0.2905678859375 0.0970661890625 0.2809598578125 0.0879577296875 0.248915809375 0.07496612968750001 0.25191515625
896 0.12027277656249999 0.3666606 0.081297975 0.3756586421875 0.057354528125000005 0.38308347187499997 0.072064834375 0.4764368859375 0.0968398921875 0.47261416250000005 0.1077917375 0.46818868125 0.1268633328125 0.4618886046875 0.145934928125 0.45558853125 0.1396585640625 0.420993590625 0.12027277656249999 0.3666606
819 0.10808382812499999 1 0.10687720781250001 0.997676796875 0.0438941296875 0.6878220171875 0.0325264796875 0.6904464453125 0.10399255 1 0.10808382812499999 1
291 0.716662065625 0.1492971796875 0.7323055984375 0.18742068750000002 0.7206006890625 0.203402328125 0.730164228125 0.244826565625 0.7658911296875 0.2365783609375 0.7514164671875 0.1886997453125 0.7436732484374999 0.1847962578125 0.731693421875 0.147723965625 0.716662065625 0.1492971796875
291 0.76195250625 0.1824732078125 0.7579515421874999 0.1947792046875 0.7679308859375 0.2380044953125 0.78537853125 0.2320793390625 0.8048659328125 0.22758031875 0.7846878078125 0.17722435 0.7753206390625 0.1736957828125 0.7666279859375 0.14345278749999998 0.7601321859375 0.1449524609375 0.76195250625 0.1824732078125
291 0.8048104500000001 0.1384317703125 0.8103337515625 0.1845828703125 0.8083725421875 0.19831500156249998 0.8138172953125 0.22930783125 0.8268088953125 0.226308484375 0.8446723468749999 0.22218438125 0.83760364375 0.19156647031250001 0.8302369578125001 0.18188490156249998 0.8249100281249999 0.1736294703125 0.8161781015624999 0.13580734218749999 0.8048104500000001 0.1384317703125
291 0.8612329000000001 0.12350857343749999 0.8638062828124999 0.14947316093750002 0.8647164421875001 0.16823353593749998 0.8578441109374999 0.1755112890625 0.8657836984375 0.2173104421875 0.8828548125 0.217163365625 0.9007182625000001 0.2130392625 0.89315520625 0.16546203125 0.8784611078125 0.1536780296875 0.8693526500000001 0.12163398125 0.8612329000000001 0.12350857343749999
291 0.47522712812499995 0.229698478125 0.4822958296875 0.26031639218749997 0.477463253125 0.2690202796875 0.48540284062500005 0.31081943437500004 0.5134258 0.3062468734375 0.5014066984375 0.26159545 0.4904155796875 0.2584418 0.48172292656250004 0.2281988046875 0.47522712812499995 0.229698478125
140 0.2007727 0.44861938281249997 0.1878203734375 0.4591978640625 0.18956214531249999 0.4815603453125 0.240320403125 0.471738928125 0.2340833140625 0.4447231234375 0.21580405625000001 0.447046171875 0.21055567343749998 0.45394900624999995 0.2007727 0.44861938281249997