171 0.059850139062499995 0.60586101875 0.0561302875 0.9874967359375001 0.991366003125 0.9990048281250001 0.9953429421875001 0.771166096875 0.330987340625 0.5767721609375001 0.059850139062499995 0.60586101875
1708 0.444980940625 0.9556309187500001 0.4443907625 0.9894421937500001 0.6090715609374999 0.9923167078124999 0.6153745734375 0.9682684578125 0.568744471875 0.9432962578125 0.536733703125 0.9234108937500001 0.45119964218749997 0.9364128515625 0.444980940625 0.9556309187500001
1708 0.37314895 0.8577440109375001 0.3204687703125 0.8423295140624999 0.290977175 0.846646390625 0.2523261484375 0.870130003125 0.24560157968750002 0.9183291625000001 0.25106148125 0.9425827343750001 0.25979935625 0.947566909375 0.25626845 0.9813268531249999 0.2650063234375 0.9863110265625 0.2714779578125 0.9526024124999999 0.2950037859375 0.9530130578125 0.294413609375 0.9868243328125 0.30315148281250004 0.9918085078125 0.3037416609375 0.95799723125 0.350877628125 0.9539883390625 0.36272485468750004 0.94936348125 0.3679318203125 0.9881075984375001 0.379779046875 0.9834827390624999 0.3746563890625 0.9399084390624999 0.38070646875 0.9303507359375001 0.3897815875 0.9160141812499999 0.38743103749999996 0.882151575 0.37314895 0.8577440109375001
1319 0.10192743906249999 0.891663053125 0.122343915625 0.90168273125 0.151666890625 0.9070262187499999 0.178049134375 0.912318378125 0.21913502187499997 0.9178671875 0.24551726875000002 0.9231593437500001 0.25207321562499996 0.88462055 0.293917903125 0.8466977203124999 0.29761743281249997 0.8032774125 0.2772009546875 0.793257734375 0.2779597546875 0.7497860953125 0.28224946093750003 0.6725545125 0.30577529062500003 0.6729651578125 0.3234196609375 0.6732731421875 0.33316926874999997 0.6202951296875 0.321574978125 0.61042944375 0.300989878125 0.6100701296875 0.28359843906250004 0.5952716 0.269737909375 0.546713125 0.258649484375 0.507866346875 0.2762938546875 0.5081743296875 0.276715409375 0.4840234171875 0.2773898984375 0.44538196250000006 0.29276803125 0.4069971578125 0.2640352359375 0.36784239531249996 0.2258900765625 0.3623449140625 0.20420893125 0.42477796874999996 0.1978216078125 0.4536564 0.176730640625 0.4822781765625 0.1586647140625 0.5061211046875 0.13715219218750002 0.55889379375 0.12765551718749998 0.597381259375 0.1180745328125 0.64069890625 0.114037759375 0.7034399437500001 0.10680732343749999 0.7806201953125 0.0991553328125 0.8819513578124999 0.10192743906249999 0.891663053125
685 0.638246234375 0.6691051515625001 0.779569825 0.66190865625 0.7765752703125 0.1593643953125 0.6353359890625 0.161730709375 0.638246234375 0.6691051515625001
1939 0.0530023484375 0 0.059850139062499995 0.60586101875 0.3281309234375 0.571890646875 0.4276941359375 0.5977868 0.42932296562500005 0 0.0530023484375 0
1939 0.42939339062500004 0 0.4276941359375 0.5977868 0.5856503656250001 0.6488604718750001 0.5969480578125 0.0016160703124999999 0.504363446875 0 0.42939339062500004 0
1939 0.8081340000000001 0.7107237828125 0.81456196875 0.0054145359375 0.5998887875000001 0.0016674015625 0.5886754046875 0.6440816203125 0.8081340000000001 0.7107237828125
1939 1 0.008651368750000001 0.817502696875 0.005465865625 0.8080496875 0.7155539656250001 0.995426171875 0.766397840625 1 0.5043634296875 1 0.008651368750000001
1564 0.9008243453125001 0.45626405 0.853688378125 0.4602729421875 0.7066519515625 0.4577064125 0.70244655625 0.5301078140625 0.8553644390624999 0.5327770046875 0.90250040625 0.5287681125 0.9008243453125001 0.45626405
1050 0.08080296875000001 0.0795764921875 0.074668578125 0.0939643765625 0.0771034390625 0.12299679999999999 0.0886977296875 0.13286248750000001 0.10348568437500001 0.1282889578125 0.11827363906249999 0.1237154296875 0.1213829890625 0.1141063953125 0.12188885625000001 0.0851253015625 0.11323529218749999 0.0753109453125 0.0955066109375 0.07983314531249999 0.08080296875000001 0.0795764921875
1939 0.014495067187499999 0 0 0.7101396531249999 0 0.9816853234374999 0.0562146 0.9826665531250001 0.0529395453125 0 0.014495067187499999 0
291 0.8767824875000001 0.653942203125 0.8743476265625001 0.6249097781249999 0.8684661703125001 0.6248071171875 0.8678759921875001 0.6586183921875 0.8588008734375 0.6729549484375 0.8574518953125001 0.7502378609375 0.8719869140625001 0.760154878125 0.8868591796875 0.7507511671875 0.888123846875 0.6782984359374999 0.8767824875000001 0.653942203125