407 0.3861554875 0 0.698740009375 0.0439308890625 0.7038228890625 0.023731653125 0.534963403125 0 0.3861554875 0
171 0.8151169671874999 1 0.872211740625 0.67779248125 0.7177582874999999 0.6590731187500001 0.46248918437500003 0.6231973859375 0.3194504640625 0.6030946046875 0 0.5376427015624999 0 0.9288731671875 0.49397645937499995 1 0.8151169671874999 1
676 1 0.06535663124999999 0.9787996921875 0.062377121875 0.8150039609374999 1 0.93464336875 1 0.9953399125000001 0.56812165625 1 0.533855803125 1 0.06535663124999999
1584 0.047162303125 0.2092959921875 0.8711504296875001 0.3340629375 0.903875721875 0.30878562187499997 0.93711345625 0.15212348125 0.069113415625 0.021171065625 0.047162303125 0.2092959921875
511 0.847625565625 0.30984314375 0.8181943125 0.3116821609375 0.8201249734375 0.3298794328125 0.8099729281249999 0.41808232187499994 0.79993528125 0.4256345890625 0.8035129624999999 0.432112709375 0.77275946875 0.6190005421875 0.7631335765625 0.6236230234375 0.75393315 0.6731201328124999 0.7857068218750001 0.686548596875 0.819539265625 0.6853281265625 0.8261273421875 0.63845153125 0.8185602234375 0.6284250734375 0.847524878125 0.43829818125 0.855361928125 0.430436640625 0.8517842468750001 0.42395851875 0.855759971875 0.3797024375 0.8723856937500001 0.3252735765625 0.847625565625 0.30984314375
511 0.43928009531249995 0.261416896875 0.44133886875000006 0.24676796250000002 0.43734943125000003 0.243219628125 0.3955381140625 0.23734342968750002 0.3992576171875 0.2587797609375 0.384292625 0.34929388906250003 0.379479678125 0.3516051296875 0.383057359375 0.3580832515625 0.3550580375 0.5573087796875 0.349009828125 0.56840938125 0.3389858921875 0.6237660640625 0.38299780625 0.6299515359375001 0.392070121875 0.6133006328125 0.39948170781250003 0.5605644640625 0.3928799203125 0.5596366421875001 0.4192322234375 0.3721302625 0.422256328125 0.3665799625 0.4190904015625 0.3571720546875 0.4285607609375 0.2897869484375 0.43405539375 0.26665792499999996 0.43928009531249995 0.261416896875
226 0.5072971859375001 0.5279144515625 0.50756711875 0.5100264546875 0.4960105640625 0.496451665625 0.5037057921875 0.47363191562500007 0.49572691874999997 0.46653524687500003 0.4928446359375 0.48704375781250003 0.485007584375 0.49490529843750003 0.4741464296875 0.5083171390625 0.4672747078125 0.525277315625 0.460558521875 0.6050001171875 0.453275046875 0.6248900796875 0.46524335624999996 0.6355350828125 0.47445749375 0.633842390625 0.48105928281250004 0.6347702109375 0.49109692968749996 0.6272179421875 0.48834275624999995 0.614880246875 0.492460303125 0.5855823765625 0.49946013437500003 0.5357759921875 0.5072971859375001 0.5279144515625
1187 0.19085058125 0.5760581046875 0.1314482078125 0.6155121343750001 0.23226385624999998 0.6326685046875 0.2820403375 0.5978369546875 0.19085058125 0.5760581046875
291 0.348245871875 0.30240067187499997 0.340010778125 0.36099641562499996 0.346612565625 0.3619242359375 0.3420832625 0.3941518953125 0.350885646875 0.395388990625 0.35500319375 0.3660911171875 0.36421733125 0.3643984234375 0.368051234375 0.305184134375 0.35305881875 0.3000894328125 0.348245871875 0.30240067187499997
291 0.3171813109375 0.363763253125 0.3237831 0.3646910734375 0.32007730625 0.391059159375 0.3248902515625 0.38874791875 0.33079664062499997 0.36268910781249997 0.3378101828125 0.36068714062499996 0.3434329265625 0.3047119125 0.32844051093750004 0.29961720937499997 0.3171813109375 0.363763253125
1803 0.058677725 0.079457534375 0.047560346875 0.1585617875 0.20022496093750003 0.17404208906250002 0.2113423390625 0.0949378359375 0.058677725 0.079457534375
1803 0.456020215625 0.12633741406250001 0.4414669796875 0.2139217546875 0.64612238125 0.2426841953125 0.6580632671875 0.1577203671875 0.456020215625 0.12633741406250001
291 0.5573573109375001 0.522999321875 0.551167278125 0.5191417140625 0.5540495609375 0.4986332046875 0.547447775 0.497705384375 0.544977246875 0.51528410625 0.5423648953125 0.51790461875 0.5319292046874999 0.576191090625 0.547333375 0.5783560046875 0.5573573109375001 0.522999321875
291 0.699389565625 0.3905902203125 0.7030953578125 0.3642221359375 0.6986941671875 0.3636035890625 0.6989641 0.34571559218750003 0.696763503125 0.34540631875 0.6938812203125 0.3659148296875 0.6894800296875 0.36529628125 0.6845389734375 0.40045372968750004 0.6999431421875 0.40261864375 0.699389565625 0.3905902203125
291 0.6498693078125 0.3597293578125 0.6384545734375 0.3611127765625 0.63145474375 0.4109191609375 0.6394336171874999 0.418015828125 0.6387519296875 0.4388336125 0.6453537171875 0.439761434375 0.6504365953125 0.419562196875 0.657861890625 0.41463044375 0.6621212609375 0.40029077968750004 0.66802765 0.37423196875000003 0.66307288125 0.3615849984375 0.6498693078125 0.3597293578125
291 0.318174065625 0.4684707203125 0.3150081390625 0.4590628109375 0.317890421875 0.4385543015625 0.31348923125 0.4379357546875 0.30978343750000004 0.46430383906249995 0.3071710859375 0.466924353125 0.3022300296875 0.5020817984375 0.31543360468750004 0.5039374390625 0.318174065625 0.4684707203125
291 0.277739834375 0.4687633703125 0.271138046875 0.46783555000000004 0.27264324375000004 0.4411581921875 0.27044264687499997 0.44084891875 0.26274741874999996 0.46366866875 0.25353328125 0.4653613609375 0.246675271875 0.530125953125 0.2620794421875 0.53229086875 0.277739834375 0.4687633703125
1707 0.7513873171875 1 0.7516867125 0.9924835578125 0.7595237625 0.9846220171875 0.7655582609375 0.925717 0.7707829640625 0.9204759734374999 0.783844715625 0.9073734046874999 0.786173421875 0.874836471875 0.773651534375 0.8521630468750001 0.7532925968749999 0.8373511625000001 0.7277089578125 0.8277803046875001 0.6924994265625 0.8228319281250001 0.6652687687500001 0.8249802203125001 0.6486293328125 0.8316046671875 0.643958209375 0.8488741171875 0.640664171875 0.8723124140625 0.6535978140625 0.8920560515625 0.6589643359374999 0.901773234375 0.63538143125 1 0.6698441390625 1 0.67164175625 0.987209284375 0.6798905625 0.97641795625 0.6908798296875001 0.9301599093749999 0.72705469375 0.9442069203125 0.7195012843749999 0.98198488125 0.716969425 1 0.7513873171875 1
1707 0.5072376328125 0.7997827359375 0.47725280156250005 0.7895933328125 0.4570356859375 0.7897396578125 0.434617975 0.789576709375 0.419355625 0.802370003125 0.40588211875 0.818402359375 0.4003874859375 0.8415313843750001 0.402729903125 0.856798865625 0.4230888421875 0.8716107515625 0.3960274265625 0.9843260828125 0.41583278906250004 0.9871095453125 0.42159735468750004 0.9460925250000001 0.43081149218750003 0.9443998312499999 0.4369878140625 0.9004530234375 0.48801326874999995 0.9046365281250001 0.47744946875 0.9957692046875 0.4994554265625 0.9988619406250001 0.5038429062499999 0.9516760718749999 0.51167995625 0.9438145296875 0.51510210625 0.8875300265625 0.5273403484375 0.880287034375 0.5351774 0.8724254921875 0.5409419671875 0.8314084734374999 0.528008325 0.811664834375 0.5072376328125 0.7997827359375
1707 0.20616777343749998 0.7544824718750001 0.1897982734375 0.7432189218749999 0.163391125 0.7395076390625 0.1347833796875 0.7354870828125 0.114154509375 0.7385631953125 0.0953144796875 0.74487836875 0.08046388593750001 0.7547418765625 0.074003921875 0.768772265625 0.0654851828125 0.7974515890625 0.079242334375 0.811335653125 0.0701837296875 0.875790971875 0.0693602203125 0.8816505453125 0.061536879687500004 0.937316503125 0.0729516140625 0.9359330828125 0.083387303125 0.8776466125000001 0.0855878984375 0.8779558859375 0.0961654125 0.8346276250000001 0.1093689859375 0.8364832671875 0.0967464109375 0.9422648796875001 0.110361740625 0.941190734375 0.12394964687500001 0.8445077578125 0.139353815625 0.846672671875 0.13455458125 0.896788328125 0.14115636874999998 0.8977161484374999 0.1367688890625 0.9449020171875 0.152173059375 0.94706693125 0.15697229375 0.8969512765625 0.16260875 0.8887804609375 0.16520738906250002 0.8383555312500001 0.1740097703125 0.8395926250000001 0.174179015625 0.9501596671874999 0.18917143125 0.95525436875 0.192040003125 0.8869414421874999 0.1899675171875 0.8537859640625 0.19284980000000002 0.8332774531249999 0.1927079796875 0.8183192437500001 0.2001332765625 0.813387490625 0.21099443281250002 0.799975646875 0.215523734375 0.7677479890625001 0.20616777343749998 0.7544824718750001
2001 0.40716322656250004 0.48994029687499996 0.5255836390625 0.50957085625 0.554960046875 0.3165141765625 0.4317266875 0.29919485625000003 0.40716322656250004 0.48994029687499996
291 0.5902107125 0.4648758 0.588421871875 0.4616367390625 0.590750578125 0.4290998078125 0.5863493875 0.4284812609375 0.5818200859375 0.46070891875 0.5770071390625 0.46302015937499996 0.56615969375 0.5242364171875 0.5819756171875 0.52347154375 0.5902107125 0.4648758
291 0.674542459375 0.5514192421875 0.67014126875 0.5508006953125 0.672611796875 0.533221971875 0.6682106046875 0.532603425 0.6639512359374999 0.5469430875 0.66092713125 0.5524933890625 0.6525502140625 0.596130921875 0.6683661390625 0.59536605 0.674542459375 0.5514192421875
1939 0 0.5375222921875 0.2044659109375 0.574983959375 0.259796578125 0.24515510156250003 0.0401487609375 0.2112979578125 0 0.49697123750000005 0 0.5375222921875
1939 0.070253846875 0 0.0427611125 0.2086774453125 0.2553953859375 0.24453655312499997 0.2044659109375 0.574983959375 0.86781055 0.6771739343750001 0.9765929546875001 0.0620669859375 0.7016222921875 0.0234223796875 0.6983282546875 0.046860676562499995 0.3862322859375 0 0.070253846875 0
1340 0.14635835625 0.33378034218749997 0.12435239843749998 0.33068760625000004 0.11694081249999999 0.38342377499999997 0.1389467703125 0.3865165109375 0.14635835625 0.33378034218749997
291 0.602293421875 0.39487018125 0.608895209375 0.3957980015625 0.6073900125 0.422475359375 0.611791203125 0.4230939078125 0.6146734875 0.402585396875 0.6216870296875 0.40058342968750005 0.6268980171874999 0.3475379875 0.6097050078125 0.3421340125 0.602293421875 0.39487018125