2001 1 0.2708426734375 0.6119686343749999 0.20242227499999998 0.5400674359375001 0.6101942359375 0.9401455859375 0.6807388078125001 1 0.34128755625 1 0.2708426734375
208 0.3733314484375 0.858449896875 0.848991078125 0.9502545421875 0.857586175 0.92400451875 0.8910746703125 0.9140434031250001 0.92705344375 0.9124544109375 0.958478825 0.7117370234375 0.5269471203125 0.6396128515624999 0.40068695 0.680813940625 0.4011422890625 0.7007267796875001 0.3733314484375 0.858449896875
1822 0.3092625109375 0.6369277734375001 0.2834678265625 0.648245515625 0.24296383437500002 0.6530030984375 0.23504705 0.6754062171874999 0.234824075 0.6991659625 0.25202366249999997 0.71409824375 0.238680371875 0.7672766046875 0.2796397046875 0.7824318609375001 0.3072463546875 0.7833331484375 0.334397665625 0.7643215953125 0.3703482640625 0.560435615625 0.332557525 0.549805578125 0.3099314328125 0.5656485390625 0.31106508437499997 0.5817144734374999 0.3092625109375 0.6369277734375001
2001 0.38255790156249997 0.49119132031249996 0.41873147499999996 0.2635455953125 0.389991171875 0.2465783734375 0.354458346875 0.20064787499999998 0.307877709375 0.4423245953125 0.3013175515625 0.457033903125 0.3024512046875 0.47309983750000006 0.38255790156249997 0.49119132031249996
581 0.42642528593750006 0.264902221875 0.4356893046875 0.1673729625 0.34426486562499997 0.1234867953125 0.3392936984375 0.17417487812500002 0.37030130625 0.22327396875 0.4040221671875 0.25698543749999997 0.42642528593750006 0.264902221875
1506 0.8565342390625 1 0.8243300453125 0.9776382187499999 0.5165776234375 0.9233731640625 0.465211228125 0.922248903125 0.387371834375 0.9362892890625 0.31903821875 0.96390533125 0.5237412578125 1 0.8565342390625 1
544 0 0.7048501890625001 0.1895624984375 0.6634195546874999 0.19182041249999998 0.62811909375 0 0.5907529593749999 0 0.7048501890625001
351 0 0.9116167953125001 0.06831106249999999 0.923661878125 0.11806029062500001 0.6865103765625 0 0.7164450625 0 0.9116167953125001
1373 0.8498641906250001 0.7203509046875001 0.8772478671874999 0.7450119359375 0.8774708406249999 0.7212521921875 0.9120929875 0.7273570109375 0.9564438859375001 0.7232777390625 0.9652619578125 0.6732679703125 0.9371999671875001 0.65245384375 0.8656977593749999 0.6755446671875001 0.8340212296875 0.6977248125 0.8498641906250001 0.7203509046875001
201 0.9396996375000001 0.728258296875 0.9177518593749999 0.740254353125 0.9157169187499999 0.75179506875 0.9123253531250001 0.7710295953124999 0.924999721875 0.78913046875 0.9435559343750001 0.7963689406250001 0.9582558515624999 0.73549676875 0.9396996375000001 0.728258296875
1917 0.361297828125 0.5667728000000001 0.3834591890625 0.4635846703125 0.3823255359375 0.4475187359375 0.349060015625 0.43372010625 0.3431781703125 0.444582509375 0.33504780312500004 0.5581777015625 0.361297828125 0.5667728000000001
369 0.5493502390625 0.6475296359375 0.5679064515625 0.6547681062499999 0.5667728000000001 0.638702171875 0.57445721875 0.5726264703124999 0.5918797796875 0.56379900625 0.577848784375 0.55339194375 0.5803296718750001 0.49433173750000003 0.5694766609374999 0.5558822218749999 0.5579359453125 0.5538472828125001 0.5629165031250001 0.5705915296875 0.5493502390625 0.6475296359375
368 0.514728090625 0.6414248171875 0.5081679328125001 0.656134125 0.5396214890625 0.657713725 0.5384878359374999 0.641647790625 0.544137315625 0.5871128031249999 0.5500191609375 0.5762504015625 0.5482071953125 0.564031371875 0.5448062375 0.51583356875 0.5400580453125 0.54276190625 0.5334978859375 0.5574712140625 0.526259415625 0.5760274265625001 0.5233231890625001 0.61517479375 0.514728090625 0.6414248171875
407 1 0.0810347484375 0.586145775 0.011443028125 0.619653053125 0.13634657187500002 1 0.19988452031249998 1 0.0810347484375
1917 0.1890508109375 0.23891273750000003 0.1818123390625 0.2574689515625 0.187471209375 0.27036629375 0.1872482359375 0.2941260375 0.19222879375 0.3108702859375 0.205581475 0.3251242546875 0.2141765734375 0.2988742296875 0.23046548125 0.2739808328125 0.2293318296875 0.25791489843750004 0.24222917187499998 0.25225602812500003 0.2494676421875 0.2336998140625 0.239283553125 0.22397106406249997 0.1931206890625 0.21583130625 0.1913087234375 0.2036122765625 0.1727525109375 0.19637380625 0.1738861625 0.21243974062499998 0.180223346875 0.2214901765625 0.1890508109375 0.23891273750000003
1917 0.247674459375 0.35634544375 0.2390793625 0.38259546875 0.26600769999999996 0.3873436609375 0.2784497015625 0.36177195 0.2863664859375 0.33936883125 0.29677355 0.3253378359375 0.290436365625 0.3162874 0.25196731250000004 0.3095042671875 0.2526456265625 0.3056573625 0.2372580046875 0.302944109375 0.248575746875 0.32873879375000004 0.238846996875 0.3389228828125 0.247674459375 0.35634544375
681 0.198157596875 0.6371695296875 0.192052778125 0.671791678125 0.1212288828125 0.6910355953125 0.078718125 0.9096308843750001 0.330337178125 0.85483535625 0.45379017812500005 0.15469859375 0.1575690796875 0.0350361484375 0.0540101359375 0.5998529125000001 0.1771111046875 0.621558934375 0.198157596875 0.6371695296875