1146 0.6384708421874999 0.082023925 0.6296468625 0.062928315625 0.5941299171875001 0.056966459375 0.5719511625 0.0815984625 0.5694813265625001 0.10910917656250001 0.5353954437499999 0.1304535953125 0.49802197656249997 0.163705140625 0.48035742968750006 0.19983539687500002 0.46351063124999997 0.25156924062499997 0.47027365000000004 0.30597735625 0.48032425468750006 0.34847834375 0.518090009375 0.3973500640625 0.5587344734374999 0.4265128640625 0.5983567515625 0.4361711796875 0.6451675109375 0.4337179328125 0.690956084375 0.4117602015625 0.7322304484375 0.3783042171875 0.7683772921875 0.3216472921875 0.78070988125 0.25841519687500003 0.7606086734375 0.1734132203125 0.639288590625 0.0976275109375 0.6384708421874999 0.082023925
1146 0.6341610703125 0.07442656875 0.6138388375 0.05984516875 0.5865325625 0.061276229687499996 0.5680502656249999 0.0818029 0.5694813265625001 0.10910917656250001 0.5126033765625 0.143382909375 0.47625209531249996 0.1961389390625 0.4622840078125 0.2281638609375 0.46206298281249997 0.2985844375 0.481142003125 0.3640819296875 0.5265051140625 0.4086438796875 0.5745424984375 0.4295960109375 0.6414710515625 0.43782326562499996 0.698757878125 0.41135132656250006 0.7437287015625 0.373790009375 0.7683772921875 0.3216472921875 0.776604546875 0.2547187375 0.76573619375 0.1966141625 0.7439829 0.1547264859375 0.72304735625 0.128442396875 0.690817996875 0.1105734125 0.6431894875 0.0974230734375 0.6341610703125 0.07442656875
351 0.44855353124999997 0.1154467328125 0.409135690625 0.1096893140625 0.36273380624999996 0.1199443546875 0.3200283796875 0.1260940625 0.28122385156249996 0.13203933125 0.2459113453125 0.12997837031249998 0.21470417187500002 0.1316138703125 0.1910943546875 0.128939596875 0.14818449218750002 0.13118840781250002 0.10917552500000001 0.13323278125 0.077968353125 0.13486827968749998 0.05907718125 0.14759315625 0.07221093281249999 0.1742861203125 0.084272734375 0.4044390203125 0.10767811406250001 0.403212396875 0.1271825984375 0.40219021093749996 0.1544888734375 0.40075914843750005 0.1815907125 0.395427190625 0.2166987828125 0.3935872546875 0.27541666875000004 0.3944215921875 0.3066238421875 0.39278609375 0.326128325 0.39176390625 0.3495337046875 0.3905372828125 0.37704441875 0.3930071171875 0.4119480515625 0.3872662859375 0.439254328125 0.3858352234375 0.4546534765625 0.381116578125 0.44974698125 0.287495059375 0.445044921875 0.1977744375 0.44978015468750004 0.1388521125 0.4567642 0.12283965156250001 0.44855353124999997 0.1154467328125
544 0.8149338515625001 0.538257565625 0.7948160578125 0.5275770625 0.785787640625 0.5045805578125 0.7695707421875 0.4936956171875 0.6168224609374999 0.48996598281250003 0.60820291875 0.474771271875 0.5882895609375 0.46799166562499994 0.569398390625 0.48071654218750004 0.4792688921875 0.47761680625 0.4577034484375 0.5139515 0.38379085 0.52173670625 0.32568627656250004 0.532605059375 0.29057820625 0.5344449953125 0.24746390625 0.532792909375 0.2205665046875 0.5420257640624999 0.1889504578125 0.53585946875 0.128597071875 0.503817959375 0.0047905671875 0.5298644375 0.0154544828125 0.5840681156249999 0.20126645937499998 0.546948846875 0.2632719296875 0.53587605625 0.3063862296875 0.5375281421875 0.6960504296875001 0.5836040890625 0.7906941359374999 0.5982020765625 0.8184092875 0.604572809375 0.8149338515625001 0.538257565625
351 0.42094329375 0.5589057359375 0.32219425468749996 0.540611290625 0.2790799546875 0.5389592046875 0.24027542500000001 0.5449044734374999 0.034958965625 0.583045928125 0.01606779375 0.5957708046875 0.0291517828125 0.8454281890625 0.2213344921875 0.7805937703125 0.25582925 0.76705114375 0.29093731875 0.7652112078125 0.338361390625 0.77446065 0.7840526171875 0.9193022234375 0.799656203125 0.918484475 0.818547375 0.9057595984375 0.81101636875 0.6127834765625 0.42094329375 0.5589057359375
1844 0.41685454687499995 0.4808878046875 0.4367679046875 0.4876674109375 0.4377900921875 0.50717189375 0.46940613906250006 0.5133381890625001 0.48051210468749994 0.4267007140625 0.4219986546875 0.42976727343750004 0.41685454687499995 0.4808878046875
1844 0.383603 0.4435143359375 0.37723226875 0.47122948750000004 0.3975545015625 0.4858108875 0.417263421875 0.488689596875 0.427126175 0.452968215625 0.413992425 0.4262752515625 0.3903826078125 0.42360097812499997 0.383603 0.4435143359375
1608 0.5989534765625 0.52219534375 0.6264641906249999 0.524665178125 0.6416589015625 0.5160456359375 0.640636715625 0.496541153125 0.6213366703125 0.5014642359375 0.6199056078125 0.474157959375 0.6034842734375 0.459372121875 0.576586871875 0.46860497656250005 0.5659063671875 0.488722771875 0.5673374296875 0.5160290484375001 0.5989534765625 0.52219534375
1373 0.110114775 0.5243446296875 0.1119712984375 0.4851312265625 0.107048215625 0.4658311796875 0.1411340984375 0.44448676093749995 0.1097224875 0.44222136250000005 0.113844409375 0.37159635 0.135409853125 0.33526165625000004 0.1801762390625 0.2937994421875 0.16847355 0.294412753125 0.1448637328125 0.29173848125 0.1337743546875 0.30405448281249997 0.099892909375 0.3292997984375 0.0647848390625 0.331139734375 0.06703365 0.374049596875 0.09783194843750001 0.3646123046875 0.0900135671875 0.43934265312500004 0.055518809375 0.45288527968750003 0.08384727343750001 0.47095870156249997 0.07337120781249999 0.4949773921875 0.0830129359375 0.5296765875 0.110114775 0.5243446296875
581 0 0.131565159375 0.014940695312499998 0.1264365875 0.0009228453124999999 0.381425928125 0.0037849671874999997 0.43603848125000005 0.01630540625 0.45102875625000005 0.0444294328125 0.46520128125 0.057988645312499996 0.425374565625 0.03033984375 0.121717940625 0.048822140624999996 0.10119127187500002 0.04410349375 0.085792121875 0.020698114062500002 0.0870187453125 0.013714070312500002 0.1030312078125 0 0.099878828125 0 0.131565159375
291 0.3511526171875 0.496065928125 0.367165078125 0.503049971875 0.36430295468749996 0.4484374203125 0.35650116249999997 0.44884629531250003 0.3511526171875 0.496065928125
1844 0.79645155625 0.5587842359375 0.79542936875 0.539279753125 0.76730534375 0.525107228125 0.6389846296874999 0.539655453125 0.690922909375 0.5604031468749999 0.79645155625 0.5587842359375
1342 0.07131024687500001 0.5302899 0.06434279062500001 0.4719808875 0.0175320296875 0.47443413593750006 0.020803028125 0.5368484812500001 0.07131024687500001 0.5302899
819 0.266587140625 1 0.8023138890625001 0.96919613125 0.8121766421875 0.9334747484375001 0.31947021875 0.7871855265625001 0.2648576671875 0.7900476484375 0.24925407968750002 0.7908653984375 0.030582845312500002 0.872734465625 0.0337128390625 1 0.266587140625 1
291 0.5242231296875 0.5143769625 0.5437276125 0.5133547765625 0.5451752609375 0.4663395796875 0.52176988125 0.46756620312499997 0.5242231296875 0.5143769625
1844 0.18567945937500002 0.4734451234375 0.1517980140625 0.4986904390625 0.15651665937499998 0.5140895890625 0.14173082343750001 0.5305109234375001 0.1735513078125 0.540578115625 0.1957300640625 0.5159461109375 0.21523454687500002 0.514923925 0.237208865625 0.486391025 0.1887626078125 0.4576371 0.18567945937500002 0.4734451234375
291 0.727274190625 0.50764711875 0.726865315625 0.499845325 0.719267959375 0.5041550953125 0.7120794781249999 0.5162666609375 0.712897228125 0.531870246875 0.7441044015625 0.5302347484375 0.7395901921875 0.5187364953125 0.7391813171875 0.510934703125 0.727274190625 0.50764711875
291 0.6876519125 0.49798880156249997 0.6849776390625 0.52159861875 0.7046865609374999 0.5244773281249999 0.7071563953125 0.4969666140625 0.6950448312499999 0.48977813281250004 0.6876519125 0.49798880156249997
291 0.6619811343750001 0.5306270359374999 0.677584721875 0.5298092859375 0.69422708125 0.47417454687499994 0.6589145750000001 0.47211358593749997 0.6619811343750001 0.5306270359374999
291 0.280323165625 0.4880431109375 0.2858595609375 0.519045846875 0.31316583750000004 0.517614784375 0.31214365 0.4981103015625 0.280323165625 0.4880431109375
1606 0.5016354984375 0.5312071734375 0.5022488109375 0.5429098625 0.5338648578125 0.5490761578125001 0.5730782624999999 0.5509326812500001 0.6320005859375 0.5556679140624999 0.65109619375 0.546843934375 0.626873065625 0.532466971875 0.583349890625 0.5230130921875 0.532638234375 0.5256707781250001 0.5016354984375 0.5312071734375