681 0.490625021875 0.18608134375000002 0.2272819875 0.1441718734375 0.1743377328125 0.8453116109375 0.44566479374999995 0.8290425484374999 0.490625021875 0.18608134375000002
410 0.522997475 0.059124020312500004 0.5202726125 0.0980913671875 0.5573325546875 0.1280933703125 0.586326540625 0.1614471375 0.6083445171874999 0.182565728125 0.631724925 0.1842006453125 0.64867429375 0.1658069171875 0.68483485 0.1526723546875 0.7212678921875 0.1356410578125 0.7348655 0.109181375 0.736772903125 0.0819042328125 0.7186516609375 0.061058128125 0.704699640625 0.0365877765625 0.698268603125 0.01655913125 0.5660521140625 0.0033978640625 0.5449335234375 0.025415840625 0.522997475 0.059124020312500004
351 0.96625754375 1 0.9727637187499999 0.9069573468750001 0.85256010625 0.8340007093749999 0.6798499859375 0.7279447125 0.6163303609375 0.6843451015625 0.6029785359375001 0.8752850953125 0.6598765640625001 0.9575795656249999 0.6499032046875 0.9882084703125 0.6635301796874999 1 0.96625754375 1
351 0.535017203125 0.8392064671874999 0.5358346625 0.8275162625 0.567907925 0.87283271875 0.5582070515625001 0.8995648890625001 0.569079796875 0.9120725515625001 0.5924602046875 0.91370746875 0.611261753125 0.6448327828125 0.5878813468749999 0.643197865625 0.5391312 0.6123784031249999 0.5199752375 0.830323053125 0.535017203125 0.8392064671874999
1146 1 0.1338893796875 0.9881532468750001 0.1268929796875 0.9108454546875 0.16847655625 0.8894828984375 0.585972128125 0.9181224718750001 0.5683958578125 0.947579503125 0.539129384375 0.9539286140625001 0.5043312609374999 0.9767640484375001 0.513759646875 0.982377628125 0.5454784953125 0.9968746218750001 0.562155378125 1 0.5174603875 1 0.1338893796875
1606 0.551093890625 0.6092991265625 0.5998440359375 0.6401185890625001 0.7214602671875 0.636875459375 0.6799586171875001 0.6143944375 0.6532264484375 0.604693565625 0.551093890625 0.6092991265625
544 0.7225502109375 0.6212885203125 0.6810485625 0.5988075 0.539948659375 0.6006881984375 0.5886988046875 0.6315076625 0.615975946875 0.633415065625 0.61742030625 0.6687581625 0.9737132921875 0.8933778171875 0.9827053375 0.7647855765625 0.8843875875 0.7148368546875 0.8473276453125 0.68483485 0.73342295625 0.6337961828124999 0.7225502109375 0.6212885203125
214 0.43609925625 0.5738473984375 0.41435376718750005 0.5488320734375 0.2543151625 0.541556871875 0.2512358875 0.5295941828124999 0.2325696734375 0.5165415484375 0.2183184625 0.664344975 0.429014615625 0.675162496875 0.43609925625 0.5738473984375
1844 0 0.7101148734375 0.0116009703125 0.708626709375 0.0282778546875 0.6941297171875 0.047079403125 0.42525503125 0.012281278125 0.41890592031249996 0 0.5945363921875 0 0.7101148734375
208 0 0.9584259656249999 0.0448194015625 0.9615600437499999 0.108910703125 0.828989140625 0.1155323 0.79029428125 0.0818241203125 0.7683582328125 0.027814809375 0.75674995625 0 0.7548049546875 0 0.9584259656249999
410 0.5001469671875001 0 0.4878449359375 0.001844875 0.49844519531250003 0.018249271875 0.5218256015625 0.019884189062499998 0.5343332640625 0.00901144375 0.5270847671875 0.000673003125 0.5174603796875 0 0.5001469671875001 0
410 0.2950527609375 0.2389740078125 0.2683205921875 0.229273134375 0.2677756203125 0.237066603125 0.2867143203125 0.246222503125 0.2950527609375 0.2389740078125
1844 0.6301185265625 0.5991619125 0.6188913687500001 0.5357242156249999 0.5760272875 0.5327268671875001 0.5755642421875 0.59534710625 0.6301185265625 0.5991619125
1847 0.60747365 0.531010021875 0.6275022953125 0.524578984375 0.632488975 0.50926453125 0.6065742640625 0.4878734546875 0.58989738125 0.5023704484375 0.576844746875 0.5210366625 0.60747365 0.531010021875
291 0.6829559656249999 0.5715303578125 0.679876690625 0.5595676671875001 0.6642897515625 0.558477721875 0.66074743125 0.6091352718749999 0.69219379375 0.6074184265625 0.6829559656249999 0.5715303578125
1887 0.656223796875 0.561829484375 0.6445335921875001 0.5610120265625 0.64180873125 0.5999793718750001 0.652681475 0.612487034375 0.656223796875 0.561829484375
300 0.819532234375 0.5223438703125 0.827598190625 0.5189921078124999 0.829696153125 0.43299146093749996 0.8146541875000001 0.424108046875 0.8313310703125 0.4096110546875 0.8396695109375001 0.4023625578125 0.8337834453124999 0.37454044375 0.8262624625000001 0.3700987359375 0.8334290328125 0.3236104078125 0.838960684375 0.3005024859375 0.8361538953125001 0.2846430609375 0.8216569015624999 0.267966178125 0.8235643046875 0.24068903593750002 0.808794825 0.2279088875 0.7980040078124999 0.2702279953125 0.8069693484375 0.31001280000000003 0.7850333 0.3437209796875 0.7519520203125001 0.3688182328125 0.7708907203125 0.37797413281250003 0.80260956875 0.372360553125 0.8045989 0.39991018125 0.7912737796875 0.42247312968750006 0.7696102171875 0.452284575 0.7927181375 0.457816228125 0.780210475 0.46868897187499997 0.7933450375 0.5048495281250001 0.791437634375 0.5321266703124999 0.7864509546875 0.5474411234375001 0.8254182999999999 0.550165984375 0.8259632734375 0.542372515625 0.819532234375 0.5223438703125
681 0.1974705421875 0.1225083109375 0.17147390468749998 0.046290464062499995 0.11046369375000001 0.7507819625 0.15387274687500002 0.7459858421875001 0.1974705421875 0.1225083109375
1847 0.0907609421875 0.41656217656249994 0.0918508875 0.40097523749999997 0.064301259375 0.40296456875000003 0.0501586796875 0.437217721875 0.06882489375 0.45027035625 0.0907609421875 0.41656217656249994
201 0.1316642109375 0.7835907578125 0.13384410156249998 0.7524168812500001 0.1349340453125 0.7368299421875 0.111826125 0.7312982906250001 0.061986034375 0.716065765625 0.0347088921875 0.7141583625 0.012772843750000002 0.7478665421875 0.023100615625 0.7681676734375 0.1316642109375 0.7835907578125
1146 1 0.19614796406249999 0.96185741875 0.2229489125 0.9479339171875001 0.5900594203125 0.9860838046874999 0.6044744859375 1 0.46157611562499995 1 0.19614796406249999
2001 0.8496695750000001 0.20335660781249998 0.7979220796875001 0.215401225 0.7750332375 0.5427269296875 0.8290425484374999 0.55433520625 0.8496695750000001 0.20335660781249998
819 0.6530114484375 1 0.5085575203125 0.8256088593750001 0.43007785624999995 0.8279526031250001 0.4265622390625 0.7102331078125 0.219490334375 0.7035848078125 0.20995331562500003 0.8399705171875 0.16210255625 0.8522876203124999 0.158097190625 0.965565409375 0.6008047171875 1 0.6530114484375 1
1643 0.8682556765625 0.721540378125 0.8737873281249999 0.6984324578125001 0.8623696109375001 0.6937182640625 0.8417959937499999 0.707942771875 0.8448752687500001 0.7199054609375 0.8554755281249999 0.7363098578125 0.8682556765625 0.721540378125
994 0.9525661828124999 0.5238149328125 0.9503862921874999 0.554988809375 0.9011731015625 0.5867895859375001 0.907604140625 0.60681823125 0.904879278125 0.6457855765625 0.9057786640625001 0.6889221437499999 0.9147440046875 0.7287069484375001 0.9289685125 0.749280565625 0.9114741703125 0.7754677625 0.9259711640624999 0.7921446453125001 0.9812884093750001 0.7850485968750001 0.98179705 0.777774690625 0.9749118687499999 0.7642406046875 0.9762743 0.74475693125 0.984885228125 0.7336117 0.9959403828125 0.5755156125 0.9734942140625 0.5605204609375 0.9681531203124999 0.524904878125 0.9645288734375 0.5207356578125 0.9525661828124999 0.5238149328125
581 0.3175070796875 0.36584940312500003 0.2437416078125 0.3567754296875 0.226765534375 0.543546203125 0.3127928859375 0.3772671203125 0.3175070796875 0.36584940312500003
2001 0.3147002890625 0.349989978125 0.23676559843749997 0.3445402546875 0.222323828125 0.5510671859375 0.293282509375 0.5442817343749999 0.3147002890625 0.349989978125