208 0.47492990625 0.59332668125 0.4280620453125 0.5925085984375 0.381194184375 0.5916905171875 0.3420694609375 0.5949144375000001 0.30691856562500003 0.5943008765625 0.2832801140625 0.6056088015625 0.2674529734375 0.617053071875 0.25532696875 0.6402824828125 0.2471066171875 0.6635800656249999 0.23107495625 0.686741303125 0.22676026093749999 0.7101070593750001 0.23409435625000002 0.7375829921875 0.284731525 0.74628055625 0.319541553125 0.76642239375 0.3500368859375 0.8099299859375 0.3890252625 0.8145173765625 0.4591907078125 0.8235558093750001 0.5996579421875 0.8338213640625 0.701273146875 0.8316882187499999 0.7871975578125 0.8331880343750001 0.861745871875 0.8149550546875 0.8554343781249999 0.728894296875 0.9493746203125 0.7188134953125 0.899214665625 0.68277634375 0.833704784375 0.6308438796875 0.7951254484375 0.6028225593750001 0.6780239703125 0.5968717 0.631156109375 0.59605361875 0.47492990625 0.59332668125
1373 0.5354917625 0.4810852859375 0.519937315625 0.4769069375 0.5041783484375 0.48444555312500004 0.47663424374999996 0.49568530468749994 0.4880785140625 0.5115124453125001 0.46423554375 0.5345373343750001 0.44813570937499997 0.5616042265625001 0.4675958109375 0.5658507484374999 0.48321843124999997 0.5661234421875 0.4984320109375 0.589830065625 0.4978184484375 0.6249809625 0.5212523796874999 0.6253900031249999 0.525567075 0.6020242453125 0.5451635234375 0.5984594578125 0.5646236265625 0.6027059796875001 0.5804507671875 0.591261709375 0.588466596875 0.5796810906250001 0.6079266984375 0.5839276124999999 0.6237538390624999 0.5724833421875 0.6394446328125001 0.56885038125 0.6397173265625 0.5532277609375 0.624571921875 0.52561548125 0.6092219953125 0.5097201671875 0.5822232765625001 0.489714678125 0.55892569375 0.48149432656249996 0.5354917625 0.4810852859375
804 0.772762525 0.3172325265625 0.779639175 0.59473855625 0.8106798953125001 0.6070009078124999 0.9456734859375 0.70702835625 0.9573904499999999 0.7072328765625 0.9603703156250001 0.3126935421875 0.96132474375 0.258014371875 0.9300795031250001 0.257468984375 0.75761711875 0.289620246875 0.772762525 0.3172325265625
1844 0.190723109375 0.7602670140625001 0.1709903140625 0.7716431125 0.174486928125 0.7951452156250001 0.20155382031250002 0.8112450499999999 0.24410698437499997 0.8354288890625 0.2751477046875 0.8476912421874999 0.30652929218749997 0.84042531875 0.33016774375 0.8291173953125 0.3345506125 0.8018459828125 0.33091765156249997 0.7861551890625 0.315431378125 0.778071184375 0.3000814515625 0.7621758703125 0.2535544578125 0.7418295140625 0.21840356249999998 0.741215953125 0.190723109375 0.7602670140625001
2001 0.75630205625 0.14113718125000002 0.46714723437499994 0.1439036546875 0.4608752765625 0.5032239203125 0.7539357515625 0.5005256203124999 0.75630205625 0.14113718125000002
2001 0.37347968593749997 0.1383618375 0.13207898125 0.0911728765625 0.1205378984375 0.5285380703125 0.37097703593750003 0.5055615859375 0.37347968593749997 0.1383618375
351 0.11139175625 0.1572281453125 0.1272870703125 0.14187821875 0.131942634375 0.0989841859375 0.14400046718749998 0.07966043125 0.1599639546875 0.060404849999999996 0.0198375859375 0.030611020312499997 0.0098842609375 0.600836659375 0.004021342187500001 0.9367229937499999 0.1337942140625 0.888199203125 0.13790439062499998 0.8765504109375 0.153867878125 0.8572948296874999 0.1627699640625 0.7949406953125 0.1652242078125 0.6543371125 0.17426264062500002 0.58417166875 0.1785773359375 0.5608059125 0.1049834515625 0.5243597203125 0.11139175625 0.1572281453125
1342 0.059342712500000006 0.45323984843750004 0.0602971421875 0.3985606765625 0.01342928125 0.3977425953125 0.012406678124999999 0.456327421875 0.059342712500000006 0.45323984843750004
407 0.159659815625 0 0.417600840625 0.072715609375 0.7653404874999999 0.07097173749999999 0.84851819375 0.00600724375 0.5043634234375001 0 0.159659815625 0
1373 0.77803165 0.23918759843749998 0.77775895625 0.25481021875 0.7852975718749999 0.2705691859375 0.773171565625 0.2937985953125 0.7769408734375001 0.3016780796875 0.7926316671875 0.29804511875 0.8039395921875 0.32168356875000004 0.8199030796875 0.3024279875 0.8396358749999999 0.2910518890625 0.8471063187500001 0.3107165125 0.863206153125 0.28364962031249996 0.8792378140625001 0.260488384375 0.8869127765625 0.26843604062500004 0.9066455734375 0.2570599421875 0.9222681921874999 0.2573326359375 0.9302840234374999 0.24575201875000002 0.9265828890625001 0.2339668796875 0.91096026875 0.2336941859375 0.9035579984375 0.21012390937499997 0.8532616984375 0.18189806875 0.8414083859374999 0.18950485781249998 0.8209938546875 0.23993750625 0.77803165 0.23918759843749998
1373 0.1594581015625 0.5370311140624999 0.1744671609375 0.572454703125 0.18981708749999998 0.5883500171875 0.2051670140625 0.60424533125 0.208663628125 0.6277474359374999 0.22421807500000002 0.631925784375 0.24381452343749999 0.628360996875 0.24819739218749998 0.601089584375 0.25641774375000004 0.5777920015625 0.26827105625000003 0.5701852125 0.26470626875000003 0.5505887625 0.23373372187500002 0.5344207546875 0.2220849296875 0.5303105796875001 0.17521706875 0.5294924984375 0.1594581015625 0.5370311140624999
1844 0.2729463859375 0.7499816921875 0.245538628125 0.7534101328125 0.1864765875 0.779727115625 0.26013864531249997 0.8122676515625 0.3113893765625 0.785814321875 0.30378258593749996 0.773961009375 0.292338315625 0.75813386875 0.2729463859375 0.7499816921875
201 0.6297244656250001 0.678072375 0.6570640515624999 0.6785495890625 0.6611742265625 0.6669007984374999 0.665284403125 0.65525200625 0.677069540625 0.6515508718749999 0.6614469203125 0.651278178125 0.6380129906249999 0.6508691375 0.6299289859375 0.6663554109375001 0.610468884375 0.6621088875 0.6108097515625001 0.6425806125 0.6112187921875 0.6191466828125 0.611559659375 0.5996184062500001 0.5960733874999999 0.591534403125 0.5801780734374999 0.6068843296875001 0.5879212093749999 0.6109263312500001 0.595596171875 0.6188739890625 0.5949826109374999 0.654024884375 0.5676430265625 0.6535476703125 0.5481829234375 0.649301146875 0.5363296125 0.6569079375 0.5516795390625 0.6728032515625 0.58278843125 0.6811599484374999 0.6062223625 0.6815689890625001 0.6297244656250001 0.678072375
1342 0.0354799734375 0.2535742265625 0.011909696875 0.2609764953125 0.011091615624999999 0.30784435625 0.0384312 0.3083215703125 0.0354799734375 0.2535742265625
1342 0.030074503125000002 0.3394304640625 0.010546228125 0.339089596875 0.0059588374999999996 0.3780779734375 0.0450153890625 0.3787597078125 0.030074503125000002 0.3394304640625
1699 0.4325130890625 0.5613315328125 0.420318909375 0.588466596875 0.4396426640625 0.6005244296875001 0.46321294062499996 0.5931221609375 0.4674594640625 0.5736620578125 0.46396285 0.5501599546875 0.4645764109375 0.515009059375 0.4611479703125 0.4876013 0.449226484375 0.49911374531249997 0.4294936890625 0.5104898421875 0.42504264531249997 0.5416669093750001 0.4325130890625 0.5613315328125
1643 0.8604308078124999 0.6664719890625 0.8647455046875001 0.6431062328125 0.841379746875 0.6387915375000001 0.8141083359374999 0.6344086671875 0.7981448484375 0.6536642484375 0.805615290625 0.673328871875 0.8367923578124999 0.6777799140625 0.8604308078124999 0.6664719890625
819 0 0.9835169374999999 0.9914018984374999 0.9969483421875 0.9918855765625001 0.969238440625 0.9528910015625 0.9650061109375001 0.8707358984375 0.971385778125 0.7652150390625 0.9734507499999999 0.679222453125 0.9758565890625001 0.538618871875 0.9734023437499999 0.46057394374999994 0.96813321875 0.378691534375 0.9588902671874999 0.285160334375 0.9455371390625 0.20361879218749998 0.9167659109375 0.14544300625 0.892309378125 0.01169630625 0.9446706515625 0 0.9502658125 0 0.9835169374999999