1146 0.29525692812500004 0.336228453125 0.3293892640625 0.3769452765625 0.3701468390625 0.407236453125 0.41562945156250003 0.41857654218749996 0.45636665 0.4166559625 0.5018288859375 0.39578429531250003 0.5482259421875 0.3550165328125 0.566201459375 0.315214153125 0.5832217796875 0.2630961125 0.5765557875 0.20909824531250001 0.566109765625 0.17026125 0.5357676484375 0.130489434375 0.5063807265625 0.1030332796875 0.5092055609374999 0.0755567484375 0.4921342984375 0.047145396875 0.456132325 0.046220765625 0.44382685312500003 0.063281840625 0.4400468234375 0.07844271093750001 0.3064951375 0.129687059375 0.270544103125 0.20929181875 0.27058485625 0.27371533124999997 0.29525692812500004 0.336228453125
1146 0.297034875 0.1514833578125 0.275279328125 0.206446609375 0.27058485625 0.27371533124999997 0.28483128281250003 0.3296032140625 0.321808828125 0.3750552609375 0.37299205 0.411971678125 0.44026077187499996 0.4166661515625 0.491413428125 0.405264934375 0.5444459125 0.37017740312499997 0.575671909375 0.3095237328125 0.5888918249999999 0.24035480625 0.5812910125 0.20625303593750002 0.5556739328125 0.14753013125 0.5063807265625 0.1030332796875 0.512995778125 0.07650175625 0.4987697265625 0.0528256296875 0.472238203125 0.046210578125 0.449507084375 0.0566464125 0.4362566046875 0.077497703125 0.38699396406250003 0.081318484375 0.351947184375 0.0927095140625 0.3263810453125 0.1145160015625 0.297034875 0.1514833578125
351 1 0.2381357640625 0.9839481546875 0.22210421249999998 0.9536264125 0.214544153125 0.9157242359375 0.20509407968749999 0.8740318421875 0.194698996875 0.850345528125 0.1928191703125 0.8200237859374999 0.1852591109375 0.7849668203125 0.1805442625 0.74800965 0.1673039703125 0.7072622640625 0.153118671875 0.663669665625 0.134198146875 0.623877475 0.13232850937500001 0.614407025 0.1380189296875 0.6182074296875 0.155069815625 0.6116127546875 0.2138130953125 0.589877584375 0.3009881015625 0.56719740625 0.39195332656250004 0.5814132703125 0.3995235734375 0.60794479375 0.406138625 0.6411117453124999 0.418433909375 0.6685882765625 0.42125874375 0.6913295828125 0.42692878749999996 0.7102806703125 0.431653825 0.7406024125 0.439213884375 0.798400684375 0.44959877812500004 0.83251264375 0.45810384375 0.8580991609374999 0.46850911406250006 0.884630684375 0.47512416562500004 0.903581771875 0.479849203125 0.926323078125 0.48551924687500003 0.982078515625 0.261896403125 1 0.2382845140625 1 0.2381357640625
544 0.7255332343750001 0.5803867578124999 0.7842867015625 0.6030873109375 0.9596020984375 0.674979190625 0.9804126375 0.6238061578125 0.8638507093750001 0.5746148328125 0.798492378125 0.59455168125 0.766280621875 0.59457205625 0.7416391124999999 0.5803765703125 0.6990017109375 0.57377170625 0.6648897515625001 0.5652666390625 0.6099265015625 0.5435110921875 0.538857371875 0.521765734375 0.5246211328125 0.48198373125 0.4355561109375 0.4678289953125 0.41944004531249995 0.45173330624999997 0.39859894218749997 0.4545887046875 0.3872384765625 0.4678595609375 0.236584965625 0.44237492500000003 0.218589071875 0.44996554843750003 0.2053385921875 0.47081683906249994 0.18355248125 0.4774624546875 0.16748735625 0.54189615625 0.1959088953125 0.540930771875 0.29159915625 0.5446598609375 0.6828958328125 0.57378189375 0.7255332343750001 0.5803867578124999
351 0.6062992921875 0.8002601359374999 0.6546169265625 0.800229571875 0.6887288859375 0.8087346375 0.720005821875 0.8286103578124999 0.896286603125 0.928923775 0.9567670765624999 0.68634984375 0.9406510109375 0.6702541531249999 0.7463845250000001 0.5936372375000001 0.70942735625 0.5803969453125 0.6667899546875 0.5737920828124999 0.5663644671875 0.572908203125 0.1731777765625 0.55136660625 0.10988265625 0.837522946875 0.12599872343750002 0.8536186375 0.14115959375 0.8573986671875 0.6062992921875 0.8002601359374999
1844 0.5644235125 0.49995924843750006 0.585264615625 0.49710384999999996 0.5899692765625 0.4459410046875 0.5331160109375 0.43176589375 0.52748671875 0.5189307125 0.559698475 0.5189103359375 0.5644235125 0.49995924843750006
1844 0.603270696875 0.5056191046875 0.6260018140625 0.4951832703125 0.6250364312500001 0.46676173125 0.6221810328124999 0.445920628125 0.59849471875 0.4440408015625 0.5805090140625 0.467737303125 0.5833746015625 0.504684284375 0.603270696875 0.5056191046875
1608 0.3872282890625 0.45175368281250006 0.3806132375 0.47828520625 0.36260715625 0.46976995156249995 0.35788211875 0.48872103906250003 0.371152975 0.5000815046875 0.39862950625 0.5029063390624999 0.4308412625 0.5028859625 0.43745631406249996 0.4763544390625 0.4308106984375 0.454568328125 0.4061691890625 0.440372840625 0.3872282890625 0.45175368281250006
1373 0.9140277937500001 0.5186861984375 0.92061228125 0.44383704062499996 0.9490440078125 0.4589775359375 0.959439090625 0.41728514062500005 0.9253271312500001 0.40878007343749995 0.896885215625 0.3775337015625 0.8883495859374999 0.36332802656249996 0.864663271875 0.3614482 0.85329261875 0.35861317656249997 0.88932515625 0.40785544218750003 0.903561396875 0.44763744687499996 0.8941316984375 0.5177513796875 0.86286495 0.5139815375000001 0.892251871875 0.5414376921875 0.8837366171875001 0.5594437734375 0.8780767609375 0.5982909578125 0.9036632765625001 0.608696228125 0.9197487796875 0.5764742828125 0.9140481703125 0.5508979546874999 0.94530473125 0.5385619187499999 0.9140277937500001 0.5186861984375
581 1 0.33257639375000003 0.948129565625 0.5110853875 0.9538403625 0.55276759375 0.9841519156249999 0.544221775 0.9993025984375 0.5318959265625 1 0.5290988015625 1 0.33257639375000003
291 0.650622946875 0.4771670015625 0.6430425125 0.4752769859375 0.6298124078125 0.528340034375 0.64686329375 0.524539628125 0.650622946875 0.4771670015625
1844 0.1977785328125 0.50113858125 0.30105941875000003 0.5228635625 0.3560022921875 0.512407353125 0.2328151234375 0.4736416734375 0.2025035703125 0.48218749218749996 0.1977785328125 0.50113858125
1342 0.9633617531249999 0.6276065640625 0.9784818703125 0.5669630812500001 0.932999259375 0.5556229921875 0.9150339296875 0.61153125 0.9633617531249999 0.6276065640625
819 0.8798705421875 1 0.8896715515625001 0.9554552984375 0.6906392765625 0.8333659593749999 0.67547840625 0.8295859296874999 0.6224153578125 0.8163558249999999 0.110848040625 0.8659444859375001 0.11371362656249999 0.9028914671875 0.49494023593750003 1 0.8798705421875 1
291 0.484818753125 0.46400821406250004 0.46207744687499996 0.4583381703125 0.4545275765625 0.5047657890624999 0.4734786640625 0.5094908265625 0.484818753125 0.46400821406250004
1844 0.812708240625 0.602121928125 0.8458650046875 0.5983113343750001 0.8344841640625 0.579370434375 0.8420544109374999 0.5651545703124999 0.8136124953125 0.5339081984375 0.8136023078125 0.5178023203125 0.7605596359375 0.536783971875 0.776685890625 0.5689855406250001 0.7956369796875 0.573710578125 0.812708240625 0.602121928125
291 0.28871319375 0.4755011234375 0.28396777968750003 0.46224045625 0.2773323515625 0.45656022343749997 0.2754423375 0.46414065937500004 0.2631266765625 0.4650958546875 0.2612366625 0.47267628906250003 0.254611421875 0.48310193593750006 0.2849331640625 0.49066199531250004 0.28871319375 0.4755011234375
291 0.31617953593750003 0.4622200796875 0.310489115625 0.45274962968750004 0.29722844843749996 0.45749504218750003 0.29440361406250004 0.48497157343749997 0.314299709375 0.48590639375 0.31617953593750003 0.4622200796875
291 0.3493261125 0.44230360781250005 0.3142691453125 0.43758875937499997 0.31999012968749996 0.49537684375 0.3351510015625 0.4991568734375 0.3493261125 0.44230360781250005
291 0.6847654703125 0.5339897031249999 0.6800404343750001 0.552940790625 0.7065719578125 0.5595558421875 0.717922234375 0.5301791078125 0.6847654703125 0.5339897031249999
1606 0.3598026984375 0.5294582390625 0.41854597812499994 0.5360529140625 0.4573931625 0.5417127703125 0.48960491875 0.54169239375 0.492439940625 0.5303217421875 0.46306320625 0.5189714640624999 0.41379037656250006 0.50668636875 0.3692629609375 0.507661940625 0.342741625 0.517152765625 0.3598026984375 0.5294582390625