407 0.0991015015625 0 0.0927139734375 0.030050959375000002 0.5781358984375 0.005438 0.5525521203125 0 0.0991015015625 0
1939 1 0.095107984375 0.5776872328125 0.005342634375 0.093526128125 0.0262300703125 0 0.46623590625 0 0.6492228578125 0.51573046875 1 0.9048920171875 1 1 0.5525521171875 1 0.095107984375
819 0.5129603546875 1 0 0.653438021875 0 0.8974673171875001 0.46823475937500003 1 0.5129603546875 1
1567 1 0.3635318046875 0.0632365046875 0.187519565625 0 0.48502393125000004 0 0.7943621046875 0.115734828125 0.9175116593749999 0.503811959375 1 0.9048920171875 1 0.9630848390625 0.7262242953125 1 0.5428802796875 1 0.3635318046875
291 0.9189306625 0.257584471875 0.9251880171875 0.246933959375 0.9344541046874999 0.240916490625 0.9303008328125 0.204092025 0.9408588484375 0.1544204671875 0.9209422484375 0.15418058125 0.9111963875000001 0.20003125000000002 0.894860790625 0.22052011875000002 0.8968174828125001 0.2488906515625 0.8621895953125 0.2614978578125 0.8404087984374999 0.28881635 0.83147509375 0.3308461296875 0.941468721875 0.3582195140625 0.9552753562499999 0.2932644 0.9189306625 0.257584471875
291 0.8246078671875001 0.13769759374999999 0.8319172625 0.1033095921875 0.8098040828125 0.094615771875 0.7962373328125001 0.1396542859375 0.766002603125 0.1691693578125 0.72506246875 0.3242015 0.798471515625 0.33581155625000003 0.8303854484375 0.1668802828125 0.8246078671875001 0.13769759374999999
291 0.72722144375 0.1449520953125 0.73940376875 0.087638759375 0.7202993234374999 0.083577984375 0.7026718 0.14772094375 0.670240490625 0.1687820828125 0.6448237984375 0.30714624375 0.7105910671875 0.31713199062499997 0.7444616921875 0.17657125 0.72722144375 0.1449520953125
291 0.637994175 0.30170104375 0.6539048937499999 0.1892709515625 0.649511734375 0.172363084375 0.65682113125 0.13797508281249998 0.641537575 0.1347264625 0.6265864 0.1674901546875 0.608054225 0.179525090625 0.584501728125 0.29033087343749997 0.637994175 0.30170104375
291 0.59315794375 0.0805143578125 0.570232609375 0.075641428125 0.559102325 0.10921727343750001 0.5443910375 0.122064365625 0.5064596359375 0.2817295515625 0.533205859375 0.2874146359375 0.55694335 0.288466678125 0.587232971875 0.12717718125 0.59315794375 0.0805143578125
291 0.501549103125 0.1169515484375 0.5088584984375 0.082563546875 0.49357494218750003 0.0793149265625 0.480820346875 0.1205325515625 0.461476015625 0.1363883765625 0.42922969999999994 0.2693073390625 0.4758925234375 0.2752323109375 0.50513010625 0.1376803046875 0.501549103125 0.1169515484375
291 0.4164375015625 0.122821628125 0.4253712078125 0.08079184843750001 0.41390854062500004 0.0783553828125 0.400341790625 0.12339389687499999 0.3801853046875 0.1430706109375 0.35281191875 0.25306423906250003 0.3719163640625 0.2571250140625 0.3986625875 0.26281009843750003 0.4230272390625 0.1481834265625 0.4164375015625 0.122821628125
291 0.354491121875 0.11364803593749999 0.363424828125 0.07161825625 0.3519621609375 0.06918179062499999 0.3283171671875 0.1240586625 0.3182389234375 0.13389701874999999 0.29549858281249997 0.2408819125 0.30696124999999996 0.24331837812499998 0.33370747343749996 0.2490034625 0.36189301406249996 0.135188946875 0.354491121875 0.11364803593749999
291 0.2947413203125 0.11292837656250002 0.3036750265625 0.070898596875 0.292212359375 0.06846213281249999 0.278645609375 0.11350064687500001 0.25767696875 0.13699825000000002 0.238185246875 0.22869958750000002 0.27639413749999997 0.2368211375 0.2983223234375 0.1336571328125 0.2947413203125 0.11292837656250002
291 0.18832869531250002 0.106283746875 0.19563809062499998 0.07189574531250001 0.181166690625 0.0648262359375 0.17304513906250002 0.1030351265625 0.15833385312499998 0.11588221875 0.1396542859375 0.2037626671875 0.1541256875 0.2108321765625 0.1702213984375 0.21025990781249998 0.1919096984375 0.127012503125 0.18832869531250002 0.106283746875
381 0.1146797625 0.114590290625 0.0802917609375 0.1072808953125 0.0610399265625 0.17906563281250001 0.07770790625 0.194589075 0.1243707296875 0.20051404687500002 0.1444347203125 0.1249084203125 0.1146797625 0.114590290625
183 0.92698003125 0.670627765625 0.8972250734375 0.6603096374999999 0.856819603125 0.643734153125 0.81942286875 0.6317917140625 0.82056740625 0.6639831359375 0.829353721875 0.69779886875 0.8422008125 0.71251015625 0.8618775265625 0.7326666421875 0.91455781875 0.747857703125 0.9560153296875 0.740695696875 0.9635646109374999 0.6863910953125 0.92698003125 0.670627765625
183 0.770563465625 0.617412809375 0.6804864375 0.590279309375 0.632439190625 0.572079515625 0.634728265625 0.6364623609375 0.6743215796875 0.656858734375 0.7253775625000001 0.6796915718750001 0.778297740625 0.67496603125 0.8147898234375001 0.6348004484375 0.770563465625 0.617412809375
183 0.6348756546875001 0.5606168484375 0.6296703421875 0.547529871875 0.6302426109375 0.5636255828125 0.5835797875 0.5577006109375 0.508786315625 0.5338157328124999 0.4844765578125 0.5166679796875 0.482372475 0.564142959375 0.5004248796875 0.5919412234375 0.5340007265625 0.6030715078125 0.57603050625 0.6120052140625 0.6235054843750001 0.6141092953125 0.6348756546875001 0.5606168484375
183 0.4005094953125 0.55472948125 0.44717231875 0.560654453125 0.4809880515625 0.5518681375 0.48992175624999995 0.5098383578125001 0.4615512234375 0.51179505 0.406674353125 0.48815005781250004 0.36163583906249996 0.4745833078125 0.36473706875 0.5351452640625001 0.4005094953125 0.55472948125
1360 0.8567271062499999 0.5878052406250001 0.8681897734374999 0.5902417062499999 0.8949359984375 0.5959267921875 0.9154248671874999 0.6122623890625001 0.92851184375 0.6070570765625 0.9524892203125 0.5881925171875 0.9483359484375 0.55136805 0.9455671000000001 0.52681840625 0.9389773625 0.50145660625 0.9675877828124999 0.47958331249999997 0.95856158125 0.46568418125 0.9666831312499999 0.427475290625 0.9388848671875 0.44552769375 0.958469084375 0.40975526875 0.9353038640625 0.42479893906250005 0.9216446171875001 0.41390854062500004 0.9129507984374999 0.43602172031249997 0.9009158625 0.41748954375 0.8982395109375 0.44886881093750003 0.8851525328125 0.4540741234375 0.8887335359374999 0.4748028796875 0.8844328750000001 0.513823925 0.8795599453125 0.536749259375 0.8594034578124999 0.5564259734375 0.8613601515625 0.5847965078125 0.8567271062499999 0.5878052406250001
868 0.9377779328125 0.6010396078125 0.9238788 0.610065809375 0.89794473125 0.6005598359375 0.8681897734374999 0.5902417062499999 0.8444522843750001 0.589189665625 0.8196627546874999 0.6118751140625001 0.8232437578124999 0.63260386875 0.8453569359375 0.6412976875 0.8759240484375 0.647794928125 0.8950284937499999 0.6518557031250001 0.9002338078125 0.66494268125 0.9338096531250001 0.676072965625 0.9605558765625 0.68175805 0.969821965625 0.6757405828125 0.9836286015625 0.61078546875 0.9669606203125 0.5952620265624999 0.9377779328125 0.6010396078125
868 0.7147819421875 0.54165979375 0.6994983859375 0.5384111734375 0.6695035421875 0.54800964375 0.6531679453125 0.5684985140625 0.669835925 0.58402195625 0.72633710625 0.6000251703124999 0.77820524375 0.61903711875 0.8049514671875 0.6247222046875 0.825107953125 0.605045490625 0.849085328125 0.58618093125 0.818518215625 0.579683690625 0.7955928812499999 0.5748107609375 0.79038756875 0.5617237828125 0.77453174375 0.5423794515625 0.745588940625 0.5282404328125 0.7147819421875 0.54165979375
1927 0.5638105765625 0.48161521250000006 0.5452784 0.49365014843750005 0.522925334375 0.5048729296875 0.5120349359375 0.5185321765625 0.5232577171874999 0.5408852421875 0.5813832078125001 0.549246678125 0.615771209375 0.5565560734375 0.6373121203125 0.54915418125 0.6413728953125 0.5300497359375 0.6285258046875 0.5153384484375 0.6233204906250001 0.502251471875 0.5919412234375 0.49957512031249995 0.5821028671875 0.48949687812500003 0.5638105765625 0.48161521250000006
868 0.4186167921875 0.450753321875 0.394067146875 0.45352216875 0.38098017031250003 0.45872748281250003 0.39220295156249996 0.4810805484375 0.4601668 0.499520228125 0.4945548015625 0.5068296234375 0.5120349359375 0.5185321765625 0.501624309375 0.492358221875 0.4879650640625 0.4814678234375 0.47674228281250003 0.4591147578125 0.4461751703125 0.4526175171875 0.4186167921875 0.450753321875
323 0.3496933984375 0.5119800437500001 0.3678931921875 0.4639327953125 0.469912659375 0.45366955937500003 0.47884636562500005 0.4116397796875 0.36283526875 0.37500030624999997 0.2152050203125 0.35560108125 0.18864378906249998 0.46177382031249997 0.290755753125 0.5074394953125 0.3496933984375 0.5119800437500001
296 0.2975853765625 0.5128846953124999 0.3357942671875 0.5210062453125001 0.351317709375 0.5043382656250001 0.37715928125 0.457915328125 0.4109750140625 0.4491290109375 0.41885667812499994 0.430836721875 0.41283920937499996 0.4215706328125 0.415275675 0.41010796562499996 0.33503700468750003 0.393052709375 0.3339849640625 0.4167902 0.3178892515625 0.41736246875000005 0.3206581 0.4419121125 0.3059468125 0.45475920312499996 0.2975853765625 0.5128846953124999
183 0.7276117453125 0.8758488421875 0.7332968296875 0.8491026187499999 0.6991487140625 0.821876621875 0.651913621875 0.7998559390625 0.59378813125 0.791494503125 0.565989865625 0.8095469078124999 0.55624400625 0.8553975765624999 0.5688512109375 0.8900254640625 0.5923488140625001 0.9109941046875001 0.6267368156249999 0.9183035 0.677220528125 0.9250406265625 0.71428488125 0.9009707546874999 0.7276117453125 0.8758488421875
358 0.660220165625 0.8735048734375 0.6839576546874999 0.8745569140624999 0.70769514375 0.8756089546875 0.7237908562500001 0.8750366859375 0.719637584375 0.8382122203125 0.68004426875 0.8178158468750001 0.6434596890625001 0.80205251875 0.62956055625 0.8110787203125 0.6033866015625 0.8214893468750001 0.587863159375 0.8381573265625001 0.5968893609375 0.8520564593750001 0.63729483125 0.8686319421875 0.660220165625 0.8735048734375
183 0.9008984984374999 1 0.9048495624999999 0.9814117078125 0.84949291875 0.9975999156249999 0.77250286875 0.965261103125 0.7345338640625 0.9372229531249999 0.712420684375 0.9285291328125 0.72316369375 0.9907154 0.7335680796874999 1 0.9008984984374999 1
358 0.8054139499999999 0.9043667640624999 0.777283303125 0.8864068578125 0.761999746875 0.8831582375 0.730620478125 0.8804818859375001 0.7126605703125 0.9086125328125 0.712420684375 0.9285291328125 0.7506295749999999 0.9366506843750001 0.7916073140625 0.9693218781249999 0.8481084953125 0.98532509375 0.8794877624999999 0.9880014453125 0.9089103375 0.9623072625000001 0.905329334375 0.9415785078125 0.904184796875 0.909387084375 0.87003668125 0.8821610890624999 0.8215096609374999 0.9037944953125001 0.8054139499999999 0.9043667640624999
1241 0.205147090625 0.8726205359374999 0.2236792671875 0.8605856 0.167657859375 0.8047491843750001 0.13928732500000002 0.8067058765624999 0.1066161296875 0.847683615625 0.166458428125 0.9043321859375 0.205147090625 0.8726205359374999
296 0.21380330625 0.6628040203125 0.23338752343750002 0.6270315937500001 0.2718363015625 0.61523654375 0.2845908953125 0.5740189203125 0.267922915625 0.558495478125 0.27360799999999996 0.5317492546875 0.16337448593749998 0.52429246875 0.1546806671875 0.5464056484375 0.1454145796875 0.5524231171875 0.11364803593749999 0.645508878125 0.1638918625 0.6721626046875 0.21380330625 0.6628040203125
1869 0.3516876953125 0.7280539125 0.3617659390625 0.71821555625 0.39362497812499997 0.68105870625 0.38541093125 0.6633386859375 0.3611011734375 0.6461909328125001 0.305412146875 0.6263668296875 0.22956663437499997 0.6262194390625 0.210794571875 0.6581709765625 0.2151877296875 0.6750788421875 0.2318557109375 0.6906022843749999 0.28673258125 0.714247278125 0.329574515625 0.71936009375 0.3516876953125 0.7280539125
868 0.2969582140625 0.6285634078125 0.2541162796875 0.6234505921875 0.23859283750000002 0.640118571875 0.22388154999999998 0.6529656625 0.2375407953125 0.6638560609375 0.25177231093749997 0.6908421703125 0.309085646875 0.703024496875 0.33745618125 0.701067803125 0.358997090625 0.6936659109375001 0.378341421875 0.6778100859375 0.3463898859375 0.6590380234375 0.331346215625 0.635872803125 0.2969582140625 0.6285634078125