407 0.029429328124999998 0 0.0242121125 0.099550384375 0.4965041015625 0 0.029429328124999998 0
1939 0.49579963749999995 0 0.024416550000000002 0.09564948749999999 0 0.5615450109375 0 0.7117078140624999 0.6120472015625 1 0.9744822843750001 1 1 0.5130929625 1 0.0255177171875 0.51309295 0 0.49579963749999995 0
819 0.6085324515625 1 0 0.7156750546875 0 0.96678935625 0.5671063843749999 1 0.6085324515625 1
1567 1 0.2877829015625 0.0197310796875 0.25969158281250004 0 0.6361830109375 0 0.8338973953125001 0.0280744453125 0.8468704484374999 0.0219247390625 0.889575875 0.048617703125 0.902709625 0.050457639062500004 0.86760155625 0.185778984375 0.972483715625 0.710820965625 1 0.9744822843750001 1 0.9927727734375 0.6509966703125001 1 0.477397259375 1 0.2877829015625
291 0.8885756640625001 0.17614264375 0.878712909375 0.1404212625 0.8813705953125 0.08970960624999999 0.861661675 0.092588315625 0.8592084265625 0.13939907499999998 0.8462791125000001 0.16219114375000002 0.8526498453125001 0.18990629375 0.8204204859375 0.20777527812500002 0.8031814 0.2381647015625 0.8009325890625 0.281074565625 0.9138541546875001 0.29090414375 0.9173295890625001 0.2245889015625 0.8758507874999999 0.1950338140625 0.8803649953124999 0.1835355625 0.8885756640625001 0.17614264375
291 0.742573815625 0.0511426890625 0.7362196703125 0.0977490109375 0.7109743546875 0.13163045625 0.69479063125 0.29115834375 0.7691121046875 0.29114175625 0.77420645 0.11929786718749999 0.7639348218750001 0.0913782796875 0.7657747578125 0.056270209375000005 0.742573815625 0.0511426890625
291 0.65244431875 0.0542424234375 0.6450679874999999 0.1203532296875 0.61633065 0.14622844375 0.612871803125 0.286865159375 0.6793914828125 0.2864396984375 0.6908565609374999 0.1423109609375 0.6688822421875 0.113778059375 0.6719488015625 0.0552646109375 0.65244431875 0.0542424234375
291 0.5964172921875 0.15300805 0.598257228125 0.11789998125000001 0.5826536421874999 0.11708223124999999 0.5730119124999999 0.1517814265625 0.5565905765625 0.1665672640625 0.55066189375 0.279693265625 0.605274446875 0.2825553890625 0.6034013359375 0.1690205125 0.5964172921875 0.15300805
291 0.497242790625 0.1047828171875 0.4847223515625 0.11977309218750001 0.4722350875 0.28340631250000003 0.49954136250000003 0.2848373734375 0.5231511796875 0.2821631015625 0.5278366515624999 0.11812100625 0.526389003125 0.071105809375 0.5029836234375 0.069879184375 0.497242790625 0.1047828171875
291 0.4278444 0.085499359375 0.42169469375 0.128204784375 0.40506892031249997 0.14689151875 0.3940127171875 0.2832184625 0.44102791406249997 0.28177081406250004 0.4483876578125 0.1413385359375 0.44160805156249994 0.121425178125 0.44344798750000003 0.0863171078125 0.4278444 0.085499359375
291 0.34900871875 0.0970141984375 0.34265457499999996 0.1436205203125 0.3258243640625 0.1662081515625 0.315994784375 0.279129715625 0.3354992671875 0.280151903125 0.36280554375 0.2815829640625 0.3689386640625 0.164556065625 0.3584625984375 0.1405373734375 0.360711409375 0.0976275109375 0.34900871875 0.0970141984375
291 0.2863899359375 0.09764409843750001 0.2716206859375 0.1555442359375 0.26320558125 0.16683805000000002 0.2574813359375 0.27606315625 0.269184025 0.27667646874999996 0.2964903015625 0.2781075296875 0.30652431875 0.16128506874999998 0.295843815625 0.1411672734375 0.298092625 0.0982574109375 0.2863899359375 0.09764409843750001
291 0.22726317499999998 0.106280228125 0.22090902968749998 0.15288655 0.20387438281249998 0.1793750765625 0.1989678859375 0.272996596875 0.237976853125 0.27504096875 0.2434966609375 0.16971676093750002 0.23671705312500002 0.149803403125 0.2389658640625 0.106893540625 0.22726317499999998 0.106280228125
291 0.1170158828125 0.12006046562499999 0.114971509375 0.1590694328125 0.1024510703125 0.17405970625 0.0977490109375 0.2637803296875 0.11314816093749999 0.26849897500000003 0.128956184375 0.265415828125 0.13735470156250001 0.1798005390625 0.1305750953125 0.15988718125 0.13241503125 0.1247791125 0.1170158828125 0.12006046562499999
381 0.01623905625 0.2516853515625 0.035130228125 0.264410228125 0.08214542500000001 0.26296257968750003 0.09013506875 0.185149084375 0.0591323328125 0.1796126890625 0.024024262499999997 0.17777275312500002 0.01623905625 0.2516853515625
183 0.8749115375000001 0.5861456640625 0.8361070093749999 0.58020039375 0.842273303125 0.611816440625 0.856241390625 0.6438413640625 0.871231665625 0.656361803125 0.8938192953125 0.6731920125 0.9482274109375 0.6799550328125 0.9880541265625 0.66639581875 0.9870153531250001 0.6115788296875 0.9484152609375001 0.6017326625 0.9174125249999999 0.5961962671875 0.8749115375000001 0.5861456640625
183 0.6420843640625 0.55047404375 0.6544169531249999 0.6137061390625 0.6967135046874999 0.6276576390625 0.7507127453125 0.6422224515625 0.80224215 0.6292765515625 0.8320016750000001 0.583896853125 0.785599790625 0.5736418109375 0.6923871453125 0.560933521875 0.6420843640625 0.55047404375
183 0.6385923421874999 0.5424678140625 0.5915771453125 0.5439154625 0.5139680875 0.532024921875 0.4872751234375 0.518891171875 0.49262366875 0.5661108046875001 0.514802425 0.590742809375 0.54970605625 0.5964836421874999 0.5926159203125 0.5987324515625 0.639835553125 0.5933839062499999 0.6426976765625 0.5387713546875 0.6355091953125 0.5266597890625 0.6385923421874999 0.5424678140625
183 0.489336084375 0.554203678125 0.4915848953125 0.511293815625 0.46386974375 0.5176645468750001 0.40596960624999995 0.502895296875 0.359363284375 0.496541153125 0.3719003109375 0.5558723515625 0.41029596562500004 0.5696194140624999 0.45731116250000003 0.568171765625 0.489336084375 0.554203678125
1360 0.9050799359375 0.532964171875 0.9278720046875 0.5458934859375 0.93998356875 0.5387050046875 0.9607146765625 0.5163218109375001 0.9508519218749999 0.4806004296875 0.944276753125 0.45678617499999996 0.9338006875 0.43276748437499996 0.9586371281250001 0.40668783125 0.94754775 0.3943718296875 0.9495921234375 0.3553628640625 0.92496011875 0.37754161875 0.9387071828125 0.339145965625 0.9181805125 0.3576282609375 0.9029858015625001 0.34900871875 0.8978582812499999 0.37220966093749996 0.88307244375 0.355788325 0.885337840625 0.3871999359375 0.8732262765625001 0.3943884171875 0.8800058828124999 0.41430177500000004 0.88186240625 0.453515178125 0.8806357828125 0.4769205578125 0.863805571875 0.49950818906250005 0.8701763046875 0.5272233390625 0.8660709703125 0.5309197984375 0.8777736609375 0.5315331109375 0.9050799359375 0.532964171875
868 0.9087763953125 0.53706950625 0.8777736609375 0.5315331109375 0.85416384375 0.5342073828125 0.8332282984375 0.5604914734374999 0.8400079046875 0.58040483125 0.8632088484375 0.5855323515624999 0.8944160203125 0.5871678499999999 0.9139205031250001 0.5881900375 0.9211089843750001 0.6003016015625 0.9560126171875 0.606042434375 0.9833188937499999 0.6074734953125 0.9915295609375001 0.6000805765624999 0.9950049968749999 0.533765334375 0.976113825 0.5210404578125 0.9481942359375 0.5313120859375 0.9358782343750001 0.5424014640625 0.9087763953125 0.53706950625
868 0.6749270359375 0.5209023703125 0.661997721875 0.5436944375 0.68088889375 0.5564193140625 0.7391979046875 0.5633867703125001 0.7934015828125001 0.5740506859375001 0.8207078593749999 0.575481746875 0.8375380703124999 0.5528941171875 0.8582691765625 0.5305109234375001 0.8270620046875001 0.5288754250000001 0.803656625 0.5276488015624999 0.7964681437500001 0.5155372375 0.777781409375 0.4989114640625 0.7469831109375 0.489474171875 0.7186546484375 0.50754759375 0.7030510609375 0.50672984375 0.6749270359375 0.5209023703125
1927 0.5234053796875 0.5012266234375 0.5147858375000001 0.5164213359375001 0.5293672375 0.5367435687500001 0.5880851234375 0.53590923125 0.6231931937499999 0.5377491671875 0.6433109890625001 0.5270686640625 0.644333175 0.50756418125 0.6293428999999999 0.49504374218749997 0.62215441875 0.482932178125 0.590742809375 0.48519757500000005 0.57944899375 0.4767824703125 0.5601489484375 0.4718593875 0.5437276125 0.4866452234375 0.5234053796875 0.5012266234375
868 0.37598905781249997 0.47785441874999995 0.3905704578125 0.4981766515625 0.460582159375 0.5057574203125 0.49569022812499997 0.50759735625 0.5147858375000001 0.5164213359375001 0.500408875 0.49219820625 0.4852141625 0.4835786640625 0.4706327625 0.46325643124999993 0.439425590625 0.46162093281249994 0.4119148765625 0.46409076875000005 0.388100621875 0.4706659375 0.37598905781249997 0.47785441874999995
323 0.4630354078125 0.45894666093750003 0.4652842171875 0.4160367984375 0.344969734375 0.39799655 0.1961223515625 0.40193062187499995 0.186497209375 0.510951290625 0.294495690625 0.540080915625 0.3534180140625 0.53534568125 0.3638774921875 0.4850429 0.4630354078125 0.45894666093750003
296 0.3538268890625 0.5275438890624999 0.3720881609375 0.47764998125 0.40411308281249997 0.46368189375 0.409036165625 0.4443818484375 0.4016432484375 0.4361711796875 0.40225655937499993 0.424468490625 0.32033773125 0.42017530625 0.323012003125 0.4437851234375 0.3072039796875 0.44686827031250004 0.3137791484375 0.47068252499999996 0.301258709375 0.4856728 0.302093046875 0.5443906859375 0.3411020125 0.546435059375 0.3538268890625 0.5275438890624999
183 0.7470494609375 0.7867600640625 0.6969511171875 0.7723996890625 0.6382332296875 0.7732340265625 0.6136012265625 0.79541278125 0.611147978125 0.8422235406249999 0.6290169624999999 0.8744529015625 0.6555054890625 0.8914875484375001 0.690613559375 0.8933274843750001 0.741529653125 0.8920842734375001 0.7743723250000001 0.8625125984374999 0.783605178125 0.835615196875 0.785036240625 0.8083089203125 0.7470494609375 0.7867600640625
358 0.7638962578124999 0.8384939078125001 0.7797042828125 0.835410759375 0.769841528125 0.799689378125 0.727544978125 0.7857378781250001 0.6889448859375 0.7758917109375 0.676628884375 0.7869810890625 0.6524057546875001 0.8013580515625 0.639680878125 0.8202492234375001 0.65077025625 0.832565225 0.69327124375 0.842615828125 0.7166766250000001 0.843842453125 0.740286440625 0.8411681796874999 0.7638962578124999 0.8384939078125001
183 0.972312453125 0.966764859375 0.9751745749999999 0.91215230625 0.9230318578125001 0.9368008968750001 0.841930778125 0.9169041265625 0.8000431015625 0.8951508328125 0.776842159375 0.8900233125 0.7971809796875 0.9497633859375 0.8501580328125 0.98383268125 0.9279715281250001 0.991822325 0.972312453125 0.966764859375
358 0.8187132484375 0.8374551328125 0.7873016374999999 0.83972053125 0.77396345 0.8703143921875001 0.776842159375 0.8900233125 0.815851125 0.8920676859375 0.8614352609375 0.9179263140625 0.9197442734375001 0.9248937703125 0.9511558828125001 0.922628371875 0.9761967625000001 0.8926478234375 0.9694171546874999 0.872734465625 0.9632508609375 0.8411184171875 0.9252640812499999 0.8195695609375001 0.8807187203125 0.8485279234374999 0.8649106953125001 0.8516110703124999 0.8343168343749999 0.8382728828125 0.8187132484375 0.8374551328125
1241 0.21942281718749998 0.8529869812499999 0.1917076671875 0.8593577124999999 0.16584903906249998 0.9049418484375 0.23381636718749998 0.9515315828125 0.26706791406249997 0.914158115625 0.28348925 0.899372278125 0.21942281718749998 0.8529869812499999
296 0.2926723421875 0.6495104578124999 0.29882204843750004 0.6068050328125 0.279930878125 0.59408015625 0.2813619390625 0.5667738796874999 0.171319084375 0.5766532203125 0.1661915640625 0.5998541625 0.157980896875 0.6072470812499999 0.1411672734375 0.704156184375 0.1949620765625 0.72262189375 0.242795021875 0.705570659375 0.2565420859375 0.6671750046875 0.2926723421875 0.6495104578124999
1869 0.423258453125 0.6954702937499999 0.4123735125 0.6792533953125 0.3856805484375 0.66611964375 0.3275759734375 0.655251290625 0.2526411890625 0.6669705671874999 0.2390985625 0.701465325 0.24608260781250002 0.7174777859375 0.264973778125 0.7302026625 0.322873915625 0.7449719124999999 0.365988215625 0.7433198265625001 0.3891891578125 0.748447346875 0.3976042640625 0.7371535312499999 0.423258453125 0.6954702937499999
868 0.2637305671875 0.67928656875 0.251210128125 0.69427684375 0.2664048390625 0.7028963859374999 0.2846826984375 0.727323953125 0.3431961484375 0.7303905125 0.3709112984375 0.72401978125 0.39102909375 0.7133392781250001 0.4076548671875 0.69465254375 0.373160109375 0.6811099171875 0.35467781249999997 0.6605832484375 0.31956974374999997 0.6587433125 0.27645544375000003 0.6603953984375 0.2637305671875 0.67928656875