407 0.48253961875 0 0 0.033742456250000004 0 0.049524026562500004 0.33819114375 0.20196747343750002 0.3615715515625 0.20033255625000002 0.3740792140625 0.21120529999999998 0.6312636953124999 0.193221209375 0.6390571640625 0.1926762375 0.9159978046875 0.17722644999999998 0.9728139062500001 0.1497587484375 0.95920195 0 0.48253961875 0
766 0.309086709375 0.6817288703125 0.5161586140625001 0.67508056875 0.51869291875 0.6553244109375 0.31633520625 0.673390428125 0.2749440046875 0.24946381875 0.286361721875 0.2447496265625 0.4809259640625 0.2272285796875 0.526676946875 0.7135029421875 0.53836715 0.712685484375 0.49787533437500003 0.2456223078125 0.5056688031250001 0.24507733593749997 0.5437082421875 0.6770699 0.570985384375 0.675162496875 0.573792175 0.6593030718749999 0.55013928125 0.6570412546875 0.5162690609375 0.22867293906250002 0.5006821234375 0.2297628828125 0.49904720625000004 0.20638247656250003 0.2540979 0.23134257812499998 0.3002032953125 0.6666869046875 0.23968101874999997 0.7531505968750001 0.54752305 0.731624184375 0.5464331046875001 0.716037246875 0.26586821562499996 0.7356562546875 0.309086709375 0.6817288703125
726 0.8219846109375 0.512726740625 0.815717428125 0.42310184531250006 0.8071065000000001 0.41195661406250006 0.68241099375 0.4206761734375 0.6676415140625 0.43345632187499994 0.6775329453125 0.518911996875 0.6808847078125 0.5108460406249999 0.8169979312500001 0.4974122890625 0.8219846109375 0.512726740625
228 0.4261526015625 0.56390074375 0.41555234375000005 0.5803051406249999 0.42751503281250003 0.583384415625 0.4310573546875 0.634041965625 0.43857833749999997 0.6296002578125 0.43558098906250003 0.586736178125 0.5602764953125 0.57801661875 0.567170578125 0.6206082125 0.5752365328125 0.623959975 0.5719666984375 0.5771991609375 0.5797601671875 0.5766541875 0.5783977359375 0.557170515625 0.4261526015625 0.56390074375
230 0.5489407046875 0.5279040421875 0.55447235625 0.5510119625 0.562265825 0.550466990625 0.560358421875 0.5231898484374999 0.5678794046875 0.5187481421875 0.5673344328125001 0.510954671875 0.4306762359375 0.51659495625 0.42370022656249995 0.52883013125 0.4242451984375 0.5366236015625 0.4359354015625 0.5358061421875 0.44092208125 0.55112059375 0.44926052343749995 0.5583690906250001 0.44789809218750004 0.53888541875 0.5489407046875 0.5279040421875
1985 0.22000678749999997 0.695789521875 0.2041473625 0.6929827328125 0.1880154515625 0.6862792093750001 0.19888819687499998 0.6737715468750001 0.20976094218750002 0.661263884375 0.212022759375 0.637610990625 0.194800903125 0.615320528125 0.17866899375 0.608617003125 0.167251275 0.613331196875 0.1524817953125 0.6261113453125 0.1532992546875 0.6378015484375 0.137712315625 0.63889149375 0.135995471875 0.67033785625 0.1448788859375 0.685379821875 0.1337336546875 0.69399075 0.1244958265625 0.7298788203125001 0.13700348906249998 0.740751565625 0.14117270937499998 0.7443758140625001 0.1375484609375 0.748545034375 0.11190623749999999 0.7738328453125 0.10656514375 0.8094484296875001 0.12378700000000001 0.8317388921875001 0.1438156453125 0.8381699296875 0.1632993171875 0.8368074984374999 0.182782990625 0.8354450671875 0.197279984375 0.8187681843749999 0.2073352703125 0.7945703187500001 0.2145837671875 0.7862318765625 0.2249115390625 0.7659307453124999 0.2355117984375 0.7495263484375 0.2413978640625 0.7217042328125001 0.228617715625 0.706934753125 0.22000678749999997 0.695789521875
171 0.1268947953125 0.42819534062500003 0.13079152968750002 0.4279228546875 0.214147425 0.8919886828125 0.22946187812500002 0.887002003125 0.1424817328125 0.42710539531249997 0.150002715625 0.42266368906249996 0.14945774375 0.4148702203125 0.13749505312500002 0.41179094374999997 0.12152699687499999 0.2954338796875 0.11010927968749999 0.300148071875 0.11119922499999998 0.3157350109375 0.12970158437499998 0.4123359171875 0.12607733593749998 0.4165051375 0.1268947953125 0.42819534062500003
2001 0.204884709375 0.1995418015625 0.2469847390625 0.5216083390625 0.333884771875 0.4763738109375 0.313366378125 0.23894548750000003 0.204884709375 0.1995418015625
2001 0 0.5174603765625 0.0079320359375 0.6308937765625 0.099099384375 0.5906863203125 0.0621498890625 0.17428069375 0 0.1548390890625 0 0.5174603765625
1050 0.1388860046875 0.039693756250000004 0.184474946875 0.075663753125 0.4452836765625 0.05351044218749999 0.41917840625 0.016178014062500003 0.1388860046875 0.039693756250000004
1050 0.2982157796875 0.1342786265625 0.3232311046875 0.1560241171875 0.494414940625 0.1401379890625 0.48108981875 0.1175750390625 0.2982157796875 0.1342786265625
1050 0.3838620140625 0.18311070000000002 0.392472940625 0.19425593125 0.5207926953124999 0.1813671515625 0.5160785031249999 0.169949434375 0.3838620140625 0.18311070000000002
1050 0.812775303125 0.15703395 0.80552680625 0.165372390625 0.9304947984374999 0.1605495671875 0.94136754375 0.1480419046875 0.812775303125 0.15703395
1051 0.8791017171875 0.09757491406249999 0.8687739453125 0.1178760453125 0.9664647953125 0.11496062343749999 0.964829878125 0.09158021718750001 0.8791017171875 0.09757491406249999
1939 0.995620821875 0.5319112234375 0.9691896578125 0.1539279703125 0.9159978046875 0.17722644999999998 0.9344449406249999 0.4970311703125 0.995620821875 0.5319112234375
1939 0.3740792140625 0.21120529999999998 0.3576748171875 0.2006050421875 0.3821985765625 0.551311153125 0.9308206921875 0.5012003921875 0.9121010703125 0.1774989359375 0.3740792140625 0.21120529999999998
1939 0 0.51746039375 0.028750678125 0.928614246875 0.366884125 0.5562978328125 0.386367796875 0.5549354015625 0.3576748171875 0.2006050421875 0.33819114375 0.20196747343750002 0 0.049524026562500004 0 0.51746039375
819 1 0.5389936421875 0.9997900421875 0.5355354718750001 0.9347174265625 0.50092790625 0.3899920453125 0.55076618125 0.3902645328125 0.554662915625 0.370780859375 0.556025346875 0.028753425 0.9286535203125 0.033742456250000004 1 0.427781334375 1 1 0.9622409218750001 1 0.5389936421875