407 0.1653644015625 0 0.40369150156250005 0.1748382453125 0.426900909375 0.178100115625 0.43687467968749993 0.1913357546875 0.692178165625 0.22721631874999998 0.699914634375 0.228303609375 0.9740156499999999 0.2707706328125 1 0.2643875875 1 0.06535663124999999 0.5349634078125 0 0.1653644015625 0
766 0.27547506718750003 0.638064553125 0.4794042125 0.674614203125 0.48599067187499995 0.655816675 0.2842988265625 0.6314153734375 0.33195141875 0.20814686249999997 0.3440997671875 0.2059095640625 0.5380551453125 0.229223575 0.48170423281249997 0.714383840625 0.4933089375 0.716014775 0.5508098593749999 0.250739328125 0.558546328125 0.2518266171875 0.5059382109375 0.682287953125 0.533015853125 0.6860934671875001 0.5390586671875 0.6711641734375 0.5163929046875 0.6640340703125001 0.5723256109375 0.23798461406250002 0.5568526734375 0.23581003437499998 0.5601145421875 0.2126006265625 0.3153284703125 0.186087465625 0.26991317656249997 0.621504325 0.1927366453125 0.6934952890625 0.49832718125 0.7364432375 0.5005017609375 0.7209703000000001 0.22198886718750002 0.6818278640625001 0.27547506718750003 0.638064553125
726 0.8123024359375 0.5793929953125 0.8248062703124999 0.4904235984375 0.8187007359375 0.4777316046875 0.6949172265625 0.4603349671875 0.677813353125 0.46976509218749996 0.6697214 0.5554098984375 0.6746769234375 0.5482170749999999 0.81060878125 0.5633764125 0.8123024359375 0.5793929953125
228 0.4144806328125 0.547150621875 0.40070135 0.560992625 0.41176240937499997 0.56649179375 0.404695025 0.6167788453124999 0.41297513906249994 0.6139979 0.4189552328125 0.57144731875 0.5427387421875001 0.5888439562500001 0.5406268828125 0.6319381828124999 0.54781970625 0.63689370625 0.5543434453125 0.590474890625 0.5620799140625 0.59156218125 0.5647981390625 0.5722210078125001 0.4144806328125 0.547150621875
230 0.54206965625 0.537469615625 0.542676021875 0.5612226687499999 0.5504124906250001 0.5623099593750001 0.5542180046875 0.535232315625 0.56249811875 0.5324513718749999 0.563585409375 0.5247149015625 0.42874084218749997 0.5018190953125 0.4193734375 0.5123365093750001 0.41828614843749995 0.520072978125 0.42989085156250006 0.5217039140625 0.43158450625 0.537720496875 0.4382336859375 0.54654425625 0.4409519109375 0.5272030828125 0.54206965625 0.537469615625
1985 0.1854183796875 0.6332971890625 0.1704890859375 0.6272543749999999 0.1561034375 0.6173433265625 0.1693390765625 0.6073695578125 0.182574715625 0.5973957875 0.18970481875 0.574730025 0.17749375 0.5493460375 0.1631081015625 0.5394349890625 0.150959753125 0.5416722875 0.13385587968749998 0.5511024124999999 0.1322249453125 0.5627071171875 0.11675200625 0.5605325375 0.1085346125 0.5909347687500001 0.1140965015625 0.6074949968750001 0.10140450781250002 0.61360053125 0.084907 0.646783709375 0.09488076875 0.660019346875 0.0982053578125 0.6644312265625001 0.093793478125 0.6677558171875 0.0634539671875 0.6871597109375001 0.050824693750000004 0.7208865328125 0.06303576250000001 0.7462705203125 0.0812896453125 0.7567252140625 0.10063081874999999 0.7594434390625 0.11997199218750002 0.7621616625 0.1376195109375 0.7488633046875 0.152486084375 0.72728483125 0.1613098421875 0.7206356515625 0.17563277187499998 0.7029254125 0.1894120546875 0.689083409375 0.20095403906249998 0.6630930562499999 0.1915239140625 0.6459891828125001 0.1854183796875 0.6332971890625
171 0.14997706718749998 0.3521915109375 0.1538453015625 0.35273515624999996 0.1388949609375 0.823990696875 0.15491154375 0.8222970421875001 0.16545000468749999 0.354366090625 0.17373011875 0.35158514531249996 0.174817409375 0.3438486765625 0.16375635 0.3383495078125 0.172329228125 0.22121517812499997 0.1601808796875 0.22345247812500002 0.1580063 0.23892541562499997 0.15601988125 0.3372622171875 0.1516080015625 0.34058680625000004 0.14997706718749998 0.3521915109375
2001 0.27380245937500003 0.1447496140625 0.248021103125 0.46853131406250004 0.34242695 0.4423528015625 0.3717210546875 0.20584684375 0.27380245937500003 0.1447496140625
2001 0 0.5239450328124999 0.089005278125 0.5053526828125 0.139438815625 0.0903642859375 0.059017728125 0.0451036421875 0 0.4650365953125 0 0.5239450328124999
1050 0.2635270203125 0 0.27959439218750004 0.0193351703125 0.5393097578125 0.051891146875 0.5215368 0.0099469296875 0.442845978125 0 0.2635270203125 0
1050 0.3786629984375 0.1003172171875 0.39861053750000003 0.1267884953125 0.56935650625 0.1468406375 0.561013671875 0.1220002953125 0.3786629984375 0.1003172171875
1050 0.452284896875 0.165889046875 0.45839043124999995 0.178581040625 0.5865858203125 0.19265308750000001 0.5843485203125 0.1805047390625 0.452284896875 0.165889046875
1050 1 0.246810021875 0.8772470625000001 0.2295582234375 0.8684233046875001 0.23620740156250003 0.9916631671875 0.257472275 1 0.25119002031250004 1 0.246810021875
1051 1 0.191585078125 0.9544863156250001 0.185188546875 0.9401633875 0.202898784375 1 0.213762809375 1 0.191585078125
1939 1 0.26541136875000004 0.9740156499999999 0.2707706328125 0.92556853125 0.5874222296875 0.9781556015625 0.63425925 1 0.47882827812500006 1 0.26541136875000004
1939 0.43687467968749993 0.1913357546875 0.42303267499999997 0.1775564703125 0.37410463125 0.5256975890625 0.9211566515625 0.59074681875 0.9701474156250001 0.2702269890625 0.43687467968749993 0.1913357546875
1939 0.06535663124999999 0 0 0.465036590625 0 0.785221740625 0.35808804843750003 0.52739124375 0.377429221875 0.5301094671875 0.42303267499999997 0.1775564703125 0.40369150156250005 0.1748382453125 0.1653644015625 0 0.06535663124999999 0
819 0.9273139453124999 1 0.981480190625 0.6386711296875001 0.9250248859375001 0.5912904640625001 0.3818411015625 0.526784878125 0.38129745625 0.5306531125 0.3619562828125 0.5279348875000001 0 0.78565705625 0 0.9270241796875001 0.50487599375 1 0.9273139453124999 1