174 0.7348748031250001 0.6509556375 0.7302744390625 0.6107706078125 0.7291132453125 0.586715428125 0.7013164328125 0.5804081578125 0.667244078125 0.5818866171875 0.6513913015624999 0.6346988671875 0.6500883859375 0.672009459375 0.6505050578125 0.7173849765625 0.6780226734375 0.731687371875 0.696011709375 0.7323155625 0.720276284375 0.725158025 0.7323176296875 0.6668760921875 0.7348748031250001 0.6509556375
407 0.018937140625 0 0.011565490624999999 0.16008014375 0.0052685578125 0.34040072499999996 0.44566275624999996 0.4514073890625 0.45221749375 0.43562653281249997 0.49665601718749997 0.42383689999999996 0.520641396875 0.42467448750000003 0.550250859375 0.4363816421875 0.5758627609375 0.44794919687499996 0.5853913421875 0.4616234046875 0.9992808656250001 0.414706025 1 0.394112709375 1 0.0171556125 0.508727521875 0 0.018937140625 0
1939 0.5424418640625001 0.43077236093750004 0.510740553125 0.42166044999999996 0.48266454531249997 0.42334830781250005 0.45221749375 0.43562653281249997 0.44566275624999996 0.4514073890625 0.443894515625 0.5020431921874999 0.5696316296874999 0.5117706125 0.5799977984375 0.5014594390625 0.5818591046875 0.44815859375 0.56424233125 0.43687023593749996 0.5424418640625001 0.43077236093750004
1939 0 0.4945406765625 0.29226630625 0.48874334062499997 0.4424541265625 0.48598313906249996 0.44566275624999996 0.4514073890625 0.0053612046875 0.337747634375 0 0.4912724578125 0 0.4945406765625
1939 0.99644025 0.55335801875 0.99527905625 0.529302840625 0.9993739312500001 0.41204098437500003 0.5833925609375 0.46155360468750006 0.5820896453125 0.4988641953125 0.7596089515625 0.515736475 0.9326653671875 0.5457943671875001 0.99644025 0.55335801875
1316 0.9134220734375 0.5237760390624999 0.9170473749999999 0.53457580625 0.9157000515625 0.5158507109375 0.9160723125000001 0.50519054375 0.9201629406249999 0.5026650984375001 0.922347853125 0.49740481406250003 0.9224409187499999 0.49473977031249994 0.9144457921875 0.494460575 0.9141665968750001 0.5024557015625 0.9081702515625001 0.5022463046875 0.9017085796875 0.5153621187499999 0.8993375374999999 0.5259524890625 0.8930619953125 0.53373821875 0.9090522484375001 0.5342966109375 0.9113302265625001 0.5263712828125 0.9134220734375 0.5237760390624999
176 0 0.7750804796875 0.4596986390625 0.5079316671874999 0.4420818640625 0.496643309375 0.4403622796875 0.4885783828125 0 0.4944449921875 0 0.7750804796875
176 0 0.9799550343749999 0.21090207656249998 0.9848726671874999 0.23038015781249999 0.94286018125 0.23693489375 0.927079325 0.246928803125 0.9274283203125 0.26691661875 0.9281263109375001 0.2728198984375 0.9310007499999999 0.277748115625 0.904489925 0.28276939687499997 0.8753140593750001 0.2897894609375 0.8462079906250001 0.2946246125 0.822362209375 0.3086160828125 0.8228508031249999 0.3286039 0.8235487921875 0.32925535781250004 0.8048934984375 0.33209172656249997 0.7809779171875 0.3386464640625 0.7651970609375 0.346827721875 0.760146171875 0.3548228484375 0.7604253671875 0.35728695625 0.7471699562499999 0.3617498453125 0.73398434375 0.3663058015625 0.7181336875000001 0.378484621875 0.713222396875 0.38494629375 0.7001065828125 0.38959531406250003 0.681590884375 0.3996822875 0.6792748390625001 0.404145178125 0.666089225 0.41042071875 0.6583034953125 0.4184158453125 0.6585826906250001 0.416882390625 0.64518768125 0.425063646875 0.64013679375 0.42915427656249994 0.6376113484375 0.43343103593750004 0.6297558203125 0.503671834375 0.5094672453125 0.4596986390625 0.5079316671874999 0 0.7726807546875001 0 0.9799550343749999
176 0.6606087890625 1 0.6596528859374999 0.971192175 0.6523092171875 0.9522576859375 0.6464059375 0.9493832453125 0.6304156843750001 0.9488248531249999 0.62934755625 0.9221046328125 0.6285586234375 0.8873892859374999 0.6254917140625 0.8605992656250001 0.6220525421875001 0.8444694140625 0.618054978125 0.844329815625 0.6100598515625 0.8440506203125 0.610525178125 0.8307254093750001 0.6111766359375 0.8120701140625 0.6077374640625 0.7959402625 0.606297075 0.779880209375 0.6025787078125 0.7717454859374999 0.59458358125 0.7714662890625 0.593329321875 0.750076153125 0.5917958671875 0.7366811421875 0.5880775 0.7285464171875 0.5801754375 0.7256021796875001 0.5827326125 0.7096817265625 0.5831048734375 0.6990215562500001 0.577294659375 0.6934820765625 0.5776669203125 0.6828219062499999 0.5760404 0.6720919375000001 0.5722289671875 0.6666222562499999 0.5708816421875 0.6478971609374999 0.5688828609375001 0.6478273625 0.5376511234375 0.5106538281249999 0.49958120624999997 0.511992690625 0.42915427656249994 0.6376113484375 0.418881171875 0.64525748125 0.41850891093750003 0.65591765 0.412326434375 0.6610383375 0.4018672 0.6740145531249999 0.3996822875 0.6792748390625001 0.38959531406250003 0.681590884375 0.3830405765625 0.697371740625 0.380669534375 0.7079621109375 0.3744870578125 0.7130827984375 0.3662127359375 0.7207987296875 0.36165678125 0.7366493843749999 0.3549159125 0.7577603265625 0.34673465625 0.7628112140625001 0.3365546171875 0.767792303125 0.3294414875 0.7995634125 0.328696965625 0.8208837515624999 0.3005278921875 0.8252366484375001 0.29253276562499997 0.8249574531249999 0.280956746875 0.8699141750000001 0.2729129640625 0.9283357078125001 0.252925146875 0.9276377171875 0.23684182968749998 0.92974436875 0.21090207656249998 0.9848726671874999 0.6440922140625001 1 0.6606087890625 1
176 0.5940823359375 0.4992829890625 0.9851391812499999 0.705056028125 0.991325903125 0.585198928125 0.9945345343750001 0.5506231781250001 0.5940823359375 0.4992829890625
176 0.9788419484374999 1 0.9791787546874999 0.990355140625 0.9871379625 0.7051258265625 0.829841259375 0.6249207250000001 0.8060420109375 0.6187530531250001 0.78005785 0.617845665625 0.7417087359375001 0.6271796546874999 0.7353401296875 0.637630425 0.7409642140625 0.6484999921875 0.7249253046875 0.7066423281249999 0.736545734375 0.7177212890625 0.74700496875 0.704745075 0.748073096875 0.7314652953125 0.757601678125 0.7451395015625 0.7636910890624999 0.74268385625 0.7703388906249999 0.7242379578125 0.769687434375 0.742893253125 0.7787506890625 0.7698926703125 0.78683888125 0.7675068234375 0.7934866828125 0.7490609265625 0.7947409421875 0.7704510625000001 0.7980870484375 0.78924595625 0.8097074765625001 0.8003249171875 0.81779566875 0.797939071875 0.82216549375 0.7874185015624999 0.821234840625 0.8140689234374999 0.8305772906250001 0.8330732125000001 0.8405712 0.8334222078125 0.8567475828125 0.8286505156249999 0.85930475625 0.8127300625 0.8601867546875 0.8447803671875 0.8574434500000001 0.86603090625 0.870597334375 0.890504878125 0.8904920859375001 0.8938679109375001 0.9029501015625 0.8809614937499999 0.9169859828125 0.937485771875 0.9380419281249999 0.9649039828125 0.9630954359375 0.9924617921875001 0.9691133875 1 0.9788419484374999 1
176 0.7074058421875 0.5779525125 0.7291132453125 0.586715428125 0.7321801546875 0.6135054484375 0.7335274796875 0.6322305421875 0.7557932734375 0.6250032046875 0.7921436046875 0.6155994171875 0.7963272984375 0.6104089312500001 0.5920835546875 0.499213190625 0.5801839296875 0.496129353125 0.5675397828125 0.51436585625 0.5804144703125 0.5468349546875 0.6476729328124999 0.62656414375 0.6564125828125 0.6055230015624999 0.6653383625 0.5791517749999999 0.68541924375 0.5771847250000001 0.7074058421875 0.5779525125
1050 0.44567549375000004 0.10719814999999999 0.45394981718749994 0.09948222031250001 0.45771683906250005 0.048916218750000004 0.42601552812500004 0.0398043078125 0.42006359375 0.0956305953125 0.42187624531249995 0.10103047812499999 0.43168402187500005 0.1067095578125 0.44567549375000004 0.10719814999999999
1050 0.4728208484375 0.132160715625 0.4490216 0.1259930453125 0.4429766 0.18448437499999998 0.4527843765625 0.1901634546875 0.47286525937499996 0.1881964015625 0.4728208484375 0.132160715625
1050 0.4818354484375 0.21786086249999997 0.46003498125000003 0.2117629875 0.459104328125 0.23841340937500002 0.4670063890625 0.24135764843750002 0.4809978609375 0.2418462421875 0.4818354484375 0.21786086249999997
1050 0.7802123062499999 0.21227065937499998 0.792018865625 0.21801953593749998 0.80819525 0.21324784531250002 0.81005655625 0.159947 0.7819805484375 0.16163485625000001 0.7802123062499999 0.21227065937499998
1050 0.7339611328125 0.21866040781249999 0.730566371875 0.2585662421875 0.73447086875 0.26137088125 0.7483692750000001 0.26452451718750003 0.7545517515625 0.25940383125 0.757853446875 0.22216303750000002 0.7339611328125 0.21866040781249999
1050 0.21334725 0.227163090625 0.2169281421875 0.1819271734375 0.19075785 0.1863498703125 0.1893618703125 0.226325503125 0.21334725 0.227163090625
1050 0.1411605703125 0.173944728125 0.14320800625000002 0.1153137984375 0.11322628125 0.11426681406250001 0.1151764078125 0.173037340625 0.1411605703125 0.173944728125
819 0.9771945671875001 1 0.9802955390625 0.958374634375 0.565541 0.51429605625 0.5375580578125 0.5133188703125 0.6346437875000001 0.9996700531249999 0.6392879046875 1 0.9771945671875001 1
1050 0.491036178125 0.298230921875 0.492246028125 0.2635853734375 0.47425699374999997 0.26295718125 0.47304714375 0.29760273125 0.491036178125 0.298230921875
511 0.0602659140625 0.5420124265624999 0.113953821875 0.5518921265625 0.130037140625 0.549785478125 0.14236192812499998 0.368772003125 0.12256024218749999 0.3627439296875 0.068686203125 0.3581943140625 0.0602659140625 0.5420124265624999
511 0.231372203125 0.51329979375 0.2631665796875 0.5197466625 0.275252334375 0.5175004125 0.2790680125 0.40823368281250005 0.2730716671875 0.40802428593749995 0.23918544531250002 0.4041726609375 0.231372203125 0.51329979375
511 0.8656331984375001 0.6315071921875 0.8755425328124999 0.405048403125 0.8212962328125 0.4111589578125 0.809210478125 0.41340520625000005 0.7982330140625 0.6131437734375 0.80985344375 0.6242227359375 0.8656331984375001 0.6315071921875
511 0.7022470859375 0.5537577359375 0.7384112859374999 0.5496840328125 0.7443188109375 0.437822059375 0.7123383046875 0.436705275 0.70225133125 0.43902132343750006 0.698435653125 0.5482880531250001 0.7022470859375 0.5537577359375