174 0.29138145937500004 0.5589243765624999 0.26307763125 0.5622915374999999 0.25940834687500003 0.5860935609375 0.2506327046875 0.625577584375 0.251511728125 0.641678121875 0.25739498906249997 0.70089944375 0.280778475 0.7105541109375 0.29873462812499996 0.711809728125 0.3275965078125 0.70046205625 0.3327539296875 0.655378665625 0.33535817031250004 0.6181362734375 0.32511261875 0.5639562671875 0.29138145937500004 0.5589243765624999
407 0.037752223437499996 0 0.0123698953125 0.3629842125 0.41908788750000003 0.45290780937499997 0.42999361406250003 0.44030451875 0.45667434843750004 0.4314775046875 0.48734533906250005 0.42292951562500003 0.5112868765624999 0.4246036703125 0.5542496078125 0.44097380937499997 0.5591188890625001 0.45735337343750004 1 0.394234640625 1 0.033742456250000004 0.517460384375 0 0.037752223437499996 0
1939 0.497506996875 0.420966909375 0.46502689531249997 0.4267152140625 0.44270845156250005 0.43050091406249996 0.4240082296875 0.4398859796875 0.420287884375 0.49308939687500003 0.42951945625 0.5044276437499999 0.5555845609375 0.50789661875 0.5591188890625001 0.45735337343750004 0.5542496078125 0.44097380937499997 0.5252527734375 0.4255802609375 0.497506996875 0.420966909375
1939 1 0.3916647265625 0.5591188890625001 0.45735337343750004 0.5586957921875 0.49207510625 0.7077723484375 0.510519090625 0.9979449468749999 0.54684900625 1 0.517460378125 1 0.3916647265625
1939 0.240168303125 0.48851374375 0.4184787734375 0.4902897125 0.421083015625 0.453047321875 0.012555912499999999 0.36032404218749997 0.004371153125 0.47737155781249996 0.0007018703125 0.50117358125 0.064918003125 0.5003176546875 0.240168303125 0.48851374375
1316 0.0804231 0.45061148749999996 0.0802370828125 0.4532716578125 0.0818601765625 0.4587315125 0.085664415625 0.461670709375 0.084920346875 0.4723113921875 0.081623096875 0.490793075 0.0863574234375 0.48043141718750004 0.08816653437500001 0.4832311015625 0.089603609375 0.4913511265625 0.10556463437500001 0.4924672296875 0.1001373015625 0.4840681796875 0.09888624375 0.4732879828125 0.0938309453125 0.459568590625 0.0878455609375 0.45915005156250005 0.08840361249999999 0.4511695390625 0.0804231 0.45061148749999996
176 0.9760459718750001 0.8313477671875 0.9879930234375 0.68916814375 0.99795168125 0.546752709375 0.560504903125 0.49487479062500006 0.5579517234375 0.502715790625 0.5392515015625 0.51210085625 0.9760459718750001 0.8313477671875
176 0.96625754375 1 0.97812806875 0.8302435640624999 0.5392515015625 0.51210085625 0.4953586828125 0.509031571875 0.5526411171875 0.63600335625 0.5560733203125 0.64426289375 0.5598775593750001 0.6472020921875 0.5674860374999999 0.653080484375 0.5645608234374999 0.666241825 0.5725413359375 0.6667998765625 0.57796866875 0.675198928125 0.5810288375 0.688778809375 0.5908184609375 0.69213654375 0.593506596875 0.7110367656250001 0.5985618953125 0.7247561578124999 0.6101606281249999 0.730913578125 0.61303478125 0.747153628125 0.6160949515625 0.7607335078124999 0.61715999375 0.774173875 0.62514050625 0.7747319265625 0.6327489828124999 0.7806103203125 0.6376182640625 0.7969898843750001 0.6379392375 0.821070934375 0.6366371156249999 0.8396921296875 0.6565883968749999 0.841087259375 0.67055429375 0.8420638500000001 0.6728703953124999 0.8662844125 0.6768095890625 0.89596483125 0.6787536546874999 0.9255057359375 0.6808837390625 0.9523864703125 0.687055140625 0.9501448375000001 0.707006421875 0.9515399671875 0.7169820625 0.95223753125 0.7218513421874999 0.9686170953125 0.7325799984375 1 0.96625754375 1
176 0.73250108125 1 0.7167960453125 0.9548977031250001 0.7010210375 0.951121428125 0.68106975625 0.9497262984375 0.6791767515625 0.8907840015625 0.6723634046875 0.8448635328125 0.6643828921875 0.8443054812499999 0.6368231328125 0.8370319593750001 0.6383112718749999 0.8157505921875 0.63455809375 0.783410003125 0.6249544874999999 0.7773920984375 0.6173460109375 0.7715137046875 0.6128487640625 0.7498137984375 0.6099746109375 0.7335737484375 0.6025521515625 0.725035184375 0.5969388015625 0.7192963031249999 0.5956877421875 0.7085161078125 0.5908184609375 0.69213654375 0.5810288375 0.688778809375 0.5794057453125 0.683318953125 0.570360190625 0.6693205343749999 0.564746840625 0.6635816546875 0.565490909375 0.652940971875 0.5560733203125 0.64426289375 0.499162921875 0.51197076875 0.46144150625 0.5066598515625 0.41604231875000003 0.6398173296875 0.414047190625 0.639677815625 0.41074994218749994 0.6581595 0.4063876515625 0.6632008140625001 0.4036484546875 0.6737019859375 0.4029043859375 0.68434266875 0.39654696718750004 0.689244471875 0.395802896875 0.6998851546875 0.396681921875 0.7159856921875 0.38851539218750003 0.7180878109375 0.383967084375 0.725789296875 0.3810418703125 0.7389506390625 0.377558603125 0.7600924921875001 0.3695780921875 0.759534440625 0.3650297828125 0.7672359265625001 0.36191855156249997 0.7830574390625 0.3568121921875 0.7987394375 0.3555100703125 0.8173606343750001 0.354579984375 0.8306614874999999 0.346599471875 0.8301034359375 0.342609215625 0.829824409375 0.33750285625 0.8455064078125 0.331652428125 0.8718290906249999 0.327239075 0.906271796875 0.32338377500000004 0.93273399375 0.30742275 0.9316178890625 0.3012513484375 0.9338595218749999 0.29196871406249997 0.9519226640625 0.287927396875 0.9810450312500001 0.5589960703125 1 0.73250108125 1
176 0 0.6516593828125 0.4065080046875 0.4894526359375 0.0028830156249999997 0.4986529234375 0.00245991875 0.5333746578125 0 0.5796153453125 0 0.6516593828125
176 0 0.930625234375 0.0157620125 0.916569340625 0.03956859375 0.891502275 0.059435981250000006 0.8367547921874999 0.0704766640625 0.8508927234374999 0.0906139625 0.84962768125 0.10625401406249999 0.8266627359375001 0.1057470234375 0.80524185625 0.109974359375 0.7734593203125 0.110853384375 0.7895598578125 0.1264423734375 0.7959963015625 0.1364180140625 0.7966938671875 0.1476957765625 0.7787702375000001 0.1495559484375 0.752168528125 0.1528021359375 0.7630882375 0.16059663125 0.766306459375 0.17331146875 0.7565028546875 0.1786038453125 0.738160684375 0.18208711093750002 0.7170188328125 0.186770375 0.7360585656249999 0.1945648703125 0.7392767890624999 0.2064006828125 0.7133726453125 0.20770280468750002 0.6947514499999999 0.21238606718750003 0.713791184375 0.218185434375 0.71686989375 0.2290911609375 0.7042666046875 0.2329464625 0.677804409375 0.2419920171875 0.6918028281249999 0.2547068546875 0.6819992234375001 0.24483333749999997 0.622498875 0.25156279062500003 0.6122767296875 0.246321475 0.601217509375 0.20915811093749997 0.587926078125 0.1832214453125 0.5861124109375 0.15890787343749999 0.589758596875 0 0.650811378125 0 0.930625234375
176 0.1937551375 0.5788294625 0.197373359375 0.5844288296875 0.2325415953125 0.5975807468750001 0.253929953125 0.6070959015625 0.2572272015625 0.58861421875 0.26307763125 0.5622915374999999 0.28558209218749997 0.5558456671875 0.3075285015625 0.5573803093749999 0.327293765625 0.5614356093749999 0.3334141046875 0.58859536875 0.3399064796875 0.6104347875 0.41513046249999996 0.5381727875 0.43132856718749996 0.507227328125 0.42065991875000003 0.4877690546875 0.4085031328125 0.4895921484375 0.1937551375 0.5788294625
1050 0.61939945625 0.11138223124999999 0.6217666187499999 0.106201403125 0.621682725 0.050058790625 0.5892026234375 0.0558070953125 0.5876634234375 0.10648985312499999 0.595085884375 0.11502841718750001 0.60905178125 0.1160050078125 0.61939945625 0.11138223124999999
1050 0.5897935078125001 0.1333705875 0.5654799359375 0.13701677343750002 0.5595784453125 0.19274084687499998 0.579343709375 0.19679614843749998 0.589691384375 0.192173371875 0.5897935078125001 0.1333705875
1050 0.5698750578125 0.2175194625 0.5475566140625 0.22130516249999999 0.545882459375 0.24524669999999998 0.5598483562500001 0.246223290625 0.5680148859374999 0.2441211703125 0.5698750578125 0.2175194625
1050 0.239055828125 0.189039971875 0.25139863125 0.1845567078125 0.254932959375 0.13401346249999999 0.2271871828125 0.129400109375 0.22346683750000002 0.1826035265625 0.239055828125 0.189039971875
1050 0.27760520781250003 0.23985281875000003 0.291757121875 0.23816923750000002 0.29593339531249996 0.23578809375 0.296728525 0.19574601875 0.272600971875 0.1967320328125 0.2719918578125 0.2341139375 0.27760520781250003 0.23985281875000003
1050 0.837543196875 0.260295246875 0.84033345625 0.2203926859375 0.814768825 0.21325867656250003 0.813601659375 0.25862109218749996 0.837543196875 0.260295246875
1050 0.9168923921875001 0.2150534953125 0.924975028125 0.1568087625 0.89504810625 0.15471606875 0.8909557265625001 0.2132398265625 0.9168923921875001 0.2150534953125
819 0 0.958781040625 0.23985830468749997 0.980356890625 0.3138640625 0.9828587000000001 0.46125548906249997 0.509320021875 0.4333236953125 0.507366840625 0 0.883459578125 0 0.958781040625
1050 0.54796148125 0.301528825 0.55037970625 0.26694660468750003 0.532423553125 0.26569098750000003 0.530005328125 0.300273209375 0.54796148125 0.301528825
511 0.8693959546875 0.4068742421875 0.8627321640625001 0.588184396875 0.878507171875 0.5919606703125 0.9329336828124999 0.5877470078125 0.9437737453124999 0.404055709375 0.8897192703125001 0.40294903125000003 0.8693959546875 0.4068742421875
511 0.7293138906250001 0.4318300703125 0.7216871828125 0.540897071875 0.733471934375 0.544394321875 0.76576601875 0.5413061875 0.7694024703125 0.43196015781249997 0.735299275 0.43224860937500004 0.7293138906250001 0.4318300703125
511 0.20153503125 0.3815582859375 0.1897502796875 0.37806103593749996 0.136439871875 0.366313675 0.1226235328125 0.59256770625 0.1788591546875 0.5911537250000001 0.1915739921875 0.581350121875 0.20153503125 0.3815582859375
511 0.29544100625 0.4148566140625 0.2635189578125 0.41262440624999996 0.25770136093749996 0.52449109375 0.29324163125 0.53232266875 0.297603921875 0.5272813515625 0.3052306296875 0.41821434999999996 0.29544100625 0.4148566140625