275 1 0.0821235515625 0.7655949234375 0.0391182453125 0.60804658125 0.6575187921875 0.8496943890624999 1 0.9126066015625 1 1 0.48504577031249996 1 0.0821235515625
275 0.2459035671875 0 0.1505094609375 0.574695875 0.60804658125 0.6575187921875 0.7687312546875 0.0396712640625 0.5437443359375 0 0.2459035671875 0
275 0.083684028125 0 0 0.47459570781249993 0 0.737148653125 0.1470060078125 0.5762248999999999 0.245639221875 0 0.083684028125 0
268 0 0.9039816406250001 0.1657729296875 0.9466332749999999 0.250526790625 0.8327709109375 0.236114259375 0.8044682406250001 0.0779970109375 0.7658540078125 0 0.8560483890624999 0 0.9039816406250001
268 0.0728257125 0.7585018296875 0.0619482375 0.7651709546875 0.19977901874999998 0.808795253125 0.27275340625 0.7250575390625 0.1430308890625 0.67212905 0.0604481484375 0.7369983171875 0.07115786562500001 0.7496206265625001 0.0728257125 0.7585018296875
278 0.8083237015625 1 0.7698885203125 0.9501097484375001 0.659749834375 0.9328361046874999 0.66141768125 0.9417173078125 0.6540436578125 0.9468574078125 0.6317222234375001 0.9450683156249999 0.63856136875 0.9613016968749999 0.62418044375 0.9694998484375 0.622711959375 0.97782803125 0.6000290828125 1 0.8083237015625 1
278 0.8896635828124999 1 0.7158463890625 0.743076965625 0.6832771765625 0.8360859828124999 0.6932526515624999 0.8528723843750001 0.7067315796875 0.8681297578124999 0.6943856203125 0.8831270671875 0.73575600625 0.9419444859375 0.7702556421875 0.9480277015624999 0.8099581796875001 0.9979639171875 0.8143503484375 1 0.8896635828124999 1
278 0.6027755124999999 1 0.624914684375 0.96533575625 0.6357921609375 0.9586666312500001 0.6320893437499999 0.9429862703125 0.6547778984375 0.9426933156249999 0.6573477453125001 0.9281189937500001 0.724312046875 0.93348626875 0.6916164109375 0.8804920015625 0.570967371875 0.8678054375 0.5414712781250001 0.88836583125 0.5337617390625 0.9320887984375 0.575950790625 1 0.6027755124999999 1
278 0.57133449375 0.8657233921874999 0.69825619375 0.8795159953124999 0.7008260390625 0.864941671875 0.685878628125 0.85801248125 0.700762828125 0.79194003125 0.6680987984375 0.775446584375 0.6769097000000001 0.7254774796875 0.6482839968749999 0.686081528125 0.5667394078125 0.6717030171875 0.5614003515625 0.6836422734375 0.52062805625 0.6764530171875001 0.512719153125 0.7029665953124999 0.5018416796875 0.7096357203125 0.49336629375 0.72102195625 0.46053450468749996 0.7238199437499999 0.4524578453125 0.7696249546875 0.481051940625 0.7725200875 0.49899952968749994 0.8357945515624999 0.47484249062500006 0.8444156890625001 0.48521669375 0.895620865625 0.533562375 0.914879409375 0.5387020671875 0.8857307671875001 0.57133449375 0.8657233921874999
278 0.530037046875 0.6781120765625 0.558264021875 0.683089253125 0.5636030765625 0.671149996875 0.6521545703125 0.68247045625 0.6532559328125 0.6762243171875 0.6377420390624999 0.6541677859374999 0.6340392234375 0.6384874234375 0.6362103421875 0.589494328125 0.6623391375 0.5146707046875 0.6781569421875 0.4616435484375 0.6139302421874999 0.4224105171875 0.60655621875 0.4275506171875 0.61302824375 0.44586604375 0.6028850109375 0.4483710765625 0.5857664812500001 0.49043498281250003 0.57045195 0.48558783906249997 0.5627108062499999 0.4928099828125 0.5706513125 0.502797225 0.5723191609375 0.5116784296875 0.5697809203124999 0.562753571875 0.54782660625 0.558882434375 0.5365820109375 0.56763360625 0.5591028078125 0.5866320859374999 0.5238689328125 0.5847129609375 0.511155853125 0.601792315625 0.496240046875 0.631363946875 0.46697492343749997 0.70563455 0.46053450468749996 0.7238199437499999 0.5046108874999999 0.7122707859374999 0.530037046875 0.6781120765625
278 0.5496938171875 0.5849730265625 0.5397183421875 0.568186625 0.5540992671875 0.5599884734375 0.5666445890625 0.5622005531250001 0.575455490625 0.5122314484375 0.5533018140625 0.4911509234375 0.5715533125000001 0.4793417 0.5837315140625 0.483635825 0.6104267921875 0.42393954375 0.57002161875 0.4146682421875 0.5388576765625 0.4263474328125 0.52541035625 0.4475908796875 0.5001519546875001 0.46245815625000003 0.46658592499999996 0.46942023437499997 0.45257212031250005 0.4755363390625 0.532648228125 0.49824303593749997 0.49213850625 0.581264809375 0.4070904640625 0.5684153249999999 0.40825503906250005 0.6351708296874999 0.40925185624999993 0.7212177671875 0.4616358671875 0.71757380625 0.5207326015625 0.5841599421875 0.5496938171875 0.5849730265625
278 0.5318507734375 0.429405484375 0.4333554109375 0.437799446875 0.430953321875 0.43308233593749995 0.444232884375 0.431130321875 0.42705114375 0.40019258750000003 0.339999740625 0.41704476562500004 0.3422340703125 0.4410533109375 0.3258181765625 0.44245230468749996 0.3291538703125 0.4602147109375 0.34280055468750004 0.45618065156250004 0.356646603125 0.46935597968750004 0.39815314062499996 0.47238114375 0.4837360609375 0.46385714843750003 0.47652979375 0.4497058140625 0.527245959375 0.43718065 0.5318507734375 0.429405484375
278 0.3940199921875 0.3857811875 0.43369092499999995 0.3992165796875 0.4599145375 0.43389542031249995 0.5388576765625 0.4263474328125 0.5668852875 0.41411522187500005 0.5642838343750001 0.3921887234375 0.5552419640624999 0.3884476171875 0.5578118109375 0.3738732953125 0.5363923765624999 0.3486286796875 0.5000571375 0.35295569375 0.4956200796875 0.3414394234375 0.4220159984375 0.3370481546875 0.3384364375 0.315870484375 0.322587028125 0.3323968203125 0.29546141718749996 0.32117350624999996 0.2857169125 0.3580973125 0.341069496875 0.37429780625000003 0.3615553265625 0.3864971265625 0.3940199921875 0.3857811875
278 0.39894086562500003 0.743014234375 0.40961897656249996 0.7191357218750001 0.414831609375 0.56119318125 0.3849367890625 0.5473347984375 0.372192103125 0.5279133328125 0.40225468124999997 0.5224802796875 0.40482452812499997 0.507905959375 0.39521617343750004 0.48903751093750003 0.27973843125000003 0.483703125 0.26148693437500004 0.4955123484375 0.2729308921875 0.503970565625 0.2710952875 0.5143807953125 0.2607842984375 0.5361772625000001 0.2921476015625 0.5417074578125 0.3083957390625 0.5595998984375 0.2949484171875 0.5808433453124999 0.27889964375 0.5801602921875 0.276329796875 0.594734615625 0.29885059531249997 0.6137330953125 0.298147959375 0.6543980078125 0.2843335171875 0.6777235015625 0.264445778125 0.717152340625 0.29987901875 0.7362808546874999 0.32627038750000004 0.7516682609374999 0.4509893625 0.7779531390625001 0.455761934375 0.750886540625 0.39894086562500003 0.743014234375
268 0.3770181578125 0.7756439171875 0.41024867187499997 0.80726470625 0.4825520296875 0.8006927234375001 0.44895439374999996 0.7711539828125 0.3770181578125 0.7756439171875
278 1 0.14279348281249998 0.9313487671875 0.16280340937499999 0.9027546734375 0.159908278125 0.8612797421874999 0.1933839359375 0.8361891 0.1889597796875 0.776997546875 0.21287117968749997 0.7853051765625 0.22077637656250002 0.7720256140624999 0.222728390625 0.7343896484375 0.2160921546875 0.7175020875 0.3118662703125 1 0.2958006703125 1 0.14279348281249998
278 1 0.3230362453125 0.9906983500000001 0.3213961140625 0.944219878125 0.3282281609375 0.8947728328125001 0.31521575468749996 0.8143612093750001 0.331091925 0.7704525828125 0.32334965000000004 0.7320823765625 0.32087750625 0.7302467734375 0.3312877359375 0.699617709375 0.321593446875 0.6771917296875001 0.41209743125 0.7078207937500001 0.4217917203125 0.7329114359375 0.426215878125 0.7443553953125 0.43467409375 0.79233395625 0.4560146859375 0.8504557515625001 0.47485024375 0.9941920718749999 0.5216626265625 1 0.491581571875 1 0.3230362453125
278 0.5127167328125 0.06107915625 0.4961646875 0.11827040468750001 0.726417534375 0.16960409062499998 0.7394661296875 0.11394186875000001 0.5127167328125 0.06107915625
278 0.4946962046875 0.1265985875 0.47464070625000004 0.1853188640625 0.70212434375 0.23401748281249998 0.7151729375 0.1783552609375 0.4946962046875 0.1265985875
278 0.260635996875 0.15187761718749998 0.24354907187500002 0.23044234375 0.6883731140625 0.33034461875 0.70969773125 0.246086771875 0.260635996875 0.15187761718749998
278 0.6744225203124999 0.40946236562499994 0.6907752031250001 0.3350617296875 0.621775934375 0.32289529687499996 0.568458315625 0.3134939625 0.49945904687500003 0.3013275296875 0.35702345156250004 0.2654783953125 0.3088771328125 0.26342923749999997 0.24097922500000002 0.24501666718749998 0.22242381875 0.3319095796875 0.5607803828125 0.39371774843749996 0.6744225203124999 0.40946236562499994
268 0.258530509375 0.915759796875 0.301473925 0.8739559546875 0.23174041406249998 0.8659536125 0.1932340546875 0.9192737234375 0.258530509375 0.915759796875
268 0.5719113671875 1 0.5743978828125 0.9950703093750001 0.4959264109375 0.9082431734374999 0.40757428124999995 0.9141321031249999 0.40113386249999994 0.9323174968749999 0.46409143906250006 0.9970881 0.48060564531249994 1 0.5719113671875 1
278 0.09015171250000001 0 0.0696869625 0.1160613703125 0.1232039421875 0.14267209218750002 0.15297233906250002 0.010527189062500001 0.1401721703125 0 0.09015171250000001 0
278 0 0.584474915625 0.0348639609375 0.5886529203124999 0.0874157296875 0.5657175265625 0.1097468921875 0.36571107812500003 0.028202301562499997 0.3513325671875 0 0.5607851125 0 0.584474915625
819 0.8466490640625001 1 0.60804658125 0.6575187921875 0.15014233906250002 0.5767779203125001 0 0.7406836343750001 0 0.9156938203125 0.29436247656250003 0.9693070828125 0.47654885468749997 1 0.8466490640625001 1
278 0.151841790625 0.6221599453125 0.0935838453125 0.659116640625 0.0925140890625 0.7018636015624999 0.152807003125 0.6717060625 0.23104750625 0.7048229874999999 0.2648128984375 0.7150702953125 0.3005184421875 0.6226142984374999 0.27429483125 0.5879354578125 0.3026895609375 0.5736212015625 0.29454969062499997 0.5464245703125 0.1886486984375 0.523457809375 0.1698307140625 0.520139690625 0.160285571875 0.5742728875 0.151841790625 0.6221599453125
278 0.25507769062499996 0 0.24652737343750003 0.0484912578125 0.4806507921875 0.096213871875 0.49830420000000003 0.0327764859375 0.343772721875 0 0.25507769062499996 0
278 0.31132055625 0.10285163125 0.3069151046875 0.1278361828125 0.46503235312499996 0.16645041562500001 0.47918230937499995 0.10454205624999999 0.24579313125 0.052655350000000004 0.242121921875 0.0734758109375 0.31132055625 0.10285163125
278 0.236583503125 0.06820567968749999 0.2159299171875 0.075297790625 0.21799649062499998 0.11859776875000001 0.2893978484375 0.1354813140625 0.2916005734375 0.12298903750000001 0.31041855625000003 0.12630715625 0.314089765625 0.10548669687500001 0.236583503125 0.06820567968749999