275 0.630608628125 1 0.78835801875 0.8832837281250001 0.8103161015625 0.8923621515625 0.9020084296875 0.356279934375 0.7764060390624999 0.3272823375 0.044152540625 0.2865163109375 0 0.47776197343750004 0 0.890231946875 0.4636255453125 1 0.630608628125 1
1340 0.49593197343749995 0.17032278750000002 0.6063098328125001 0.1958055234375 0.6256415640624999 0.11207059687500001 0.51057885625 0.089515278125 0.49593197343749995 0.17032278750000002
268 0.5541792671875 0.35214825312500003 0.5386487734375 0.4888777703125 0.5898859328125 0.4926888 0.610979990625 0.34922573125 0.5541792671875 0.35214825312500003
278 0.5559366984375 0.3445359859375 0.5301724812499999 0.33457884843749996 0.468686909375 0.3404287875 0.447884125 0.499995103125 0.47452705625 0.506146109375 0.5398187609375 0.501174884375 0.5559366984375 0.3445359859375
268 0.5623789765625 0.333996303125 0.5948914328125 0.1931693796875 0.5216961890625 0.1802799265625 0.4891837328125 0.32110685 0.5301724812499999 0.33457884843749996 0.5623789765625 0.333996303125
268 0.3679700203125 0.3251944625 0.383194553125 0.328709321875 0.45521980781250004 0.3293016609375 0.48948969531250003 0.18086247187499999 0.4066334828125 0.1577246078125 0.3679700203125 0.3251944625
268 0.15160298125 0.30731419843749996 0.2125011109375 0.3213736390625 0.2777928140625 0.316402415625 0.291279503125 0.11906604218750001 0.1838290625 0.09826815312500001 0.15160298125 0.30731419843749996
268 0.3518520828125 0.48183335937500005 0.361804325 0.50818501875 0.431780878125 0.5002863765625001 0.460195928125 0.342477490625 0.4458501109375 0.335156496875 0.3776309890625 0.3354428734375 0.3518520828125 0.48183335937500005
268 0.268112259375 0.5146175046875 0.294755190625 0.5207685093750001 0.3571194765625 0.5111124375 0.3571341671875 0.3547648109375 0.267248234375 0.3620760125 0.268112259375 0.5146175046875
268 0.15655951562499998 0.528953528125 0.17559018125 0.533347103125 0.251130296875 0.5187149093750001 0.246168865625 0.3491914546875 0.1571616484375 0.352696521875 0.15655951562499998 0.528953528125
268 0.5620681171874999 0.5263565546875 0.5477223 0.5190355624999999 0.497655128125 0.527521646875 0.5043788859375 0.637316959375 0.535706665625 0.640540546875 0.569670590625 0.6323457359375 0.5620681171874999 0.5263565546875
268 0.427678575 0.5354202890625 0.4203477890625 0.65399785625 0.49793660781250004 0.64785664375 0.49297027968749996 0.5304490640624999 0.427678575 0.5354202890625
268 0.43293617656250005 0.668931115625 0.41626017656250003 0.53278414375 0.3246168125 0.547707609375 0.34422023125 0.6885394296875 0.36793574375000004 0.6900055875 0.43293617656250005 0.668931115625
268 0.308513565625 0.5479988828125 0.22623989843749998 0.5570675140625 0.21599148750000002 0.5667284828125 0.2490620078125 0.718687428125 0.3386566671875 0.69527298125 0.308513565625 0.5479988828125
268 0.20164567031249997 0.5594074890625 0.09858390781250001 0.5716948109375 0.09125801875 0.638156503125 0.10647275781250001 0.7459031125 0.13018827187499998 0.7473692703125 0.2282739125 0.7219061203125 0.20164567031249997 0.5594074890625
268 0.0209950890625 0.5778360218749999 0.010144546875 0.763753996875 0.0818785296875 0.7482430890625 0.0994626234375 0.5678886765625 0.0209950890625 0.5778360218749999
268 0.6229858328125 0.33195249531250004 0.64582263125 0.3372247859375 0.6800778281250001 0.345133221875 0.708196709375 0.22333696406249998 0.6540321312499999 0.2148410859375 0.6229858328125 0.33195249531250004
268 0.7149204671875 0.3331322765625 0.7482969500000001 0.3448468453125 0.7728911796875 0.3425068703125 0.8021800484374999 0.2330077265625 0.7374757859375001 0.21806957031250002 0.7149204671875 0.3331322765625
268 0.7889944265625 0.34221559687499997 0.8042189578125001 0.3457304578125 0.8223709093749999 0.353930165625 0.8592622515624999 0.35042020156250003 0.8765452796875 0.25819429375 0.8118410171875 0.24325613750000002 0.7889944265625 0.34221559687499997
268 0.7400874484375 0.4672305453125 0.7535545515625001 0.478357671875 0.7837123421875 0.4692841453125 0.788406984375 0.3621249765625 0.7477095078125 0.3647562265625 0.7400874484375 0.4672305453125
268 0.6607412 0.480984025 0.706123525 0.47542535781249995 0.7155030140624999 0.36533877187499997 0.6786116703125 0.3688487359375 0.6607412 0.480984025
268 0.6554591171874999 0.6080525734375 0.6941078890625 0.5969303421875 0.6932389671875 0.49650472656250005 0.6516627765624999 0.5029421078125 0.6554591171874999 0.6080525734375
268 0.7263241781249999 0.492116046875 0.7365627953125 0.5866868281250001 0.7555934609375 0.591080403125 0.7866299671875 0.57820074375 0.775512634375 0.4874360953125 0.7462335578125 0.49270348906250006 0.7263241781249999 0.492116046875
268 0.7875086828125 0.5743946109375 0.8244000249999999 0.570884646875 0.809476559375 0.479241284375 0.7793187671874999 0.4883148109375 0.7875086828125 0.5743946109375
268 0.7637833765625001 0.6771602031249999 0.770516928125 0.682723765625 0.7977473015625 0.668965390625 0.8000970703125001 0.5893278703125 0.7661331453125 0.59752268125 0.7637833765625001 0.6771602031249999
268 0.6484098109375 0.8469651375 0.6879372984375001 0.8320367750000001 0.6908745093750001 0.732489871875 0.6475408890625001 0.7465395203125 0.6484098109375 0.8469651375
268 0.4871007546875 0.6774269937499999 0.47391513124999995 0.7866348640624999 0.4996793484375 0.796592003125 0.5485765328125 0.775808803125 0.5541498890625001 0.664843503125 0.5116949828124999 0.6750870171875001 0.4871007546875 0.6774269937499999
268 0.3263448640625 0.85279059375 0.396908859375 0.8249825718749999 0.39750609375 0.700841440625 0.32401468125 0.723964615625 0.3263448640625 0.85279059375
2001 0.1103000421875 0 0.078422428125 0.1380771203125 0.282783625 0.17323061875 0.31663987968749996 0 0.1103000421875 0
685 0.752690525 0.3258161796875 0.8258857687500001 0.3387056328125 0.878312503125 0.1463502765625 0.8018985687500001 0.112672728125 0.752690525 0.3258161796875
1758 1 0.44126076875000003 0.9822236015625 0.4429520734375 0.9757813234375 0.45349175625000004 0.9836848625 0.47135243437499996 0.9397540062499999 0.6095432125 0.957027240625 0.6215490546875 0.9942245453125 0.4777947125 1 0.47912808125 1 0.44126076875000003
1939 0.31937085 0 0.25466474375 0.295026878125 0.7242901640625 0.32727744062499997 0.7951699140625 0.054993290625 0.5569678031249999 0 0.31937085 0
1939 1 0.1022820421875 0.7951699140625 0.054993290625 0.6990889078125 0.557990296875 0.904921159375 0.5173124078125 1 0.122059659375 1 0.1022820421875
1939 1 0.1374179890625 0.904921159375 0.5173124078125 0.9965596250000001 0.554504815625 1 0.5396029140625 1 0.1374179890625
819 0.8937089578125 1 0.9965596250000001 0.554504815625 0.904921159375 0.5173124078125 0.6944040593749999 0.560917715625 0 0.7151912968749999 0 0.8863787546875 0.4748533640625 1 0.8937089578125 1
1939 0.1103000421875 0 0.06084812656250001 0.21419978125 0.044152540625 0.2865163109375 0.253786028125 0.29883301093750003 0.3194009203125 0 0.1103000421875 0