1567 0.0458496921875 0 0.0130849765625 0.3745024203125 0.5544488359375 0.4972274703125 0.583510184375 0.005396275 0.5218304765624999 0 0.0458496921875 0
1567 0 0.9546249703124999 0.39145846562500003 0.9833703421875001 0.4169476171875 0.6690805859375 0.445102796875 0.668529371875 0.451891503125 0.476196971875 0.38493545 0.461295653125 0.0170697546875 0.37485104375 0 0.5555842625 0 0.9546249703124999
1939 0.45336043437500007 0.4823544328125 0.442848678125 0.6713466343750001 0.548968775 0.67460199375 0.55869534375 0.49458451718749996 0.45336043437500007 0.4823544328125
1567 0.5265082140625 1 0.5509611640625 0.6747763046874999 0.4169476171875 0.6690805859375 0.39145846562500003 0.9833703421875001 0.5172871515625 1 0.5265082140625 1
1567 0.6412050078125 1 0.6715088453125 0.742597865625 0.6625938140625001 0.7297600046875 0.6624862296875 0.34088344843749996 0.683457040625 0.3306602609375 0.67593585 0.1642061734375 0.5722890031250001 0.22447115 0.52694094375 0.9952235234375 0.568805434375 1 0.6412050078125 1
1939 0.9229467828125 1 0.9241242453125 0.035196145312499996 0.58353335625 0.005398303125 0.5722890031250001 0.22447115 0.6779282390625 0.164380484375 0.6857111578125 0.32784299687499996 0.6624862296875 0.34088344843749996 0.6645862046875 0.7299343171875 0.6740246937500001 0.736789025 0.641260034375 1 0.9229467828125 1
1564 1 0.0418344125 0.9261166359375 0.03537045625 0.9249393843749999 1 0.9581655874999999 1 1 0.5218304703125 1 0.0418344125
1341 0.68744181875 0.331008884375 0.8322450984374999 0.2592722578125 0.8225123875 0.026306259375000002 0.7029690234375 0.0158475703125 0.67696651875 0.0376884375 0.68744181875 0.331008884375
1340 0.8467152812500001 0.2545092859375 0.6647403484375001 0.3380661859375 0.664324475 0.7329258921874999 0.8603638234375 0.7410336921875 0.8584078890625 0.25854673125 0.8467152812500001 0.2545092859375
1146 0.8627957578125001 1 0.8752560218750001 0.7543944859375 0.675493625 0.7429464890624999 0.6413287375000001 1 0.8627957578125001 1
1313 0.23650045937500003 0.80401720625 0.237125359375 0.7739271359375001 0.2235418046875 0.7456084640625 0.21237265624999999 0.7355878671875 0.20718067499999998 0.72609020625 0.2062352 0.7139495921875 0.2112668953125 0.7023319125 0.20989940625 0.6720675328125 0.193538275 0.6525492749999999 0.186092175 0.6458688796875001 0.16989133125 0.6474659609375 0.1561048921875 0.6673611234375 0.15054974062499998 0.684961953125 0.1544330765625 0.70941749375 0.1548550921875 0.7275412593749999 0.14583861874999998 0.738810315625 0.1308449765625 0.7495564390625 0.12382089375000001 0.76099980625 0.1144412484375 0.7993673546875 0.1016002828125 0.8314031312499999 0.1077377375 0.85304140625 0.1125665484375 0.8896375593749999 0.12059495 0.9355570640625 0.11850111875 0.9594896687500001 0.21214342031250003 0.967682309375 0.21606935468750002 0.9228086734375 0.2140181203125 0.8774121046875001 0.2218862359375 0.9022162671875 0.227238503125 0.9328292703125 0.2171751140625 0.9560646296875 0.222628825 0.9625707140624999 0.23657555000000002 0.9637908953125001 0.23269221406249999 0.93933535625 0.2295940640625 0.9059050890625 0.23792679374999998 0.87950384375 0.23257452500000003 0.8488908390625 0.23650045937500003 0.80401720625
278 0.5624873421875 0.244714934375 0.549064075 0.23751160312500003 0.540571059375 0.24279750781249998 0.5306091125 0.2419259515625 0.5291401812500001 0.23576848749999998 0.5216940812499999 0.229088090625 0.5149317265625 0.2375398828125 0.49553129062499995 0.22981361718749999 0.49657820625 0.2178473140625 0.46973167031249996 0.20344065156250002 0.47067714374999997 0.21558126406250003 0.44703020000000004 0.21049795 0.44886230312500003 0.189556921875 0.43916208437500004 0.1856937890625 0.4375917109375 0.20364324374999998 0.41593715624999994 0.198734240625 0.4135227515625 0.18043616406250002 0.3098596578125 0.12614970781249998 0.2948822640625 0.2514472640625 0.5498655078125 0.3430883078125 0.5624873421875 0.244714934375
278 0.29019749375 0.1214150171875 0.2797120890625 0.1265266109375 0.24783385781249997 0.123737628125 0.1943010734375 0.1160396421875 0.1938790578125 0.0979158765625 0.18417883906250002 0.09405274375 0.18287019531249998 0.10901062187499999 0.09834580937500001 0.06544200781250001 0.08612974375 0.0673877140625 0.044813025 0.057744021874999996 0.0346055953125 0.1744154734375 0.0998309875 0.186150903125 0.1640094640625 0.2098526375 0.27574355625 0.24072942187500002 0.29019749375 0.1214150171875
278 0.3051384328125 0.4784301109375 0.265028915625 0.47793545625 0.2211963484375 0.47410060468750004 0.1380394515625 0.4607963703125 0.12882009375 0.5202792609375 0.1626907140625 0.5232425562499999 0.2000226546875 0.532537625 0.2662949625 0.5323067546875 0.296180803125 0.5349214265625 0.3051384328125 0.4784301109375
511 0.1549666390625 0.40500230156250006 0.10342624375000001 0.397478628125 0.1025396140625 0.430560271875 0.10825505312499999 0.43407478125 0.0547446578125 0.9539117015624999 0.08116917812499999 0.9501946 0.1376174359375 0.44267260625000004 0.15313453593749998 0.42594333124999995 0.1549666390625 0.40500230156250006
278 0.54871715 0.379161528125 0.5190930390624999 0.3735552796875 0.522394071875 0.3587717140625 0.47163886406250005 0.34227331250000004 0.4671306265625 0.347907840625 0.4380299734375 0.336318440625 0.43897544687499995 0.3484590546875 0.407882403125 0.33669534375 0.4084058609375 0.3307121921875 0.40122149062499995 0.32104021875 0.3981821859375 0.33283221093750004 0.38250479843749996 0.32844614375000003 0.38328998593749997 0.319471415625 0.32162735625 0.28996084375 0.31659566250000004 0.3015785234375 0.2949411078125 0.296669521875 0.27781103749999997 0.4006774234375 0.5400800953125 0.47788352500000003 0.54871715 0.379161528125
278 0.6540582015624999 0.804375084375 0.6629569859375 0.7026615125 0.5969464062500001 0.699900809375 0.5544224843750001 0.6811080781250001 0.545945715625 0.8009454171874999 0.645041728125 0.8156441421875 0.6540582015624999 0.804375084375
278 0.26783284375 0.2852544328125 0.2524171859375 0.27787679062500004 0.1703072046875 0.2526062546875 0.0617727046875 0.23105282031250002 0.0553735203125 0.21240611875 0.039696134375 0.208020053125 0.0394344046875 0.2110116265625 0.031464846875 0.21031438125 0.020210503125 0.3389521359375 0.25416409375 0.39559411093749997 0.26783284375 0.2852544328125
268 0.07372704062499999 0.2320986890625 0.1389524328125 0.24383411875 0.1385304171875 0.22571035312499999 0.075820871875 0.208166084375 0.07372704062499999 0.2320986890625
278 0.47474711875000003 0.0772715375 0.47370020312500005 0.089237840625 0.46573064531249997 0.0885405953125 0.467562746875 0.067599565625 0.42278470781250005 0.051624096875000004 0.4145534203125 0.053918428124999994 0.413607946875 0.0417778140625 0.4016536109375 0.040731945312500004 0.4006066953125 0.052698246875 0.38492930937500003 0.0483121796875 0.3904844609375 0.0307113484375 0.37999905625 0.03582294375 0.378952140625 0.0477892453125 0.370037109375 0.0349513859375 0.3716074828125 0.017001931249999998 0.3576607578125 0.01578175 0.3458667078125 0.0358512234375 0.336689946875 0.0260049390625 0.338260321875 0.008055484375 0.32656771406249996 0.0040180390625 0.3131606921875 0.1113661421875 0.5688276828125 0.21813937499999997 0.5672410625000001 0.12153739687500001 0.49120969062500003 0.07268287812499999 0.47474711875000003 0.0772715375