1316 0.7503391828125 0.56711410625 0.7609150031249999 0.60953140625 0.7640467 0.6312776609374999 0.769681103125 0.6355046140625 0.7713495734375 0.6238250812499999 0.787765040625 0.6253640140625001 0.8008755624999999 0.6136475406249999 0.7970828765625 0.5892502046875 0.7738842765625 0.5696913078125 0.761639984375 0.5389535421875 0.732697728125 0.45042959375 0.6982943140625 0.3491878421875 0.672310509375 0.2909009953125 0.6516146140625 0.2538227984375 0.6219473734375 0.2358767140625 0.5746839406250001 0.2392131578125 0.5627541468749999 0.22810816875 0.563273884375 0.202635625 0.5579859734375 0.181426975 0.5556885125 0.1538409546875 0.54212224375 0.1178010265625 0.5169406765625 0.090288884375 0.48991739218749997 0.0829471265625 0.4673477828125 0.10265378124999999 0.45538599218750003 0.128163265625 0.4475633796875 0.1610883890625 0.469581253125 0.2034687484375 0.48067681249999994 0.22041350468749998 0.4906236421875 0.22356525 0.49740677499999997 0.24158521406250003 0.476332390625 0.2581031859375 0.44645990781249995 0.285262421875 0.437488565625 0.30439453437499997 0.4333173890625 0.3335933671875 0.438368059375 0.436521809375 0.44293098750000004 0.5283083234375 0.44850139687499996 0.6057642234375 0.44349598593749995 0.6408028234375001 0.44015904531250005 0.664161890625 0.45490604218749997 0.67738035625 0.4610281875 0.6927492390625 0.4776169 0.6857973234375 0.4850930203125 0.6698538968750001 0.48561275937500004 0.644381353125 0.48943744218749996 0.632164215625 0.4828275546875 0.6056534046875 0.48400828125000006 0.5828319421875 0.4916576484375 0.5583976671875 0.49548233125 0.5461805296875 0.5105438234374999 0.5790317734375 0.5265808 0.6341668734375 0.5391395875 0.6845374171875 0.5728047562499999 0.6817755156249999 0.6127333203124999 0.722506121875 0.6041404671875 0.6880420671875 0.68127638125 0.6575463859374999 0.7105971281250001 0.6924741671875 0.7358106906249999 0.6833718359375001 0.7331667359375 0.6727675109375 0.7110396109375 0.565649053125 0.7119058421875 0.5231948140625 0.7319407484375 0.5576219296875 0.7503391828125 0.56711410625
1754 1 0.593052825 0.0753486078125 0.84522764375 0.112547846875 1 0.5388044890625 1 1 0.8850110453125 1 0.593052825
278 1 0.74682489375 0.9618025421875 0.717134034375 0.8723903390625001 0.7535064203124999 0.8743413078125 0.7980741375 0.9278681359375 0.8382302015624999 0.9329828015625001 0.8679296984375 0.9485640312499999 0.8753083984375 1 0.858378115625 1 0.74682489375
278 0.7746677796875 0.8116620031249999 0.7872265671875 0.8620325453125 0.8332772765625001 0.9181320359375 0.9347925203124999 0.884373790625 0.9278681359375 0.8382302015624999 0.856116121875 0.7800911125 0.7746677796875 0.8116620031249999
278 0.52751059375 1 0.61897798125 0.9771946187499999 0.60906315 0.9374284015625 0.5728180187499999 0.85635703125 0.47015404375000003 0.8763222671875001 0.5005595281249999 0.9982720031250001 0.5015240421875 1 0.52751059375 1
278 0.480813640625 1 0.46810708281249996 0.94159796875 0.44264301718750004 0.8578385781250001 0.3315274375 0.8714633828125 0.33129019843749996 0.953183175 0.337239096875 0.97704290625 0.34336124218749997 0.9924117906250001 0.34707555156250003 1 0.480813640625 1
278 0.57429998125 0.67858683125 0.464159884375 0.71449549375 0.4864922546875 0.7765086296875 0.5018682421875 0.82899265 0.6241113796875 0.795698128125 0.6123868265625 0.7394878203124999 0.57429998125 0.67858683125
278 0.70719619375 0.789062178125 0.674570503125 0.7408789921875 0.5967735984375 0.768723590625 0.605366453125 0.8031876484374999 0.616635259375 0.8116415546875 0.70719619375 0.789062178125
278 0.856116121875 0.7800911125 0.873853565625 0.786932209375 0.8667559359375 0.7492794671875 0.8099241625 0.6958679984375 0.7279880796875 0.7162969578125 0.73821740625 0.7756959546875 0.7764775 0.82810609375 0.7746677796875 0.8116620031249999 0.856116121875 0.7800911125
278 0.6162115109374999 0.72727068125 0.6342634515625 0.7537445546875 0.6754047375 0.7350392265625 0.698256846875 0.77157981875 0.7314342734375 0.757675990625 0.7210316984375 0.7067678421875 0.68127638125 0.6575463859374999 0.6062966796875 0.6875044625 0.6162115109374999 0.72727068125
278 0.34282823906250004 0.84330281875 0.42907674843750004 0.8217986500000001 0.4399990625 0.847234253125 0.47317648749999996 0.8333304234375 0.458634734375 0.7750066375 0.43696335468749997 0.7156445812500001 0.3218498453125 0.7499773703125 0.34282823906250004 0.84330281875
278 0.2288314640625 0.9280430921875 0.3208876234375 0.9022750296875 0.328331746875 0.9229460749999999 0.3277347515625 0.847066046875 0.297958259375 0.764381865625 0.21170974999999997 0.785886034375 0.20187217500000001 0.8474723859375001 0.2288314640625 0.9280430921875
278 0.34215475781250004 1 0.34186601875 0.9956004765625 0.33111695 0.9616740234375 0.3333051609375 0.9245219468749999 0.3172361859375 0.9060013187499999 0.2044521359375 0.93130565625 0.19817979531250002 1 0.34215475781250004 1
278 1 0.6186328703124999 0.9904170390625 0.611443690625 0.9182545375 0.64351524375 0.9342915156249999 0.6986503453124999 0.963297765625 0.7139453484375 0.9858353781250001 0.7308531640625 0.9919895203125 0.7096075749999999 1 0.70583528125 1 0.6186328703124999
278 0.9553339031249999 0.718746846875 0.9061195 0.6775155749999999 0.8405988828125001 0.69948346875 0.8430695921875 0.718578640625 0.8695731375 0.75139294375 0.9553339031249999 0.718746846875
278 0.300114471875 0.7638442609375 0.320463875 0.817904153125 0.320495871875 0.78128968125 0.2918681109375 0.712398509375 0.179084059375 0.737702846875 0.17206368593750002 0.8014026765625 0.184622471875 0.85177321875 0.20402838750000002 0.8469347812500001 0.21104876093749997 0.783234953125 0.300114471875 0.7638442609375
278 0.18973030625 1 0.1903021359375 0.9939672156249999 0.15903041874999999 0.9144717203124999 0.0993174515625 0.9321757187499999 0.11530088125 1 0.18973030625 1
278 0.19245834687500002 0.9934296125 0.1989269859375 0.9918167999999999 0.203791146875 0.928654575 0.2246922859375 0.9206274515624999 0.20187217500000001 0.8474723859375001 0.10915502656250001 0.8705893671875 0.10446411250000001 0.92526074375 0.15903041874999999 0.9144717203124999 0.19245834687500002 0.9934296125
423 1 0.5043171296875 0.9583430843749999 0.5011734875 0.9417863703125 0.4715109296875 0.9456110515624999 0.45929379218750005 0.909365921875 0.3782224234375 0.8896455109374999 0.363428084375 0.8767082359374999 0.366653709375 0.8353937 0.393849884375 0.8322300046875 0.408718103125 0.8714335875 0.5200265749999999 0.8901145203124999 0.585766 0.8889337921875 0.6085874625 0.88444811875 0.6181535203124999 0.899541609375 0.6143902906250001 0.9002345953124999 0.5804268984375 0.9005810875 0.563445203125 0.950661721875 0.5622222359375 0.9509442218749999 0.618469484375 0.9617252859375001 0.6157814640625 0.9640867406250001 0.5701385390625 0.9783459953125 0.5722150765625 0.9819654343750001 0.605103259375 0.9927464984375 0.6024152375 0.9889538124999999 0.5780179015625 1 0.5770004390625 1 0.5043171296875
183 0.12774544062499998 0.6603947078125 0.1259357203125 0.643950615625 0.10906450781249999 0.59465528125 0.10012516093749999 0.577172921875 0.01370340625 0.6071679375000001 0.056038684375 0.7402226625 0.1353308140625 0.7091893781249999 0.1411384625 0.704925484375 0.13998973125 0.6911324750000001 0.12774544062499998 0.6603947078125
183 0.11786260468750001 0.584014015625 0.1168551234375 0.59834463125 0.12297727031250001 0.6137135140625001 0.1570661859375 0.6953224875 0.2312116546875 0.671204178125 0.2120429796875 0.594322821875 0.21652865000000002 0.584756765625 0.19649374375 0.55032965 0.11786260468750001 0.584014015625
183 0.30579960625 0.520260753125 0.2208730734375 0.5470670859375 0.21537992031250003 0.5709637562500001 0.223658278125 0.585795034375 0.25492999375 0.6652905328125 0.32907546249999997 0.641172221875 0.3276122359375 0.607746434375 0.3122362453125 0.555262415625 0.31456570625 0.5462339625 0.30579960625 0.520260753125
183 0.39949223749999996 0.51942763125 0.31887813125000003 0.5451587546875001 0.316548671875 0.5541872062500001 0.328305221875 0.57378304375 0.3519595671875 0.6410983421875 0.4377203328125 0.6084522453125001 0.4200148859375 0.5649966765625 0.4231785796875 0.5501284578125001 0.39949223749999996 0.51942763125
1939 0.43860771875 0 0 0.10935718593749999 0 0.529801409375 0.0768438328125 0.8420389578125 1 0.5902234484375 1 0.43860772031249995 0.94945446875 0.235880665625 0.8890728578125 0 0.43860771875 0