275 1 0.47090119843749995 0.9520522281250001 0.2785931890625 0.2206217203125 0.33213259375000004 0.0955445359375 0.3633178375 0.19657882499999998 0.8977181546875 0.21837512343749999 0.8882578921875 0.37504825468749997 1 0.5423099359375 1 1 0.883165384375 1 0.47090119843749995
1340 0.48225880937500004 0.0897624234375 0.3676072703125 0.114322428125 0.38839743437499996 0.1977072171875 0.49831374687499996 0.1703020015625 0.48225880937500004 0.0897624234375
268 0.3864055375 0.3511855625 0.410000159375 0.4942586390625 0.46116300312499997 0.489553978125 0.44324861562500006 0.3531163296875 0.3864055375 0.3511855625
278 0.4669451171875 0.335130625 0.44135859999999993 0.34553589375 0.46020780781250004 0.5018696390625 0.525576328125 0.505700609375 0.5521078515625 0.49908555625 0.5285234187500001 0.33990660156249997 0.4669451171875 0.335130625
268 0.43473336093750004 0.33511024843750004 0.4669451171875 0.335130625 0.5076925046875 0.3209453265625 0.47272722968750003 0.180707271875 0.3997680875 0.1948721953125 0.43473336093750004 0.33511024843750004
268 0.62895909375 0.3229168453125 0.5873787671875 0.1561472671875 0.5049389859375 0.1807276484375 0.541794275 0.3285461375 0.6137982234375 0.326696875 0.62895909375 0.3229168453125
268 0.844981125 0.3012631796875 0.809111596875 0.0928113953125 0.70204049375 0.115481384375 0.7189691218750001 0.312552328125 0.7843376421875 0.3163832984375 0.844981125 0.3012631796875
268 0.638317475 0.505771925 0.6478083015625 0.47925058906249995 0.61947845625 0.333332303125 0.551264725 0.3342365578125 0.5370488625000001 0.3418068046875 0.5682137296875001 0.49909574531249995 0.638317475 0.505771925
268 0.732107534375 0.5105682781249999 0.7303092109375 0.35803494062499996 0.6403093703125 0.3522935796875 0.6430526999999999 0.5086171359375 0.705576009375 0.5171833296874999 0.732107534375 0.5105682781249999
268 0.8438934843749999 0.5229552546875 0.8402153359375 0.346735603125 0.751160503125 0.34478446093750004 0.74915841875 0.514368684375 0.8249423968749999 0.5276802921875 0.8438934843749999 0.5229552546875
268 0.45261718437500004 0.51986553125 0.43840132187499997 0.5274357796875 0.4326497734375 0.6335414984375001 0.46675154374999994 0.6411423093749999 0.49801829218749993 0.6373724671875001 0.5028248343749999 0.5274765312499999 0.45261718437500004 0.51986553125
268 0.507560059375 0.5303217421875 0.5046435328125 0.6477981140625 0.5823277124999999 0.652584278125 0.5729285796875 0.5341527109374999 0.507560059375 0.5303217421875
268 0.5700018640625 0.6677349609375 0.635360196875 0.687671809375 0.659046509375 0.6857919828125 0.6761890875 0.5446394859375 0.5842992328125 0.5313176890625 0.5700018640625 0.6677349609375
268 0.692294965625 0.5446496734374999 0.6647267421875 0.6924274109375 0.7547163953125 0.71427465 0.7851298296875 0.5617616875 0.774714371875 0.5522810484375 0.692294965625 0.5446496734374999
268 0.9026062015624999 0.5646782140625 0.7993456921875 0.554191440625 0.7755574984375 0.7171300484375001 0.87407259375 0.740877490625 0.8977589078125 0.7389976625 0.9110908921875 0.6310019296875 0.9026062015624999 0.5646782140625
268 0.9016611937500001 0.560887996875 0.922390228125 0.7409080546875 0.9943839875 0.7551646703125 0.98029038125 0.5694643796875 0.9016611937500001 0.560887996875
268 0.374100065625 0.33412448906250003 0.34101461875 0.2175727484375 0.2870065640625 0.227012634375 0.3172468 0.3482996 0.351358759375 0.3397945328125 0.374100065625 0.33412448906250003
268 0.282200021875 0.3369085703125 0.2576400171875 0.22225703281250003 0.1932063171875 0.238322159375 0.22440175 0.3472934640625 0.24903307031250002 0.3492038546875 0.282200021875 0.3369085703125
268 0.193135 0.35106330625000004 0.208295871875 0.3472832765625 0.1837256796875 0.24873761718749998 0.119291978125 0.2648027421875 0.1381819390625 0.356712975 0.1751289203125 0.3595785609375 0.193135 0.35106330625000004
268 0.2593772109375 0.471425640625 0.24996788906249998 0.36909995156250003 0.20923069062500002 0.367179371875 0.21579480156250003 0.4742402859375 0.24610635625000002 0.48278610625 0.2593772109375 0.471425640625
268 0.319126628125 0.37198591406250003 0.2821796453125 0.3691203265625 0.2934789828125 0.4790264515625 0.33895140625 0.483792240625 0.319126628125 0.37198591406250003
268 0.34841166874999996 0.505588540625 0.3067294625 0.49987774375000005 0.30761334218749997 0.6003032296875 0.3464503375 0.6107492515625 0.34841166874999996 0.505588540625
268 0.264986128125 0.590802215625 0.2735726984375 0.49606715 0.253676603125 0.49700196874999997 0.22431005625 0.4922463671875 0.214778478125 0.583191215625 0.2460350390625 0.595527253125 0.264986128125 0.590802215625
268 0.2205198390625 0.493191375 0.1902082859375 0.48464555625 0.17688648906249999 0.5765354109375 0.2138334703125 0.5794009984375 0.2205198390625 0.493191375
268 0.23934867031249998 0.681736875 0.23560939374999998 0.6021524921875 0.201507621875 0.59455168125 0.20524689999999998 0.6741360640625 0.23271324375 0.6874171078125 0.23934867031249998 0.681736875
268 0.356784290625 0.7490769140625 0.31321206875 0.7357856828125 0.317886165625 0.8352661625 0.3576681703125 0.8495024015625001 0.356784290625 0.7490769140625
268 0.5310833640625 0.7861359640625001 0.5159938093750001 0.6771748468750001 0.4913624890625 0.67526445625 0.44873527500000004 0.6657634421874999 0.45624439375000003 0.776614575 0.5054968468750001 0.796541234375 0.5310833640625 0.7861359640625001
268 0.6798672375 0.7208591375 0.6059834625 0.6990220859375 0.60874716875 0.8231338859375 0.6797857328125 0.8497061625000001 0.6798672375 0.7208591375
2001 0.6752733359375 0 0.7114803796875 0.1694894390625 0.9151969390625 0.1307747 0.88259114375 0 0.6752733359375 0
685 0.19138761875000002 0.1180005765625 0.1155730765625 0.153006603125 0.171348890625 0.344417690625 0.24430803281250002 0.3302527671875 0.19138761875000002 0.1180005765625
1758 0 0.487785628125 0.005463190625 0.48642350156249997 0.045163690625 0.6295067671875 0.06222476406250001 0.61720129375 0.0158888375 0.4797982625 0.0234794609375 0.46180236875 0.0168542203125 0.4513767234375 0 0.45006952031249997 0 0.487785628125
1939 0.43860772031249995 0 0.197108603125 0.0602124921875 0.272729571875 0.33121815 0.7417206171874999 0.2907764046875 0.672606625 0 0.43860772031249995 0
1939 0 0.1560072328125 0.09544265625000001 0.5243766187500001 0.30195348437499997 0.5614560453124999 0.197108603125 0.0602124921875 0 0.10935718750000001 0 0.1560072328125
1939 0 0.5452455390625001 0.0044672437500000006 0.563162675 0.09544265625000001 0.5243766187500001 0 0.1694482703125 0 0.5452455390625001
819 1 0.7056820015625 0.3066887109375 0.56430125625 0.09544265625000001 0.5243766187500001 0.0044672437500000006 0.563162675 0.113383021875 1 0.53187131875 1 1 0.8793125343750001 1 0.7056820015625
1939 0.6725772015625 0 0.7426656234375 0.2945666234375 0.9520522281250001 0.2785931890625 0.9340970875 0.20657905312499997 0.88259114375 0 0.6725772015625 0