1567 0.451855475 0 0.365247125 0.016834957812500002 0.4455596328125 0.5029341125 0.9711295828125 0.3242934296875 0.9080933265625 0 0.451855475 0
1567 1 0.487778365625 0.9672030749999999 0.325056665625 0.6103885078125 0.449480159375 0.545356859375 0.47129865937500004 0.5722125859375 0.6618678296875 0.600271146875 0.65947300625 0.6584728921874999 0.9693767093749999 1 0.9079276640625 1 0.487778365625
1939 0.4410601234375 0.50074951875 0.469550359375 0.6787641359375 0.574748840625 0.664434040625 0.5445396046875 0.4775759359375 0.4410601234375 0.50074951875
1567 0.5311980359375 1 0.6584728921874999 0.9693767093749999 0.600271146875 0.65947300625 0.4675871046875 0.6791457546874999 0.5258954515625 1 0.5311980359375 1
1567 0.5039074109375 1 0.5249715953125 0.9953267328125 0.399306396875 0.23353678437499997 0.2899279328125 0.184435990625 0.299847134375 0.3507644046875 0.321771678125 0.358739540625 0.3623133515625 0.7454970375000001 0.3547890796875 0.7591964453125 0.4091205390625 1 0.5039074109375 1
1939 0.4089802953125 1 0.351679825 0.7536824046875 0.360350096875 0.7458786546875 0.321771678125 0.358739540625 0.29731087968750003 0.34819819375 0.287964678125 0.1848176078125 0.399306396875 0.23353678437499997 0.36522429375 0.016839395312499998 0.029613918750000003 0.08207544375 0.1272244484375 1 0.4089802953125 1
1564 0.1252206140625 1 0.027650664062500004 0.0824570625 0 0.0878318078125 0 0.5481445218750001 0.0878318078125 1 0.1252206140625 1
1341 0.295920625 0.35152764062499997 0.27567820468750004 0.058719065625 0.247535153125 0.039715846875 0.129739890625 0.0626129265625 0.144412075 0.295320059375 0.295920625 0.35152764062499997
1340 0.12952329375 0.2920957265625 0.11831676718749999 0.2973332640625 0.16680516875 0.7773815609375 0.360923096875 0.748826484375 0.3192354234375 0.35617333125 0.12952329375 0.2920957265625
1146 0.40880491250000006 1 0.3508625703125 0.75995968125 0.15339113437500002 0.792225821875 0.18594363125 1 0.40880491250000006 1
1313 0.8104607328125001 0.933714846875 0.8242035124999999 0.931043521875 0.8289472765625 0.924003009375 0.816510259375 0.9019468453125 0.8186332765625 0.8709420796874999 0.8238655484375 0.8454513562500001 0.8265707843750001 0.8908136499999999 0.8351657843750001 0.935031090625 0.927438740625 0.9170950453125 0.922854740625 0.8935124109375 0.9260392671875 0.8470052609375 0.927016284375 0.8101048375 0.9308583015625 0.787943559375 0.9147390296875001 0.757425525 0.9014002671875 0.720248596875 0.8932185046875001 0.7096021343750001 0.8771837234375001 0.7004821437500001 0.86703870625 0.690217296875 0.8655639609374999 0.672148703125 0.8668697234374999 0.6474212140625 0.859505215625 0.6304974734375 0.8437146890625 0.612152375 0.8274356546874999 0.6122574921874999 0.8207286359375001 0.6196796203125 0.8064973468750001 0.640801159375 0.8083008390625 0.6710426890625001 0.8145193468749999 0.682070771875 0.8148480921875001 0.69424370625 0.8106773296875 0.7042320484375 0.800616803125 0.7153652453125 0.79006776875 0.744948653125 0.7938345140624999 0.774808565625 0.8024295140625 0.8190260046875 0.800306496875 0.850030771875 0.8113532593749999 0.87541638125 0.8117664953125001 0.908987359375 0.8104607328125001 0.933714846875
278 0.5521114921875 0.191597646875 0.53108869375 0.1987432734375 0.52765069375 0.181056296875 0.518407421875 0.1859122171875 0.522418421875 0.206547021875 0.49943236874999997 0.2140742671875 0.4991036234375 0.20190133281249997 0.4739100625 0.2190353 0.47620206249999997 0.23082661875000002 0.45771551875 0.2405384578125 0.45010675625 0.23283982343749998 0.44339973749999995 0.2402619546875 0.44258248437500003 0.24653923125000002 0.43276621249999997 0.2484473203125 0.42376719375 0.24407813437499998 0.4111704140625 0.25264511875 0.434005921875 0.34916025156249997 0.6780132437499999 0.23136822031249998 0.6500207359375 0.108322621875 0.5526 0.173147434375 0.5521114921875 0.191597646875
278 0.9064650765625 0.012586751562500002 0.866382734375 0.026496387500000003 0.8540302078125 0.025838267187500003 0.774523015625 0.07800341093749999 0.771658015625 0.06326426406249999 0.76241474375 0.068120184375 0.7638894890625 0.086188778125 0.711454621875 0.0994402921875 0.6800425515625 0.10554618125 0.6690802796875001 0.1015586125 0.6959267875 0.21870855156250002 0.8038212874999999 0.17632152031249998 0.8651706812500001 0.14604115 0.928812075 0.127552096875 0.9064650765625 0.012586751562500002
278 0.8712663031250001 0.48136930468749994 0.8558797953124999 0.4231759515625 0.7745691109374999 0.4450995671875 0.731377515625 0.4534951625 0.691539428125 0.4581796921875 0.7063529359375 0.513425215625 0.7358017515624999 0.5077009453125 0.8017351453125 0.501003209375 0.8378909796875 0.4878568109375 0.8712663031250001 0.48136930468749994
511 0.882707865625 0.3934874296875 0.888024628125 0.389394746875 0.8836848828124999 0.35658700468750004 0.83321326875 0.369456903125 0.83722426875 0.3900917078125 0.8544050500000001 0.4051073578125 0.9635945734375 0.9039486437500001 0.9902628796874999 0.9048832687499999 0.882707865625 0.3934874296875
278 0.655440428125 0.2724664421875 0.5972002890625 0.3082608515625 0.5989192890624999 0.317104340625 0.5837862546875 0.3231051140625 0.579531 0.3116954140625 0.5733969828125 0.322065375 0.5745429828125 0.3279610328125 0.5448499124999999 0.342910409375 0.5445211671875 0.33073747343750004 0.5167913515625 0.34530523281250003 0.5117188421875001 0.340172809375 0.4629662296875 0.3618861953125 0.46779448281249997 0.3762437234375 0.43891866718749994 0.384915821875 0.4578276671875 0.48219419218750004 0.7105897531250001 0.377996453125 0.6826817359375 0.27634889687499997 0.6616589375 0.28349452343750003 0.655440428125 0.2724664421875
278 0.35911960625 0.7185849546874999 0.37860160625 0.818811153125 0.3887466234375 0.829076 0.485763340625 0.804099440625 0.46480659687500003 0.6858046484375 0.42447999999999997 0.708939390625 0.35911960625 0.7185849546874999
278 0.9272620578125 0.16150469375 0.9121290234374999 0.167505465625 0.9077140046875 0.18671891406250002 0.802027015625 0.21949922187499998 0.72300833125 0.253214153125 0.708448296875 0.26216275625 0.7335758046875 0.37046920625 0.960327075 0.2896827140625 0.9356880750000001 0.16292605 0.9278350578125 0.16445252187499998 0.9272620578125 0.16150469375
268 0.8913504796874999 0.16542598749999998 0.8308183390625 0.1894290796875 0.8322930859375001 0.207497675 0.8959344796875 0.189008621875 0.8913504796874999 0.16542598749999998
278 0.6106280500000001 0 0.612869446875 0.011530984375000001 0.604772175 0.0222825625 0.590944903125 0.003555846875 0.5772021234375 0.0062271718750000005 0.5806401234375 0.023914150000000002 0.5731158515625 0.03761355625 0.5708238515625 0.025822239062500002 0.5598615796875 0.021834670312500002 0.5672260875 0.038758409375000004 0.552093053125 0.0447591828125 0.549801053125 0.0329678671875 0.5380215265625 0.035257575 0.5383502734375 0.047430509375 0.5299242546875 0.0460091515625 0.4870614046875 0.06657768281250001 0.4910724046875 0.087212490625 0.4832193875 0.08873896249999999 0.48092738749999997 0.07694764375 0.464075353125 0.0741049296875 0.393567178125 0.130639259375 0.4020869046875 0.2268778890625 0.6451924828125 0.09396509374999999 0.6232933093749999 0 0.6106280500000001 0