275 1 0.1054062984375 0.9426693531250001 0.094028278125 0.9421373984375 0.0889234078125 0.8982907453125 0.078800609375 0.8939227640625 0.09772041718749999 0.831092578125 0.1031431609375 0.8427155656249999 0.06597006875 0.7781184375 0.051056646875 0.7650144937500001 0.1078160671875 0.728167509375 0.11923750625 0.7347194828125 0.0908577953125 0.684908984375 0.0843401953125 0.5789854296875 0.5431455171875 0.57982465 0.6728727953125 0.6414785828125 0.716999078125 0.8178866156250001 1 0.8942969453125 1 1 0.54214976875 1 0.1054062984375
278 0.8908759296875 1 0.892237603125 0.994101946875 0.8727502015624999 0.989602925 0.81537999375 0.9713759109375 0.8034803890625 0.9636466109375 0.80787645625 0.9297871125 0.77324155 0.9168089546875 0.7711418171875 0.8814497812500001 0.7516825015624999 0.86201106875 0.7419949734375 0.8298821734375 0.765990784375 0.7407629265625 0.6544701828124999 0.7199984265625 0.6424582328125 0.772027896875 0.541745240625 0.7637226453125 0.508985378125 0.9056211984375 0.5262887890625 0.9195801234375001 0.5140733046875 1 0.8908759296875 1
634 0.5262887890625 0.9195801234375001 0.5111412828125 0.9111009875 0.5460851359375 0.75974253125 0.6392103328125 0.7712780593749999 0.6512222828125 0.7192485890625 0.2854700703125 0.5401489203125001 0.2210704265625 0.804276384375 0.40594796562499996 0.9814743140625 0.45032657187499997 0.99670198125 0.511000853125 0.9857994484375 0.5262887890625 0.9195801234375001
1319 0.454304709375 0.609019821875 0.4629564140625 0.615999284375 0.47160811875 0.6229787453125 0.48135182031249996 0.62522825625 0.4943153359375 0.6431672953125 0.483451553125 0.6605874296875001 0.4910112625 0.67229684375 0.5180864609375 0.6735655875 0.5624931531249999 0.6738535625 0.5776687453125 0.6673930046875001 0.5766048359375 0.657183265625 0.5723211125 0.6312839968749999 0.5800493375 0.5533552578125 0.5725177140625 0.5267061515625 0.561710103125 0.5142469000000001 0.5693259859375 0.49607693125 0.5780338625 0.4731770078125 0.57590604375 0.4527575265625 0.5672824249999999 0.430838371875 0.5553828203125 0.4231090734375 0.5423631328125 0.4350494171875 0.519571659375 0.45967994531249995 0.515203678125 0.47859975156249995 0.511927690625 0.49278960781250003 0.49132020781249996 0.5079602296875 0.481548421875 0.5206504125 0.47390445468750003 0.5537600734375 0.4597646859375 0.5853700625 0.454304709375 0.609019821875
1321 0.4079387125 0.49867421093750003 0.41880249531249997 0.4812540796875 0.42532638125 0.4678140609375 0.4275384578125 0.4434144640625 0.4254106390625 0.422994984375 0.4189148375 0.42149531093750003 0.41454685625 0.44041511718750004 0.39508754218750003 0.42097640468749997 0.3919239 0.375407490625 0.38330027968749997 0.3534883359375 0.39744004843749997 0.321878346875 0.4072680078125 0.27930878125 0.413848065625 0.23598937812499998 0.39657274062500003 0.20709076249999997 0.3738374390625 0.20184190468750002 0.35647785781249997 0.2177623640625 0.34558598906250004 0.2501221890625 0.3357580296875 0.29269175468749997 0.3085985765625 0.3362420890625 0.2825592015625 0.360122778125 0.2662354421875 0.4011926703125 0.2411757203125 0.48010217656250004 0.2432473671875 0.5304010421875 0.2170956484375 0.6140405 0.2116075859375 0.6526299515625 0.21701139062500002 0.6588595765624999 0.212418721875 0.797296921875 0.1688512484375 0.9267362234375 0.2803718515625 0.947500725 0.279336028125 0.9223512921875001 0.289220159375 0.849902340625 0.2881843359375 0.824752909375 0.3078121671875 0.75455346875 0.3219800203125 0.7080037890625 0.3425875046875 0.692833165625 0.3675348828125 0.673682428125 0.3838867265625 0.6176728421875 0.3959267625 0.5507036828125 0.39707492968749997 0.5160943453125 0.4079387125 0.49867421093750003
1321 0.1612948984375 0.3371087671875 0.14606313437500001 0.3734487078125 0.129739375 0.41451859999999996 0.12209540781249999 0.4476282625 0.1295989453125 0.48921706093750006 0.149086346875 0.49371608125 0.1414704640625 0.5118860515625 0.140209953125 0.6062541546875 0.1216179453125 0.7016030296875 0.0922464125 0.7695529578125 0.0757541390625 0.900261003125 0.12338064687500001 0.9162385078125 0.1342163421875 0.9137580671875 0.13533642343750002 0.894088421875 0.14942002031249998 0.8923578171875001 0.163531703125 0.875687521875 0.18195519375 0.8699768015625 0.18531543749999999 0.8109678703125001 0.2159474828125 0.6486498359375 0.241147634375 0.49504186875 0.2488196875 0.44699251406249996 0.28149529218749997 0.3499130375 0.2772396546875 0.3090740765625 0.278387821875 0.274464740625 0.284911709375 0.26102472187500003 0.306639271875 0.22618445625 0.3131912453125 0.19780474374999998 0.3197432171875 0.16942503281250001 0.3143674984375 0.1482557171875 0.2970640875 0.13429679218749999 0.28407248749999997 0.1312974453125 0.2580611984375 0.14023844218749998 0.25150922656249997 0.168618153125 0.2460211640625 0.2072076046875 0.2405611875 0.23085736250000002 0.21452181406249998 0.2547380515625 0.1798026484375 0.286578971875 0.1612948984375 0.3371087671875
2001 0.44963114062500004 0.2143582 0.41356720625000004 0.3853863 0.5933217984375 0.4069576828125 0.6336975421875 0.246889159375 0.44963114062500004 0.2143582
2006 0.1158242953125 0.3266110515625 0.356196996875 0.3671592859375 0.3998206421875 0.20784060000000001 0.15513612968749999 0.1563327875 0.1158242953125 0.3266110515625
1567 0 0.733574709375 0.108598259375 0.7135433734375 0.111846159375 0.714293209375 0.4303931546875 0.6533199921875 0.4751930515625 0.44445227656249997 0.42865853906250007 0.423744821875 0.0160066953125 0.41815369375 0 0.48748630937500004 0 0.733574709375
278 0.15589109375000001 0.33087914218750003 0.11800828593749998 0.3171511484375 0.06279398281250001 0.304403921875 0.072650028125 0.2468946625 0.05207063125 0.24712559375 0.013850790625000001 0.41267390625000006 0.12321548906249999 0.42795861718749995 0.15589109375000001 0.33087914218750003
1564 0.4735426953125 0.17005802812499998 0.09138246562499999 0.0768473296875 0.08810647968749999 0.0910371859375 0.5384726140625 0.199994459375 0.4735426953125 0.17005802812499998
268 0.4756986 0.17553781875000002 0.5124894109375 0.19399576406250002 0.5375772203125 0.1001465640625 0.49210661718750004 0.0896488484375 0.4756986 0.17553781875000002
268 0 0.5547238890624999 0.0450131109375 0.5444197625 0.0495496078125 0.435861803125 0.00729881875 0.441053615625 0 0.49237544062499994 0 0.5547238890624999
268 0 0.717881809375 0.03711636875 0.7119866546875 0.049268746875000005 0.5852587234375 0 0.588742909375 0 0.717881809375
268 0.04686006875 0.7142361640625 0.1096902546875 0.708813421875 0.1272464390625 0.5883151171875001 0.0655082484375 0.5890079078125 0.04686006875 0.7142361640625
268 0.8493441953125 0.7649886375 0.8242283015625 0.873777528125 0.85989903125 0.91190511875 0.8915107265625 0.8046158999999999 0.8493441953125 0.7649886375
278 0.8117984203124999 0.5719843375 0.7791228171875 0.6690638140625 0.9207418281249999 0.8113644328125 0.957869671875 0.650546071875 0.8117984203124999 0.5719843375
278 1 0.33469722968750004 0.995250290625 0.3552704828125 0.967111184375 0.343792 0.9769391421875 0.3012224328125 0.9715353375 0.29499280781250004 0.9552958374999999 0.2912436234375 0.955323921875 0.27630393125 0.876282321875 0.26303779843749997 0.8467984453125 0.39074649687499996 1 0.44504649531249996 1 0.33469722968750004
278 0.780973134375 0.2609621734375 0.752637425 0.3540615359375 0.8273391312499999 0.3713077828125 0.8546109296875001 0.26799868125000004 0.780973134375 0.2609621734375
278 0.63893283125 0.3427569390625 0.6258008 0.4144560515625 0.682050928125 0.4523527109375 0.7006429359374999 0.3570038390625 0.63893283125 0.3427569390625
278 0.9127641875 0.44583235937500004 0.8846531671875001 0.4194141828125 0.843494375 0.41987604375 0.807514696875 0.5460850671874999 0.8962438265625 0.5914800953125 0.9384384421874999 0.616167665625 0.9697973640625 0.6433356796874999 0.9993374109375001 0.485747596875 0.9094882015625 0.4600222140625 0.9127641875 0.44583235937500004
107 1 0.1022820421875 0.7293999343750001 0.03980909375 0.578648396875 0.7224218234374999 0.8054993921875001 1 0.8949015921875001 1 0.988823025 0.6053805999999999 1 0.5569678031249999 1 0.1022820421875
1939 0.10912406875 0 0 0.4726682734375 0 0.75098684375 0.5732165046875 0.7311318890625 0.7250600406250001 0.043789209375 0.5420451 0 0.10912406875 0
819 0.7985532265625 1 0.5775564015625 0.7271517750000001 0 0.7506006453125 0 0.8877538421875 0.486191528125 1 0.7985532265625 1