1494 0.4137108359375 0.5399707625 0.4243360265625 0.5379225125 0.43876712500000004 0.5343028671875001 0.4451981625 0.5142742218749999 0.44347241562499995 0.48959490156249996 0.421313746875 0.48070228437500007 0.409714371875 0.4828186546875 0.41314093124999995 0.51782114375 0.4137108359375 0.5399707625
1562 0.2344111796875 0.52379283125 0.2491147640625 0.5240699203125 0.249857425 0.49269167812500003 0.24697583750000002 0.46548265781250003 0.231479728125 0.4678715140625 0.2331146453125 0.491251921875 0.2344111796875 0.52379283125
1065 0.1559095015625 1 0.15044614218750002 0.9329904703125 0.14288242499999998 0.810824665625 0.13834098749999998 0.7458790890625 0.075175775 0.738548665625 0.0191931640625 0.7359370375000001 0.036766009375000006 1 0.1559095015625 1
1564 0.43788018281249996 0.941606909375 0.48769534062500003 0.9120182359375001 0.42340639375 0.10464024062499999 0.268874509375 0.1206672140625 0.32981169375 0.9361111640625 0.43788018281249996 0.941606909375
1146 0 0.161132759375 0.0218735203125 0.49427597343749996 0.0317061859375 0.49489366874999996 0.1863698625 0.45275222187499997 0.191942478125 0.4484467578125 0.1973334359375 0.44154347187500004 0.166047384375 0.022131292187500002 0 0.0349860046875 0 0.161132759375
783 0.170998415625 0.5269218203125 0.1717001125 0.5229569640625 0.169206771875 0.5152997390625 0.1671675765625 0.5141370703125 0.170882653125 0.5112667609375 0.18391035625000002 0.5155768265625 0.18710539375 0.5192691953125 0.1930413234375 0.5201593796874999 0.195963875 0.5199550140625 0.19648391406250001 0.513392334375 0.1949647578125 0.5056669874999999 0.190704709375 0.500743828125 0.17024685312500001 0.5021743812499999 0.16580514531249999 0.4946533984375 0.1597783859375 0.49246430312499995 0.158077571875 0.48214113281250004 0.1550641921875 0.48104658593750005 0.1536109328125 0.4602640015625 0.1511086921875 0.39648109374999996 0.150018746875 0.3808941546875 0.1566314421875 0.3634633328125 0.1649449515625 0.35635568125 0.173621775 0.3544436765625 0.18080437656249998 0.3591624703125 0.1874669359375 0.3704439453125 0.19084363124999998 0.3767341390625 0.1961277296875 0.4103014734375 0.20410285625000002 0.4123543234375 0.2036487125 0.4058597671875 0.20228628125 0.38637609375 0.1969362875 0.36586599531249997 0.1902737265625 0.3545845203125 0.1778568921875 0.34501068749999997 0.1678425703125 0.34179516875 0.1538656171875 0.3519093734375 0.146798778125 0.3628456375 0.1421344484375 0.3801402171875 0.14532235625 0.4817278015625 0.143555646875 0.48446186874999997 0.1415413828125 0.49765534687499996 0.134383715625 0.5072927 0.1285386140625 0.5077014296875 0.1289927578125 0.5141959875000001 0.13288949218749999 0.5139235015625 0.13431781874999998 0.5203499375 0.1413187625 0.522470909375 0.1434487875 0.5249324890625 0.1554114765625 0.528011765625 0.15659225000000002 0.5448976140624999 0.16526907500000002 0.542985609375 0.1654258 0.531227284375 0.16914087656250001 0.528356975 0.170998415625 0.5269218203125
994 0.153512975 0.5568603046875 0.1560722109375 0.55146029375 0.154528121875 0.5293787984375 0.1434487875 0.5249324890625 0.112274909375 0.5271123796875 0.1124156046875 0.5571235875 0.1251708203125 0.55753691875 0.136068496875 0.5593854046875 0.153512975 0.5568603046875
1646 0.20340115937499997 0.4163191796875 0.19862106875000002 0.41795869999999996 0.2000743296875 0.438741284375 0.1938908453125 0.44831051562499996 0.19425415937499999 0.4535061625 0.1843555984375 0.46594570312499994 0.1872211546875 0.53492425625 0.19997637031249998 0.5353375875 0.2231751203125 0.531104846875 0.2191537234375 0.4595965921875 0.21090611093749997 0.45364700625000004 0.20804945625000001 0.44079413437500004 0.20485441875000002 0.437101765625 0.20340115937499997 0.4163191796875
1539 0.5654876109375 0.008557603125 0.56673428125 0.0123862171875 0.5930871046874999 0.03925923125 0.5933186265625 0.07056935 0.5860950625 0.093263940625 0.56931131875 0.11923756875 0.643258446875 0.11276141875000001 0.6282574453125 0.0942314484375 0.6173348359374999 0.0780268125 0.6143624187500001 0.04951888125 0.613272475 0.03393194375 0.6270677703125 0.021219915625 0.6391871859375 0.012540867187499999 0.6397980546875 0.0072771 0.6065849812499999 0.0082943203125 0.5968431453124999 0.0089755359375 0.5837246140625 0.003366559375 0.5654876109375 0.008557603125
1539 0.6792124140625 0.10894200937500001 0.6867992921875 0.091443065625 0.70238623125 0.09035312031250001 0.712153 0.10402805468750001 0.737481775 0.10225689375 0.7350293984375 0.0671862828125 0.64656034375 0.075983165625 0.6448185671875 0.09307338125 0.6500777328125 0.11228456875 0.6792124140625 0.10894200937500001
1001 0.7315226828125 0.24103145937499998 0.7225146062500001 0.154208753125 0.6758446203124999 0.1587774984375 0.6799817781249999 0.2459408125 0.7208974921875 0.2430797078125 0.7315226828125 0.24103145937499998
606 0.29727543125 0.20482857812500002 0.29659866562500004 0.2231495828125 0.3134821390625 0.254600546875 0.33113320625 0.26902941875 0.3662946453125 0.2678759546875 0.3784140609375 0.2591969046875 0.38831262187500004 0.24675736406249998 0.3946777640625 0.23978595625 0.4010179734375 0.2184583984375 0.4002664109375 0.193710959375 0.3562464890625 0.19417860468749998 0.309485675 0.197448440625 0.29727543125 0.20482857812500002
336 0.5985136671875 0.2568586703125 0.613126421875 0.2558368484375 0.6353509890625 0.251672228125 0.6448203390625 0.247094278125 0.6514579671875 0.244019603125 0.65118548125 0.24012286875000002 0.6468346015625001 0.23390079843749997 0.6408078421875001 0.2317117046875 0.6096339656249999 0.23389159375 0.5987362890625 0.23204310781249998 0.5910336484375 0.23388699375000002 0.5853951359375 0.25124969375 0.5893827 0.2522761171875 0.5985136671875 0.2568586703125
2024 0.7219393421875 0.383975246875 0.7445931203125 0.37194903749999997 0.7559859046875 0.3528786953125 0.7541942625 0.3412566140625 0.5954931578125 0.3536593390625 0.589400503125 0.36452748125 0.61450665625 0.3875718828125 0.6314310921875 0.39160946406249997 0.695636384375 0.385814528125 0.7219393421875 0.383975246875
889 0.36864906249999996 0.3995428703125 0.38813273593750003 0.3981804390625 0.385837084375 0.3513515015625 0.3430638328125 0.3556477609375 0.3424529640625 0.3609115296875 0.347332784375 0.416696603125 0.36864906249999996 0.3995428703125
1007 0.34156960937499997 0.3622785625 0.333932865625 0.351065209375 0.3317779078125 0.3342474828125 0.32106188750000003 0.33499681875 0.321722621875 0.3584453484375 0.3163316640625 0.365348634375 0.321393140625 0.42373153124999996 0.34407185 0.4260614703125 0.3465402578125 0.4193625484375 0.34156960937499997 0.3622785625
336 0.3718441 0.40323523906250003 0.352542084375 0.40719549375 0.350866203125 0.411228471875 0.34991695312500004 0.425652740625 0.39083266562499996 0.4227916359375 0.4042895796875 0.4192401109375 0.40390133125 0.3996883171875 0.3718441 0.40323523906250003
268 0.6449717046875 0.4872520640625 0.6270980171875 0.49763875625000004 0.6270321203125 0.5106959921875001 0.7315422578125 0.5073037203124999 0.7582744265625 0.497602846875 0.75718448125 0.482015909375 0.6449717046875 0.4872520640625
1869 0.780730515625 0.5247483484375 0.7174335109375 0.5435323984375 0.7176650343750001 0.5748425171875 0.8286560734374999 0.5801338968749999 0.8847704765625 0.5566310515625 0.8828630734375 0.5293539093749999 0.780730515625 0.5247483484375
2001 0.8439702812500001 0 0.8823181 0.521560440625 0.8696537125000001 0.5224460203125 0.8724195390625 0.53399998125 0.885265584375 0.5357122249999999 0.8899637453125001 0.5888994765625 1 0.5861869546875 1 0.5087932046875 0.9652255249999999 0 0.8439702812500001 0
1295 0.3158327125 1 0.31362278906249996 0.9985905578125 0.3129869875 0.989498178125 0.3041035734375 0.9744562125 0.301766959375 0.9550406609375001 0.2945843578125 0.9503218656250001 0.2673375078125 0.71466930625 0.27130013750000004 0.70133958125 0.2705735078125 0.690948290625 0.2740160984375 0.6841812468749999 0.27301698281250003 0.66989321875 0.2823955046875 0.6640163578125 0.285293121875 0.64945584375 0.308194453125 0.626970221875 0.316887309375 0.5832886828125 0.33759271874999996 0.571398715625 0.3397637078125 0.5464469109375 0.3454271515625 0.5434403578125 0.34689644375 0.522453409375 0.328543678125 0.51198939375 0.305955796875 0.510958365625 0.260169165625 0.5141600796875 0.2250985546875 0.5166124546875001 0.17480432031249998 0.5253504234374999 0.1084939375 0.543039925 0.102921321875 0.5473453890625 0.0932044171875 0.562382753125 0.0961519 0.5765345359375 0.10723123593749999 0.580980846875 0.10965867968750001 0.6016953093749999 0.11595792499999999 0.6077811375 0.1436892109375 0.612368290625 0.1647668375 0.6617996515625 0.1810804046875 0.671101 0.18259956093750002 0.678826346875 0.1924322265625 0.6794440421875 0.1933405140625 0.6924331593749999 0.19778222031249998 0.6999541421875 0.1964696546875 0.7091827656249999 0.20304138749999998 0.719165328125 0.211869578125 0.957411109375 0.20879030156249997 0.9693738 0.2065943796875 0.9799694562499999 0.2081135359375 0.987694803125 0.2029042359375 0.9971959140625 0.20197964062499998 1 0.3158327125 1
291 0.337535725 0.6405816343749999 0.3477904703125 0.7312329546874999 0.371170878125 0.7295980375 0.3730943125 0.715105646875 0.3804336390625 0.708066115625 0.37571054375 0.6405227171875 0.3680738 0.6293093640625 0.36299629218749996 0.612696 0.347409353125 0.6137859453125001 0.3464601015625 0.628210215625 0.337535725 0.6405816343749999
1450 0.40304468125000004 0.5694323953125 0.3945317109375 0.461690859375 0.39151833125 0.4605963125 0.37787976093750003 0.46155001562500003 0.3745938953125 0.456558734375 0.3706971609375 0.4568312203125 0.3692029375 0.46346202031250006 0.356629378125 0.46564651250000005 0.354342628125 0.4749432578125 0.3599081140625 0.5685330093750001 0.3779883921875 0.575100290625 0.39348450156250003 0.572711434375 0.40304468125000004 0.5694323953125
1309 0.3820596546875 0.6753208421875 0.3853953859375 0.7090244203125 0.3805244671875 0.709365028125 0.37397766718750003 0.7137386125 0.373457628125 0.7203012921874999 0.3730284171875 0.7281628828125 0.38295191093750003 0.730079490625 0.3834060546875 0.7365740484375001 0.405812278125 0.7350072515625 0.409164040625 0.726941296875 0.41552918281249995 0.7199698890625 0.4148025515625 0.7095785968749999 0.4058532421875 0.7075938671875 0.39796894374999997 0.706839928125 0.39658157968749996 0.6730001062500001 0.392412359375 0.6693758578125 0.38355387812499997 0.668690040625 0.3820596546875 0.6753208421875
994 0.39876147031250003 0.7041739828125 0.40965914843749995 0.7060224703125 0.41306077500000005 0.7266688109375 0.43209030468750004 0.7188118234374999 0.42700389375 0.6460727765625001 0.42043216250000004 0.6360902140625 0.40685948749999995 0.6239866796875 0.3854274484375 0.625485353125 0.38198485625 0.632252396875 0.3880365484375 0.6487976390625 0.38806148125 0.6631537875 0.396218265625 0.6678044609375 0.39876147031250003 0.7041739828125
379 0.5537795609375 0.6111025 0.544739421875 0.607818859375 0.5375568203125 0.603100065625 0.53171171875 0.60350879375 0.5283599578125 0.6115747500000001 0.5180072515624999 0.6175197328124999 0.5095120859375 0.6220295609375001 0.5259271546875001 0.8427763984375 0.5235495765625 0.8507742328125 0.5279004546875 0.8569963046875 0.5387981328125 0.8588447890625 0.5544759 0.8590537578124999 0.5707645359375 0.8539989562500001 0.5810264109375 0.8467550609375 0.56053295 0.6236828875 0.5598971484375 0.61459050625 0.5537795609375 0.6111025
1849 0.8978729765625 0.6040095640625001 0.894405453125 0.596420459375 0.8831444609375 0.5893763265625 0.7343419171875001 0.5893395109374999 0.7267301046875 0.59248230625 0.7065696671875 0.612165740625 0.7106070953125 0.6419044640625 0.7199197203125001 0.6490848390624999 0.7157754328125 0.6598167390625 0.71083861875 0.6732145828125 0.7137861015625 0.6873663671875 0.718227809375 0.69488735 0.8491566640625001 0.70531085625 0.8958017187499999 0.6863859625 0.9033885968750001 0.6688870171875 0.9019353375 0.6481044328125 0.8972211437500001 0.636686715625 0.8987153671874999 0.6300559140625 0.8998462765624999 0.6182294671874999 0.8978729765625 0.6040095640625001
1539 0.36612007343749997 0.88136171875 0.3721468328125 0.8835508140625 0.3879154296875 0.885058690625 0.4152834 0.8844502000000001 0.43909301875000006 0.8749536921875001 0.44341896406250003 0.866819615625 0.4215986765625 0.8487664953125 0.4145728015625 0.8322893734375001 0.41056030468750004 0.8169067999999999 0.40892538749999996 0.7935263921875 0.41288801875000003 0.7801966703125001 0.41879901718749996 0.7667307046875 0.431892615625 0.7579835328125 0.4372835734375 0.7510802453125 0.4329326953125 0.7448581734374999 0.4104356421875 0.7451260578125 0.4009662921875 0.749704009375 0.3892760890625 0.7505214671875 0.37643004375 0.7488092234375 0.3657140234375 0.7495585609375001 0.3562446734375 0.7541365109375 0.35669881718749996 0.76063106875 0.3687523359375 0.76500925625 0.378337446875 0.776086365625 0.3860650203125 0.78859863125 0.3865191640625 0.7950931875 0.3882449109375 0.8197725078125 0.38244967343749997 0.8488935328125 0.3654842734375 0.8722693390625 0.36612007343749997 0.88136171875
1939 0.5058062 0 0.3970197375 0.0072853953125 0 0.03384174375 0 0.47695339375 0.0191023359375 0.734638125 0.13825015937500001 0.744580178125 0.1579024390625 1 0.2137735 1 0.4674512046875 0.83250754375 0.8656037968750001 0.8425186265625 0.9152123640625 0.7959759828124999 0.9800196234375 0.7287915984375 1 0.7113512484375 1 0.5899805234375 0.8851836562500001 0.5905389953125 0.8401156921874999 0 0.5058062 0
819 0.5109094078124999 1 0.5543619093750001 0.9974195937499999 0.94482789375 0.9675050265625 0.9441422265625 0.9297003500000001 0.8915772734375 0.9059655296875 0.8762378890625 0.896596059375 0.8637302265625 0.8857233140625 0.857951021875 0.8730748078125 0.85896616875 0.8455933015625 0.46842538749999996 0.832439421875 0.212655984375 1 0.5109094078124999 1
1822 0.593729990625 0.6644352 0.584714784375 0.67550770625 0.5791671015625 0.69416931875 0.5763603125000001 0.7100287437499999 0.57543599375 0.7388091609375 0.5837085390625 0.7591148953125 0.602515446875 0.7760734671875 0.6153864234374999 0.792141859375 0.6150409109375 0.8991975765625 0.6206384593750001 0.9092482625 0.6422521578125 0.910347409375 0.6713868374999999 0.9070048515625 0.6951964562499999 0.89750834375 0.714044328125 0.8870535328125 0.7339322796875 0.8634733625000001 0.7235706734375 0.8132926640625 0.720961571875 0.789980378125 0.718988271875 0.775760471875 0.7262777328125 0.7400086453125 0.7293320765625 0.7136898078125 0.7162794421875 0.69502359375 0.7111360375 0.6914674671875 0.7102936453125 0.6654211140624999 0.7192180234375 0.6530496953125 0.7081386890625 0.6486033859375 0.7025821046875 0.6111393171875 0.7273409734375 0.5872185375 0.7151057984375 0.580242528125 0.7163684984375001 0.5423016078125 0.7871864859375 0.5190758515625 0.7873432109375 0.5073175265625001 0.781654834375 0.4959679296875 0.6193953765625 0.49948263906249996 0.609340090625 0.5236805046875 0.6128984421875 0.5325685203125 0.6222449015625 0.6102307265625 0.6357766125000001 0.6497476468750001 0.6244497234375 0.6557607515625 0.60797943125 0.6582177296875 0.593729990625 0.6644352
1714 0.590273140625 0.8669926718750001 0.604002540625 0.8673378828124999 0.608056 0.855307071875 0.601665925 0.8479223328125001 0.6010051921875 0.824473803125 0.6112670687499999 0.8172299078125 0.7262207375 0.8091915640625 0.792828540625 0.80975494375 0.79212684375 0.8137198 0.8237139000000001 0.845447853125 0.8353132750000001 0.843331484375 0.769959315625 0.0347226984375 0.7582691125000001 0.035540156249999996 0.758814084375 0.043333625 0.7442013296875001 0.0443554484375 0.737447940625 0.031775064062500004 0.7306286546874999 0.0322519140625 0.7308352453125 0.0492058859375 0.574445821875 0.0666680140625 0.572745009375 0.05634484375 0.5610548046875 0.0571623015625 0.56169060625 0.06625468125 0.5402585656250001 0.06775335625 0.5374019109375 0.054900484375 0.5265950625 0.0543509109375 0.5872348281249999 0.851541978125 0.5839738953125 0.8609068453125 0.590273140625 0.8669926718750001
1665 0.7565112593750001 0.8083787062500001 0.7348726296875 0.7929234109375 0.7281441734375 0.7946991718749999 0.7240907125 0.806729984375 0.72545314375 0.82621365625 0.7319589796875 0.8492534562499999 0.7362439625 0.8685327640624999 0.7371522500000001 0.88152188125 0.7330079609375 0.8922537796875 0.73729294375 0.9115330875 0.7445004765625 0.93060803125 0.755398153125 0.9324565171874999 0.7688550671875001 0.9289049921875 0.7732718421875 0.9220698281249999 0.7841944515625 0.9382744625000001 0.8022747296875 0.9448417421874999 0.81987593125 0.93055831875 0.8292793859375 0.9390376046875 0.8302535687500001 0.9389694828125 0.8497372421874999 0.9376070515625001 0.8525440312500001 0.9217476281250001 0.8638210562499999 0.8870222249999999 0.8584710609374999 0.866512128125 0.860576153125 0.8546175593750001 0.8431316765625001 0.8571426593749999 0.8386240734375001 0.8626789140625 0.834933928125 0.8799053703125 0.8294521421875001 0.8855097453124999 0.8274788421875 0.871289840625 0.824713015625 0.85973588125 0.8203372046874999 0.8391576593750001 0.8071029125000001 0.8178936234374999 0.78131999375 0.8131702265625 0.7565112593750001 0.8083787062500001
183 0.80450984375 0.7528118046875 0.795585465625 0.7651832234375 0.768126665625 0.764492803125 0.707504659375 0.793531903125 0.7086195359375 0.8234749890625 0.7244468984375 0.9098208453125001 0.7297719609375 0.9159747953125 0.73883703125 0.933614584375 0.8397478515625 0.9487476812500001 0.8619474859375 0.9302269140625 0.8847579890624999 0.9064423796875 0.8705744453125 0.8996026125000001 0.86169103125 0.884560646875 0.8578601921875 0.8717758953124999 0.8600561140625 0.8611802390625 0.8616162328125 0.8414922015625 0.887440115625 0.8188022125 0.8943252968750001 0.8052681249999999 0.8925336546875 0.79364604375 0.8897428968750001 0.767735934375 0.872207590625 0.768962121875 0.852517328125 0.7533705828125 0.80450984375 0.7528118046875
208 1 0.7141658953125 0.871267240625 0.8395120734375 0.8620703765625001 0.8479867578125001 0.859808559375 0.8716396515625 0.864522753125 0.88305736875 0.873835378125 0.8902377453125 0.8963573625000001 0.904326009375 0.926763646875 0.9191682125 0.9446622671875 0.9231376703124999 0.9479321015625001 0.9698984859375 1 0.96545480625 1 0.7141658953125
1712 0.9278821109375001 0.543174290625 0.9161010781250001 0.5426928359375001 0.9177110624999999 0.551717096875 0.8908631328125001 0.5457629093749999 0.71532841875 0.5554269656249999 0.6955063640625 0.5659498984375 0.690362959375 0.562393771875 0.6785819265625 0.5619123203124999 0.67745101875 0.5737387671875 0.7039071140625001 0.96607816875 0.7015295359375 0.974076003125 0.7003077984375 0.9846035375 0.7206748265625 0.9818740734375 0.7171574374999999 0.9455726734375001 0.7674766046875 0.9511908531250001 0.7689049328124999 0.9576172906249999 0.7775158609374999 0.968762521875 0.790180246875 0.967876940625 0.7983120984375 0.958171465625 0.8714008046874999 0.9674184968749999 0.8717641203125 0.9726141437500001 0.883272665625 0.9691988625000001 0.8845852328125 0.9599702375 0.884040259375 0.95217676875 0.9311145249999999 0.9253902828125 0.9102025250000001 0.9203262796875 0.8829503140625 0.9365898296875 0.880770425 0.9054159531250001 0.87513904375 0.824883440625 0.94402469375 0.7600243921875001 0.9381617890625 0.648181759375 0.93067286875 0.5690843984375 0.9332321046875001 0.5636843875 0.9278821109375001 0.543174290625
291 0.819656896875 0.5494368703125 0.8522341687500001 0.5393272687499999 0.8494843734374999 0.486003775 0.840146815625 0.4644672515625 0.8374468859374999 0.4398560546875 0.8228341312499999 0.44087787812499996 0.822339025 0.4617967046875 0.8127129500000001 0.4781329796875 0.819656896875 0.5494368703125
291 0.851705228125 0.48976426718750005 0.85329918125 0.540558059375 0.8713545265624999 0.5327691921875 0.8676554812499999 0.4938699671875 0.8621487609375 0.4851181953125 0.8583838187499999 0.4592762078125 0.845628603125 0.45886287656249997 0.8443160375 0.4680915 0.851705228125 0.48976426718750005