1584 0.7834405453125 0.1411665546875 0.24006161874999998 0.18870605000000001 0.309204828125 0.8747100703124999 0.8888259359375 0.69381155625 0.9007088281250001 0.49063756718749996 0.8859190124999999 0.13905286249999999 0.7834405453125 0.1411665546875
356 0.6047094171875 0.523386171875 0.5950581828125 0.5173785343749999 0.570153315625 0.5195574281249999 0.5206410406249999 0.527315196875 0.5056848671874999 0.5389017109375 0.511997784375 0.5589054390625 0.5290361765625 0.5711187984375 0.5513795046875 0.5657380046875 0.5782509921875 0.5599610484374999 0.609055715625 0.546987965625 0.6047094171875 0.523386171875
356 0.4658238265625 0.55266711875 0.4539085140625 0.5468575609374999 0.43865488125 0.5550440937500001 0.41660901250000004 0.5638248703125 0.3973065421875 0.551809590625 0.3791939109375 0.553394240625 0.3667992765625 0.5681826578125 0.37025319687499997 0.581584503125 0.39467874375 0.6000035828125 0.441926940625 0.5924438953125 0.469277746875 0.5660689640625 0.4658238265625 0.55266711875
358 0.768615475 0.5193242687499999 0.7175003015625 0.4826841921875 0.6575600109375 0.5016323140625001 0.7038495671875 0.5352685703125 0.768615475 0.5193242687499999
534 0.46023835 0.43667157031250003 0.45904850937499997 0.42307164375 0.4539254328125 0.41666784218749997 0.44457165625000006 0.4140601859375 0.43658958124999997 0.40105450156250005 0.427533265625 0.4018468265625 0.4119821734375 0.4066333765625 0.39583616250000003 0.4046199640625 0.3774260703125 0.40280463125 0.3681878953125 0.42759491250000004 0.36228803906249996 0.4383891015625 0.3921341234375 0.46661196406250005 0.4685178859375 0.45307723749999995 0.46023835 0.43667157031250003
534 0.4358297203125 0.2880627734375 0.4301117234375 0.27485900937499996 0.41849387031249996 0.2724494328125 0.3978197 0.27083218124999997 0.379409609375 0.26901685 0.361296978125 0.2706015 0.3335331125 0.2661785109375 0.3231050984375 0.27736886250000004 0.3126770828125 0.2885592140625 0.30028245 0.3033476296875 0.2776416609375 0.3053284421875 0.2640571875 0.3065169296875 0.260421409375 0.31711303750000003 0.2803188 0.3359282796875 0.44470417656250005 0.31126840312500004 0.4358297203125 0.2880627734375
534 0.8466853140625 0.36860177968749996 0.8628975859375 0.3192193015625 0.8617077453125 0.30561937499999997 0.852353971875 0.30301171718750003 0.826556725 0.294990665625 0.8058825546874999 0.2933734140625 0.7904470625 0.3255579015625 0.7768625890624999 0.32674638906250003 0.7625013375 0.34513286718749997 0.7467683843749999 0.3739173734375 0.837629 0.3693941046875 0.8466853140625 0.36860177968749996
534 0.8569808109375 0.46020320937500003 0.845065496875 0.4543936515625 0.827250325 0.45937828437499995 0.8195657093750001 0.4497725828125 0.804014615625 0.4545591328125 0.78512520625 0.4733417734375 0.772135653125 0.48133022499999994 0.768499875 0.491926334375 0.8447017765625 0.5023895609375 0.8569808109375 0.46020320937500003
1871 0.2252534671875 0.436674046875 0.150836325 0.4466107109375 0.137251853125 0.44779919687499997 0.1512324671875 0.6075983468749999 0.2454313984375 0.5890789890625 0.23472284375000002 0.4666796390625 0.2252534671875 0.436674046875
1578 0.305271590625 0.8819061953125 0.2164832515625 0.0228945828125 0.2073734546875 0.023691585937500002 0.012662671875 0.040726573437500004 0.12379848281250001 0.8155588859374999 0.305271590625 0.8819061953125
685 0.7390671578125 0 0.7577913203125 0.369526984375 0.8404879984375 0.37599598749999996 0.8418218671875 0 0.7390671578125 0
534 0.605338175 0.2698067 0.5973561000000001 0.256801015625 0.5837716265624999 0.257989503125 0.56851799375 0.26617603437500004 0.5362259703125 0.262149209375 0.527764575 0.269741496875 0.518708259375 0.270533821875 0.4773599203125 0.267299321875 0.4592472890625 0.268883971875 0.4317808828125 0.2678609625 0.45346303125 0.3070760953125 0.52984679375 0.293541371875 0.5573132000000001 0.29456437812499997 0.62493810625 0.285221959375 0.605338175 0.2698067
1316 0.504710725 0.24092439062499998 0.5039339468749999 0.2581223828125 0.5108417828125 0.284926075 0.5076190656249999 0.3263201015625 0.49986818906249997 0.368110290625 0.5183938796875001 0.397323559375 0.528458175 0.43412911718749997 0.5103948859375 0.51450759375 0.506097928125 0.5696996296875 0.5199798609374999 0.5719111234375001 0.550602725 0.5829359953125001 0.534043653125 0.5501246625 0.5549659421875 0.47634806875 0.5622868390625 0.5339496796875001 0.5787796515625 0.6181569015624999 0.585274428125 0.6141626765625 0.58891020625 0.60356656875 0.6150049125 0.6149876015625 0.6370507812499999 0.6062068265625 0.62227646875 0.5937953859375 0.5989251609374999 0.5615782984375 0.58558880625 0.4873729390625 0.5692778546875 0.3791677640625 0.5626674781250001 0.3557640515625 0.587274884375 0.35018517656250003 0.57416973125 0.33077569218749997 0.5860850453124999 0.3365852484375 0.6146256906249999 0.32381024687500004 0.5950257609375 0.3083949875 0.568931053125 0.296973953125 0.56851799375 0.26617603437500004 0.566617634375 0.2183782078125 0.568468653125 0.18738220625 0.566386434375 0.163582334375 0.575145290625 0.159390028125 0.59206808125 0.14420545 0.589688403125 0.11700559531250002 0.5746166296874999 0.10119417343749999 0.5601397765625 0.0921827140625 0.5474476828125 0.1035711484375 0.544406825 0.1209672203125 0.536242890625 0.131959490625 0.5396968078125 0.1453613359375 0.5454148046875 0.1585651015625 0.526343534375 0.20134569687499998 0.5162129796875 0.21593603125 0.504710725 0.24092439062499998
1316 0.7078335640625 0.1375032890625 0.6828130953125 0.11228424687500001 0.6638080859375 0.10366895000000001 0.6591643265625 0.0766671765625 0.657677028125 0.0596672671875 0.6448693343749999 0.0436577640625 0.6290207828125001 0.0450443328125 0.6191876859375001 0.0630346484375 0.614180209375 0.08402878281250001 0.623054665625 0.10723441250000001 0.6117342703124999 0.10822481875000001 0.5977860781250001 0.15740921562500002 0.5937865812500001 0.2160012328125 0.5961662609375 0.2432010875 0.6027766375 0.2666047984375 0.61581553125 0.337410175 0.6159804703125 0.4436019390625 0.61859135 0.5255976671875 0.62067356875 0.549397540625 0.614476253125 0.5567917484375 0.63151464375 0.56900510625 0.6390836609375 0.551212871875 0.6434962171875 0.5234187734375 0.6482062359375 0.49902465625000003 0.643446878125 0.444624946875 0.6469670562500001 0.40663090156250004 0.6608489890625 0.4088423953125 0.664121046875 0.446242196875 0.6596422296875 0.5254321875 0.666550065625 0.5522358796875 0.671193825 0.5792376531250001 0.6906781546875 0.5672549765625 0.69026509375 0.5364570578125 0.693074753125 0.4642651125 0.6868280953125 0.39286549375 0.69398405 0.344275340625 0.69327353125 0.310077440625 0.687026875 0.2386778203125 0.695306409375 0.2550834859375 0.700363228125 0.312883178125 0.69732236875 0.33027925156250004 0.7039327453124999 0.35368296093749996 0.7167404390625001 0.369692465625 0.7197812984375 0.35229639218750003 0.7168066984375 0.3182965734375 0.7180627984375 0.2805006109375 0.7162780390625 0.26010071875 0.7124110609375001 0.2159009546875 0.7150388609375 0.16770696406250002 0.7078335640625 0.1375032890625
1324 0.9373979078125 0.12769703125 0.9407362265625 0.1137009390625 0.9389514671875 0.0933010484375 0.9332334703124999 0.0800972828125 0.9151208390625 0.0816819328125 0.9166081374999999 0.09868184375 0.9177979765625001 0.1122817703125 0.900577725 0.124066365625 0.894975328125 0.1382605375 0.8997346875 0.19266024843750001 0.9105757625 0.2122678140625 0.9147402 0.25986756093749996 0.9066918640624999 0.2982577671875 0.9000152281249999 0.3262499484375 0.91163308125 0.328659525 0.9192020984375 0.31086729062499996 0.9273660343750001 0.29987501875 0.9326047109375001 0.33367675625 0.9439251046875 0.33268635 0.9463710437499999 0.30849031562499996 0.9402399875 0.26448863125 0.94465254375 0.2366945328125 0.9544856390625001 0.2187042171875 0.9506186609375 0.17450445312500001 0.947941521875 0.1439046140625 0.9373979078125 0.12769703125
1939 0.7086396359375 0 0.72996119375 0.4164998875 0.88933909375 0.41283414687500003 0.874273284375 0 0.7086396359375 0
1939 0.47816952500000004 0 0.2164297703125 0.0228992609375 0.2676097859375 0.47750643125 0.7234664171875 0.4204941125 0.703979253125 0 0.47816952500000004 0
1939 0 0.457108321875 0.0324585484375 0.8406801249999999 0.119567784375 0.8193550296875 0.010696053125 0.0443246359375 0 0.0444564375 0 0.457108321875
1939 0.8749840453125 0 0.8901327921875 0.2654464359375 0.9809861515625 0.2608402421875 0.9581655874999999 0 0.8749840453125 0
819 1 0.47816953125 0.9812834296874999 0.26423815156249997 0.8926943296875001 0.2686483359375 0.9007088281250001 0.49063756718749996 0.8868593171875 0.69740961875 0.30753566875 0.8817081140624999 0.1218318625 0.8191569484375 0.0324585484375 0.8406801249999999 0.04639723125 1 0.4435116078125 1 1 0.951313575 1 0.47816953125
1803 0.13214569375000002 0.31120567656250003 0.20745521562499997 0.3114689609375 0.195672421875 0.2028676203125 0.1158347421875 0.2030005 0.13214569375000002 0.31120567656250003
1803 0.062256709375 0.32074617656250004 0.07314712343749999 0.41914757031249994 0.1448208671875 0.4300069625 0.1381611515625 0.327809425 0.062256709375 0.32074617656250004
1803 0.10805144375 0.0358071421875 0.11638032031250001 0.1310066359375 0.20104361874999999 0.1338775765625 0.1892608234375 0.025276235937500002 0.10805144375 0.0358071421875