1584 0.0171556125 0 0 0.49127246874999997 0 0.9768347203125 0.488756203125 0.9939024625 0.6820016843750001 0.9615879093749999 0.783074671875 0.0095804125 0.5087275515624999 0 0.0171556125 0
40 0.7100889671874999 0.15727336875 0.684628821875 0.1413601140625 0.6869420140625 0.13242639218750002 0.6674782140625 0.11672253437499999 0.6419132656250001 0.10381045156249999 0.60982795625 0.1056948421875 0.592258134375 0.0930619578125 0.57668709375 0.0804988703125 0.5492281671875 0.064515815625 0.5293451546875 0.060816651562500004 0.5033609921875 0.059909265625 0.50083819375 0.074845334375 0.498525003125 0.0837790578125 0.468752884375 0.076729725 0.4467662859375 0.0759619359375 0.441511084375 0.11183642187500001 0.44193781562499995 0.156923825 0.4838074265625 0.161390778125 0.5274662140624999 0.171929878125 0.5594467203125 0.1730466609375 0.6073126765625 0.17772300937500002 0.65907139375 0.18554013125 0.6830567734375 0.18637771875 0.6970482453125 0.1868663109375 0.7172456671874999 0.1815619546875 0.7116685359375 0.1693478640625 0.7097745578125 0.166276890625 0.7100889671874999 0.15727336875
1090 0.6488904359375 0.3624697796875 0.6503652 0.3775454453125 0.65152555625 0.40162463437499996 0.6588918625 0.419910871875 0.67235931875 0.43540533437500006 0.7002374578125 0.43938369374999997 0.7127541640625 0.42479661875 0.7194841328125 0.40399779999999996 0.7202177546875 0.382989584375 0.7130610546875 0.358701 0.7038007703125 0.3373437875 0.6801298 0.32750268125000004 0.66803230625 0.3300850609375 0.65351681875 0.344602334375 0.6488904359375 0.3624697796875
1090 0.5785138640625 0.3720315078125 0.5812537875 0.40818519062499997 0.5964056156249999 0.432752971875 0.6241789515625 0.43973250625000004 0.6425872 0.42835600156250003 0.651420753125 0.404625809375 0.644683265625 0.3683325296875 0.6374217625 0.34704511718750003 0.622060328125 0.3284796828125 0.60806885625 0.327991090625 0.5957617578125001 0.336575815625 0.587871434375 0.333295446875 0.581141465625 0.354094265625 0.5785138640625 0.3720315078125
1090 0.495934996875 0.3871767921875 0.4950965703125 0.41118618125 0.5163495453125 0.4329621859375 0.5461216640625 0.44001151875 0.568422671875 0.4317757859375 0.5794646125 0.40211304531250003 0.5787234703124999 0.3660291625 0.5733559453125 0.347812721875 0.5579945125 0.3292472875 0.531905546875 0.331341075 0.513392496875 0.345718753125 0.502874571875 0.3603756265625 0.495934996875 0.3871767921875
1090 0.4702577265625 0.3201737859375 0.48730353125 0.3478125390625 0.503293784375 0.34837093124999996 0.5298019625 0.33427245 0.54431745 0.319755175 0.5452606796875 0.2927446109375 0.5323172421875 0.2622442828125 0.5127486375 0.2495415984375 0.494549996875 0.25491575312500003 0.48024411562499997 0.26343068125 0.47361895 0.281228328125 0.4702577265625 0.3201737859375
1090 0.6294567125 0.5751343140625 0.6203012296875 0.55077593125 0.6027314078125 0.53814304375 0.5827435921874999 0.5374450546875 0.56254616875 0.5427494125 0.554027025 0.557476084375 0.5531885984375 0.5814854734375 0.5546633640625 0.5965611421875 0.5603453 0.6057740578125 0.566236840625 0.6089846296875 0.56991999375 0.6181277484375001 0.603584871875 0.628317853125 0.6178907546875 0.619802925 0.6326158484375 0.599283303125 0.6294567125 0.5751343140625
1090 0.62409670625 0.6140099734375 0.6192607156250001 0.6378797656249999 0.6187367 0.6528856328125 0.6343077390625 0.6654487203125 0.658188315625 0.6692874828125001 0.6822785 0.667123896875 0.6909024453125 0.64939605 0.6858493296875 0.622176090625 0.65270846875 0.59698011875 0.636718215625 0.5964217265625 0.62409670625 0.6140099734375
1090 0.5375052359375 0.5148314625 0.5215149828125 0.5142730703125 0.49942358125 0.5165064562499999 0.486906875 0.5310935296875 0.476284146875 0.5487515765625 0.47513131093750005 0.5817644875 0.47660607656250004 0.5968401531249999 0.49617467968750006 0.6095428375 0.51605769375 0.6132420015625 0.53236235625 0.604796871875 0.544983865625 0.5872086249999999 0.5537126156250001 0.5664796046875 0.5525522609375 0.5424004171875 0.5375052359375 0.5148314625
1092 0.4146438453125 0.594676384375 0.40939616093750003 0.68764296875 0.45137057656249996 0.6891087484375 0.45968011249999996 0.6803844234375 0.4623077140625 0.66244718125 0.48997624687499997 0.6724278875 0.517959190625 0.6734050734375 0.5359482250000001 0.6740332640625 0.5423637828125 0.6622379671874999 0.5559360421874999 0.6747312546875001 0.6041164078125 0.6704040828125 0.62031626875 0.6649601281249999 0.61894630625 0.6468832859375 0.613473978125 0.631668021875 0.5915921828124999 0.627899059375 0.5600308890625 0.6147775796875 0.546982646875 0.5872784249999999 0.5241576234374999 0.6105200234375 0.49417589843750004 0.6094730390625 0.47492170468749995 0.587766834375 0.4736565453125 0.56668881875 0.474494971875 0.5426794296875 0.47070701562500006 0.5365374843749999 0.455031171875 0.526975571875 0.43693733437500004 0.5293485546875 0.42452543125000003 0.5409344546875 0.417900265625 0.5587321000000001 0.4146438453125 0.594676384375
1090 0.421314125 0.91943133125 0.45150545624999994 0.91447596875 0.46570653437500004 0.9089622140625 0.4685437421875 0.8850226234375 0.4633858234375 0.8608038375 0.45212675625000004 0.839376828125 0.4383448921875 0.8328858875 0.4263522015625 0.83246709375 0.416463096875 0.8291169249999999 0.403946390625 0.843704 0.3981671703125 0.8945843546875001 0.4015359140625 0.91273099375 0.421314125 0.91943133125
1090 0.52996691875 0.7880080640625 0.5274366015624999 0.7458520359375 0.512284775 0.721284253125 0.482198246875 0.7232384421875 0.46589358281250004 0.731683571875 0.458954009375 0.7584847375 0.46358791093749996 0.797709390625 0.4727433921875 0.8220677765625 0.5045142921875 0.82918690625 0.520923759375 0.8177406046875 0.52996691875 0.7880080640625
327 0.2333238453125 0.9158713984375 0.2340649875 0.9519552812500001 0.2376433375 0.964099575 0.2599443453125 0.9558638421874999 0.2718322328125 0.9592838109375 0.29034528437499996 0.9449061328124999 0.30612593125 0.951466871875 0.322325790625 0.946022915625 0.343893175 0.9587954 0.3484147546875 0.9439291296875 0.3408388421875 0.9316452390625001 0.3355761203125 0.9104276265625 0.338203721875 0.8924903843750001 0.33683375937500004 0.8744135421875001 0.33136143125 0.8591982781249999 0.31989275781250004 0.8437736156250001 0.301903721875 0.843145425 0.2934893828125 0.8548709234375 0.2830762609375 0.8665266218750001 0.27171239062499997 0.8481007875 0.2638220671875 0.8448204171875 0.2474126015625 0.8562667203125001 0.23889345781250002 0.8709933921875 0.23626585625000002 0.8889306359375 0.2333238453125 0.9158713984375
327 0.3639482 0.6710317234375001 0.3563722859375 0.658747834375 0.3365940765625 0.6520474968750001 0.316396653125 0.6573518546875 0.3098762921875 0.672148325 0.30914266874999996 0.693156540625 0.30861865312500003 0.7081624078125001 0.312197003125 0.7203067015625 0.31598495937500004 0.726448646875 0.3237704796875 0.732730190625 0.35006905 0.72463405625 0.36237615 0.716049328125 0.3650037515625 0.6981120859375001 0.3639482 0.6710317234375001
329 0.3191215390625 0.5793213390624999 0.3048156578125 0.5878362671875 0.2891398140625 0.5782743546875 0.2811446875 0.5779951578125 0.2627364390625 0.5893716609374999 0.260213640625 0.60430773125 0.2499053234375 0.6129622578125 0.2423444484375 0.7148625625 0.252233553125 0.71821273125 0.2617034453125 0.7335675953125 0.28947678125 0.740547128125 0.301888684375 0.728961228125 0.3045162859375 0.7110239843749999 0.3096666859375 0.678150671875 0.3226026046875 0.651558903125 0.3405916390625 0.6521870953125 0.3563722859375 0.658747834375 0.36099866875000003 0.6408803890625 0.353737165625 0.619592978125 0.34016490781250003 0.607099690625 0.3388997484375 0.5860216765625 0.3191215390625 0.5793213390624999
356 0.278277403125 0.3735663546875 0.2899632015625 0.44008076718750005 0.2910187546875 0.46716112968749995 0.34130270625 0.459902584375 0.3714940375 0.4549472203125 0.3671745453125 0.40671904531249997 0.36485383437499996 0.3585606703125 0.2984748265625 0.368261996875 0.278277403125 0.3735663546875
358 0.376180109375 0.09152601406250001 0.3581910734375 0.0908978234375 0.359134303125 0.063887259375 0.35429079531249996 0.030664951562499997 0.33082943125000003 0.014821495312499999 0.3066344453125 0.0199862546875 0.2939081328125 0.0405756765625 0.292964903125 0.0675862390625 0.280657803125 0.07617096718750001 0.270349484375 0.08482549375000001 0.27046180625 0.1389164171875 0.35230705156250003 0.14477935 0.38418275468749996 0.1488973078125 0.39280670156249997 0.13116946093749998 0.38764878281250004 0.106950675 0.376180109375 0.09152601406250001
356 0.11364368437500001 0.388851053125 0.1060677703125 0.3765671625 0.10848576562500001 0.364632265625 0.10101465624999999 0.349347203125 0.0931243328125 0.3460668328125 0.0866039703125 0.36086330312500003 0.0861847578125 0.37286799843749996 0.081663178125 0.38773426875 0.0787211671875 0.4146750328125 0.0682032421875 0.42933190468750004 0.06925879375 0.45641226875 0.07504553281250001 0.46262401249999996 0.0910357859375 0.4631824046875 0.115335575 0.45501647187499994 0.1180679796875 0.43407805312500003 0.11249084843749999 0.42186396249999997 0.11680282187499999 0.41300004062499995 0.11364368437500001 0.388851053125
544 0.9788904687500001 1 0.9920896562499999 0.677942740625 0.54269323125 0.7674186421875 0.518737928125 0.9949494484375 0.69666178125 1 0.9788904687500001 1
1939 1 0.0171556125 0.7850634859375 0.009649864062500001 0.7060617921875 0.7310559296875 0.9880920921874999 0.6778031421875 1 0.363927821875 1 0.0171556125