1584 0.7758740109375 0.2027367921875 0.2357277921875 0.126824190625 0.1335003890625 0.1193500859375 0.1003303203125 0.46967891875 0.1015636234375 0.6731963671875001 0.670922884375 0.884181990625 0.7758740109375 0.2027367921875
356 0.4849357859375 0.558196796875 0.49228696562499996 0.538550875 0.47795768125000004 0.52619749375 0.4289192703125 0.5158590843749999 0.40416256875 0.51237975625 0.394210146875 0.5178740546875 0.38863458125 0.541216034375 0.4187181296875 0.5557835328125 0.4452504484375 0.5629589171875 0.46728154687499995 0.569501696875 0.4849357859375 0.558196796875
356 0.629449771875 0.575060403125 0.6178460890624999 0.55964356875 0.5998412156249999 0.5571131484375 0.5799363671875 0.568101746875 0.5583802625 0.5581792125 0.543575984375 0.5492055859375 0.5313729515625 0.5543835828125 0.5272223671875 0.5675862984375 0.5531553328125 0.5953565125 0.599943134375 0.60537861875 0.6252991875 0.5882631171875 0.629449771875 0.575060403125
358 0.2945839875 0.5245515734375 0.3425704921875 0.49338402343750004 0.28370401562500003 0.4713248359375 0.23074129999999998 0.5052395375 0.2945839875 0.5245515734375
534 0.627492759375 0.4093528578125 0.6090128906250001 0.41020219375 0.5927836328125 0.4113678296875 0.5775043609375 0.40577395781250003 0.568501925 0.4045087484375 0.5598501234375 0.41707885781250004 0.5503726921875 0.419193403125 0.5449214859375 0.42532030625 0.5430215125 0.438839325 0.533894715625 0.45478918906250004 0.60946544375 0.472302984375 0.640747696875 0.4456808234375 0.63542085 0.434592653125 0.627492759375 0.4093528578125
534 0.7322419265625 0.31723256875 0.709735834375 0.31406954374999996 0.6981321546875 0.2986527109375 0.6883040874999999 0.286931934375 0.678476021875 0.2752111578125 0.650518725 0.2781750375 0.63251385 0.2756446171875 0.61403398125 0.2764939515625 0.5933035046875 0.277026984375 0.5815754656250001 0.27882522656250003 0.5751742734375 0.29171163906249997 0.565097490625 0.3144210140625 0.7279669859375 0.347650359375 0.748821821875 0.329902253125 0.7457455828125 0.319130384375 0.7322419265625 0.31723256875
534 0.21908057812499998 0.31059614375 0.20535064531249997 0.2776479328125 0.18462016875 0.27818096406250004 0.1584384875 0.2848409 0.1489610578125 0.286955446875 0.147061084375 0.3004744640625 0.1606666578125 0.35063775 0.16966909375 0.351902959375 0.2601684578125 0.36117530625 0.24596353125 0.3316068484375 0.23258423437500003 0.312493959375 0.21908057812499998 0.31059614375
534 0.1987802171875 0.4387105125 0.18350094374999998 0.43311664062500005 0.17532413593750001 0.442306996875 0.1577942546875 0.436396821875 0.145591221875 0.44157481875000004 0.15564556406250002 0.4843459890625 0.2322906375 0.47788519999999995 0.22921439999999998 0.4671133328125 0.21666073125000002 0.45845600781250007 0.1987802171875 0.4387105125
1871 0.8514793375 0.46495769375 0.7776842265624999 0.4511399546875 0.76665745625 0.4806088375 0.7495576890625 0.6022800015625001 0.8426582968749999 0.62570396875 0.8649829921875 0.4668555078125 0.8514793375 0.46495769375
1578 1 0.06535663124999999 0.8171535671875001 0.039659240624999995 0.8080979671874999 0.038386559375000004 0.6744741140625 0.8915741046875001 0.8591708703125001 0.8348152890625 1 0.12111725 1 0.06535663124999999
685 0.1839741140625 0 0.166468496875 0.3583461671875 0.2493904046875 0.35621403749999997 0.28620614375 0 0.1839741140625 0
534 0.58027484375 0.27174941406249997 0.5527925390624999 0.2713335390625 0.5347876640625 0.2688031203125 0.49332671093749997 0.2698691828125 0.4843242734375 0.268603971875 0.476271825 0.2605792546875 0.44381330781250006 0.26291052812500004 0.42900902968750004 0.25393690156250004 0.41550537500000007 0.2520390875 0.40685357343749995 0.264609196875 0.38647373125 0.27897755 0.453517015625 0.2918463796875 0.48099931875 0.2922622546875 0.5565700484375 0.3097760484375 0.58027484375 0.27174941406249997
1316 0.48306853125 0.1305670703125 0.47549107656249995 0.11916259843749999 0.473364825 0.1016312203125 0.46128615 0.089594140625 0.4463575140625 0.09783558906249999 0.430478890625 0.112836546875 0.4266789421875 0.1398745828125 0.4427838421875 0.155924021875 0.45131128593750003 0.1605689859375 0.44798633125 0.184227265625 0.4482126078125 0.21527766406249998 0.44381330781250006 0.26291052812500004 0.44178897656249994 0.2936446203125 0.41513229999999995 0.3036843125 0.3947524578125 0.3180526640625 0.4225853984375 0.332303859375 0.43478843125 0.3271258640625 0.42068542343750004 0.345822878125 0.44496713281250005 0.352681959375 0.437140959375 0.3757076375 0.4151893390625 0.482910871875 0.397987653125 0.5563165640625 0.372982234375 0.5872673859375 0.35757860625000004 0.598888590625 0.3791347109375 0.6088111234375 0.4057913875 0.5987714328125 0.40886762499999996 0.6095433015625 0.415144459375 0.6138719640625 0.43602173437499997 0.5306433125 0.446347234375 0.4735037875 0.4633796796875 0.5482742625 0.4451260890625 0.5801739921875 0.4762839828125 0.57076690625 0.4902626328125 0.5692849671875 0.4888600921875 0.5139436859375001 0.47502824062500004 0.4327300046875 0.4870049984375 0.3965016125 0.5070342046875 0.36829793906249997 0.5014810796875 0.3261593734375 0.5004291750000001 0.28465341093749996 0.508730340625 0.2582479796875 0.5088547 0.2410329046875 0.49867599843750005 0.215476809375 0.489322928125 0.20037627812499997 0.47251675625 0.1566561984375 0.4789179484375 0.1437697859375 0.48306853125 0.1305670703125
1316 0.29300004999999996 0.30719880625 0.2882501140625 0.34099635 0.290376365625 0.358527728125 0.30400437812500003 0.34321046875 0.3118305515625 0.32018479218749996 0.3097043015625 0.3026534140625 0.317779190625 0.2451975875 0.3269059859375 0.22924772343750002 0.316931121875 0.30022256718749996 0.314431796875 0.3343364140625 0.3190349328125 0.383234490625 0.30906006874999997 0.45420933437500005 0.3080876421875 0.5264493890625 0.306063309375 0.55718348125 0.3248938125 0.5701694671875 0.3309443703125 0.5434477359375001 0.33924553749999997 0.5170423046875 0.338917340625 0.4377264375 0.34414226875 0.4005491375 0.35812091874999996 0.3990671984375 0.3596478171875 0.43719340625 0.3520479203125 0.491269478125 0.35547479531250004 0.5158766671875 0.3584266734375 0.543863609375 0.36505414375 0.56202759375 0.3827083828125 0.5507226937499999 0.3769065421875 0.5430142765625 0.380231496875 0.5193559953125 0.387130121875 0.43760928125 0.392852484375 0.3315716828125 0.409579175 0.26154574531249997 0.41740534843750005 0.23852006874999998 0.421205296875 0.2114820328125 0.42027775156249997 0.152760996875 0.4089227859375 0.10291401250000001 0.3976697390625 0.1013325 0.40774652187499993 0.0786231265625 0.40384465625 0.0573956921875 0.394966575 0.038915407812500004 0.37921231093749996 0.036701289062499996 0.3655842984375 0.05201855 0.36320932968749997 0.068917321875 0.357158771875 0.0956390546875 0.33772891875 0.1032478984375 0.3114228765625 0.1271229109375 0.30264671718749997 0.1569080953125 0.3027486359375 0.2051735671875 0.2965737203125 0.24911037500000002 0.293723759375 0.2693889015625 0.29300004999999996 0.30719880625
1324 0.072689059375 0.24177100937499998 0.064263534375 0.2853915171875 0.0654397984375 0.309682403125 0.07669284531250001 0.311263915625 0.0836933890625 0.2777826734375 0.0912708453125 0.28918714687499997 0.0978983140625 0.3073511296875 0.1096263546875 0.3055528875 0.10442386562499999 0.277249640625 0.0983957484375 0.2384908296875 0.1050456578125 0.191174265625 0.11689805625000001 0.17216095 0.12449795156250001 0.1180848765625 0.1196460984375 0.10361695156249999 0.10306620468750001 0.09094726875 0.104966178125 0.07742825 0.107341146875 0.060529478125 0.089336271875 0.0579990578125 0.0829350796875 0.0708854703125 0.08008511874999999 0.091163996875 0.0826863625 0.1053156203125 0.07130895937500001 0.1209491828125 0.06703401718749999 0.15136697500000001 0.0608591015625 0.1953037828125 0.0697371796875 0.21378406718749998 0.072689059375 0.24177100937499998
1939 0.15072392343750002 0 0.11575639062500001 0.3925771703125 0.27472401875 0.4045790828125 0.31675116718749996 0 0.15072392343750002 0
1939 0.3214793234375 0 0.281000853125 0.40890774375000005 0.733248953125 0.489699621875 0.8081511296875 0.03839403125 0.534963403125 0 0.3214793234375 0
1939 1 0.1347919015625 0.8631970953125 0.8388276484375 0.9490708828125 0.8646824640625 1 0.49466568750000006 1 0.1347919015625
1939 0.06535663124999999 0 0.032189678124999996 0.23599513125 0.12267745625 0.2453499109375 0.149618134375 0 0.06535663124999999 0
819 0.93005324375 1 0.9490708828125 0.8646824640625 0.8609464875 0.8385113453124999 0.67222350625 0.8912578015625 0.1033392390625 0.6768924234375 0.1003303203125 0.46967891875 0.1199518546875 0.2484133625 0.031714975 0.2393728265625 0 0.465036596875 0 0.9277503484375 0.5140829890624999 1 0.93005324375 1
1803 0.8991825265625 0.22351318281250002 0.8194612156250001 0.21920210468749998 0.8020108140625 0.327037946875 0.87723090625 0.33071642031250004 0.8991825265625 0.22351318281250002
1803 0.8703547203124999 0.3469825875 0.858355525 0.448691525 0.9304993781249999 0.44159812968749995 0.9465247984375 0.3439015515625 0.8703547203124999 0.3469825875
1803 0.8351584421875 0.0421896609375 0.8177080390624999 0.15002550312500001 0.9024055625 0.15158943125 0.9157053812499999 0.0569563046875 0.8351584421875 0.0421896609375