407 0.4474478796875 0 0 0.0951079828125 0 0.19648218906249998 0.1723793359375 0.2437668578125 0.3118928484375 0.2162422203125 0.3278137953125 0.22350750000000003 0.936634 0.1493342875 0.9061256984374999 0.00580401875 0.90479980625 0 0.4474478796875 0
1939 0.9362016703125 0.1473003359375 0.33392721718749996 0.222208053125 0.367483959375 0.387595321875 0.971718875 0.314395653125 0.9362016703125 0.1473003359375
1939 0.34231888125 0.42702234375000003 0.37550955625000004 0.417837571875 0.338512284375 0.221233465625 0.3027227140625 0.2181913921875 0.34231888125 0.42702234375000003
1939 0.1810176578125 0.299437384375 0.31416417343749997 0.2945648578125 0.30228956406249996 0.21615358593749998 0.1699846828125 0.24001610312500002 0.1810176578125 0.299437384375
1939 0 0.2968951578125 0.1814508078125 0.301475190625 0.1684563265625 0.240340965625 0 0.19442756249999998 0 0.2968951578125
1939 0 0.5375216984375 0.006619371875 0.56866339375 0.3396953203125 0.4297098765625 0.31373102343750003 0.2925270484375 0 0.2951648375 0 0.5375216984375
314 1 0.447447884375 0.9708545953125001 0.3103295359375 0.3720690265625 0.3866207359375 0.37769996875 0.4131122328125 0.006619371875 0.56866339375 0.0369398265625 0.7113099187499999 1 0.643264696875 1 0.447447884375
1311 0.693217115625 0.597372390625 0.69314311875 0.6421155203125 0.6979077609375001 0.6645314015625 0.688737628125 0.6664805734375 0.6878466624999999 0.6773193359375 0.690012409375 0.6875083734375 0.7022392546875 0.684909478125 0.7129130781249999 0.69754981875 0.7277634859375001 0.6922633921875 0.72327708125 0.6335804703125001 0.720523275 0.58304878125 0.7530518921875 0.5782644875 0.7869046234375 0.5646792375 0.80736130625 0.6007986843750001 0.8097806265624999 0.589635059375 0.7793615093749999 0.506646040625 0.754883153125 0.5267582109375 0.72933425625 0.534318671875 0.709032484375 0.536504071875 0.7060497703124999 0.492410665625 0.70069706875 0.42965213125 0.686762290625 0.4091854203125 0.6783035453124999 0.3769053625 0.692058746875 0.3739816046875 0.716054621875 0.38166038125 0.7365359703125 0.40286545 0.7413006125 0.42528133281249997 0.7611199046875 0.4508868796875 0.7605071796875 0.42545860312499995 0.7402794046875 0.3829008734375 0.705201221875 0.34562957031249997 0.681205346875 0.33795079375000003 0.656776321875 0.3282342078125 0.6543816687499999 0.32448345624999997 0.6469934640624999 0.304755103125 0.6219023828125 0.29943899687500003 0.6146690875 0.318015490625 0.61900058125 0.3383935671875 0.6113341375 0.354932253125 0.5993115343750001 0.366007240625 0.5942686515625 0.3798583953125 0.6001038359375 0.4148259859375 0.609682453125 0.4298289984375 0.614496428125 0.42241612812499996 0.625578734375 0.45200865468750007 0.6383936390625 0.48975240937500003 0.6546984046875 0.5288842500000001 0.6843005546875001 0.5779689 0.693217115625 0.597372390625
163 0.618989746875 0.6088901515625 0.623983296875 0.62486775 0.6357523281249999 0.6351454234375 0.6538883531249999 0.6227709859375 0.654575075 0.6034561328125 0.6436970109375 0.5823396984375 0.6275471546875 0.581512703125 0.6181481140625 0.5899001593750001 0.618989746875 0.6088901515625
819 1 0.63962468125 0.0365066765625 0.7092721109375 0.098302796875 1 0.5183548296875 1 1 0.8965689875 1 0.63962468125
1102 0.3491275625 1 0.295295090625 0.88216169375 0.270123096875 0.7937976109375 0.1874369828125 0.7730353156249999 0.12938413437500002 0.7704656953125 0.0817762015625 0.7869747031250001 0.055132099999999996 0.796897834375 0.099433215625 1 0.3491275625 1
1050 0.47267309375 0.1309502953125 0.4958026703125 0.1345534578125 0.48711501718749994 0.10871168281250002 0.4554526984375 0.11757159375 0.45805159375000004 0.1297984390625 0.47267309375 0.1309502953125
1050 0.366938315625 0.1896328125 0.345999153125 0.1813043109375 0.35468680468749997 0.207146084375 0.3699703609375 0.20389746406249998 0.366938315625 0.1896328125
1050 0.7406740562499999 0.144270846875 0.7568239109375 0.1450978421875 0.7529255671875 0.126757575 0.73568050625 0.12829325 0.7378462515625 0.1384822875 0.7406740562499999 0.144270846875
1617 0.8315969234375 0.33154259218750004 0.84005566875 0.3638226484375 0.8751831828125001 0.3712651984375 0.8867726359375 0.3581524046875 0.8852936124999999 0.3286485125 0.8315969234375 0.33154259218750004