2001 0.4781695328125 0 0 0.041834414062500005 0 0.15824629375000002 0.043737692187499996 0.3046475046875 0.9793654187499999 0.242315190625 0.9581655874999999 0 0.4781695328125 0
1092 0.7425836140625 0.09058073125 0.7195757515625 0.0965148296875 0.70332930625 0.0900938671875 0.6835319265625001 0.0879047421875 0.6513794859375001 0.0789542015625 0.616357015625 0.082018271875 0.5855663828125001 0.08863327343750001 0.547673884375 0.10371195156249999 0.5192664171875 0.137566653125 0.5152286187499999 0.1810527984375 0.552634253125 0.205228428125 0.61304775 0.22346995937499997 0.6951072984375 0.22021185000000001 0.73012976875 0.21714778125 0.7690436234375 0.213743259375 0.79983425625 0.2071282578125 0.80625521875 0.1908818109375 0.8052338625000001 0.1792076546875 0.8035316015625 0.1597507265625 0.789133828125 0.12964099843750002 0.7676341875 0.10799494531250001 0.7474963546875 0.1019144359375 0.7425836140625 0.09058073125
183 0.75333166875 0.2582507609375 0.8270739546874999 0.20474509218749998 0.8537791609375001 0.1514334640625 0.798765271875 0.1052713296875 0.71193939375 0.054050040625 0.669134153125 0.057795014062500004 0.5449502671875 0.0725808671875 0.4730566546875 0.1023977703125 0.46055518125 0.1387820484375 0.4419731984375 0.195304159375 0.46313238593749995 0.21305882656250003 0.523886334375 0.23519174375000002 0.5789002234375 0.281353878125 0.626958659375 0.2928339953125 0.654538809375 0.294342215625 0.6690829953125 0.28130625 0.75333166875 0.2582507609375
1836 0.49153985312500004 0.179204125 0.5770039234375 0.21485987187500002 0.5035544625 0.1820741546875 0.5028735578125 0.1742913828125 0.62063648125 0.1757519765625 0.6407743124999999 0.1818324875 0.67968816875 0.17842796562500002 0.662420365625 0.160332846875 0.6114919015625 0.1608673390625 0.6040495828125 0.165439628125 0.49017804531250003 0.16363858281250002 0.49153985312500004 0.179204125
301 0.8008044546875001 0.44231365 0.9036827390625 0.4529188234375 0.9921632515625 0.4334142671875 0.9710552187499999 0.1921483640625 0.95412786875 0.1779446296875 0.863945096875 0.1779922578125 0.7482248874999999 0.199879978125 0.6886863359375 0.23645829687500003 0.6574088390624999 0.28232760625000003 0.6621751687499999 0.33680700468749997 0.67691339375 0.3708081171875 0.70196396875 0.38822233281249996 0.7192317703125 0.4063174515625 0.8008044546875001 0.44231365
838 0.89604638125 0.410454034375 0.927177465625 0.4077304171875 0.9696422546875001 0.4000940578125 0.98063550625 0.39128993125 0.9867160171875 0.37115209843749997 0.9653151609374999 0.21617758125000003 0.9353518453125 0.18742966249999998 0.8925466046875 0.1911746359375 0.8419585921875001 0.1956005125 0.7846091656249999 0.2123814515625 0.74282528125 0.22780058125 0.7155855828125001 0.230183746875 0.6907290484375 0.259806609375 0.6807571515624999 0.28028489375 0.66232158125 0.29366131093750003 0.6640238421875 0.31311823906249997 0.68552348125 0.334764290625 0.71480589375 0.3557294390625 0.78859580625 0.3924065421875 0.813305928125 0.405929371875 0.8444370125 0.40320575468750003 0.89604638125 0.410454034375
1836 0.8457035656249999 0.23840575312499998 0.8849578734374999 0.23889261875 0.8878279015625001 0.22687800937499997 0.88646609375 0.21131246718750002 0.9020316359375 0.20995065937500001 0.89930801875 0.178819575 0.8795106390624999 0.17663045 0.8444881687500001 0.17969451875 0.8136975375000001 0.186309521875 0.6871304874999999 0.17385567500000002 0.6820713328125 0.2056676640625 0.8132106734375 0.225563828125 0.8181234140625 0.23689753281249998 0.8457035656249999 0.23840575312499998
910 1 0.5229887140625 0.9979509375 0.49956782187500004 0.9976104843750001 0.4956764359375 0.9962486765625 0.48011089374999993 0.975429940625 0.4662476125 0.9559730125 0.46794987343749994 0.9371969890624999 0.4774349046875 0.9209505421875 0.4710139421875 0.9156973484375 0.4557888515625 0.8877767453125 0.4503892453125 0.8722112031249999 0.4517510546875 0.854116084375 0.4690188578125 0.8307677703125 0.47106157031249996 0.81131084375 0.47276382968749997 0.797107109375 0.48969118125 0.8008520828125001 0.532496421875 0.8391326609374999 0.6114919015625 0.8814510375 0.6470012359374999 0.899740196875 0.6767705109375 0.9643855312499999 0.6985629765625 1 0.70619983125 1 0.5229887140625
1525 1 0.53103966875 0.9818985296875 0.5401839374999999 0.9546588312500001 0.542567103125 0.928927353125 0.5173701171875 0.9087895218750001 0.51128960625 0.902368559375 0.527536053125 0.8715779265625001 0.5341510546875 0.8521209984375 0.535853315625 0.8340258796875 0.55312111875 0.836749496875 0.5842522031249999 0.8673937171875 0.6207828937500001 0.9168139609375 0.6478285515625 0.9775679078125 0.6699614687500001 1 0.6753200078125 1 0.53103966875
1667 0.8964820890625 0.5947109625 0.915939015625 0.5930087015625001 0.9188090453125 0.58099409375 0.9125344953125 0.554094846875 0.88072250625 0.5490356921874999 0.744769209375 0.384477359375 0.7149999328125001 0.40276651875 0.858055096875 0.5588611765625 0.8643296484375 0.5857604234375 0.8964820890625 0.5947109625
910 0.711057390625 0.6266182062500001 0.6916004625000001 0.6283204671875 0.6721435359375 0.6300227281249999 0.6604693796875 0.631044084375 0.6579398015625 0.6469500781249999 0.66066341875 0.6780811625000001 0.66693796875 0.704980409375 0.68863165 0.773663540625 0.7082826171875001 0.818998359375 0.7219994859375001 0.841325315625 0.7477309640625001 0.8665223015624999 0.7925789187500001 0.8861256421875 0.8402969015625 0.8937143734375 0.8636452140624999 0.8916716609374999 0.896478559375 0.9084049703125 0.919826871875 0.9063622578125001 0.9347115109375 0.8972176781250001 0.9644807859375 0.8789285187500001 0.9705612968749999 0.8587906875 0.9769822593749999 0.8425442406249999 0.9774691234375 0.803289934375 0.9651140625 0.79652851875 0.9503758375 0.7625274046875 0.9402099015625 0.7359686109375 0.9325735421875001 0.693503821875 0.90533384375 0.6958869875 0.8919574265625 0.677451415625 0.8779001046875001 0.6512330734375 0.8652045921875 0.6405802734375 0.8437049515625 0.6189342203125 0.817486609375 0.6329915421875 0.80226151875 0.6382447359375 0.78110233125 0.62049006875 0.759602690625 0.598844015625 0.7408266671875 0.6083290484375 0.7337248 0.6167927234375 0.711057390625 0.6266182062500001
1667 0.7524020390625 0.74063615625 0.7618870703125 0.7594121796875 0.7820249031250001 0.765492690625 0.8128155343750001 0.7588776875 0.8238087875 0.750073559375 0.8139833031249999 0.7274061515625 0.7963750484375 0.705419646875 0.7642226078125 0.69646910625 0.6326475609375 0.4923160140625 0.610320603125 0.5060328828125 0.738004265625 0.710526428125 0.739025621875 0.722200584375 0.7524020390625 0.74063615625
838 0.6105658 0.329558725 0.6088635390625 0.310101796875 0.5880448031250001 0.296238515625 0.5541901015625 0.2678310484375 0.512212178125 0.2362131 0.46449419531249997 0.22862436874999997 0.42879082031250004 0.2239056671875 0.41186347031250004 0.2097019328125 0.38209419375000003 0.2279910921875 0.3619563625 0.22191058125000002 0.3453694640625 0.21159823281249998 0.331993046875 0.1931626625 0.2873391328125 0.22059639999999997 0.25654850156250003 0.22721140312500002 0.2222069359375 0.23805824375 0.1953076890625 0.24433279375 0.1633492875 0.2824193328125 0.15167513125 0.2834406890625 0.14559462031249998 0.3035785203125 0.158824625 0.3651597859375 0.1735628515625 0.3991608984375 0.2067366484375 0.4197855953125 0.24871457343749998 0.45140354374999997 0.29745391250000003 0.47066643125 0.34940373281250003 0.48180609687500003 0.4133681625 0.49581579062500003 0.4587029796875 0.47616482187500003 0.490174515625 0.477332590625 0.520624696875 0.466826203125 0.5439730093749999 0.464783490625 0.5624085812499999 0.45140707343750003 0.6035115609374999 0.428205171875 0.6173748421874999 0.4073864359375 0.613970321875 0.3684725796875 0.6105658 0.329558725
1836 0.3117564296875 0.320410615625 0.3022713984375 0.3016345921875 0.2711403140625 0.304358209375 0.2413710390625 0.32264736875 0.1830002546875 0.32775414999999997 0.24356016406249997 0.3028499890625 0.2626766390625 0.29725634375 0.2921054625 0.27507579843749996 0.2787290453125 0.25664022656249996 0.2592721171875 0.2583424875 0.24049609374999997 0.26782751875 0.2188500421875 0.28932715937500003 0.109744834375 0.3420055125 0.1241426078125 0.372115240625 0.254407003125 0.3371915546875 0.2819871546875 0.338699775 0.3117564296875 0.320410615625
301 0 0.42986611249999995 0.0220881109375 0.639841153125 0.0552619078125 0.66046585 0.121075009375 0.650786778125 0.18450494687500002 0.6138680078125 0.2129124140625 0.5800133062499999 0.2342180140625 0.55462228125 0.2441899109375 0.5341439968749999 0.24992996875 0.5101147796875 0.24550409218749997 0.45952676718749996 0.2177299 0.4109814671875 0.20080255 0.39677773437499997 0.1647587234375 0.388167646875 0.1209321265625 0.38023846250000004 0.0706845671875 0.38855572656250004 0.0363430015625 0.3994025671875 0.017226525 0.40499621250000006 0 0.417495375 0 0.42986611249999995
838 0.0981183046875 0.433209640625 0.0747699921875 0.435252353125 0.032305203125 0.44288871093750004 0.010999603125 0.46827973749999996 0.0232558796875 0.6083696171875 0.0433937109375 0.614450128125 0.09009033749999999 0.6103647015625 0.13542515625 0.590713734375 0.18007906875 0.5632799953125 0.2191393375 0.51672978125 0.22166891406250003 0.5008237875 0.1991479171875 0.467503578125 0.1603804734375 0.42776240625 0.148365865625 0.4248923765625 0.12078571406250001 0.42338415625000003 0.0981183046875 0.433209640625
1667 0 0.38244056875 0.0327920671875 0.40363440468749995 0.06985725000000001 0.4239186484375 0.09845875781249999 0.43710102500000003 0.10794378906249999 0.4558770484375 0.1241902359375 0.4622980109375 0.13620484375 0.46516804062499995 0.150408578125 0.44824069062499994 0.133140775 0.4301455703125 0.1016692390625 0.428977803125 0.0717059234375 0.40022988281250005 0.00146694375 0.3593209421875 0 0.3641792625 0 0.38244056875
1926 0.43301559999999994 0.854844615625 0.4626384640625 0.87970115 0.4988287015625 0.84516554375 0.5247065921875 0.8272168375 0.550924934375 0.813159515625 0.5697009578125 0.803674484375 0.5860938171875001 0.766949753125 0.6116312546875 0.7451096609375 0.6351259812500001 0.69992125625 0.626321853125 0.688928003125 0.6281705265624999 0.6652392375 0.61022181875 0.639361346875 0.60394726875 0.6124621015625 0.5690712109375 0.5723804765625 0.58123223125 0.5321048125 0.5646453328125001 0.521792465625 0.5380865390625 0.5319583999999999 0.5027236171875 0.531131084375 0.46702024218749993 0.5264123828125 0.44401238125000003 0.5323464812500001 0.384279790625 0.5218877203125001 0.3580614484375 0.5359450421874999 0.3244007859375 0.554574653125 0.2815955453125 0.5583196265625 0.268072715625 0.5830297484375 0.2740068140625 0.6060376093750001 0.26403491875 0.6265158937499999 0.254063021875 0.6469941765625 0.2440911265625 0.6674724609375 0.2302278453125 0.6882911968750001 0.2365023953125 0.71519044375 0.23431327031250002 0.7349878234375 0.26495749062499996 0.7715185140624999 0.286116678125 0.78927318125 0.2874784875 0.8048387234375 0.31710135 0.8296952578125 0.37649349062500004 0.8362626328125 0.38884855156250003 0.843024046875 0.412537315625 0.8448727203124999 0.43301559999999994 0.854844615625
1836 0.349744184375 0.48569748125 0.3478955125 0.509386246875 0.3812633484375 0.577048021875 0.397703834375 0.6305060625000001 0.42241395624999994 0.6440288921875 0.41477759843750006 0.6015641031250001 0.37853973125 0.5459169375 0.3599101203125 0.5122562765625001 0.36312060156250003 0.504133053125 0.4340404859375 0.5528247640624999 0.492605309375 0.5947550609375 0.44892512343749996 0.543680184375 0.436910515625 0.54081015625 0.3692011125 0.483995221875 0.349744184375 0.48569748125
1754 1 0.47816952968750004 0.979704528125 0.2461912265625 0.035954921875000004 0.305328409375 0 0.3791654296875 0 0.432192084375 0.049676754687500005 1 0.4770112796875 1 1 0.954244415625 1 0.47816952968750004