407 0.1022820421875 0 0.10112583125 0.0050081 0.079888584375 0.1143616078125 0.1226347640625 0.12022133906250002 0.2757588015625 0.151563809375 0.51466646875 0.210728990625 0.52550721875 0.129042765625 0.55215015 0.13519377187499998 0.57031189375 0.0391617296875 1 0.1251413375 1 0.1022820421875 0.5569678046875 0 0.1022820421875 0
485 0.892667778125 1 0.9496964546875001 0.740126621875 0.9455990484375001 0.723144659375 0.9160286984375 0.7123088046875 0.8776760953125 0.6874184078125001 0.8519118796875 0.67746126875 0.8252689468750001 0.6713102640625 0.8053595671875 0.670722821875 0.7775466484375 0.6522747015625 0.7470975828124999 0.6452449812500001 0.6914668484375001 0.6604646171875 0.6566242078125 0.6724655625 0.6437396515625 0.6935449296875 0.6255828046875 0.7374610968749999 0.6167956546875 0.775522428125 0.5995175234375 0.8156324609375 0.5916090875 0.849887659375 0.5772583734375 0.894682540625 0.531203275 1 0.892667778125 1
485 0.5310164984375 1 0.5570528234375 0.9301077265625001 0.58545808125 0.8765305906249999 0.5960026625 0.83085699375 0.606838515625 0.8012866437499999 0.6182618125 0.7518069140625 0.6446183671875 0.6897387968750001 0.6264664171875001 0.6815390890625 0.61036316875 0.6818303609374999 0.576107971875 0.6739219265624999 0.55707730625 0.6695283515625 0.5521011859375 0.6563525218749999 0.5237008234375 0.6578137828124999 0.48797946875 0.6736208609375 0.46660393125 0.6967489312499999 0.4481558109375 0.7245618515625 0.41418699062500003 0.7848725375 0.3673336125 0.8662625921875 0.36732871562499997 0.9183784671874999 0.37405737031249997 0.97605790625 0.46708928437499997 1 0.5310164984375 1
485 0.3901753078125 0.8194190078125001 0.42678027343749997 0.7476899218749999 0.4786097734375 0.679475696875 0.5172585453125 0.6683534671875 0.5406827859375001 0.6537163765625 0.537172821875 0.6168250343749999 0.526341865625 0.5942795078125 0.5289780109375 0.582861109375 0.55181970625 0.536017525 0.548013571875 0.535138809375 0.51785578125 0.5442123359375 0.49706768593749995 0.5474310265625 0.467788609375 0.5526984203125 0.4470005140625 0.5559171109375 0.439388246875 0.55415968125 0.41918759375 0.5374689921875 0.3822962515625 0.54097895625 0.37058168281250004 0.5743554375000001 0.37087295625 0.5904586859375 0.35183739375 0.6381809859375001 0.3169898578125 0.7022978046875 0.32957824375 0.7172310640624999 0.32518466875 0.7362617296875 0.3008768171875 0.806820828125 0.3105377859375 0.8170692390625 0.309071628125 0.8407847531250001 0.3196113125 0.8472270312499999 0.3020370125 0.9233496921875 0.3295586578125 0.9256945640625001 0.33218990625 0.966392040625 0.3749360859375 0.9722517734375 0.3635274796875 0.8653838781250001 0.3901753078125 0.8194190078125001
487 0.848392121875 0.7448016765625 0.8586454296875001 0.6830248328125 0.8668451390625 0.66487288125 0.869777453125 0.6174418546875 0.8735835859375 0.6183205703125 0.87504974375 0.59460505625 0.8794433187499999 0.575574390625 0.8838368937500001 0.5565437265625001 0.8899879 0.5299007953125 0.8896966265625 0.513797546875 0.8797443843750001 0.4874458890625 0.8495865921875 0.496519415625 0.836697140625 0.569714659375 0.8214628140625001 0.6704315484375 0.8235066203124999 0.7310384046875 0.832288875 0.7450929484375 0.848392121875 0.7448016765625
487 0.6387782203125 0.5240214765625 0.6329184875 0.5667676546875 0.6452156015625 0.5655976671875 0.6504927890625 0.49064499375 0.5427412828125 0.5579756078125 0.5415663984375 0.59779436875 0.5673306140625 0.60775150625 0.57523905 0.5734963093750001 0.60510556875 0.548319534375 0.6387782203125 0.5240214765625
487 0.5726078015625 0.5327988328125 0.5866672421875 0.4719007046875 0.5772975453125 0.47775554062500003 0.43265469687499997 0.54859611875 0.4300185515625 0.5600145171875 0.4461217984375 0.5597232453125 0.5758313890625 0.5014710531250001 0.5632381046875 0.53865366875 0.5726078015625 0.5327988328125
1939 0.27251562812499996 0.3913550890625 0.2880412265625 0.3067414453125 0.281307675 0.3011778828125 0.1557052828125 0.2721802859375 0.1486755625 0.30262935 0.12348899531249999 0.37699458125 0.1492532125 0.3869517203125 0.10912359218750001 0.5781370890625 0.1919798046875 0.601274953125 0.27776343593749997 0.629097665625 0.296798996875 0.581375365625 0.290065446875 0.5758118015625 0.273675821875 0.507883953125 0.27251562812499996 0.3913550890625
685 0.11733799062500001 0.4036375125 0.0851266 0.45633593437500003 0.0710671578125 0.5172340625 0.06374616562499999 0.5315798796875 0.11615331250000001 0.5476880234375 0.14632579375000002 0.382266871875 0.12348899531249999 0.37699458125 0.11733799062500001 0.4036375125
1052 0.2824776625 0.313474996875 0.27867152968750003 0.3125962828125 0.265204428125 0.30146915625 0.2643257125 0.3052752890625 0.2625682828125 0.31288755468749996 0.25202859843750003 0.3064452765625 0.24441633125 0.304687846875 0.23299793281249997 0.3020517015625 0.2303617875 0.31347010000000003 0.22860435781250002 0.3210823671875 0.2201133765625 0.3231310703125 0.209864965625 0.3327920390625 0.2157198015625 0.34216173437499997 0.23006561875 0.34948272812500003 0.23123560625 0.3617798421875 0.241775290625 0.3682221203125 0.2531936890625 0.370858265625 0.26636951875000003 0.36588214531249996 0.273981784375 0.367639575 0.27837536093750004 0.348608909375 0.2824776625 0.313474996875
1939 0 0.493934684375 0.0376906765625 0.5055194937499999 0.10651682656250001 0.2768602375 0.15658399843749998 0.268374153125 0.18791177812499998 0.271597740625 0.2183608421875 0.2786274609375 0.2859925234375 0.298250465625 0.335472253125 0.3096737609375 0.35860032343750003 0.33104929843750003 0.37147998437499996 0.3620858046875 0.302940209375 0.658964184375 0.42590645625 0.6993801796875 0.5181715359375 0.2997362078125 0.515545184375 0.20692285781250003 0.504126784375 0.2042867125 0.3366569296875 0.16562325 0.19963614062499999 0.13398950781250002 0.09218569843749999 0.11319161874999999 0.0762581953125 0.112721665625 0 0.44303219374999997 0 0.493934684375
581 0.039739378125 0.514010475 0.060527475 0.5107917843750001 0.0807330234375 0.4753666 0.1120657 0.4264743109375 0.1381309828125 0.34830294687499996 0.15599655625 0.2882835328125 0.1764933796875 0.2689615953125 0.1489717328125 0.2666167234375 0.147510471875 0.2382163609375 0.1384320484375 0.2601744453125 0.1319897703125 0.270714128125 0.117935225 0.2794963828125 0.110322959375 0.27773895312499997 0.10037071718749999 0.25138729375 0.09129229375 0.27334537812500004 0.08777743437499999 0.288569909375 0.072844175 0.301158296875 0.054692225000000004 0.2929585890625 0.057037096875000005 0.26543694218749997 0.0456138015625 0.314916671875 0.034481778125 0.3804996484375 0.01310134375 0.4557435953125 0.012805174999999999 0.4917562234375 0.039739378125 0.514010475
581 0.2716369125 0.39516122187499997 0.271632015625 0.447277096875 0.27660324062499997 0.5125688015625001 0.285968040625 0.558829840625 0.28625931250000003 0.5749330875 0.2792295921875 0.6053821515625 0.2730785875 0.6320250828125 0.2768847203125 0.6329037984375 0.3035276515625 0.639054803125 0.327243165625 0.6405209609375 0.383485825 0.3448125703125 0.37147998437499996 0.3620858046875 0.362989003125 0.3641345078125 0.351570603125 0.3614983625 0.34278835 0.34744381875 0.3433757921875 0.3275344375 0.343963234375 0.3076250578125 0.3404483734375 0.322849590625 0.32727254375000003 0.3278257109375 0.3149754296875 0.3289956984375 0.3053144609375 0.31874728750000003 0.3085380484375 0.28741950781250003 0.309125490625 0.26751012812499997 0.2979983640625 0.2809772296875 0.288919940625 0.3029353125 0.2798415171875 0.32489339687499996 0.2763266578125 0.340117928125 0.2716369125 0.39516122187499997
127 0.3275295421875 0.7087400828125 0.317868571875 0.698491671875 0.33163184375 0.6736061703125 0.367066821875 0.5895799703125 0.3471574421875 0.588992528125 0.331636740625 0.6214902953125 0.31875218437499997 0.6425696640624999 0.2959153859375 0.6372973734375 0.26341761875 0.621776671875 0.24232845625000002 0.713123865625 0.262529109375 0.7298145546875 0.28155977499999996 0.7342081296875 0.300590440625 0.73860170625 0.3243059546875 0.7400678625 0.3275295421875 0.7087400828125
544 0 0.7738971343750001 0.0777811234375 0.7312611265625 0.1094197625 0.5421244609375 0 0.495660540625 0 0.7738971343750001
1939 1 0.12174255 0.57031189375 0.0391617296875 0.55215015 0.13519377187499998 0.5293133531249999 0.12992148125 0.5117390515625 0.20604414218749997 0.522856384375 0.296808790625 0.41155574218749996 0.7441750625 0.9280198515625001 0.8513831953125001 1 0.5396029171875 1 0.12174255
819 0.8896999578125 1 0.9242137171874999 0.8505044796875 0.41155574218749996 0.7441750625 0.42385775312499996 0.6908891984375 0.30469763906249997 0.65135191875 0.3082125 0.6361273859375001 0.105317459375 0.5772583734375 0.0777811234375 0.7312611265625 0 0.7738971343750001 0 0.8892802171874999 0.4883087609375 1 0.8896999578125 1
1050 0.3703295828125 0.14132519062499999 0.46343420625 0.1548020859375 0.45963296875 0.1018074953125 0.3559886609375 0.081888321875 0.3703295828125 0.14132519062499999
1416 0.163584340625 0.5506203390625 0.1293291421875 0.5427119031250001 0.11731840468750002 0.6121010140625 0.148646184375 0.6153246 0.163584340625 0.5506203390625
831 0.159783103125 0.4976257484375 0.16856535781249998 0.5116802921875 0.1466072734375 0.50260186875 0.1381162921875 0.504650571875 0.13928628125 0.5169476859375 0.12903786875 0.52660865625 0.126401725 0.5380270546875 0.1284504265625 0.5465180359375 0.14367495937500002 0.550032896875 0.1559720734375 0.5488629078125 0.1758814546875 0.5494503500000001 0.18817856875 0.5482803625 0.194620846875 0.537740678125 0.1867173078125 0.5198800015625 0.1770563390625 0.509631590625 0.171201503125 0.5002618937500001 0.159783103125 0.4976257484375