425 0.92712359375 1 0.9646271984375 0.758586403125 0.7038245421875 0.733766896875 0.644190925 0.9896767484375 0.668213025 1 0.92712359375 1
425 0.194911225 0.67802235 0.193844771875 0.9382186406249999 0.369608984375 0.978699246875 0.48837424843750005 0.9756674203125 0.512106465625 0.722601234375 0.194911225 0.67802235
434 0 0.926754090625 0.0640184484375 0.9357512968749999 0.09272702499999999 0.9279521078125 0.0880015453125 0.7931702609375 0.121665646875 0.778178246875 0.1326639859375 0.756056128125 0.10999822343750001 0.748926025 0.087938825 0.7655489734375001 0.0667158359375 0.663950303125 0 0.6490694265625 0 0.926754090625
436 0.3129865671875 0.3711563625 0.39808772812500004 0.3831165515625 0.39965594375 0.343890559375 0.313467490625 0.33966684062499997 0.3129865671875 0.3711563625
436 0.4599794828125 0.3918148703125 0.5445369999999999 0.40764329374999997 0.5471925046874999 0.3606808328125 0.453811228125 0.3515015890625 0.4599794828125 0.3918148703125
436 0.5964549859375 0.4031059734375 0.6810125031250001 0.418934396875 0.6853616625 0.38798851875 0.59252403125 0.374941040625 0.5964549859375 0.4031059734375
436 0.766657309375 0.42702635000000005 0.8506711828125001 0.44672300781249996 0.854476696875 0.419645365625 0.77100646875 0.39608047343749997 0.766657309375 0.42702635000000005
436 0.9163684515625 0.428343684375 0.904282821875 0.458202271875 0.9794729359375 0.4845481078125 0.9915585640625 0.45468952187499995 0.9511825625 0.43323648906249995 0.9163684515625 0.428343684375
436 0.1493707015625 0.32843845781250003 0.14997706718749998 0.3521915109375 0.23949010781250002 0.360827109375 0.23997103281249998 0.32933758750000003 0.1493707015625 0.32843845781250003
436 0.09134718124999999 0.320283784375 0.0802861234375 0.3147846140625 0.020631668750000002 0.3182346453125 0.019063453124999998 0.3574606359375 0.10247096093750001 0.35340424062500003 0.09134718124999999 0.320283784375
524 0.9884848546875 0.560762790625 0.996639528125 0.502739271875 0.9529389374999999 0.476874359375 0.8772051796874999 0.45439675625 0.7970595421875 0.43524374374999997 0.7202384937499999 0.42050261093749997 0.6307254515625 0.4118670125 0.5649654640625 0.40262504843749997 0.4953372390625 0.392839440625 0.42184078124999996 0.3825101859375 0.36768549687499996 0.3748991578125 0.28645256875 0.3634826140625 0.2516384578125 0.358589809375 0.197483171875 0.35097878125 0.157169890625 0.3571470359375 0.1262240140625 0.3527978765625 0.079261553125 0.35014237187499997 0.0422728625 0.36072250625 0.014243840625 0.3636864015625 0.007856012499999999 0.40913815937500003 0.00547233125 0.4541665015625 0.182072953125 0.3764254890625 0.8402164875 0.46497689062500003 0.9884848546875 0.560762790625
524 0 0.7213492234375 0.9482551296875 0.8470121546874999 0.9711509375 0.7121675875 0 0.5795627421875 0 0.7213492234375
581 0.06535663124999999 0 0.022808396875 0.3027464171875 0.9981450234375 0.43589199218749997 1 0.42363100468750003 1 0.06535663124999999 0.5349634015625 0 0.06535663124999999 0
389 0.8355745640625001 0.6102761531249999 0.7692082109375 0.5772811359375 0.3382032296875 0.528541253125 0.2376291296875 0.5144064859374999 0.1696945609375 0.520637459375 0.11947023125 0.5411913640625 0.049423803125 0.5905165640625001 0.93355588125 0.6989946687499999 0.9269067015625 0.690170909375 0.8355745640625001 0.6102761531249999