1439 0.11183132656250001 0.3533012765625 0.12568700625 0.638147490625 0.425467071875 0.6042271546875 0.4168785234375 0.3582833171875 0.11183132656250001 0.3533012765625
524 1 0.6642554078125 0.9903509343750001 0.6626735953125 0.923576159375 0.6532795296875 0.8142677875000001 0.6570966609375 0.7400942500000001 0.6596868578125 0.6158520265625 0.683568646875 0.51852791875 0.6947845421875 0.2540190140625 0.7313818140625 0.0168372015625 0.767024803125 0.024972875 1 0.25863087500000004 1 1 0.9711995468750001 1 0.8047030312500001 0.41458585625 0.9642011890625 0.1316853578125 0.8099177890625 0.8776839984375 0.6822425359375 1 0.708322484375 1 0.6642554078125
1995 0.7181581765625 0.36730555625 0.7251108109375 0.566402946875 0.8692813640624999 0.5535511375 0.8627377078125 0.36616535781250004 0.7181581765625 0.36730555625
407 0.4912724578125 0 0 0.0171556125 0 0.24012434374999997 0.8645966859374999 0.307470975 0.9927427796874999 0.2834528609375 0.9828443874999999 0 0.4912724578125 0
436 0.1788911921875 0.70664491875 0.1592355140625 0.703422678125 0.116292940625 0.704922265625 0.0772542359375 0.706285528125 0.042664706250000003 0.7231279453125 0.05169938281250001 0.7579901265625 0.180118128125 0.7417797515625 0.1788911921875 0.70664491875
436 0.386205303125 0.7111312437499999 0.3855236734375 0.6916118906250001 0.3771706265625 0.6762690609375 0.34203579375 0.6774959968750001 0.3070372859375 0.682626803125 0.2721751046875 0.6916614796875 0.2773059109375 0.7266599874999999 0.386205303125 0.7111312437499999
436 0.534007075 0.6903353671875 0.525108725 0.65937705625 0.49778163124999997 0.6603313390625 0.45874292812500006 0.6616946015625 0.42388074531250003 0.6707292765624999 0.43291542187500004 0.705591459375 0.534007075 0.6903353671875
436 0.5883886078125 0.6806190609375 0.635235053125 0.678983146875 0.6661933640625 0.670084796875 0.6694156046875 0.65042911875 0.661198884375 0.638990159375 0.6416795328125 0.639671790625 0.6143524390625 0.6406260734375 0.583394128125 0.6495244234374999 0.5883886078125 0.6806190609375
436 0.82543409375 0.6410722015625 0.82974694375 0.6526474859375 0.845362425 0.65210218125 0.87268951875 0.6511478984375 0.9157684187499999 0.65355218125 0.9308385953125 0.6373913953125 0.9266620734375 0.6297199796874999 0.883583171875 0.627315696875 0.8290653125 0.6331281343749999 0.82543409375 0.6410722015625
1636 0.8077737203125 0.58305945 0.761199928125 0.5925031046875 0.7657854296875 0.6118861296875 0.8400952937499999 0.613199803125 0.8830378671875 0.611700215625 0.8823562375 0.5921808640624999 0.8077737203125 0.58305945
1440 0.814428825 0.10206543125 0.816201065625 0.152815746875 0.8909199078125001 0.16584103125 0.9832495359375001 0.12353050000000002 0.9861991234374999 0.0960670796875 0.9852058906250001 0.06762459531250001 0.9339492203124999 0.054896745312499995 0.814428825 0.10206543125
1439 0.49291103906249994 0.2969987375 0.48805288593749996 0.269807971875 0.021720065625 0.23528046875 0.0310273953125 0.277950390625 0.49291103906249994 0.2969987375
410 0.32508176093749996 0.080067496875 0.44782439687500003 0.013243132812499999 0.3888573609375 0.0035764140625000004 0.13315385 0.012505778125 0.0931174921875 0.0412642953125 0.32508176093749996 0.080067496875
410 0.5309954609374999 0.268308384375 0.6044873671875 0.24619883437499998 0.486689625 0.2307692671875 0.43271707031249995 0.25219718593749996 0.5309954609374999 0.268308384375
1658 0.5489863421875001 0 0.549461353125 0.0136025234375 0.5812376218749999 0.028127395312499998 0.624589175 0.03833941875 0.6792433609375 0.036430853125 0.7258171531250001 0.0269871984375 0.752462615625 0.0065135625 0.7538514234375 0 0.5489863421875001 0
1658 0.16048716093749998 0.1796224125 0.1412404609375 0.18811178281250002 0.1574012484375 0.2031819609375 0.1926724078125 0.2058588953125 0.223903371875 0.20476828593750002 0.24732659375 0.2039503296875 0.25082148593750003 0.1921023921875 0.23856457031249997 0.1768958890625 0.21110115000000002 0.1739463015625 0.18000651406249998 0.17894078125 0.16048716093749998 0.1796224125
1658 0.4749780140625 0.23117824531250003 0.513880390625 0.2259111140625 0.5293595468750001 0.22146193906249997 0.5329907656249999 0.21351787187500001 0.5172389578125001 0.21015930625 0.4935430828125 0.20316952187499998 0.46621598906250006 0.20412380468750002 0.43484870000000003 0.20131054375000001 0.42368239374999994 0.2173350046875 0.43957052656249995 0.22459744062500003 0.4749780140625 0.23117824531250003
100 0.42903626250000004 0.14679268437499998 0.5705298812499999 0.1692120359375 0.6397089390625 0.1355272015625 0.5252697625 0.1043458265625 0.42903626250000004 0.14679268437499998
100 0.8140694343750001 0.2037023890625 0.8952327562500001 0.1774163171875 0.8203775875 0.16048716093749998 0.7429818109374999 0.1827330359375 0.8140694343750001 0.2037023890625
100 0.0289329140625 0.1060437671875 0.21364175937500002 0.1347712703125 0.301794865625 0.084789325 0.10119788593750001 0.048799384375 0.0289329140625 0.1060437671875
410 0.9379522671875 0.28145755625 0.8863839953125 0.2598065734375 0.8049480203125 0.2782849046875 0.8602838374999999 0.295895690625 0.9379522671875 0.28145755625
1658 0.643526071875 0.2448355734375 0.7105735 0.2620373796875 0.7800252109375 0.2361602875 0.7051700421875 0.21923113125000002 0.643526071875 0.2448355734375