1439 0.1260940625 0.3200283796875 0.1150710328125 0.6049982703125 0.416666696875 0.597334565625 0.4295462484375 0.351578078125 0.1260940625 0.3200283796875
524 0.9744822843750001 1 0.979177690625 0.9104062953125001 0.978650009375 0.8458370640625 0.3744530828125 0.95499043125 0.10607579062500001 0.776637721875 0.8603633125 0.7144663765625 0.98355650625 0.7522155453125 0.9885818078125 0.73096505 0.9897471 0.7087299406249999 0.9743070640625 0.7047914734375 0.9086051328125 0.6896133484375 0.7993800281250001 0.6838891031250001 0.7252629921875 0.68000479375 0.5994121140625001 0.6929672828125 0.5014808234375 0.69565814375 0.23478879218749998 0.70906268125 0 0.7236133890625001 0 0.96659115625 0.6891796609374999 1 0.9744822843750001 1
1995 0.7288931015625 0.3868242359375 0.7184667984375 0.5857699640625 0.8632088484375 0.5855323515624999 0.8730218390625 0.3982893140625 0.7288931015625 0.3868242359375
407 0.0368146421875 0 0.0230020765625 0.1972772359375 0.8799892953124999 0.3399803015625 1 0.32818005625 1 0.0255177171875 0.5130929515625 0 0.0368146421875 0
436 0.1621028171875 0.6778720953125 0.14280277187499998 0.6729490124999999 0.099892909375 0.6707002015625 0.0608839421875 0.668655828125 0.0249581234375 0.682419478125 0.03091998125 0.7179364234375 0.16026288125000002 0.712980165625 0.1621028171875 0.6778720953125
436 0.3682370265625 0.7004099640625 0.3692592125 0.68090548125 0.36227516875 0.6648930187500001 0.3271671 0.6630530828125 0.2918545921875 0.6651140437499999 0.2563376484375 0.6710759015625001 0.25839860937500003 0.7063884078125 0.3682370265625 0.7004099640625
436 0.517288846875 0.6925749953125 0.511122553125 0.6609589484375 0.48381627656250004 0.6595278875 0.44480730937499996 0.6574835140624999 0.409290365625 0.6634453703125 0.41525222343749996 0.698962315625 0.517288846875 0.6925749953125
436 0.572310275 0.687635325 0.619121034375 0.6900885734375 0.65073708125 0.6839222781250001 0.655660165625 0.6646222328125 0.648471684375 0.65251066875 0.6289672000000001 0.65148848125 0.6016609234375 0.6500574203125 0.5700448765624999 0.6562237140625 0.572310275 0.687635325
436 0.8119004671875001 0.6688988296875 0.8151880515625001 0.6808059562500001 0.8307916375 0.68162370625 0.8580979140625 0.6830547671875 0.900803340625 0.6892044734375 0.9172246749999999 0.6744186375 0.9137326531250001 0.66641240625 0.8710272281250001 0.6602627 0.8162102390625 0.6613014734375 0.8119004671875001 0.6688988296875
1636 0.799363440625 0.60956763125 0.75214380625 0.6149161765625 0.755022515625 0.634625096875 0.8289351140625 0.6424103015625 0.871844978125 0.6446591125000001 0.8728671640625001 0.6251546296875 0.799363440625 0.60956763125
1440 1 0.10433494843749999 0.9710912171875 0.0944116640625 0.8479146109375 0.1309839703125 0.8452569265625 0.1816956265625 0.9185562125000001 0.201183521875 1 0.172150871875 1 0.10433494843749999
1439 0.510630740625 0.297153375 0.50816090625 0.2696426625 0.04661189375 0.1946029640625 0.0521648765625 0.2379217015625 0.510630740625 0.297153375
410 0.14736418125 0 0.1346472546875 0.0075477765625 0.3623469078125 0.06642033750000001 0.49044659687500003 0.0105479859375 0.44909514687499996 0 0.14736418125 0
410 0.55107076875 0.27189147343750003 0.6262099906249999 0.2562712984375 0.5102052796875001 0.23063369531250003 0.4545705390625 0.24727605625 0.55107076875 0.27189147343750003
1658 0.6220548953125 0.0370033390625 0.6643514453125 0.0509548390625 0.7189639984375 0.053816962499999996 0.7661836328125 0.0484684171875 0.7945120953125 0.0303949953125 0.7992307421875 0.0149958453125 0.5924832203125 0.0041606671875 0.5916654718750001 0.019764253125 0.6220548953125 0.0370033390625
1658 0.18970185625 0.15125105156250002 0.1697884984375 0.1580306578125 0.1845743359375 0.17445199375 0.21947796875 0.1801928265625 0.2506851421875 0.18182832499999999 0.274090521875 0.18305495 0.2786047296875 0.171556696875 0.2677197890625 0.1553397984375 0.24061795 0.150007840625 0.209206340625 0.1522732390625 0.18970185625 0.15125105156250002
1658 0.4985025890625 0.230020384375 0.5377159921875 0.2281638609375 0.5535240171875 0.2250807125 0.5578337875 0.2174833578125 0.5424346390625 0.2127647109375 0.519438134375 0.20373629375000002 0.49213185781249996 0.20230523281249999 0.461129121875 0.19676883750000002 0.4486086828125 0.2117591125 0.46380339375 0.2203786546875 0.4985025890625 0.230020384375
100 0.46009034687500006 0.141951846875 0.5990915640625001 0.1766178671875 0.670943203125 0.1490905671875 0.5596571359375 0.1080538140625 0.46009034687500006 0.141951846875
100 0.83869834375 0.23220284531250002 0.9218437968750001 0.21309065 0.8487489484375 0.18970185625 0.7697088296875 0.20511759375 0.83869834375 0.23220284531250002
100 0.065061015625 0.0664866875 0.24656322031250003 0.1112033109375 0.338737090625 0.0690946109375 0.1420401734375 0.01575844375 0.065061015625 0.0664866875
410 0.95533295625 0.32045923125 0.9058479234375 0.294396165625 0.8231113453125 0.30570656875 0.8767017109375 0.328073175 0.95533295625 0.32045923125
1658 0.6652189578125001 0.25831567187500004 0.7305120125 0.2812955890625 0.8019547765624999 0.2615700828125 0.7288599265625 0.2381812890625 0.6652189578125001 0.25831567187500004