284 0.12143469062500001 0 0.0489029671875 0.29090885 0.5425253328124999 0.3294402046875 0.5897553265625 0.10771756406249999 0.2705633421875 0 0.12143469062500001 0
523 0 0.7429976046875 0.1136626859375 0.8223620765625 0.49173944687500004 0.920653034375 0.8762376859375 0.686400784375 0.9594900296875 0.49781453124999997 0.7737388000000001 0.403191534375 0.5605416015625 0.3540613375 0.280106246875 0.3485543015625 0.1029212109375 0.31645461406250003 0.0233673921875 0.361032971875 0 0.6987617609375001 0 0.7429976046875
1730 0.9099828750000001 0.1150942375 0.8712273828124999 0.254387284375 0.894913696875 0.2562671125 0.9336691890625 0.11697406562499998 0.9099828750000001 0.1150942375
112 0.852653253125 0.8455797390625 0.865924109375 0.856940203125 0.8706491468750001 0.837989115625 0.852653253125 0.8455797390625
524 0.559637346875 0.42227506718749996 0.3947883484375 0.42143194062499995 0.15700058125 0.438635646875 0.18828770625 0.47461724531250005 0.2148497953125 0.5295499312499999 0.3835297640625 0.5957615781250001 0.8552743265625 0.4959856453125 0.6524823984375 0.42126893125000003 0.559637346875 0.42227506718749996
423 0.655398925 0.538745303125 0.5871953828125 0.5539469265625 0.5332178921875 0.5928246749999999 0.49441145937500003 0.6515883312499999 0.46882494374999995 0.6411830609375 0.40911627968750003 0.606166846875 0.3617640296875 0.63461895 0.3201123875 0.68864738125 0.3561347375 0.72178376875 0.4385948953125 0.7785759062500001 0.4262996109375 0.8117428578125001 0.3391449796875 0.8222194437500001 0.3363201453125 0.849695975 0.47184335156249996 0.9197182156249999 0.5675132359374999 0.8912355484375001 0.590234165625 0.8646938359374999 0.594959203125 0.8457427484375 0.47272722968750003 0.819292728125 0.487867725 0.7908610015625 0.5380753734375 0.7832500015625 0.5911180453125 0.76426835 0.632779875 0.726345796875 0.6535904140625 0.6751727640625 0.68577160625 0.626834753125 0.7151075890625 0.5737615171875 0.689510884375 0.5472503703125 0.655398925 0.538745303125
423 0 0.756982234375 0.10987246875000001 0.82141706875 0.2491349515625 0.8118549265624999 0.266155271875 0.7597368859375 0.15433875625 0.7238062281250001 0.15431838125 0.691594471875 0.2016910078125 0.6953541249999999 0.318201996875 0.6640160609375 0.316261040625 0.5910671046875 0.3086704171875 0.5730712125 0.26318780468749997 0.5617311234375 0.2215055984375 0.5674419203125 0.19966854843749998 0.4935581453125 0.1778518734375 0.45188612656249993 0.11529799999999998 0.41213468750000004 0.059389742187500004 0.39416935937500003 0.041393848437500005 0.4017599828125 0.028143368749999998 0.42261127343749993 0.029129128124999997 0.48324456875 0.0206546265625 0.5656741625 0.029210632812499998 0.61209159375 0.12873186406249998 0.681189203125 0.12400682656249999 0.700140290625 0.079459034375 0.6689041062500001 0.013165882812499998 0.70873705 0 0.7334607328125 0 0.756982234375
425 0.6752950203125 0.5396801234375 0.7037267468749999 0.5548206171875 0.7009121015625001 0.5984030265625 0.663995684375 0.649586246875 0.644140340625 0.713074940625 0.690557771875 0.704518934375 0.7237043484375 0.6846024625 0.7454700828124999 0.6457450890625 0.7549201562500001 0.6078429125 0.7842663265625001 0.5708755546875001 0.8050870531250001 0.5358084 0.7700198984375 0.5149876734375 0.7169670390625 0.5178634484375 0.6771850359375 0.5320996874999999 0.6752950203125 0.5396801234375
425 0.777600334375 0.5168776890625 0.7899363703125 0.54813425 0.7738508687500001 0.5803561937499999 0.747349909375 0.6220587765625 0.7407450453125 0.664696178125 0.78146186875 0.6305638421875 0.8117530453124999 0.5898062671875001 0.8306837578125 0.5623195484375 0.8505492890624999 0.5149367328125 0.8391684484375 0.49599583281250004 0.8183273453125001 0.49885123125 0.7832805656249999 0.5102422609375 0.777600334375 0.5168776890625
425 0.92347786875 0.480784021875 0.8855960671875 0.5035457046875 0.8496144703124999 0.5348328296875 0.8231135109375 0.5765354109375 0.8060830015624999 0.6125475734375 0.788107484375 0.652349953125 0.7994985125 0.68739673125 0.86771224375 0.6883009875 0.8875981515625 0.673129928125 0.86010124375 0.6380933375 0.8155738265625001 0.6390689093749999 0.81934366875 0.6078021609375 0.8657712890625 0.61535203125 0.89797285625 0.599225778125 0.9273088375 0.5461525421875 0.962335240625 0.50254975625 0.944318971875 0.47792862343750003 0.92347786875 0.480784021875
436 0.8012153312500001 0.40601636875 0.7538427046875 0.4022567140625 0.720685940625 0.406067309375 0.70839065625 0.43923426093750007 0.820207171875 0.4751649171875 0.8306022531249999 0.4334725234375 0.8012153312500001 0.40601636875
436 0.5870731265625 0.3606763890625 0.5482259421875 0.3550165328125 0.524549815625 0.369242584375 0.53879624375 0.425130465625 0.616480425 0.4203443 0.6136148375 0.38339731875 0.5870731265625 0.3606763890625
436 0.5492218890625 0.43175570625 0.5378308609375 0.3967089265625 0.5131791640625 0.3664075625 0.492327871875 0.3531570828125 0.45254586874999997 0.36739332187499996 0.4620366953125 0.3939146578125 0.47437273125 0.42517121874999997 0.5492218890625 0.43175570625
436 0.3236886546875 0.3513689484375 0.2706357953125 0.354244721875 0.24317964062500003 0.38363164375 0.24794542968750002 0.42910406874999996 0.371102034375 0.4195521140625 0.3606560125 0.3807151171875 0.3236886546875 0.3513689484375
436 0.3739064921875 0.3598638265625 0.3635012234375 0.3854503421875 0.384372890625 0.43091257812499995 0.45353162812500003 0.428026615625 0.47436254375000003 0.40906534062500005 0.4582362890625 0.376863771875 0.43074957031250005 0.357933059375 0.395692603125 0.3532182109375 0.3739064921875 0.3598638265625
436 0.17304533125 0.34199019062499997 0.12092729218750001 0.32496986875 0.05840398125 0.33353606406249997 0.0356830515625 0.36007777500000004 0.0366484359375 0.3884993140625 0.0868662734375 0.3969941921875 0.1446747328125 0.42348496406249997 0.16837123437499998 0.44147066874999996 0.1996277953125 0.42913463281249997 0.19486200625 0.383662209375 0.17304533125 0.34199019062499997
284 1 0.2267685375 0.6001911609375 0.1304486828125 0.5254846359374999 0.34934648749999997 0.6012889890625 0.3682466359375 0.6164702359375 0.404238421875 0.6666982609375001 0.42883917968749996 0.711225678125 0.42786360781250005 0.7434170578125 0.395631475 0.7699485828125 0.4022465265625 0.81543119375 0.413586615625 0.834402659375 0.450523409375 0.8315778249999999 0.477999940625 0.8742254140625001 0.50071068125 0.9083271859375 0.49310987031250003 0.955689625 0.48076364531250004 0.950974775 0.5158206125 0.9102885171875 0.59827058125 0.9813678328125001 0.63612181875 1 0.561392278125 1 0.2267685375
278 0.1550086859375 0.2851573015625 0.20807173437499998 0.2983874046875 0.254499353125 0.3059372765625 0.26298404375 0.2396135609375 0.1767540453125 0.214088171875 0.1550086859375 0.2851573015625
278 0.1766102 0 0.1652713234375 0.034088490625 0.2799330484375 0.0747543734375 0.284637709375 0.0235915296875 0.2202248375 0 0.1766102 0
278 0.3178046609375 0.0358868125 0.3111997984375 0.078524215625 0.39363957968749996 0.1031045953125 0.398354428125 0.0680476296875 0.3178046609375 0.0358868125
278 0.42962117656250004 0.07181747031249999 0.41922609531250005 0.11350986562500001 0.5016658781250001 0.1380902453125 0.51017094375 0.1039782859375 0.42962117656250004 0.07181747031249999
278 0.4931811875 0.20441396093750003 0.48563131562499995 0.25084158125 0.5434295890625 0.2612264734375 0.5566698796875 0.2242693046875 0.4931811875 0.20441396093750003
278 0.47900607656250005 0.2612672265625 0.4648309640625 0.3181204921875 0.5349448984375 0.3275501890625 0.5462849859375 0.282067578125 0.47900607656250005 0.2612672265625
278 0.388996046875 0.250902709375 0.3748209359375 0.30775597499999996 0.45725052968749996 0.31623047656250003 0.4714460171875 0.2915889671875 0.4449144921875 0.284973915625 0.4515295453125 0.2584423921875 0.388996046875 0.250902709375
1439 1 0.10935718593749999 0.7157163890625 0.038477321875 0.71289155625 0.06595385312499999 1 0.125694753125 1 0.10935718593749999
278 0.8106042765625 0.2714789234375 0.848506453125 0.280928996875 0.8608119265624999 0.2638679234375 0.8153293140625 0.25252783437500004 0.8106042765625 0.2714789234375
278 0.6893478749999999 0.2895563203125 0.6476554812499999 0.2791612390625 0.6438754515625 0.29432210937500003 0.7831684984375 0.3330776015625 0.7850585125 0.325497165625 0.74904635 0.30846665624999997 0.7433457421874999 0.28289032812500003 0.692182896875 0.2781856671875 0.6893478749999999 0.2895563203125
278 0.5879977578125 0.324674415625 0.585162734375 0.33604506875 0.61927469375 0.34455013437500004 0.6334599937500001 0.3038027484375 0.5946128093749999 0.298142890625 0.5879977578125 0.324674415625
278 0.6334905578125001 0.3521203828125 0.7604679437499999 0.39183106875 0.76519298125 0.37287998125 0.6363255796875 0.3407497296875 0.6334905578125001 0.3521203828125
278 0.8552335734375 0.4315621328125 0.9120868390625001 0.44573724375 0.918701890625 0.4192057203125 0.8618486265625 0.40503060937499996 0.8552335734375 0.4315621328125
278 0.3074503328125 0.1420027203125 0.402205775 0.1656279046875 0.40788600625000004 0.158992478125 0.3102853546875 0.1306320671875 0.3074503328125 0.1420027203125
278 0.6637002296875 0.18251578125 0.667480259375 0.1673549109375 0.6172624234375 0.1588600328125 0.6106371828125 0.169285678125 0.6637002296875 0.18251578125
268 0.13789667187500002 0.1923224375 0.1568477609375 0.197047475 0.1776481125 0.12976856406249998 0.1586970234375 0.1250435265625 0.13789667187500002 0.1923224375
278 0.3245317828125 0.1865199484375 0.31507152031249996 0.208316246875 0.284749778125 0.20075618906249998 0.2809697484375 0.215917059375 0.39183106875 0.23953205625 0.3956009109375 0.2082653078125 0.3690693875 0.2016502546875 0.3245317828125 0.1865199484375
278 0.5016964421875 0.1864078796875 0.5661301421875 0.20247300625000003 0.5708551796875 0.1835219171875 0.5481138734375001 0.1778518734375 0.5234825515625 0.1797622640625 0.52726258125 0.16460139375 0.5045212765625 0.1589313484375 0.5016964421875 0.1864078796875