994 0.5012186765625 0.262460234375 0.49029744375 0.17516061562500002 0.44343726562499997 0.177758253125 0.453357790625 0.2721457484375 0.5012186765625 0.262460234375
2001 0.774825084375 0 0.79443309375 0.26190050781249996 0.8726140453125 0.25833849062500003 0.848518659375 0 0.774825084375 0
1716 0.32741765156249997 0.6019314921875 0.3186083890625 0.5679439015625001 0.13683140625 0.5823943015624999 0.139460159375 0.6240141859375 0.0863209140625 0.6831333515625 0.0979680421875 0.7773393734375 0.3241527078125 0.7535664078125001 0.31668467499999997 0.665903840625 0.32741765156249997 0.6019314921875
1228 0.14732047343750002 1 0.35256105625 0.974026853125 0.3233939640625 0.7629564171875 0.10411569843749999 0.786003490625 0.135275384375 1 0.14732047343750002 1
1747 0.6447147765625 0.3986699421875 0.6428119156250001 0.363956459375 0.5998888671875 0.3707954171875 0.6037602921875 0.40762956250000004 0.6447147765625 0.3986699421875
1606 0.38208638281249996 0.6404093203125 0.6285063281250001 0.6098544109375 0.604432478125 0.5635057984375 0.38612206875 0.595761409375 0.38208638281249996 0.6404093203125
783 0.44731183124999996 0.5800198437499999 0.560541571875 0.5611362234375 0.5469915859375 0.4322167171875 0.43797379062499997 0.4413473859375 0.44731183124999996 0.5800198437499999
703 0.77376188125 0.7295862328125 0.923250234375 0.706891678125 0.91284578125 0.6078999140625 0.76211475625 0.6353802125 0.77376188125 0.7295862328125
1809 0.2093903375 0.3094255875 0.27993899375 0.299683059375 0.2629029546875 0.18742291093750002 0.198776771875 0.1918352796875 0.2093903375 0.3094255875
1050 0.3825880234375 0.1469127171875 0.4294153484375 0.16061149218749998 0.43379155625 0.0693764796875 0.3913852875 0.0645232984375 0.3825880234375 0.1469127171875
1227 0.233234221875 0.4698490765625 0.29736040468749997 0.4654367078125 0.2920371953125 0.4147897609375 0.22815297656250003 0.42150426249999995 0.233234221875 0.4698490765625
335 0.9229994140625 0.9536399781249999 0.9506250218750001 0.9507364109375 0.93509133125 0.3378917859375 0.9091923234375001 0.34061388125000003 0.9229994140625 0.9536399781249999
2036 0.339372446875 0.6658468265625 0.91757450625 0.5864548171874999 0.8326514140624999 0.5092606703125 0.337326178125 0.579941975 0.339372446875 0.6658468265625
1036 0.4613693875 1 0.9437186203125 0.951462303125 0.9094254312500001 0.5919664499999999 0.382988534375 0.6822106796875 0.42329007812499997 1 0.4613693875 1
1659 0.31684579375 0.2189943390625 0.3112149171875 0.198638078125 0.2761989796875 0.197663271875 0.2812802234375 0.2460080859375 0.28497538906250003 0.24794727187499999 0.2992721203125 0.25109975625000003 0.31557027031249996 0.240076490625 0.31684579375 0.2189943390625
1044 0.5563087734375001 0.7035625999999999 0.5636662515624999 0.7237373890625001 0.5700558734375 0.7347036390625 0.5799315484374999 0.7290105328125 0.578721728125 0.7174998625 0.5738167421875 0.7040500046875 0.5563087734375001 0.7035625999999999
994 0.60502381875 0.2701703984375 0.591199015625 0.155245171875 0.5359478 0.1610523078125 0.5534677671875 0.2779167234375 0.60502381875 0.2701703984375
351 0.61345399375 0.9815193828125001 0.775512478125 0.9621587843749999 0.75248104375 0.6433754515625 0.5822734859375001 0.668247684375 0.61345399375 0.9815193828125001