232 0 0.89320999375 0.226820884375 0.944219090625 0.44577039531249996 0.595975115625 0.45239998437500006 0.5505889171875 0.314476678125 0.5089724875 0 0.531365503125 0 0.89320999375
232 0.8942249562500001 1 0.9523990031249999 0.75203684375 0.6278540687499999 0.5852310890625 0.5088547421875 0.5616676593750001 0.4941278921875 0.60322959375 0.534588390625 1 0.8942249562500001 1
1319 0.9518557609375 0.6932654781250001 0.93875170625 0.70001449375 0.934038446875 0.7204298671875 0.9321895890624999 0.739551675 0.9316936390624999 0.747256634375 0.91572518125 0.755299215625 0.8996892515624999 0.769190815625 0.889247184375 0.79219331875 0.937041259375 0.813001775 0.9643963921875001 0.700070440625 0.9518557609375 0.6932654781250001
1319 0.68854978125 0.616837584375 0.6894742093749999 0.6072766796875 0.68223390625 0.5997405296875 0.6748586578125 0.6039024140625 0.6722877890625 0.6150380703125 0.6710023546875 0.6206058999999999 0.6627701515625 0.6284796703125 0.6557559093750001 0.6366346296875001 0.6511775937500001 0.6453519671875 0.6930168 0.6530564453125 0.6903548125000001 0.6368029578125001 0.6851894281249999 0.625836109375 0.68854978125 0.616837584375
2001 0.3215007 0.1118016578125 0.3193346640625 0.087843209375 0.30823805625 0.0970105453125 0.299148896875 0.10859620156250001 0.248429878125 0.3060573453125 0.27624060156249997 0.3300717421875 0.318592471875 0.1521824046875 0.32251624687499997 0.12962990000000002 0.3215007 0.1118016578125
2001 0.20753595625000001 0 0.1513065859375 0.2210789890625 0.2049205859375 0.266689459375 0.2619993046875 0.047238189062500005 0.2649075328125 0.00685744375 0.2647679859375 0 0.20753595625000001 0
2001 0.825150140625 0.20852964218749998 0.8065433421874999 0.2335569 0.795898859375 0.27410645625 0.7644175343749999 0.42713734687500005 0.79012969375 0.42134427656250006 0.826459221875 0.23619997812500002 0.82702264375 0.22264599999999998 0.825150140625 0.20852964218749998
2001 0.9530765718750001 0.0934037796875 0.9376040640625 0.0937414 0.919358271875 0.12276173125 0.9068412859375 0.14919493281250001 0.8966927531250001 0.182039528125 0.8899720453125 0.20003657968750002 0.8535075734375001 0.39687891406250003 0.91194613125 0.3771378140625 0.9605429375 0.116631040625 0.958309428125 0.098521609375 0.9530765718750001 0.0934037796875
108 0.53203985625 0.527923065625 0.528949390625 0.513525521875 0.4477069046875 0.49867894531249995 0.44470755625 0.5116705453125 0.4581051453125 0.514763621875 0.451677971875 0.54260276875 0.5134330578124999 0.552950321875 0.5197927578125 0.5309601953125 0.53203985625 0.527923065625
831 0.5114019640625 0.5172938375 0.523220584375 0.5161126515625 0.53059583125 0.5119507671875 0.531881265625 0.5063829375 0.5344521359375001 0.4952472796875 0.527144359375 0.493560146875 0.5190471 0.4897358828125 0.509731878125 0.485630428125 0.5022216859374999 0.50149035 0.5004403015625 0.5147631390625 0.5114019640625 0.5172938375
831 0.4517217984375 0.5035155859375 0.4611044921875 0.501772021875 0.46999123750000005 0.50773341875 0.48138137812500004 0.508408175 0.48595969375000003 0.49969083750000004 0.48523768125 0.49170468749999996 0.481290259375 0.4810190296875 0.476418409375 0.4798942734375 0.47233604375000005 0.48090665 0.45887098281250005 0.483662590625 0.4514957359375 0.48782447500000004 0.4489923390625 0.493111115625 0.4517217984375 0.5035155859375
2001 0.567829609375 0.389570909375 0.5617397953125 0.388164965625 0.5538685984375 0.40003181093749995 0.5492902828124999 0.40874914687499997 0.5318576203125 0.473144775 0.556216871875 0.47876855156250003 0.57006311875 0.4076803390625 0.5689801 0.3957011140625 0.567829609375 0.389570909375
2001 0.4772719 0.37061887968749996 0.474046490625 0.3679193703125 0.46252140468749997 0.3789426484375 0.4603790140625 0.3882223640625 0.44409684218749995 0.4587481984375 0.46480220625 0.46352840781250004 0.481084378125 0.3930025734375 0.48085831562500003 0.3773114640625 0.4772719 0.37061887968749996
831 0.458850803125 0.5559879359375001 0.4738948328125 0.557506259375 0.497397128125 0.566841921875 0.5088547421875 0.5616676593750001 0.5166584671875001 0.55564983125 0.537927253125 0.5468760640625 0.5344083093750001 0.5343344609375 0.5303259437500001 0.5353468375 0.5213717265625 0.535234459375 0.5147859640625 0.5415334765625001 0.506553759375 0.549407246875 0.49881750625 0.5495760562500001 0.48907380624999996 0.5473265453125 0.4748192609375 0.54794535625 0.46872944843750003 0.5465394109374999 0.4591881640625 0.5267428468750001 0.45030141874999996 0.5207814515625 0.442204159375 0.5169571859375 0.43776078749999997 0.5139764875 0.4304530125 0.5122893546875 0.42745366406249996 0.52528095625 0.43462649531249997 0.538666125 0.45046000937499997 0.5423215796874999 0.458850803125 0.5559879359375001
407 0.3535729921875 0 0.39534429375 0.09757195625000001 0.4034415546875 0.10139621875 0.43610048125 0.0932972078125 0.47106039062500005 0.0974586078125 0.49090879843749996 0.10595070468750001 0.48655654375 0.1303591515625 0.47512257656249995 0.1687715765625 0.46023713749999995 0.1887933828125 0.43948794687500004 0.22310035312499998 0.413958025 0.28367171562500004 0.39129250625 0.3429495125 0.4049836296875 0.3558846828125 0.43608723437499997 0.37674956875 0.454221728125 0.3926654375 0.462632703125 0.33400645 0.47307476875 0.311003946875 0.49533545625000003 0.28682025625 0.5259869359375 0.27630292343749996 0.549128225 0.2816455109375 0.5633152984375001 0.28687571875 0.5683457390625 0.309540603125 0.5743917265625 0.3500337296875 0.5721818625 0.3651624625 0.5671987140625 0.40897390468749995 0.6025196296875001 0.41712838124999996 0.67056694375 0.41133482656250003 0.6741297140625 0.384789246875 0.6585660875 0.357737721875 0.6613157265625 0.295816846875 0.657975553125 0.23249002812500003 0.6526279328125 0.1667448890625 0.6573411921875 0.14632951562500002 0.6887146859375 0.1437983328125 0.723968128125 0.1578018265625 0.7449906734375 0.205662290625 0.7520285609374999 0.230745496875 0.90120878125 0.07947429218749999 0.5569678046875 0 0.3535729921875 0
1939 0.103564921875 0 0 0.44858896093749995 0 0.6223043390624999 0.27439867812499996 0.560320565625 0.2838251984375 0.5194898203125 0.3438663703125 0.5372611484375 0.36750360937500004 0.5348987734375 0.42389089531249996 0.5518265343750001 0.454221728125 0.3926654375 0.39251046875 0.3432307015625 0.440344903125 0.2193884671875 0.47805445156250004 0.16162899375 0.49021043124999997 0.13120271875 0.49199181562499994 0.117929928125 0.48360102187500004 0.10426357187499999 0.4490695921875 0.098246228125 0.3993591875 0.102408596875 0.35270147343749997 0 0.103564921875 0
1939 0.5656837515625 0.2932871140625 0.54948923125 0.2856385859375 0.5247015015625001 0.281870753125 0.498199859375 0.28552669062499997 0.4747886828125 0.3035801734375 0.46378319375 0.3401366578125 0.45386072187500004 0.38867236250000003 0.42682277031250004 0.5446839515625 0.5320635015625 0.5611612296875 0.5387842093749999 0.5431641765624999 0.574280428125 0.394969928125 0.5763991734375 0.3524520484375 0.5719321546875 0.3162331875 0.5656837515625 0.2932871140625
1939 1 0.10228204062499999 0.8999916203125 0.0791932875 0.7524570390624999 0.228889553125 0.7382463203125 0.1904211796875 0.726404053125 0.158364203125 0.7045482 0.1474537875 0.6826248734375 0.1423923890625 0.665934403125 0.14244881874999998 0.6548377953125 0.15161615625 0.6535760078124999 0.1904221484375 0.6613393734375 0.3290550109375 0.65942304375 0.35402583593750003 0.6688968578125001 0.3796714171875 0.6737012359375 0.386645190625 0.667341534375 0.4086353171875 0.5745064906249999 0.4106610375 0.5352889125 0.5638607390625 0.5918786125 0.563241446875 0.6188998515625 0.5851187109375 0.646551984375 0.5875929796875 0.6758505593749999 0.5884924921875 0.658056890625 0.64889504375 0.9242543859374999 0.8628310453125 1 0.5347407453125 1 0.10228204062499999
1702 0.45039253749999997 0.5481705953125 0.4455443328125 0.5802840046875 0.465031734375 0.5847830265625 0.49590927812499996 0.589956803125 0.5084262625 0.5635236031249999 0.45039253749999997 0.5481705953125
819 0.8913035578124999 1 0.9238933796875 0.8588379703125 0.65604944375 0.6464767234375 0.67298615625 0.5897860578125 0.6217642546875 0.5838251453125001 0.5959609796875001 0.56222906875 0.534499428125 0.5617236078125 0.42725124843750006 0.5428280078125 0.4235298890625 0.5478334593749999 0.3687890453125 0.5293309453124999 0.3402124828125 0.53641758125 0.2826072359375 0.5192086312499999 0.274037671875 0.5563274921875 0 0.6232763875 0 0.8905476890624999 0.460697378125 1 0.8913035578124999 1
1050 0.462771359375 0 0.45768298124999995 0.0220401859375 0.434184153125 0.1182680328125 0.4276658609375 0.11871803125 0.41873529062500003 0.1518438171875 0.40648819375 0.154880946875 0.3997674859375 0.1728779984375 0.3963396609375 0.18772554218749998 0.4096697765625 0.1966676375 0.4066704296875 0.2096592375 0.42128598124999994 0.213033503125 0.424285328125 0.20004190312499998 0.4376829171875 0.2031349796875 0.4456215859375 0.18541911718749998 0.44819245468749996 0.17428345781250001 0.44180910781250005 0.163035421875 0.43535828906249996 0.157636403125 0.44185293437500006 0.12394824062500001 0.439056003125 0.1193927875 0.46662 0 0.462771359375 0
1050 0.728408034375 0.055219015625 0.7001284734375 0.177711253125 0.72599575625 0.0878948015625 0.7057898078125 0.1809731390625 0.6992715171875 0.1814231375 0.6926182812499999 0.193571171875 0.68747654375 0.2158424890625 0.6731545265625 0.222310315625 0.6664338203125 0.2403073671875 0.66909580625 0.2565608546875 0.6776215453125001 0.2585291765625 0.6754791546875001 0.26780889218750004 0.6913126671875001 0.271464346875 0.69595845625 0.256897990625 0.71300993125 0.260834634375 0.7190086265625 0.23485143437499997 0.7187150921875001 0.225009340625 0.7058134546875 0.214211303125 0.71388706875 0.1847974046875 0.7086542109375 0.179679575 0.733279884375 0.0563437703125 0.7367077109375 0.0414962265625 0.730211909375 0.039996553125 0.72603958125 0.0488076203125 0.728408034375 0.055219015625
1050 0.6054042125 0.3435094703125 0.613501471875 0.3473337359375 0.6117200875 0.360606525 0.6214637890625 0.36285603437499997 0.6236061796875 0.3535763203125 0.6329888734375 0.35183275625 0.6376346625 0.3372664015625 0.6332587625 0.328436684375 0.635175090625 0.30346585937500004 0.62951375625 0.3002039734375 0.63316764375 0.3010475390625 0.650937665625 0.2074068234375 0.62707783125 0.2996415953125 0.6206506578125001 0.327480740625 0.6104784796875 0.3270871734375 0.6054042125 0.3435094703125
1050 0.4367383078125 0.285021228125 0.4249196890625 0.2862024140625 0.42020642812500003 0.3066177875 0.4299501296875 0.3088672984375 0.42981518437500005 0.320565334375 0.43590499843749997 0.32197127812500004 0.4387694015625 0.3206777125 0.44170127656249997 0.3135351296875 0.45388090312499996 0.31634701875000004 0.45902264062500003 0.2940757015625 0.45092538125 0.2902514375 0.45649559687499996 0.2661241796875 0.453698665625 0.261568725 0.47390461406249995 0.1684903875 0.50060520625 0.0417238875 0.49203564218749996 0.0788427484375 0.47189716718749997 0.16607206875 0.44882681562500004 0.2604439703125 0.44352648749999996 0.2611751578125 0.4367383078125 0.285021228125