1228 0.40585147031249996 0.44642702968750003 0.3965050109375 0.524089234375 0.442993340625 0.5312558046875 0.44378409531249996 0.6879426453125 0.599653478125 0.6988420953125 0.6064923375 0.433046684375 0.4228008390625 0.42803330156249997 0.40585147031249996 0.44642702968750003
351 0.293499771875 0.317181184375 0.4335097296875 0.3308874234375 0.5582052359375 0.3396069828125 0.6595203359374999 0.346691625 0.7491452296875 0.3529588078125 0.8348733906250001 0.3589535046875 0.8969486578125 0.36721001875 0.9174670515625 0.12978169687500002 0.8940866453125 0.1281467796875 0.8532118953125 0.152699059375 0.7672112484375 0.150601096875 0.7126569640625 0.1467862890625 0.56349110625 0.1520187515625 0.24033462343749998 0.125505659375 0.21611005312499998 0.30393799062500004 0.293499771875 0.317181184375
1142 0.4330733890625 0.2251306171875 0.41792279218750006 0.32979747812500004 0.6286189453125 0.340615 0.6320793390625 0.23513068124999997 0.4330733890625 0.2251306171875
351 1 0.0337424578125 0.9596223046875 0.030918973437500004 0.8764587828125 0.9962192015625 0.87974538125 1 0.96625754375 1 1 0.5174603875 1 0.0337424578125
351 0.6121059171875001 0.464765534375 0.5926774671875 0.68660691875 0.728790690625 0.7000406703125 0.8778212140624999 0.9767355296875 0.9070591671875 0.6146117 0.7601818296875 0.47512001093749995 0.6121059171875001 0.464765534375
581 0.0759095359375 0.34895525781250003 0.141064078125 0.3691744609375 0.175862203125 0.37552357187499996 0.1810661453125 0.1331085703125 0.09533798437499999 0.1271138734375 0.0759095359375 0.34895525781250003
1416 0.4452818609375 0.386531653125 0.44119456718750005 0.4449826703125 0.5116082765625001 0.44599068906249995 0.5112538625 0.395060653125 0.4452818609375 0.386531653125
1606 0.8529679281250001 0.5481766546875 0.8963769812500001 0.5433805328125 0.9169505984375 0.5291560265624999 0.9222097640625 0.5099448390625 0.8999193015625 0.492722984375 0.7863690265625001 0.492614353125 0.8529679281250001 0.5481766546875
1387 0.6815383109375001 0.36781021406250003 0.6498194625 0.37342379375 0.632052634375 0.40350772656249995 0.6376662140625 0.435226575 0.68388205625 0.446289878125 0.704728159375 0.42816863749999995 0.7035562875 0.3889288046875 0.6815383109375001 0.36781021406250003
301 0.23104338750000003 0.4263716796875 0.19207604218750002 0.42364681718749997 0.148394503125 0.43233967343749996 0.1721293234375 0.4849046265625 0.1907955375 0.49795726093750003 0.24199805937500002 0.49370611249999996 0.26556902656250003 0.43661752500000006 0.23104338750000003 0.4263716796875
1373 0 0.9525842421874999 0.025880701562500004 0.9524041437499999 0.0369440046875 0.9061883015625 0.0435656015625 0.8674934421874999 0.0908713890625 0.86296980625 0.12060090781249999 0.8298066000000001 0.1199740078125 0.7827732984375 0.08236909375 0.7605647624999999 0.060351117187500004 0.7394461734375 0.030267184375 0.7216793453125 0.0043524734375 0.7002882687499999 0 0.737662509375 0 0.9525842421874999
544 0.46130514062500005 0.49337840312500003 0.022064078125 0.447000521875 0.0053871953125 0.4614975140625 0.0026623328125000003 0.5004648609375 0.43827914687499997 0.5426735218750001 0.46130514062500005 0.49337840312500003
351 0.207935465625 0.42084002812500004 0.3092505640625 0.4279246703125 0.3168801796875 0.3188161015625 0.2155650796875 0.31173146093750004 0.207935465625 0.42084002812500004
1142 0.434599675 0.31530048593750004 0.6174737140625 0.33200407187500003 0.623740896875 0.2423791765625 0.44059437187499995 0.229572325 0.434599675 0.31530048593750004
988 0 0.690080065625 0.0196669265625 0.7052749484375 0.0391505984375 0.7066373796875001 0.053375106250000005 0.727210996875 0.0714963484375 0.7480571015625 0.1049320421875 0.7738898843750001 0.1316642109375 0.7835907578125 0.1341985140625 0.8033469156249999 0.10782075937499999 0.8445760796874999 0.06250430312500001 0.8766493421874999 0.0441925015625 0.9145267421875 0.416644103125 0.964065828125 0.42108581093749997 0.9565448453125001 0.4381438109375 0.8246008421875001 0.4649293890625 0.4975476234375 0.010373875000000001 0.4461830625 0.0048422234374999994 0.469290984375 0 0.5385380015625 0 0.690080065625
353 0.8565636578125 0.1607650140625 0.758327834375 0.1656430625 0.23562042968750002 0.1369233765625 0.2202792734375 0.3003137421875 0.42653372031250003 0.318652246875 0.4375150953125 0.21760963437499997 0.636248559375 0.2315064328125 0.6291639171875001 0.33282153124999997 0.7577561578124999 0.3418135765625 0.8512777874999999 0.3483532453125 0.889427675 0.36276831249999997 0.9052318765624999 0.13675770625 0.8565636578125 0.1607650140625
351 1 0.0337424578125 0.9830027125 0.032553890625 0.9610666640625001 0.0662620703125 0.8884214734375 0.9931399265625 0.89607386875 1 0.96625754375 1 1 0.5174603906249999 1 0.0337424578125
351 0.8858871687500001 0.9733837671875 0.9179319125 0.6271193625 0.7479466546875 0.4820960203125 0.6154576781250001 0.47283148906249994 0.605457615625 0.6718374390624999 0.7298806359375 0.6844537328125 0.8858871687500001 0.9733837671875
1228 0.4103751046875 0.49373281718750006 0.45713592031249994 0.4970026515625 0.46828115156249994 0.5056135796875 0.4674636921875 0.5173037828125 0.46247701250000006 0.532618234375 0.44877077343750005 0.6726281937499999 0.59240498125 0.6905036531250001 0.606301778125 0.4917701890625 0.41536178437500004 0.4784183640625 0.4103751046875 0.49373281718750006
1716 0.6101165859375 0.43721590624999995 0.4308667953125 0.42468153906249995 0.4178141609375 0.443347753125 0.41590675624999995 0.47062489531249996 0.6029500156250001 0.48370423437500004 0.6087541546875 0.456699578125 0.6101165859375 0.43721590624999995
1012 0.5504936953125 0.39388878125 0.5340892968750001 0.40448903906250006 0.5293751046875 0.41590675624999995 0.5360786281250001 0.4320386671875 0.53888541875 0.44789809218750004 0.5619933390625 0.45342974375 0.5778527640625 0.45062295468749997 0.5870086640625 0.431684253125 0.5995163265625 0.420811509375 0.6003337859375 0.40912130468749996 0.581395084375 0.39996540468749997 0.5621838984374999 0.3947062390625 0.5504936953125 0.39388878125
1416 0.49593941093750005 0.3900739734375 0.47255900312500004 0.38843905625 0.45280284374999996 0.390973359375 0.4498054953125 0.4338374390625 0.4609507265625 0.44244836718749997 0.4762651796875 0.447435046875 0.4918521171875 0.44852499218749997 0.5040872937499999 0.44154898124999997 0.505994696875 0.41427183906250004 0.50681215625 0.40258163593749996 0.49593941093750005 0.3900739734375
2001 0.8969486578125 0.36721001875 0.9398127374999999 0.3702073671875 0.950003359375 0.11247791250000001 0.9124803734375 0.14509614843750002 0.8969486578125 0.36721001875
2001 0.0215458109375 0.2864169453125 0.025170059374999998 0.290586165625 0.04465373125 0.291948596875 0.07699948125 0.33336831875 0.0947930125 0.1349073421875 0.032717745312500005 0.126650828125 0.0215458109375 0.2864169453125
1050 0.017104103125 0.29393792812499997 0.011463820312500001 0.430596125 0.01508806875 0.4347653453125 0.0317649515625 0.4202683515625 0.0180854171875 0.391901265625 0.040021465625 0.35819308437499997 0.024979499999999998 0.3493096703125 0.025796959375 0.3376194671875 0.06530927656249999 0.33255086093749997 0.0365877765625 0.295300359375 0.017104103125 0.29393792812499997
291 0.0667536359375 0.3678939578125 0.050894210937499997 0.370700746875 0.041465825 0.3935361828125 0.039558420312499995 0.420813325 0.0312199796875 0.4280618203125 0.030756934375 0.4906820609375 0.061930810937500004 0.49286195 0.070187325 0.43078668281250004 0.062938828125 0.4224482421875 0.06484623125 0.3951711 0.0667536359375 0.3678939578125
291 0.38211665 0.3938620765625 0.3704264453125 0.3930446171875 0.36960898750000004 0.404734821875 0.3646223078125 0.4200492734375 0.376040025 0.42476346718749997 0.38410597968750004 0.4214117046875 0.3885476875 0.413890721875 0.3810267046875 0.4094490140625 0.38211665 0.3938620765625
291 0.34595609375 0.4069966390625 0.3342658890625 0.4061791796875 0.3412419 0.41841435625 0.3565563515625 0.42340103593749995 0.36154303125 0.408086584375 0.3579187828125 0.4039173625 0.354567021875 0.3958514078125 0.3467735515625 0.395306434375 0.34595609375 0.4069966390625
183 0.8158260593750001 0.4633478796875 0.842830715625 0.4691520171875 0.8414682843750001 0.48863569062499995 0.8612244421874999 0.48610138750000004 0.8620419015625 0.4744111828125 0.8973849984375001 0.472966825 0.900464275 0.4849295140625 0.9196754609375001 0.4901886796875 0.9210378921875 0.4707050078125 0.9179586171875 0.45874231718749997 0.913516909375 0.46626329999999994 0.9054509546875 0.46961506249999996 0.8940332375000001 0.46490086875000003 0.8904089890625 0.4607316484375 0.8553383765625 0.45827927187500006 0.8363996765625 0.449123371875 0.83803459375 0.425742965625 0.8510872296875001 0.40707675 0.8692084703124999 0.4279228546875 0.8783643703124999 0.40898415468750005 0.8635948921875001 0.39620400624999996 0.8477354671875 0.3990107953125 0.835500290625 0.40598680624999994 0.8266168765625 0.421028771875 0.8213577109375001 0.4402399578125 0.8169160046874999 0.447760940625 0.8158260593750001 0.4633478796875
570 0.8141911421874999 0.48672828749999997 0.8336748140625 0.48809071875 0.8386614937499999 0.472776265625 0.8152810859375 0.4711413484375 0.8141911421874999 0.48672828749999997
1608 0.899292403125 0.4456896828125 0.9065408984375001 0.45402812499999995 0.9288313609375001 0.4712499796875 0.9304662796875001 0.447869571875 0.914879340625 0.446779628125 0.899292403125 0.4456896828125
570 0.8726421609375 0.49081557968749995 0.8960225671875 0.492450496875 0.893215778125 0.47659107343749996 0.8737321046875 0.47522864218749994 0.8726421609375 0.49081557968749995
570 0.3059807296875 0.474685484375 0.300449078125 0.49779340625 0.327453734375 0.50359754375 0.333257871875 0.4765928890625 0.32156766875 0.47577542968750003 0.3059807296875 0.474685484375
570 0.2614817328125 0.49506854375 0.2843171671875 0.5044969296875 0.28595208437499997 0.4811165234375 0.266195925 0.48365082656249997 0.2614817328125 0.49506854375
544 0.3100680234375 0.4162344671875 0.30091212343749996 0.4351731671875 0.40168225 0.450051278125 0.41473488437499995 0.4313850640625 0.3100680234375 0.4162344671875
544 0.6149127062499999 0.4806249578125 0.759364371875 0.4868102140625 0.918476884375 0.6193258937499999 0.9269239578124999 0.49852712187500003 0.8539759468750001 0.47776294531249996 0.7807554484375 0.460895503125 0.765168509375 0.4598055578125 0.6170925953124999 0.44945108125 0.6149127062499999 0.4806249578125
407 0.041574034375 0 0.036532553125 0.07209654374999999 0.8868381484375 0.1198083375 0.8993458109375 0.1089355921875 0.9555350125000001 0.0893699921875 0.9557255703124999 0.030646487500000003 0.5174603796875 0 0.041574034375 0
1506 0.6085101875000001 0.8521771734374999 0.7874874921874999 0.868608275 0.7595015218750001 0.7648408 0.6155948296875 0.750862075 0.6085101875000001 0.8521771734374999
1910 0.14359838125 0.3889306203125 0.1466776578125 0.40089331093749997 0.16090216562499998 0.421466928125 0.17567164375 0.43424707656250006 0.20294878593750001 0.4361544796875 0.1931659859375 0.4080598796875 0.189814225 0.39999392500000003 0.190359196875 0.39220045468750003 0.1828382140625 0.38775874843749997 0.1742272859375 0.3989039796875 0.181203296875 0.41113915624999997 0.18817930624999998 0.42337433124999996 0.18038583749999998 0.422829359375 0.16253708281249998 0.3980865203125 0.15556107187499998 0.3858513453125 0.14359838125 0.3889306203125
353 0 0.6653789328124999 0.0023631437500000003 0.672738640625 0.016587650000000002 0.6933122578125 0.031902103125 0.6982989374999999 0.0686895578125 0.7321976765625 0.0976835453125 0.7655514421875 0.1171672171875 0.7669138734375001 0.1311192390625 0.7913842265625 0.12921183593750002 0.81866136875 0.1070033 0.8562662828125 0.0825329484375 0.8702183031249999 0.053620889062499996 0.8916913078125001 0.043375043749999995 0.9262169468750001 0.4091231203125 0.9596241203125 0.41773404843749995 0.9484788890625 0.4389612703125 0.8129106374999999 0.46048768124999995 0.5050686062499999 0.4524217265625 0.50842036875 0.4341099265625 0.5462977703125 0.006286581250000001 0.5046340812500001 0 0.59453638125 0 0.6653789328124999