1061 0.10896514531249998 0.53244879375 0.122487975 0.557158915625 0.1480254125 0.5789990078125 0.1865988171875 0.586294915625 0.2113089375 0.5727720859375001 0.22502580781249998 0.5504451296874999 0.24856816093749998 0.5054507625 0.218798884375 0.4871616046875 0.1795445765625 0.48764846874999995 0.1445221078125 0.48458439999999997 0.1081378296875 0.497085871875 0.10896514531249998 0.53244879375
544 0 0.64022160625 0.29468266718749997 0.6506474250000001 0.3018321625 0.5689283281249999 0.0028763796875 0.53493074375 0 0.5678079125 0 0.64022160625
351 0 0.9355077406250001 0.2243008046875 0.9621046796874999 0.2737210484375 0.9350590203125 0.289769925 0.661981128125 0.0095901671875 0.6374685765625 0 0.64213850625 0 0.9355077406250001
544 0.7889838859375 0.5135193 0.6991415671875 0.5095802875000001 0.7236576484375 0.5430945359375 0.9926980656250001 0.60529195625 0.9970759921875001 0.555252028125 0.874253915625 0.5249006328125 0.7889838859375 0.5135193
353 0.6935479203125 0.5286967625 0.6716125734375 0.73459974375 0.707462359375 0.7730267343749999 0.7135428687500001 0.7931645671875 0.968563128125 0.8811555671875 0.992017846875 0.6130668984375001 0.7268681296875 0.551217759375 0.6935479203125 0.5286967625
353 1 0.07242725625 0.6124074140625 0.06674202500000001 0.618828378125 0.08298847031249999 0.5591028437500001 0.720835246875 0.586002090625 0.727109796875 0.5873638999999999 0.7115442546875 0.666359378125 0.749824834375 0.6739957375000001 0.7073600453125 0.6878078624999999 0.5046675453125 0.7867947609375 0.4937219203125 0.795792928125 0.43569158906250005 0.7995379015624999 0.3928863484375 1 0.41417125625000006 1 0.07242725625
300 1 0.46219019843750003 0.9864708203125 0.45237374375000006 0.9771798281249999 0.4241126875 0.929802296875 0.42781003437500004 0.8756633515625 0.41915231875 0.834706784375 0.43909611093749995 0.8192876546875001 0.4808799953125 0.8317891265625 0.5172642734374999 0.8608774984374999 0.543336203125 0.9334520156250001 0.5653703359375 0.973046775 0.5609920859375 0.9987296171875 0.5363510125000001 0.9999698359375 0.5221752515625 0.9969295796875001 0.5121063343750001 0.9950809078124999 0.4884175703125 1 0.477069215625 1 0.46219019843750003
544 0.5863390140625 0.4095244046875 0.49751804999999993 0.39391123437500003 0.42426262968749995 0.37965987343749996 0.3694427796875 0.37878492812500003 0.21699783906249998 0.3732900671875 0.02038585 0.37961577343749997 0.014792203125 0.39873225 0.24676711562500003 0.3915792265625 0.3447326578125 0.3923077578125 0.5878472343750001 0.4371045546875 0.5863390140625 0.4095244046875
353 0.5765135296875 0.4321918125 0.3372903390625 0.38773546875 0.24997759687499999 0.39970245000000004 0.24686590000000003 0.524907690625 0.2815479171875 0.5318631453125 0.32824454375 0.5359485703125 0.569656859375 0.6002022953124999 0.586825878125 0.4487787109375 0.5765135296875 0.4321918125
353 0.0306981984375 0.39620267343750004 0.0098794625 0.41006595468749996 0.0018550234375 0.5466049 0.10220373125 0.5200937328124999 0.10322508749999999 0.5084195765625 0.132167046875 0.4913458140625 0.16363858281250002 0.49017804531250003 0.1947696671875 0.4929016625 0.24146629375 0.4969870875 0.24219482499999997 0.3990215453125 0.0306981984375 0.39620267343750004
353 0.5216901515625 0.1176228609375 0.474993525 0.11353743593750001 0.3501287359375 0.106534353125 0.237959459375 0.0888784703125 0.21602411093749999 0.2947814515625 0.2974027546875 0.30582233125 0.3833536890625 0.30942089375 0.492312484375 0.31895355312499996 0.5198926359375 0.31744533124999996 0.528451565625 0.12997792187499999 0.5216901515625 0.1176228609375
581 0.6140620484375 0.13746786875 0.5967942453124999 0.1555629875 0.579039578125 0.1344037984375 0.5556912640625 0.1323610859375 0.5309811421874999 0.145883915625 0.5101147796875 0.24992996875 0.5209139921875 0.305771175 0.5368199859375 0.3032415984375 0.5480072781249999 0.26500864687500003 0.5503904421875 0.2377689484375 0.5615777359375 0.199535996875 0.57578146875 0.216463346875 0.6065721015625 0.22307834999999998 0.6140620484375 0.13746786875
2001 0.6097825828125 0.2312015734375 0.587455625 0.2174847046875 0.560556378125 0.211210153125 0.5427540843750001 0.2802337375 0.53424278125 0.377518375 0.5922731125 0.3865165421875 0.6097825828125 0.2312015734375
183 0.4083601640625 0.6958834578124999 0.3613230859375 0.6956894171875 0.3185178453125 0.6919444453125 0.28806766562499997 0.68143805625 0.27819455312499997 0.7942882375 0.32318891875 0.817830590625 0.40305934218750006 0.80129131875 0.410014796875 0.7666093015625 0.4212020890625 0.72837635 0.4164833875 0.6926729765624999 0.4083601640625 0.6958834578124999
1506 0.294049390625 0.5682474234375 0.2960444765625 0.6350818828125 0.3310669453125 0.6381459515625 0.35830664375 0.6405291156249999 0.40466281875 0.6485059265625 0.40685194375 0.66830330625 0.4186725125 0.71247035625 0.437108084375 0.7258467734375 0.5621669125000001 0.6858127765625001 0.5672736953124999 0.62744199375 0.33043366875 0.55574595 0.314527675 0.558275528125 0.294049390625 0.5682474234375
130 0.760659721875 1 0.7447727390625001 0.9292166484375001 0.6949132578125 0.8268252281249999 0.6047304859375 0.8267776 0.5471870203125 0.8570337406249999 0.5030199703125 0.8688543093750001 0.455642440625 0.8725516546875 0.3733888515625 0.916330625 0.32498996406249997 0.9317021265625 0.25679369687500003 0.9492627546874999 0.20416297343749998 0.968185190625 0.2236199 0.9698874500000001 0.5678079171875 1 0.760659721875 1
353 0.016154012500000002 0.3831667078125 0.21242555 0.3807323859375 0.23017668750000003 0.088197565625 0.0444115390625 0.0601817078125 0.016154012500000002 0.3831667078125
1250 0.5567126203125 0.12068692968750001 0.5881841578125 0.1195191609375 0.5870163890625 0.08804762499999999 0.559776690625 0.085664459375 0.5567126203125 0.12068692968750001
1250 0.603409246875 0.1247723546875 0.6189747890625 0.1261341640625 0.622038859375 0.09111169375 0.60681376875 0.0858585 0.603409246875 0.1247723546875
466 0.047962471875 0.0644135453125 0.03332303125 0.23174312343749998 0.21198631250000002 0.25129530624999996 0.2330467171875 0.10021217499999999 0.047962471875 0.0644135453125
1567 0.0326421265625 0.2395258953125 0.016154012500000002 0.3831667078125 0.20498323125 0.37616009687499996 0.21096495625 0.2629694640625 0.0326421265625 0.2395258953125
1917 0.030064921875 0.313802671875 0.0283626609375 0.3332596 0.0156671484375 0.3439124 0.0220881109375 0.360158846875 0.029189978125 0.368622521875 0.0489873578125 0.366433396875 0.057451032812500004 0.35933152968750004 0.06270422656249999 0.344106440625 0.048160040625 0.33107047500000003 0.04952185 0.3155049328125 0.030064921875 0.313802671875
1354 0.8810549046875 1 0.879268971875 0.9605893999999999 0.87031843125 0.928436959375 0.8430787328125 0.9260537953125001 0.7801356609375001 0.9283893328125 0.729207196875 0.927854840625 0.6588218046875001 0.9256180875 0.6351330390625 0.9274667609374999 0.6249226484375 1 0.8810549046875 1
1175 0.9581655874999999 1 0.9641656203125001 0.9314192968749999 0.95660981875 0.9281441359375 0.9410442765625 0.9267823265624999 0.921246896875 0.9289714515625 0.90821093125 0.9435156375 0.9149723453125 0.9558706984375 0.9129296328125 0.9792190125 0.9193505953125 0.9954654578125 0.9283269125 1 0.9581655874999999 1
1636 0.9581655874999999 1 0.965754396875 0.9132594968750001 0.9385146984375 0.9108763328125 0.9073836140625 0.9081527156250001 0.8755716265625001 0.9132118703125001 0.863216565625 0.919973284375 0.8777607515625 0.9330092499999999 0.8884135515624999 0.9457047624999999 0.8860303859374999 0.9729444609375 0.8854703031250001 1 0.9581655874999999 1
1250 0.7988569984375 0.4006691203125 0.7846056359375 0.473924540625 0.8224981359375001 0.48900321875 0.830474946875 0.44264704374999997 0.8506127781249999 0.436566534375 0.8788738328125 0.42727554218749997 0.88057609375 0.40781861406250003 0.7988569984375 0.4006691203125
300 0.765002296875 0.4290765875 0.7416539828125 0.42703387499999995 0.732509403125 0.4419185125 0.727256209375 0.4571436015625 0.74145994375 0.474070953125 0.7400981343749999 0.48963649531250003 0.7454977406250001 0.5175570984375 0.7639333125000001 0.530933515625 0.787622078125 0.5290848421875001 0.782222471875 0.5011642390625 0.7878161171875 0.48204776406249994 0.7901992828125 0.454808065625 0.7947715718749999 0.44736574687499997 0.7837783203125 0.43856161875 0.765002296875 0.4290765875
423 0 0.9503232453124999 0.040724779687500004 0.9538862015625 0.060324590624999994 0.685040146875 0.0588163703125 0.6574599953125 0.0478231171875 0.6486558687499999 0.0200489265625 0.6972011671875 0.0237939 0.6543959265625 0.0124601953125 0.649483184375 0.005017876562500001 0.6449108953125 0 0.647656971875 0 0.9503232453124999
1392 1 0.2614200015625 0.9914788171875 0.26067449531250003 0.9801451125 0.255761753125 0.956456346875 0.2576104265625 0.9444417390625001 0.26048045625 0.9423990265625 0.28382876874999996 0.9396754093749999 0.314959853125 0.9503282093750001 0.327655365625 1 0.332001084375 1 0.2614200015625
1392 0.9019769500000001 0.252844096875 0.8906432453124999 0.2479313546875 0.870845865625 0.2501204796875 0.8627226421874999 0.25333096093749996 0.8315915578125 0.25060734375 0.824489690625 0.24214366874999999 0.8050327640624999 0.24044140781249998 0.788445865625 0.25075375625 0.7774526125000001 0.24194962968749997 0.76577845625 0.24092827187500002 0.750553365625 0.23567507812500002 0.7375174015625 0.2502192640625 0.73445333125 0.285241734375 0.751867546875 0.3102923078125 0.899740196875 0.3232294890625 0.9088847765624999 0.30834485 0.9105870375 0.2888879234375 0.9119488453125 0.27332238124999997 0.9090788171874999 0.261307771875 0.9019769500000001 0.252844096875
1040 0.00978420625 0.590431496875 0.029241134375 0.5921337578125 0.10979246250000001 0.567811715625 0.09067598593750001 0.5622180703125 0.0146969484375 0.57909779375 0.00978420625 0.590431496875
325 0.0544857484375 0.5276824640625 0.03468836875 0.5298715890625 0.0159123453125 0.5203865578125 0.0050655046875 0.5547281234375 0.0351752328125 0.5691258968749999 0.062074479687499996 0.575400446875 0.0899950828125 0.570000840625 0.10016101875000001 0.543442046875 0.07749360937500001 0.5336165625 0.0544857484375 0.5276824640625
1636 0.351449975 0.8085395984374999 0.324550728125 0.8022650484374999 0.29341964374999996 0.79954143125 0.279215909375 0.78261408125 0.273962715625 0.7978391703125001 0.2659382765625 0.9343781171875 0.286076109375 0.9282976062499999 0.29984060625 0.815787878125 0.397465696875 0.8204077953125 0.38997575 0.9060182765624999 0.4023308109375 0.8992568625 0.40845894843749997 0.829211921875 0.41726307656249995 0.8182186703125 0.41050166250000003 0.805863609375 0.351449975 0.8085395984374999
1373 0.2899092796875 0.07773880625 0.3200190078125 0.0921365796875 0.314084909375 0.115144440625 0.36856430625000003 0.1199107703125 0.397506265625 0.1028370078125 0.45976843437500003 0.108284240625 0.46113024375 0.0927186984375 0.4550497328125 0.0725808671875 0.44152690312500004 0.047870745312500004 0.38349657187499997 0.038872578125 0.3251257890625 0.033765796875 0.3056688609375 0.0320635359375 0.2887415109375 0.04626726875 0.2899092796875 0.07773880625
1917 0.242044884375 0.042181843749999996 0.230030275 0.0450518734375 0.2266257546875 0.083965728125 0.2658800625 0.0834788640625 0.2792564796875 0.0650432921875 0.2806182875 0.04947775 0.26539319687499996 0.044224556250000005 0.242044884375 0.042181843749999996
1387 0.1009848046875 0.26511096093750003 0.106043959375 0.2969229484375 0.14140688125 0.2960956328125 0.1515728171875 0.2695368375 0.142281825 0.2412757828125 0.11081028906249998 0.2424435515625 0.09811477656249999 0.2530963515625 0.1009848046875 0.26511096093750003
278 0.035658567187500004 0.294686196875 0.0706810375 0.297750265625 0.075106915625 0.247162253125 0.03974399375 0.2479895703125 0.035658567187500004 0.294686196875
291 0.2699690171875 0.3504762453125 0.27147723749999997 0.37805639687500003 0.2912746171875 0.375867271875 0.2890854921875 0.35606989218749996 0.2921495609375 0.321047421875 0.2699690171875 0.3504762453125
291 0.2578079953125 0.31020058125 0.25119299375000004 0.3409912140625 0.2481289234375 0.376013684375 0.2672454 0.3816073296875 0.2696285640625 0.35436763125000004 0.2632076015625 0.338121184375 0.2655907671875 0.3108814859375 0.2578079953125 0.31020058125
407 0.176668328125 0 0.29044377187500003 0.026810342187500003 0.3219153078125 0.0256425734375 0.39127934375 0.0395534828125 0.457432896875 0.04534116875 0.64981305 0.0425663953125 0.6557471484375 0.0195585328125 0.64018160625 0.018196725 0.640862509375 0.010413954687500001 0.5218304625 0 0.176668328125 0
316 0.2336358953125 0.5864889546875001 0.268658365625 0.5895530250000001 0.283250178125 0.5124062171875 0.24788725625 0.5132335343750001 0.2336358953125 0.5864889546875001
1606 0.46502515781250003 0.406753159375 0.5616288921875 0.4230472328125 0.585658109375 0.41730717500000003 0.5785562421875 0.40884349999999997 0.52475775 0.3962943984375 0.4540319046875 0.39794903125 0.46502515781250003 0.406753159375
1452 0.437492634375 0.3180786078125 0.43121808437500003 0.34497785468750003 0.4616682640625 0.35548424375 0.4511618765625 0.3859344234375 0.4897352796875 0.3932303296875 0.49552296562500003 0.327076775 0.437492634375 0.3180786078125