410 0.6025352203125001 0 0.6112133734375 0.06502851875 0.6147018796875 0.10022867499999999 0.55485958125 0.156877246875 0.547697575 0.1983347578125 0.760043053125 0.14521229687499998 0.7281840140625 0.10805544687499999 0.656731659375 0.0912949703125 0.637959596875 0.059343434375000004 0.6256847734375001 0.057959009375 0.615867115625 0 0.6025352203125001 0
410 0.7611253703124999 0 0.7719305999999999 0.0508346078125 0.7685894828125 0.0914799640625 0.73826225625 0.11789380468749999 0.7761387640625 0.145784565625 0.8907654359375 0.1214199140625 0.868984640625 0.09410142187500001 0.8051740640625 0.07571663437500001 0.78721415625 0.047585987499999996 0.7754839812500001 0 0.7611253703124999 0
1175 0.5857936546875 0.753323215625 0.572134409375 0.7642136140625 0.5584751625 0.7751040125 0.5587150484375 0.7950206125 0.580255959375 0.8024225046875 0.6252944734375 0.78885575625 0.6171729234375001 0.7506468640625 0.5857936546875 0.753323215625
1387 0.6146439609375001 0.795113109375 0.569605446875 0.808679859375 0.5422869546875 0.83046065625 0.57553041875 0.8553426828124999 0.610730575 0.8518541765625001 0.65658124375 0.8421083156250001 0.675445803125 0.8181309406249999 0.6743937625 0.7943934515625 0.6375692953125001 0.7902401796875 0.6146439609375001 0.795113109375
1175 0.8417932234375 0.698908828125 0.82894613125 0.713620115625 0.8092694171874999 0.7337766015625 0.8187753921875001 0.7597106703125001 0.8463337703124999 0.757846475 0.8845426609375 0.7497249234375001 0.8731724906249999 0.6962324765625 0.8417932234375 0.698908828125
1387 1 0.6818806640624999 0.99787740625 0.6817061828125001 0.959668515625 0.6898277328125 0.9345466015625 0.7031545968749999 0.9132455765625 0.7156693046875 0.9241359750000001 0.7293285515625 0.9625847515625001 0.7411236015625 1 0.7331707453125 1 0.6818806640624999
423 0.5149760703124999 1 0.56030175625 0.990365728125 0.5521802046875 0.9521568374999999 0.569660340625 0.9404542843750001 0.565599565625 0.9213498390625 0.45340935781249997 0.95717715625 0.406746534375 0.963102128125 0.3691099125 0.9551279671874999 0.34570480625 0.920167696875 0.3220598140625 0.8652908265624999 0.2978425515625 0.8265096671875 0.275729371875 0.8352034859374999 0.34051929062499997 1 0.5149760703124999 1
544 1 0.48539727499999996 0.6546072625 0.5510010890625 0.3978504328125 0.7333690125000001 0.3989024734375 0.7571065015625 0.7792745734375 0.72417813125 0.891317390625 0.6125053 1 0.6014085625 1 0.48539727499999996
544 0.38489355625 0.48453145 0.0283138375 0.6481822046875 0.0475656734375 0.719966940625 0.4893494875 0.5062573546875 0.620071871875 0.482464971875 0.6143867859375 0.45571874843750004 0.38489355625 0.48453145
1927 0.5603769625 0.6149590546875 0.5428968281250001 0.6266616078125 0.5401279796875 0.651211253125 0.555651421875 0.6678792328125 0.549873840625 0.6970619218749999 0.5736113296875 0.6960098796875 0.6194619984374999 0.6862640203125 0.646208221875 0.6805789343749999 0.681408378125 0.677090428125 0.6936832015625 0.6784748515625 0.7141720703125001 0.6621392546875 0.73026778125 0.6627115234375001 0.7253948515624999 0.6397861890625001 0.725154965625 0.6198695890625 0.7480803 0.6149966578125 0.738574325 0.589062590625 0.7170334140625 0.5816606984375 0.7006978171875 0.561171828125 0.6616767718750001 0.565472490625 0.625664459375 0.5651401078125 0.60761205625 0.592938371875 0.5955771203125 0.6114705484375 0.5595648078125001 0.611138165625 0.5603769625 0.6149590546875
1373 0.9747497890625001 0.47895917656250003 0.9780909046874999 0.4383138203125 0.9565499953125001 0.430911928125 0.9396421281249999 0.4265187703125 0.9279395750000001 0.40903863593749995 0.9274598031249999 0.36920543437500003 0.9316130749999999 0.3323809671875 0.94283585625 0.3100279015625 0.9251158343749999 0.3018138546875 0.90820796875 0.297420696875 0.8830860546875 0.3107475609375 0.8557675625 0.3325283578125 0.8860022921875 0.362043428125 0.9055865093750001 0.3978158546875 0.9205376828125 0.4305795453125 0.898664390625 0.459189965625 0.9182486078125001 0.494962390625 0.9747497890625001 0.47895917656250003
2001 0.197282715625 0.42856493437500004 0.1339519125 0.45001334843749996 0.15482805625 0.5294398640625 0.35847971562500003 0.4542042234375 0.3048774828125 0.2020255453125 0.160495853125 0.2367083265625 0.197282715625 0.42856493437500004
183 0.46668435468749997 0.0238657875 0.46253108281250005 0.0606902546875 0.42131345781249996 0.0734448484375 0.45341238281249996 0.1305182984375 0.49162127343749995 0.1223967484375 0.526009275 0.115087353125 0.535607746875 0.085092509375 0.527486196875 0.04688361875 0.5045608625 0.05175654843750001 0.498063621875 0.0211894359375 0.4795314453125 0.0091545 0.46668435468749997 0.0238657875
1373 0 0.24349177968750002 0.0196952265625 0.2506623515625 0.0309180078125 0.2283092859375 0.02279645625 0.1901003953125 0.024753149999999998 0.16172986250000002 0.0067932421875 0.1335992140625 0 0.12989521875 0 0.24349177968750002
1373 0.13522655 0.174189678125 0.1788806390625 0.17289775000000002 0.2072511734375 0.17485444375 0.227407659375 0.19453115781250002 0.28090010625 0.18316098593750002 0.30220113125000003 0.170646278125 0.28724995781249996 0.1378825875 0.2602638484375 0.12365107187499999 0.2419715578125 0.13153273593749998 0.2302690046875 0.11405259999999999 0.20954024843750002 0.11047159843750001 0.18523049062500002 0.12761935 0.1636895796875 0.1202174578125 0.1401919765625 0.1411861 0.1156423328125 0.1384172515625 0.10986475 0.167599940625 0.13522655 0.174189678125
351 0 0.23315569531250002 0.049080196874999996 0.46405987031249996 0.1994792953125 0.4201110015625 0.14530479375 0.18402803437499998 0 0.203419175 0 0.23315569531250002
351 0.3528871265625 0.3715290890625 0.58897009375 0.3173545875 0.539096253125 0.120292665625 0.3152881078125 0.175851590625 0.3528871265625 0.3715290890625
1180 1 0.7457491546874999 0.8777130375000001 0.7551701234375 0.8574640546875001 0.7914223203125 1 0.786881965625 1 0.7457491546874999
1180 0.43472979218749996 0.8692967078124999 0.4852135046875 0.86255958125 0.517404928125 0.8637041203125 0.5535097359375001 0.8081075906249999 0.5060347578125 0.8102116734375 0.43472979218749996 0.8692967078124999
351 0.7301956 0.2114593375 0.9403444984375 0.16679081093749998 0.9078873015625 0.014091709375 0.6993337078125 0.066265553125 0.7301956 0.2114593375
1373 0.6219170484375 0 0.6036640921875 0.0107239171875 0.5847995328125 0.034701292187499996 0.562114084375 0.05949082343749999 0.54267725625 0.0995639109375 0.651858728125 0.06836963593749999 0.667142284375 0.065121015625 0.7397391765625 0.0496900703125 0.7264123140625001 0.02456815625 0.7078801375 0.012533220312500001 0.7005166609375 0 0.6219170484375 0
1606 0.27074665625 0.548729303125 0.247249053125 0.5696979437499999 0.2810647859375 0.5784842593749999 0.3116318984375 0.5719870203124999 0.3520373671875 0.5554115359375 0.3632601484375 0.5330584703125 0.34635228281249997 0.5286653125 0.2996894578125 0.534590284375 0.27074665625 0.548729303125
846 0.716091159375 0.8214720578125 0.684379509375 0.8601607203125001 0.7020995296875 0.8683747671875001 0.7308024468750001 0.8343191484375 0.7422651140625 0.8318826828124999 0.7404009171875 0.8043243046875 0.716091159375 0.8214720578125
1142 0.8731928046874999 0.18905137968750002 0.8273421359375 0.19879724062499998 0.782303621875 0.21236398906249998 0.75474524375 0.2142281859375 0.7527885515625 0.24259871875 0.772852540625 0.31820434531249997 0.7777254703125001 0.34112967968749996 0.8091047390625 0.338453328125 0.8481257843750001 0.33415266718750003 0.970394234375 0.30816370625 0.9426649406250001 0.1777076359375 0.9190434734374999 0.17930551875 0.8731928046874999 0.18905137968750002
1416 0.758768415625 0.42103596718749997 0.73584308125 0.4259088984375 0.7107211671875 0.4392357609375 0.6817783656249999 0.45337477968749995 0.6836425609375001 0.48093315781249996 0.6901398015625 0.5115002703125 0.70045793125 0.541255228125 0.7364702421875 0.5415876109375 0.77085824375 0.534278215625 0.7998010468750001 0.520139196875 0.7941159609375 0.4933929734375 0.7900551859375 0.47428852812500005 0.788190990625 0.44673014999999994 0.7909598375 0.42218050625 0.758768415625 0.42103596718749997
353 0.54064535625 0.5033411171875 0.5138991328125 0.5090262015625 0.4986155765625 0.512274821875 0.50812155 0.538208890625 0.5154309453125 0.5725968921875 0.522740340625 0.60698489375 0.527613271875 0.629910228125 0.5876954546875 0.5931782578125 0.6196469921875 0.5744061953124999 0.64858979375 0.5602671765625 0.677532596875 0.546128159375 0.6678792328125 0.44434857812499995 0.6998307687499999 0.425576515625 0.7189352140625 0.421515740625 0.7432449734375 0.40436798749999997 0.7397564671875 0.36916783125 0.73464365 0.326325896875 0.72188905625 0.285108271875 0.7137675046874999 0.24689938125 0.7048338000000001 0.2048696015625 0.69671225 0.16666071093749998 0.6699660265625 0.1723457953125 0.6317571359375 0.180467346875 0.59899344375 0.1954185203125 0.5692384859375 0.2057366484375 0.573539146875 0.2447576953125 0.5879180515625 0.293617096875 0.5979037984375 0.3593843671875 0.6139070140625 0.41588554687499996 0.614054403125 0.491731059375 0.5796664015624999 0.4990404546875 0.54064535625 0.5033411171875
353 0.1853677703125 1 0.2214796625 0.9745271921875001 0.26627829062499997 0.9410438421875 0.2919724734375 0.9116212671874999 0.3471817265625 0.8519639625 0.392792509375 0.8223015015625 0.4184866921875 0.7928789265625 0.42345211875000005 0.75987535 0.3912606953125 0.7587308109374999 0.395653853125 0.7418229453125 0.40988536875000003 0.7148368359374999 0.44565779375 0.69525261875 0.4729762875 0.673471821875 0.501106934375 0.6555119140625 0.5254166921875 0.6383641609375 0.48715290937500005 0.5147112875000001 0.46585188437499997 0.5272259953125 0.42926730468749996 0.542989325 0.3896739890625 0.563385696875 0.3249587609375 0.5971089328125 0.2586192234375 0.623190390625 0.208375396875 0.6498441171875 0.17422728125 0.6770701140625001 0.11170863281250001 0.7023394171875 0.053010871875 0.7267965640625 0.1076912671875 1 0.1853677703125 1
544 1 0.77881509375 0.990622903125 0.77909260625 0.9516018578125 0.7833932671875 0.904126878125 0.78549735 0.8727476109375001 0.7881737 0.8542154343749999 0.7761387640625 0.8143822343749999 0.7766185375 0.7769854984375 0.7885609765625 0.727886209375 0.78302328125 0.5434314921875 0.7982692328125001 0.5273357812499999 0.7976969640625 0.46156851249999997 0.8076827109375 0.423359621875 0.8158042609375 0.3982377078125 0.829131125 0.371731371875 0.8547328109375 0.329129321875 0.8797622265625 0.3476614984375 0.8917971640625 0.37302329843750004 0.8983869 0.4442357671875 0.8952307765624999 0.5039855671875 0.89451111875 0.566744103125 0.889158415625 0.6333235265625 0.8829935578124999 0.7099811953125 0.8866670578125 0.7850145515625 0.8826987796875001 0.8431400437500001 0.8743373421875 0.901265534375 0.8659759062499999 0.9555701359375 0.8584266250000001 0.9861372484375 0.8519293843750001 1 0.8473339265625001 1 0.77881509375
1373 0.34515285156250003 0.42908231093750004 0.383601628125 0.4408773609375 0.404902653125 0.42836265156250003 0.3771043875 0.4103102484375 0.34515285156250003 0.42908231093750004
1365 0.74805628125 0 0.7452768734374999 0.0005907812499999999 0.739499290625 0.0297734703125 0.758843621875 0.0456292953125 0.7978646687500001 0.0413286328125 0.8022578265625 0.0244207671875 0.7913674281249999 0.0107615203125 0.784162834375 0 0.74805628125 0
570 0.16839480625 0.574478378125 0.17651635625 0.61268726875 0.20708346875 0.606190028125 0.21147662656250002 0.5892821609375 0.19896191875 0.5679811375 0.16839480625 0.574478378125
1373 0.3235570484375 0.28990599375000004 0.314530846875 0.3038051265625 0.31639504218750003 0.3313635046875 0.3371237984375 0.3349445078125 0.35799994218750003 0.4143710234375 0.34734943125 0.420628378125 0.3568554046875 0.4465624453125 0.355950753125 0.49867046875 0.3881421765625 0.49981500624999997 0.3933474890625 0.4867280296875 0.3892867140625 0.46762358437499996 0.389046828125 0.447706984375 0.40733911718750004 0.4398253203125 0.3940122546875 0.41470340625 0.3686504546875 0.40811366875 0.36167344218749997 0.33771335625 0.3698874890625 0.319993334375 0.36257809375 0.2856053328125 0.34786680625 0.2727582421875 0.329574515625 0.28063990625 0.3235570484375 0.28990599375000004
1373 0.4220504046875 0.45267241093750005 0.41278431718749997 0.4466549421875 0.39668860625 0.44608267343749997 0.3906711375 0.4553487625 0.3947319125 0.4744532078125 0.39960484375 0.4973785421875 0.43017195625 0.49088130156250004 0.42066598125 0.46494723281250006 0.4220504046875 0.45267241093750005
1373 0.442539275 0.4363368125 0.437186571875 0.373578278125 0.4462127734375 0.3596791453125 0.43613453125 0.3498407890625 0.407763996875 0.34788409531250003 0.3932925953125 0.35495360468750004 0.3888994375 0.371861471875 0.4120646578125 0.3869051421875 0.42806787343749997 0.44340632187500006 0.41822951562500005 0.453484565625 0.434805 0.4938900359375 0.47220173593750003 0.4819475953125 0.46326802968749997 0.439917815625 0.442539275 0.4363368125
1373 0.31434585312499996 0.41566295000000003 0.301258875 0.41045763749999997 0.281342275 0.4106975234375 0.2693073390625 0.42922969999999994 0.27418026875 0.45215503437500004 0.2883192875 0.4810978375 0.32409171406250004 0.4615136203125 0.3222275171875 0.433955240625 0.31434585312499996 0.41566295000000003
1716 0.90516163125 0.48975707812499997 0.7965524265624999 0.504855640625 0.8006132015625 0.5239600859375 0.7801243328125 0.540295684375 0.7449241765625 0.543784190625 0.6982613515625 0.5497091609375 0.7099639046874999 0.567189296875 0.726299503125 0.5876781656250001 0.7500369921875001 0.586626125 0.766132703125 0.5871983937499999 0.8594583515625001 0.5753484515625 0.8717331734375 0.576732875 0.9359686296874999 0.5031764375 0.9288991203125001 0.48870503750000005 0.90516163125 0.48975707812499997
1871 1 0.64625954375 0.9073206062500001 0.6690064812500001 0.9520267375 0.69145204375 1 0.6782682125 1 0.64625954375
1365 0.34456329375 0.1257002609375 0.338545825 0.13496634999999998 0.3494362234375 0.1486255953125 0.3922781578125 0.1435127796875 0.3936625828125 0.13123795625 0.38439649375 0.1252204890625 0.3789512953125 0.11839086562500001 0.3590346953125 0.1186307515625 0.34456329375 0.1257002609375
1606 0.22269940781250003 0.566929096875 0.304802275 0.5774322187500001 0.452525021875 0.5021040828125 0.3392827734375 0.5141939109375 0.22269940781250003 0.566929096875
1608 0.2860302125 0.5454806828125001 0.2928598359375 0.5400354828125 0.3169297078125 0.5029711296875 0.3292045296875 0.5043555546875 0.3398550421875 0.4980982 0.336606421875 0.48281464375 0.3136810875 0.4876875734375 0.28254170625 0.510280525 0.26725815 0.5135291453125 0.2721310796875 0.5364544796875 0.2860302125 0.5454806828125001
544 0.7898153 0.45437192812499994 0.9955108812500001 0.4263282390625 0.9858564171875001 0.38090755625 0.7925841484375 0.429822284375 0.7898153 0.45437192812499994
1373 0.2231242875 0.47498787187499997 0.2168669328125 0.4643373609375 0.1947537546875 0.4730311796875 0.190360596875 0.4899390453125 0.179710084375 0.4961964 0.18377085937499998 0.5153008453125001 0.2151501265625 0.51262449375 0.240272040625 0.49929763125 0.2392199984375 0.475560140625 0.2231242875 0.47498787187499997
503 0.0813265125 0.5969788328125001 0.062222067187499994 0.6010396078125 0.067907153125 0.62778583125 0.1527788671875 0.613739309375 0.1343391875 0.5457754609375 0.1106016984375 0.5468275031250001 0.11279827656250001 0.53837356875 0.070768496875 0.547307275 0.0813265125 0.5969788328125001
183 0.8429717562500001 0 0.8450997609374999 0.019307949999999997 0.9070461406250001 0.010134359375 0.904892015625 0 0.8429717562500001 0