1228 0.5469746078125 0.544945196875 0.5937337296874999 0.5500548875 0.6048062015625 0.47261991718749996 0.5931950140625 0.4504661203125 0.41446509374999996 0.40776581875 0.3522780109375 0.6662744968750001 0.5056572593750001 0.6960884015625 0.5469746078125 0.544945196875
351 0.33232484375000004 0.09334721562500001 0.24871160625000002 0.0731150859375 0.215584228125 0.038820240625 0.192577340625 0.0343481546875 0.150945615625 0.2689968546875 0.2130426625 0.2770879359375 0.29740124843750004 0.293485584375 0.385594315625 0.3106285796875 0.48529082656250006 0.33000761875 0.607994225 0.35385874375 0.7467808953125 0.3768567765625 0.8249612140625 0.3840947671875 0.8477437609375 0.2054725890625 0.528736475 0.1474432171875 0.38600758125 0.10378208124999999 0.33232484375000004 0.09334721562500001
1142 0.44097437968750003 0.20997123593749997 0.4170155125 0.3127568796875 0.62333215 0.35684013281250004 0.6357875734375 0.251818446875 0.44097437968750003 0.20997123593749997
351 0.0878318078125 0 0 0.451855475 0 0.8872303265625 0.007937759375 0.881876240625 0.16464203125000001 0 0.0878318078125 0
351 0.3621830171875 0.6562617484375 0.4008333515625 0.4369509734375 0.255123065625 0.4086277625 0.077147346875 0.5053517359375 0.011664496875 0.862703834375 0.227230828125 0.6340090625 0.3621830171875 0.6562617484375
581 0.9487331890625 0.46386467031249995 0.9873835218749999 0.2445538953125 0.9030249359375 0.22815624843750001 0.8453099390625001 0.4636580390625 0.8805656171875 0.46653168593750005 0.9487331890625 0.46386467031249995
1416 0.5162899046875 0.3957236609375 0.5027659046874999 0.44482656875000004 0.57104121875 0.46207730625 0.5822214328124999 0.40456008906249996 0.5162899046875 0.3957236609375
1606 0.105901528125 0.43931246562500004 0.14659012656249998 0.45518025156249997 0.22530030625 0.4187482546875 0.11559104843750001 0.3894642109375 0.0896027703125 0.4003300484375 0.08971051249999999 0.420247803125 0.105901528125 0.43931246562500004
1387 0.3974209890625 0.3726178828125 0.3880458453125 0.33896064375 0.358860690625 0.32532890000000003 0.332127065625 0.3400292203125 0.3208391078125 0.37762868437499997 0.336284775 0.400527828125 0.38378924531249997 0.4018030375 0.3974209890625 0.3726178828125
301 0.8571366125000001 0.5256473421875001 0.8171933625 0.505945075 0.77884855 0.4984915984375 0.7428475234375 0.49945243125000005 0.750839715625 0.5606963875 0.799197275 0.57805486875 0.8206057250000001 0.5702781640625 0.8571366125000001 0.5256473421875001
1373 0.9007333953125001 1 0.926920328125 0.8217466312499999 0.8963522203125001 0.835701603125 0.86269498125 0.845076746875 0.83596135625 0.8597770671875 0.7938898062499999 0.871495996875 0.781111153125 0.9167644234375001 0.8012443921875001 0.9564921875 0.8457674718750001 0.9731053218750001 0.84327754375 1 0.9007333953125001 1
544 0.5390901593749999 0.5036189953125 0.548573046875 0.5571939890625 0.98027098125 0.62916948125 0.9877244578125 0.5908246687500001 0.9753679234374999 0.5725053531250001 0.5390901593749999 0.5036189953125
351 0.82347051875 0.3917637296875 0.7237740078125 0.372384690625 0.7029042734375001 0.4797501640625 0.8026007843749999 0.49912920312500003 0.82347051875 0.3917637296875
1142 0.6273732625 0.2541622328125 0.44715264687499995 0.21913089375 0.43000965156250004 0.3073239609375 0.6109756156249999 0.33852081875 0.6273732625 0.2541622328125
988 0.8294833703125001 1 0.8251043703125 0.9770475453125 0.78963320625 0.934338390625 0.7748251421875 0.8876870125 0.7823863625 0.869259953125 0.8107184249999999 0.866808425 0.8497008421875 0.850509665625 0.8725999859375 0.8350639984375 0.8916646484375 0.8188729828125 0.9108370546875 0.8225997218750001 0.9368253328125 0.8117338828125 0.9482210328124999 0.794052171875 0.9862337625 0.59849363125 0.9868713671875 0.574741396875 0.53451033125 0.506708128125 0.47573561093750005 0.8295498953125 0.458062753125 0.9614129515625001 0.4604065390625 0.9698272609374999 0.6919748453125 1 0.8294833703125001 1
353 0.41850620781250003 0.3050879171875 0.43788524687499997 0.20539140625000002 0.6334437875 0.24340413593750002 0.6178992296875 0.34384599531250004 0.8218720796874999 0.3795149390625 0.8493422 0.21772138124999998 0.337012415625 0.110175834375 0.2433864296875 0.08003869999999999 0.2025900890625 0.0442531609375 0.1593599265625 0.26665306875 0.19994078125 0.2626031015625 0.29196832968750003 0.2804914453125 0.41850620781250003 0.3050879171875
351 0.0878318078125 0 0 0.451855478125 0 0.8606159609375 0.159793715625 0 0.0878318078125 0
351 0.063407859375 0.5146191375 0.0047408828125 0.8573786578125 0.23021221875000003 0.6186711375 0.3536609640625 0.63868778125 0.395508175 0.44387458750000003 0.26513581406250003 0.41853276875 0.063407859375 0.5146191375
1228 0.5278022015625 0.541218459375 0.5269491109375 0.5251351875 0.5291851546874999 0.51363174375 0.5421792937500001 0.5081988234375 0.5881930671875 0.5171429953125 0.5873399765625 0.5010597234375 0.3994503984375 0.46453768906250004 0.36143766875 0.6600962296875 0.50480416875 0.6800051296875 0.5278022015625 0.541218459375
1716 0.5862714 0.44514094374999996 0.409885265625 0.41085495312500003 0.4061585265625 0.4300273578125 0.40477557500000005 0.45761407500000006 0.588830671875 0.4933907609375 0.5940481046875 0.4665493921875 0.5862714 0.44514094374999996
1012 0.4336375 0.4114925578125 0.437579725 0.4321556578125 0.4521723015625 0.4389715296875 0.4759245359375 0.43960913437500004 0.48274040781250005 0.42501655781250003 0.4933907609375 0.411169328125 0.4917923234375 0.3989205375 0.478690440625 0.384435703125 0.46718699687500004 0.382199659375 0.44726924375 0.382307403125 0.42660614218750004 0.3862496265625 0.4243701 0.39775307031249996 0.4336375 0.4114925578125
1416 0.5365308875 0.45536917812500005 0.552614159375 0.45451608749999994 0.5656082984374999 0.44908316875 0.5738071234375 0.40690387499999997 0.5553800640625 0.39934265625 0.5323731781250001 0.3948705703125 0.518633690625 0.4041379703125 0.5163976484374999 0.41564141406250005 0.5111802140624999 0.44248278281250003 0.5211929625 0.4523877875 0.5365308875 0.45536917812500005
2001 0.19343043124999998 0.050431428125 0.1656282296875 0.00921296875 0.10876632343749999 0.26079803125 0.150945615625 0.2689968546875 0.19343043124999998 0.050431428125
2001 1 0.2540609859375 0.9858928265625 0.2522228578125 0.9517145796875001 0.448526746875 0.9936783859375 0.4168900625 1 0.418118859375 1 0.2540609859375
1050 1 0.42267494531249994 0.9632180218749999 0.4507627890625 1 0.4658556265625 1 0.42267494531249994
1050 1 0.4662563515625 0.997836096875 0.477388671875 0.9810074765625 0.48207624375 0.9934717531249999 0.5203133125 0.9729163953125 0.5441732906250001 0.9852729296874999 0.5624926046875001 0.9898527578125 0.559403471875 1 0.5141430609375 1 0.4662563515625
291 0.9556656562500001 0.612448603125 0.9714257 0.551842253125 0.9652474328125 0.5426825953125001 0.9704648656250001 0.5158412265625001 0.9672679890625 0.49134364374999995 0.9526754125 0.484527771875 0.9474579796875 0.511369140625 0.9422405453125 0.538210509375 0.9330808875000001 0.5443887765625 0.9249898062499999 0.606485821875 0.9556656562500001 0.612448603125
291 0.6514575796875001 0.45781185312500006 0.6506044890625 0.44172858125000003 0.6528405328125 0.4302251375 0.6413370890625 0.4279890953125 0.6383556984375 0.44332701874999997 0.6299413890625 0.4456708046875 0.632285175 0.454085115625 0.6392087890625 0.45941029218749996 0.6514575796875001 0.45781185312500006
291 0.6583811953125001 0.4631370296875 0.6744644671875 0.4622839390625 0.684369471875 0.452271190625 0.6728660296875 0.4500351484375 0.675102071875 0.43853170468749997 0.667433109375 0.437041009375 0.6621079328125 0.4439646234375 0.6575281046875 0.44705375781249995 0.6583811953125001 0.4631370296875
183 0.1902512609375 0.3124513578125 0.175658684375 0.3056354859375 0.1580847171875 0.3141575390625 0.162026940625 0.334820640625 0.184926084375 0.31937497187499997 0.192702790625 0.340783421875 0.1882307046875 0.3637903078125 0.16756760312500002 0.36773253281249996 0.133057271875 0.361024403125 0.12847744375 0.36411353750000003 0.116228653125 0.365711975 0.10930503750000001 0.3603867984375 0.1069612515625 0.3519724890625 0.100890728125 0.362730584375 0.0971639890625 0.381902990625 0.11708174375 0.3817952484375 0.12315226718750001 0.3710371515625 0.15691725 0.38157976250000003 0.1546812078125 0.3930832046875 0.17310826562499998 0.400644425 0.176835003125 0.38147201875 0.2044217203125 0.382854971875 0.2074031109375 0.36751704687500003 0.205059325 0.3591027359375 0.20495158125000001 0.3391849828125 0.20026400937500002 0.3223563625 0.1902512609375 0.3124513578125
570 0.202931025 0.3905239328125 0.1799241375 0.3860518484375 0.180777228125 0.4021351203125 0.199949634375 0.40586185781250006 0.202931025 0.3905239328125
1608 0.1283697 0.344195784375 0.1130317765625 0.34121439374999996 0.0976938515625 0.338233003125 0.093221765625 0.36123988906250004 0.11921004375 0.35037405 0.1283697 0.344195784375
570 0.14541380625 0.37934371875 0.1262414 0.37561698125 0.1194255296875 0.3902095578125 0.142432415625 0.39468164375 0.14541380625 0.37934371875
570 0.6939601015625 0.5257639390625 0.678622178125 0.5227825484374999 0.667118734375 0.5205465046875 0.66573578125 0.5481332203125 0.693322496875 0.5495161734375 0.6939601015625 0.5257639390625
570 0.730068871875 0.5447208578125 0.7116418125 0.5371596390625 0.7071697265625 0.5601665265625 0.731667309375 0.55696965 0.730068871875 0.5447208578125
544 0.6001186296875 0.45579129687500003 0.607895334375 0.4771997453125 0.709082540625 0.488909821875 0.7051403171875 0.46824672031250003 0.6001186296875 0.45579129687500003
544 0.08800433125 0.3880812578125 0.0648985546875 0.506950175 0.25288702343749997 0.42013120625000006 0.3940174796875 0.45154354999999996 0.3999802609375 0.42086769999999996 0.25426997500000004 0.392544490625 0.23893205 0.3895631 0.163840865625 0.3869049390625 0.08800433125 0.3880812578125
407 0.1876608484375 0 0.21547648437500003 0.018902487500000002 0.2247438859375 0.0326419734375 1 0.1944379578125 1 0.0878318078125 0.5481445218750001 0 0.1876608484375 0
1506 0.32341608593750004 0.7123960140625 0.180794934375 0.6886526328125 0.126905565625 0.7816410140625 0.304037046875 0.8120925250000001 0.32341608593750004 0.7123960140625
1910 0.8309328484374999 0.4966776734375 0.8408378531249999 0.486664925 0.8354049343750001 0.47367078593749995 0.8269906234375 0.47601457187499996 0.8254999281250001 0.483683534375 0.8201747515625 0.49060715000000005 0.803453875 0.515212475 0.83029524375 0.5204299078125 0.8478692109375 0.51190785625 0.8669338734375 0.495716840625 0.8730043984375 0.48495874375000003 0.862246303125 0.47888822031249995 0.8523412968749999 0.48890096875 0.8286968046875 0.5081811171874999 0.8210278421874999 0.506690421875 0.8309328484374999 0.4966776734375
353 0.8299553812499999 1 0.8297919421875 0.9938761656249999 0.807422659375 0.9656518453125 0.7873971625 0.9458418343749999 0.7756782328125 0.9037702843750001 0.7808956671875 0.876928915625 0.800705678125 0.85690341875 0.8198780828125001 0.8606301578125001 0.8565167140625001 0.8359170890625001 0.90082430625 0.8126947156250001 0.9169075796874999 0.8118416249999999 0.9359722421875001 0.795650609375 0.9473679421875 0.7779689000000001 0.9756911531249999 0.6322586140625 0.5516621796875001 0.5617738171875 0.54377773125 0.520447615625 0.5368541171875 0.5151224390625 0.477971653125 0.8180464531249999 0.46338792968750003 0.9544893374999999 0.4688208484375 0.9674834750000001 0.6574419046875 1 0.8299553812499999 1