2001 0.21131643281249998 0.53457585 0.3793688328125 0.4637058921875 0.3319182203125 0.25817470625 0.1580060875 0.2862984859375 0.21131643281249998 0.53457585
2001 0.435290840625 0.46282228124999997 0.60071199375 0.4326498 0.53861939375 0.1984269796875 0.379349246875 0.2552423921875 0.435290840625 0.46282228124999997
666 0.604532815625 0.588118709375 0.650517271875 0.76993438125 0.66428054375 0.7948198828125 0.8563495234375 0.810612271875 0.8510772328125 0.7877754734375 0.8417075359374999 0.7819206375000001 0.77639135 0.5163700375 0.5969156531250001 0.5377602640625 0.604532815625 0.588118709375
351 0.8778575984374999 0 0.5233899656250001 0.149825965625 0.5807977156249999 0.3811213671875 0.9652171562499999 0.292371146875 0.8977179578125 0 0.8778575984374999 0
351 0 0.4891010171875 0.0060716234375 0.513807340625 0.1802750296875 0.4695803140625 0.13047954374999998 0.2365274828125 0 0.24195135781250002 0 0.4891010171875
544 0.048546115625000004 0.7325143546875 0.081058571875 0.873341278125 0.26784546875 0.76206511875 0.048546115625000004 0.7325143546875
544 1 0.4430321984375 0.9977296125 0.43319807031249996 0.594862053125 0.49413537031250004 0.51405454375 0.5087822546874999 0.5079084359375 0.534255196875 1 0.475941903125 1 0.4430321984375
1606 0.29857111718749996 0.582584525 0.4994174546875 0.5322064953125001 0.5046848484375 0.50292741875 0.3123294921875 0.5553541515625 0.29857111718749996 0.582584525
1373 0.8451832250000001 0.38021816875000003 0.8138554453125 0.38344175625 0.8150303296875 0.4232605171875 0.8384545703124999 0.4378976078125 0.8577814046875 0.469516659375 0.8920366015625 0.461608225 0.891152990625 0.405686215625 0.8850019859374999 0.379043284375 0.8451832250000001 0.38021816875000003
1373 0.740072759375 0.37642182968750004 0.7107936828125 0.37115443593749997 0.6867868968749999 0.388723840625 0.6777133703125 0.41888163125 0.7002588953125 0.4297125890625 0.7110947484375 0.4592829375 0.7406650984375001 0.44844708437499997 0.74124764375 0.416240590625 0.7605695828125 0.39574376718750004 0.740072759375 0.37642182968750004
353 0.326971478125 0.5840457859375 0.2095687953125 0.6311953328125 0.041516395312499996 0.702065290625 0.0646493625 0.732805628125 0.25203349531249997 0.7456705984374999 0.28394871718750003 0.762356390625 0.2643355046875 0.7989564609375 0.295673078125 0.8999646234374999 0.3782331203125 0.8408141312499999 0.5743946109375 0.7875086828125 0.65286214375 0.7974560281249999 0.625034534375 0.6595565234375 0.599260525 0.5652819109375 0.588424671875 0.5357115625 0.5096658656249999 0.5418674640625001 0.326971478125 0.5840457859375
268 0.6926515249999999 0.48358589375000005 0.6575176125 0.48768819687500004 0.5907646484375 0.5111173328125 0.6560563515625 0.5160885578125 0.719003184375 0.49353813593750007 0.6926515249999999 0.48358589375000005
1373 0.3644355734375 0.45111750468749995 0.3336952359375 0.47425047343750004 0.3424823875 0.512311803125 0.3667853421875 0.5307550265625001 0.398113121875 0.5275314390625 0.4171437875 0.5231378640625 0.4496415546875 0.5076171625 0.4566663796875 0.4859503515625 0.4695460390625 0.4549138453125 0.46222504531249997 0.44056802812500007 0.4215275703125 0.4379367796875 0.39224849375000004 0.43266938593750004 0.3644355734375 0.45111750468749995
410 0.231186640625 0.1170614078125 0.2338227859375 0.12847980625 0.2461199 0.12964979375000002 0.2575383 0.12701364843750002 0.27100540156249997 0.11588652343750001 0.2636844078125 0.10154070625 0.25138729375 0.10037071718749999 0.23235662812500002 0.10476429375 0.231186640625 0.1170614078125
617 0 0.240053171875 0.0631391375 0.2400472390625 0.07953365625 0.224235265625 0.0768975125 0.21281686562500002 0.0640129546875 0.191737496875 0.056691962500000005 0.1773916796875 0.020091892187499998 0.15777846874999998 0 0.15466757343749998 0 0.240053171875
183 0.6828235390625 0 0.6823590453125 0.004882050000000001 0.6706493734375 0.0236214421875 0.680897784375 0.0332824109375 0.6952484984375 0.07807729218750001 0.7716624328125 0.04439974375 0.7608265796875 0.014829395312499999 0.7700930140625 0 0.6828235390625 0
1608 0.41362892812499996 0.5079133328125 0.40542921875 0.48976138125 0.393423378125 0.47248814687499996 0.375271428125 0.48068785468749997 0.386398553125 0.49415495781249996 0.3975256796875 0.5076220593749999 0.384058578125 0.5187491859375 0.3752763234375 0.5328037296875 0.388452153125 0.5377798515625 0.41890121718750006 0.5307501296875 0.45022899687500006 0.52752654375 0.4467141375 0.5123020109375 0.43061088906249995 0.5120107375 0.41362892812499996 0.5079133328125
653 0.527521646875 0.497655128125 0.514933259375 0.5125883875 0.5424549062499999 0.5102435140625 0.5690978375 0.504092509375 0.579637521875 0.49765023125 0.596619484375 0.5017476375000001 0.60715916875 0.495305359375 0.5942746109375 0.47422599062500004 0.581977496875 0.47305600312499996 0.555334565625 0.4792070078125 0.5324977671875 0.48447929843750004 0.527521646875 0.497655128125
1373 0.8024419421875001 0.43819377656249997 0.8065393484375001 0.42121181406249997 0.789848659375 0.40101116093750006 0.7740366843750001 0.384616640625 0.7661331453125 0.40247731875000003 0.7693567328124999 0.43380509843750004 0.77960514375 0.44346606718750003 0.7681867453125 0.44610221250000004 0.78575615 0.4701089984375 0.8238174796875001 0.4613218484375 0.8194239046874999 0.44229118281249996 0.8024419421875001 0.43819377656249997
1373 0.910474928125 0.38518939375 0.9054988078124999 0.3983652234375 0.9014014015624999 0.41534718593750003 0.9096011109375001 0.43349913593749995 0.9186795343749999 0.45545721875 0.9415163328125 0.450184928125 0.9429775921875001 0.42178456718749996 0.94414758125 0.409487453125 0.9415114359375 0.398069053125 0.9350691578125 0.38752936875 0.9256994609375001 0.3816745328125 0.913402346875 0.3805045453125 0.910474928125 0.38518939375
407 0.44303219687500006 0 0 0.1022820421875 0 0.20649778125 0.09212204375000001 0.2093020046875 0.3415742921875 0.1958104203125 0.5389057703125 0.1302078578125 0.8568182625 0 0.44303219687500006 0
183 0.55968896875 0.08131067343750001 0.5664225203125001 0.075747109375 0.59599286875 0.06491125625000001 0.6112174015625 0.061396396875 0.6079987109375 0.0821844921875 0.630835509375 0.0769122015625 0.6390352171875 0.0950641515625 0.6580658828125 0.09067057656250001 0.67533911875 0.078664734375 0.662745834375 0.041482118750000005 0.6431277265625 0.025966314062500002 0.6176547828125 0.019820204687500002 0.59862411875 0.02421378125 0.57461733125 0.0417831859375 0.5649563625 0.052031596874999995 0.553246690625 0.0707709890625 0.55968896875 0.08131067343750001
1373 0.57110736875 0.078674528125 0.5462218671875 0.0924378 0.5309973343750001 0.095952659375 0.535390909375 0.114983325 0.546809309375 0.1123471796875 0.551202884375 0.13137784531250002 0.5558877328125 0.13430526250000002 0.6323016671875 0.1006277140625 0.6325929390625 0.0845244671875 0.6173684078125 0.08803932812500001 0.608289984375 0.06608124374999999 0.5930654515625 0.06959610468750001 0.57110736875 0.078674528125
570 0.786309315625 0.125207253125 0.776648346875 0.135455665625 0.7877754734375 0.1489227671875 0.8030000046874999 0.14540790625 0.808854840625 0.1360382109375 0.806218696875 0.1246198109375 0.786309315625 0.125207253125
570 0.8167730703125 0.2745251578125 0.824972778125 0.292677109375 0.8393185953125 0.285356115625 0.8349250203125 0.26632544999999996 0.8167730703125 0.2745251578125
1365 0.5980660546875 0.31699964999999997 0.6015809156249999 0.3322241828125 0.6194415921875 0.340127721875 0.64315710625 0.33866156406250003 0.64110350625 0.29503667031249997 0.5925024921875 0.3102661 0.5980660546875 0.31699964999999997
570 0.7880716421875 0.1849353953125 0.7989074953124999 0.21450574375000003 0.8255504281249999 0.20835473906250002 0.8155932890625 0.182590521875 0.7880716421875 0.1849353953125
1716 0.0661204171875 0.8086370171875 0.1618562890625 0.7544626453125 0.0532309640625 0.7354417734375 0.0661204171875 0.8086370171875
819 1 0.8315078390625 0.56678234375 0.7892661125 0.375305703125 0.8454989796874999 0.29655179375 0.9037707562499999 0.3187680640625 1 0.5222380249999999 1 1 0.8896999578125 1 0.8315078390625
1373 1 0.44303219218749995 0.9819127421875 0.364687675 0.9860150437499999 0.3998215875 0.9661056640625001 0.4004090296875 0.9748928140625001 0.438470359375 0.9830925234375 0.45662231093749994 1 0.45271891093749994 1 0.44303219218749995
1373 0.95145878125 0.3196015203125 0.9502887937500001 0.331898634375 0.9634646218749999 0.3368747546875 0.94326396875 0.3535654453125 0.9467788296874999 0.3687899765625 0.9640520640625001 0.3567841359375 0.9819127421875 0.364687675 0.9713681609375 0.319014078125 0.9666833125000001 0.31608665937499997 0.95145878125 0.3196015203125
544 0.028335668749999997 0.6449732953125 0.0470799578125 0.7087988421875 0.3193592125 0.5858032171875001 0.22303100156250003 0.5679523328125 0.028335668749999997 0.6449732953125