1142 0.088474128125 0.1975935203125 0.064671521875 0.39145019062499997 0.196425340625 0.37614284375 0.2212487671875 0.20602502500000003 0.088474128125 0.1975935203125
1707 0.9148805937500001 1 0.9138423796874999 0.9758566625 0.9337040984374999 0.9743597890625001 0.9288061437499999 0.950144884375 0.9045225234375 0.9235497203125 0.8739815078125 0.91586416875 0.8313330406249999 0.9106275953124999 0.7920856546875 0.9097442078125001 0.7703197265624999 0.9267496140624999 0.7824958953125 0.95579375625 0.7722827609375 1 0.82513350625 1 0.830994421875 0.97749096875 0.8736428890625 0.9827275421874999 0.8726814656249999 1 0.9148805937500001 1
544 0.8106516875 0.7585360046875 0.854320975 0.78751143125 0.903295553125 0.805331509375 0.95709936875 0.815873371875 0.9699527765625 0.7111907703125 0.9190739890625 0.7088792265625 0.8357499796875001 0.7143906656250001 0.8105829703125 0.7270428859375 0.8106516875 0.7585360046875
666 0.2281345359375 0.9192114234375 0.2296314078125 0.9390731421874999 0.2543223640625 0.9302980546875 0.26717577187499997 0.8256154531250001 0.2763581953125 0.8149361562499999 0.3149184171875 0.50088835 0.20547529375 0.526806278125 0.1390291828125 0.9397553437499999 0.1492324265625 0.9528149000000001 0.2281345359375 0.9192114234375
653 0.4813652515625 0.6197150828125 0.473949603125 0.5518996078125 0.46517451562499995 0.5272086500000001 0.4298042625 0.5268013140625001 0.4177655265625 0.5607434109375 0.39994545000000004 0.6097179890625 0.4300104125 0.6212806718749999 0.4813652515625 0.6197150828125
544 0.31845693124999996 0.568227775 0.4157926015625 0.544758825 0.5253044421874999 0.5503340171875 0.76514194375 0.5522332640625 0.7777254484375 0.545907153125 0.6986859078125 0.5165243921875 0.40116745624999994 0.50360723125 0.32559771249999997 0.5100707734375 0.31845693124999996 0.568227775
353 0.2605110421875 0.8798953203125001 0.381040796875 0.8277895640624999 0.7356267125 0.792615534375 0.749162321875 0.7785351578124999 0.77194410625 0.560939634375 0.4337501125 0.5587704859375 0.42259476406249996 0.5534651968750001 0.31315164218749997 0.5793831234375 0.2605110421875 0.8798953203125001
353 0 0.9371996093750001 0.13372389375 0.950910690625 0.148687659375 0.9251989140625 0.2011221078125 0.5302073593750001 0.125552365625 0.5366709015625 0 0.510214946875 0 0.9371996093750001
353 0.0576373671875 0 0 0.469418684375 0 0.48457463437500004 0.1772458234375 0.468241940625 0.191596103125 0.3834210578125 0.0724257890625 0.39240229531250004 0.062222543750000005 0.37934273749999997 0.08316883750000001 0.20874886875 0.09282731250000001 0.1941924390625 0.2134945015625 0.20507292187499998 0.220227946875 0.1822861734375 0.242609875 0 0.0576373671875 0
353 0.2656689734375 0.3570957953125 0.541421496875 0.3870183625 0.54509744375 0.517344025 0.564007059375 0.5236014203125 0.7141944421875001 0.5184286 0.7593506765625 0.1186078078125 0.5935860453124999 0.09038329843750001 0.5320279625000001 0.07888933125 0.48210127968750005 0.0688235203125 0.3284441 0.0381500359375 0.2484524546875 0.016521540625 0.206083815625 0.3615864140625 0.23322375 0.364918778125 0.2656689734375 0.3570957953125
1483 0.8524167671875 0.803019965625 0.8363634640625 0.7734997703125 0.8082027109375 0.746428553125 0.8226904234375001 0.724593909375 0.8551356468750001 0.716770925 0.9544442421875001 0.7092865625 0.99966919375 0.3409588890625 0.9938191359375 0.32449825 0.815471 0.302599853125 0.7529707390625 0.7475180906250001 0.7492310375 0.8100282765625 0.8524167671875 0.803019965625
353 1 0.08949708437500001 0.8454622828125 0.058340448437500005 0.81009699375 0.28226208124999996 0.987969078125 0.3080376125 0.9990557093750001 0.2818497828125 1 0.2819657265625 1 0.08949708437500001
1506 0.6156417265624999 0.8723372765624999 0.44450308749999995 0.823774996875 0.288127028125 0.8793505515625 0.46559177656250006 0.9404963359374999 0.6156417265624999 0.8723372765624999
544 0 0.49446383125000004 0.1347347890625 0.5259916062500001 0.317298678125 0.481502684375 0.174796846875 0.4561344890625 0 0.4914906859375 0 0.49446383125000004
570 0.9037028890625001 0.76996125625 0.9066279187499999 0.7781915749999999 0.9342439046875001 0.77764680625 0.9414534031249999 0.750982925 0.931250159375 0.73792336875 0.9157416250000001 0.736019159375 0.9113884390625 0.739420240625 0.905607096875 0.7544527234375 0.9037028890625001 0.76996125625
268 0.858536728125 0.7211241109375 0.8430969109375 0.750713021875 0.963288046875 0.7654706375 0.9675725156249999 0.7305764375 0.858536728125 0.7211241109375
867 0.5003386187500001 0.43313662812500003 0.49550938125000005 0.4404148421875 0.4771445359375 0.46177343437499996 0.4955780984375 0.4719079625 0.469458984375 0.49231445 0.4806143328125 0.4976197390625 0.483063309375 0.5097271921875 0.5174814578125 0.51788879375 0.530541015625 0.5076855499999999 0.5470016531249999 0.5018354921875 0.5324452234375 0.4921770171875 0.5261191125 0.4795935125 0.5508100703125 0.47081842500000004 0.532852559375 0.45680676406250004 0.530879634375 0.440822178125 0.555570590625 0.43204709062499996 0.5492444812499999 0.41946358593750005 0.5308109171875001 0.40932905937499997 0.5288379937500001 0.3933444734375 0.521559778125 0.38851523593750004 0.5196555703125 0.40402376875 0.507072065625 0.4103498796875 0.48625824218749997 0.41960101875 0.5003386187500001 0.43313662812500003
1606 0.39735903906250003 0.5346242984375 0.547546421875 0.529451478125 0.456399428125 0.50251769375 0.40939777499999996 0.5006822015625 0.3338280328125 0.5071457453125 0.39735903906250003 0.5346242984375
1606 0.38185050625 0.5327200890625 0.32899879374999996 0.514423959375 0.32029242343750003 0.5212261218750001 0.3208371921875 0.5488421078125 0.38185050625 0.5327200890625
1608 0.1917335359375 0.446407296875 0.18642824687499998 0.4575626453125 0.198059646875 0.45899080156250005 0.2038409890625 0.44395831875 0.215948440625 0.44150934218750004 0.23002881875 0.4550449515625 0.23683098125000002 0.46375132187499996 0.24846238125000003 0.46517947812499993 0.249414484375 0.4574252125 0.23968729375 0.440488521875 0.2251308640625 0.430830046875 0.2052691453125 0.43232691875 0.1917335359375 0.446407296875
1608 0.40443110468750004 0.444974178125 0.41898753437499997 0.454632653125 0.4213677953125 0.4352469859375 0.40245817968750003 0.4289895921875 0.378243275 0.43388754531249996 0.3690608515625 0.44456684218750003 0.36572848750000003 0.471706775 0.352192878125 0.485787153125 0.3328072109375 0.4834068921875 0.3352561890625 0.49551434375000003 0.3464115359375 0.500819634375 0.39293713750000003 0.506532259375 0.399670584375 0.4837455109375 0.3802849171875 0.4813652515625 0.3792640953125 0.4576263984375 0.38844651875 0.44694710156250006 0.40443110468750004 0.444974178125
1699 0.3302208015625 0.4083132015625 0.327840540625 0.42769886875 0.35157939374999997 0.42667804687500005 0.35688468281249996 0.4155227 0.362666025 0.4004902171875 0.367971315625 0.3893348703125 0.3548430421875 0.36804499375 0.3417834859375 0.3782482375 0.3437564109375 0.3942328234375 0.3302208015625 0.4083132015625
291 0.29042864687500003 0.3798138265625 0.29620998906249996 0.3647813453125 0.27974935156249997 0.3706314046875 0.27444406093749996 0.3817867515625 0.26580640624999996 0.420082034375 0.289545259375 0.4190612140625 0.29042864687500003 0.3798138265625
1392 0.412455275 0.34756979062500004 0.4293919640625 0.33784259843750003 0.44190675312499994 0.30002336875 0.43313166562500005 0.27533241249999996 0.41422204999999995 0.2690750171875 0.3948363828125 0.26669475781249996 0.383681034375 0.2613894671875 0.3749746640625 0.2681916296875 0.3633432640625 0.2667634734375 0.355250378125 0.3326747421875 0.36980680781249997 0.3423332171875 0.412455275 0.34756979062500004
1786 0.3606194203125 0.12868354375 0.3523891015625 0.13160857343750001 0.3543620265625 0.147593159375 0.3645652703125 0.160652715625 0.399459471875 0.164937184375 0.4095939984375 0.146503621875 0.407145021875 0.13439616875 0.395513621875 0.1329680125 0.3843582734375 0.12766272343750001 0.37225082187499997 0.1301117 0.3703466125 0.145620234375 0.3606194203125 0.12868354375
1387 0.279135865625 0.3115222984375 0.281992178125 0.2882594984375 0.276618171875 0.2679217265625 0.258184609375 0.2577872 0.24526248593750002 0.3309766828125 0.261247071875 0.3290037578125 0.279135865625 0.3115222984375
570 0.28797470625 0.14337740625 0.296681078125 0.13657524375000002 0.298109234375 0.12494384375 0.289878915625 0.127868871875 0.2869538859375 0.119638553125 0.2719214046875 0.11385721093750001 0.271990121875 0.14535033125000002 0.2874986546875 0.1472545390625 0.28797470625 0.14337740625
301 0.5434581765625001 0.2101670984375 0.5531166515625 0.19561066875 0.558421940625 0.184455321875 0.526928821875 0.1845240375 0.5235964562500001 0.21166397187500002 0.5303986187499999 0.22037034218749998 0.5434581765625001 0.2101670984375
1373 0.5115527578125 0.0212770984375 0.505771415625 0.03630958125 0.51699548125 0.0731079890625 0.5416864375 0.0643329015625 0.5543386578125 0.08949991093750001 0.5650179546875 0.098682334375 0.5785535625 0.08460195781249999 0.6134477640625 0.0888864265625 0.6357584593750001 0.09949700624999999 0.637731384375 0.11548159218750001 0.6537159703125 0.1135086671875 0.6667755265624999 0.1033054234375 0.689562275 0.11003886874999999 0.708471890625 0.1162962625 0.7196272390625 0.12160155312500001 0.7273127890625 0.09106053750000001 0.737447315625 0.07262697500000001 0.7267680203125 0.06344455156249999 0.7049333765625 0.0489568390625 0.6792215984375 0.0339930734375 0.661740140625 0.0161042796875 0.5337947375 0.000394559375 0.5255644187499999 0.0033195890625000004 0.5115527578125 0.0212770984375
570 0.368103784375 0.22799213906250002 0.3704840453125 0.20860647187499998 0.37143614999999996 0.20085220625 0.3520504828125 0.1984719453125 0.34334411249999996 0.2052741078125 0.3404877984375 0.2285369078125 0.368103784375 0.22799213906250002
570 0.27743284375 0.197181221875 0.2745078140625 0.188950903125 0.2594753328125 0.1831695609375 0.259067996875 0.21853981406249998 0.2687264734375 0.203983384375 0.27743284375 0.197181221875