1061 0.1400006375 0.52296544375 0.17695780625 0.5362057359375 0.20347914218750002 0.526714909375 0.2205198390625 0.506808625 0.2508110171875 0.46605105 0.2242693046875 0.44333012031249996 0.1854221203125 0.4376702640625 0.1513101609375 0.429165196875 0.1134181734375 0.4358210015625 0.1087033234375 0.47087796718749997 0.11819415 0.497399303125 0.1400006375 0.52296544375
544 0 0.563352778125 0.273644015625 0.616673996875 0.2934891703125 0.5370794265625001 0.0035324234375 0.4567334203125 0 0.470901196875 0 0.563352778125
351 0 0.8694212328124999 0.1554060203125 0.9132865484374999 0.2084486921875 0.8943048953125 0.26701877500000004 0.62709964375 0 0.5605243843750001 0 0.8694212328124999
544 0.71416258125 0.5775517359375 0.9701608437499999 0.6810705968749999 0.9823128406249999 0.6323316015625 0.8657509125 0.583140275 0.78331113125 0.5585598953125 0.6951911171875 0.5406149421875 0.71416258125 0.5775517359375
353 0.6621973624999999 0.8021195859375 0.6650527609375 0.8229606890625 0.9031684703125 0.94976233125 0.9682727312500001 0.68864340625 0.716062784375 0.586077178125 0.6866758625 0.5586210234375 0.6328002515625 0.758557553125 0.6621973624999999 0.8021195859375
353 1 0.1453744453125 0.6787999734375 0.0896605421875 0.682600378125 0.10671142812500001 0.5238289468749999 0.7273621203125 0.5494154625000001 0.737767390625 0.5531954921875 0.7226065187499999 0.6252300046875 0.772773415625 0.6394153031250001 0.7320260296875001 0.6847654703125 0.5339897031249999 0.7842459500000001 0.5386637984375 0.8022112781249999 0.48275554062500003 0.812606359375 0.44106314687500003 1 0.4914887046875 1 0.1453744453125
300 1 0.5411137015625 0.9879319453125 0.5290609046875 0.98317634375 0.49969435781250005 0.9358037171875001 0.4959347046875 0.8836856765625001 0.4789143828125 0.8401134562499999 0.492205615625 0.8183477203124999 0.5310629875 0.825003525 0.5689549765625 0.8496552218750001 0.5992563421875 0.917889328125 0.632372353125 0.9576815203125 0.6342419921875 0.9869028765625 0.613921971875 0.990345403125 0.60011475 0.9889177046875 0.5896941984375 0.9907975312499999 0.5660078859375 1 0.551526646875 1 0.5411137015625
544 0.444020425 0.369293525 0.39001237031249997 0.3598536390625 0.24030386718750002 0.330578784375 0.0451229375 0.3060697203125 0.0366076828125 0.3240758015625 0.266845578125 0.353299715625 0.363491034375 0.3693444640625 0.5966047046875 0.45162123750000005 0.5994295390625 0.42414470625 0.514144546875 0.39482910000000004 0.444020425 0.369293525
353 0.26874578125 0.3618251578125 0.24608597968749998 0.4850021375 0.27925293125 0.49729742187500003 0.32473554375 0.5086375109375 0.5531241765625 0.609865371875 0.5937696828125001 0.462991890625 0.586179059375 0.444995996875 0.3568556078125 0.36366423281250004 0.26874578125 0.3618251578125
353 0.0006974015625 0.46810407343750005 0.1039579109375 0.4576173 0.10679293281249999 0.446246646875 0.13804949375 0.433910609375 0.16931624218750002 0.4376804515625 0.199637984375 0.44524051093750006 0.24512059531250002 0.4565806 0.2611653453125 0.3599351421875 0.0527135609375 0.3240656140625 0.029982443749999997 0.334501446875 0.0006974015625 0.46810407343750005
353 0.4135254875 0.0879335375 0.3054991890625 0.0529478875 0.25162357968750004 0.2528844171875 0.33027314375 0.2765197890625 0.4146029390625 0.293519734375 0.5207290343750001 0.3199799421875 0.548205565625 0.3228047765625 0.5859854859375 0.1389843125 0.581240071875 0.1257236453125 0.5357574609375 0.11438355625 0.4135254875 0.0879335375
581 0.635258315625 0.151269409375 0.6125170093750001 0.14559936406250001 0.5859956734375 0.155090190625 0.5491098203125 0.254591046875 0.5510405875 0.3114341234375 0.567146465625 0.3114239359375 0.584176975 0.2754117734375 0.5907920265625 0.24888024999999997 0.6078225359375 0.21286808750000002 0.619203378125 0.2318089875 0.6485801125 0.2431592640625 0.669370275 0.1597744765625 0.6494843671874999 0.174945534375 0.635258315625 0.151269409375
2001 0.6049875140625 0.22423874062500002 0.576606728125 0.28962763593749996 0.55298154375 0.384383078125 0.6088898015625 0.4023484078125 0.6504803140625001 0.2516847078125 0.63057403125 0.23464400937500002 0.6049875140625 0.22423874062500002
183 0.290725465625 0.6611912265625 0.26229373906250003 0.64605073125 0.2348885234375 0.75596704375 0.2756460984375 0.786258221875 0.357120496875 0.7824170640625 0.36941578124999996 0.7492501125000001 0.386446290625 0.71323795 0.387370921875 0.6772359765625 0.3788454796875 0.679136178125 0.332417859375 0.6715863078125001 0.290725465625 0.6611912265625
1506 0.3115360046875 0.61001819375 0.33806752812499996 0.6166332453125001 0.3826051328125 0.6317635515625 0.3816703125 0.651659646875 0.386436103125 0.697132071875 0.40255216875000005 0.7132277609375001 0.5323340125 0.6932501609374999 0.5465091234375 0.636396896875 0.3238007234375 0.5285336078125 0.3076948453125 0.5285437953125001 0.2859087359375 0.5351894109375 0.2774240453125 0.6015131265625 0.3115360046875 0.61001819375
130 0.6770248015625 1 0.6746149031249999 0.962223171875 0.6413868234375 0.85329261875 0.5523218015625 0.8391378843749999 0.4907536875 0.8600197390625001 0.4452812625 0.8647855281249999 0.39790863593750003 0.8610258749999999 0.3098191859375 0.8913985562500001 0.2596115375 0.89900955625 0.1895077921875 0.9056857359375 0.13456491718750002 0.916141946875 0.15351600625 0.9208669828125 0.47090120156250004 1 0.6770248015625 1
353 0.11740885625 0 0.0403877125 0.30891493125 0.23462363437499997 0.3372142125 0.2979187546875 0.05105787187500001 0.13673298125 0 0.11740885625 0
1250 0.650388621875 0.10673180468750001 0.6238570984375 0.10011675312499999 0.61535203125 0.1342287109375 0.64661878125 0.137998553125 0.650388621875 0.10673180468750001
1250 0.68450058125 0.1152368703125 0.6702847171874999 0.1076666234375 0.66083464375 0.1455688 0.6759955140625 0.14934882968750002 0.68450058125 0.1152368703125
466 0.12143469062500001 0 0.08103321875 0.16204144843749999 0.254438225 0.2093020078125 0.29887395 0.0633735328125 0.12425288125 0 0.12143469062500001 0
1567 0.22798820625 0.3315339796875 0.251603203125 0.2206726609375 0.0791432046875 0.169621884375 0.0403877125 0.30891493125 0.22798820625 0.3315339796875
1917 0.046047568750000004 0.270067746875 0.049847975 0.2871186328125 0.0555383953125 0.2965890828125 0.07543449062499999 0.2975239015625 0.0849049421875 0.29183348124999997 0.09247518906249999 0.27761761875 0.080149340625 0.2624669359375 0.0839293703125 0.2473060640625 0.06497828125 0.242581028125 0.0602532453125 0.261532115625 0.046047568750000004 0.270067746875
1354 0.8009098359375001 1 0.7987368906250001 0.98109275625 0.7722053671875 0.9744777046875001 0.70967186875 0.9669380203125 0.6594540328125 0.9584431421874999 0.59028510625 0.9452232265625 0.56659879375 0.9433434 0.5492633046875001 1 0.8009098359375001 1
1636 0.8906428125 1 0.895372159375 0.981031628125 0.8688406359374999 0.974416575 0.8385188937500001 0.9668565156250001 0.8063071374999999 0.9668768921875 0.7930464703125 0.9716223062499999 0.8053723187499999 0.9867729890625 0.8133199093749999 1 0.8906428125 1
1250 0.8202479234375 0.5395884296875 0.8353782296875 0.495050825 0.856219334375 0.4921954265625 0.8855858796874999 0.48743982656249996 0.8903109171875 0.4684887375 0.8107163453125 0.4486435828125 0.78518076875 0.518767703125 0.8202479234375 0.5395884296875
300 0.7387327734375 0.47900607656250005 0.7311625265624999 0.4932219390625 0.7425433671875 0.5121628390625 0.7387633375 0.5273237109375 0.7397287218749999 0.5557452484375001 0.7558447875 0.5718409390625 0.7795311015624999 0.573720765625 0.7785657171875 0.5452992265625001 0.787080971875 0.5272931453124999 0.7936960234375 0.500761621875 0.79937625625 0.49412619375 0.7898956187499999 0.48371073750000004 0.7728345453125 0.4714052640625 0.7500932390624999 0.4657352203125 0.7387327734375 0.47900607656250005
1392 1 0.33289261406250004 0.9887546953124999 0.33200014843750003 0.9764390359374999 0.33295534375 0.970768990625 0.35569665 0.96320893125 0.3860183921875 0.9717445625 0.4002240671875 1 0.40726893906250006 1 0.33289261406250004
1392 0.90536990625 0.31120998593750004 0.8968444640625 0.3131101890625 0.8665227218749999 0.3055501296875 0.8608323015625 0.2960796796875 0.8418812140625 0.2913546421875 0.8238853203125001 0.298945265625 0.8144046828124999 0.2885298078125 0.8030340296875 0.2856947859375 0.788818165625 0.2781245390625 0.7736674828125001 0.2904503875 0.7651624171875 0.32456234687499996 0.7784434609375 0.3520286890625 0.9224717328125 0.3879389703125 0.933832196875 0.374668115625 0.938557234375 0.3557170265625 0.9423372640625001 0.34055615625 0.94138206875 0.3282404953125 0.9356916484375001 0.3187700453125 0.9252660031250001 0.3121448046875 0.90536990625 0.31120998593750004
1040 0.103988475 0.505934934375 0.08598239375 0.4974196796875 0.0082982140625 0.5022058453125 0.0016729734375 0.512631490625 0.020624062500000002 0.517356528125 0.103988475 0.505934934375
325 0.01868310625 0.44440757187499996 0.0025976046875 0.4766295171875 0.030084323437499998 0.495560228125 0.055670840624999995 0.5059654984375 0.0840923796875 0.5050001140625 0.098287865625 0.48035860625 0.077436575 0.4671081265625 0.0556402765625 0.4576478640625 0.0357441796875 0.45671304375000005 0.01868310625 0.44440757187499996
1636 0.2491043875 0.7635372921875 0.2377235453125 0.744596390625 0.23015329843750001 0.7588122546875 0.20086825625000002 0.89241488125 0.2217093609375 0.8895594828125001 0.2529047921875 0.7805881765625 0.3486052421875 0.80042314375 0.3278150796875 0.8838079328124999 0.341075746875 0.8790625203125 0.3580858796875 0.8108386015625 0.3685013375 0.8013579640625 0.363755925 0.7880972953125001 0.3050126453125 0.7815026203125 0.279426128125 0.77109735 0.2491043875 0.7635372921875
1373 0.37657850625 0.09079912343749999 0.429641553125 0.1040292265625 0.4608981140625 0.091693190625 0.521541596875 0.106813309375 0.5253216265625 0.09165243749999999 0.522466228125 0.070811334375 0.5129754015625 0.04429 0.45706714374999996 0.0263246703125 0.4002138796875 0.012149559375 0.381262790625 0.0074245218749999994 0.362321890625 0.0188053640625 0.3585520484375 0.0500721125 0.38603876875 0.069002825 0.37657850625 0.09079912343749999
1917 0.29507354375 0.046322646875 0.333920728125 0.051982503125 0.3500164171875 0.0358664375 0.353796446875 0.020705567187500003 0.339580584375 0.01313531875 0.316839278125 0.007465275 0.3045236171875 0.008420470312500001 0.29507354375 0.046322646875
1387 0.177719428125 0.24250971093749998 0.19191491562500002 0.21786820156250003 0.1871593140625 0.18850165624999998 0.155892565625 0.1847318140625 0.141686890625 0.1932674453125 0.1426420859375 0.20558310624999998 0.1426624625 0.2377948625 0.177719428125 0.24250971093749998
278 0.1198905921875 0.1838071828125 0.084833625 0.179092334375 0.07349353593749999 0.22457494687500001 0.10760549531250001 0.23308001250000002 0.1198905921875 0.1838071828125
291 0.313263009375 0.3447437078125 0.3141978296875 0.3248476125 0.3227028953125 0.290735653125 0.29619174843749996 0.3163323578125 0.29336691406250004 0.3438088890625 0.313263009375 0.3447437078125
291 0.2706256078125 0.33813884375000003 0.2886316890625 0.3466540984375 0.295246740625 0.32012257499999996 0.291446334375 0.3030716890625 0.2980613875 0.276540165625 0.2904809515625 0.2746501515625 0.279130675 0.304026884375 0.2706256078125 0.33813884375000003
407 0.368255559375 0 0.3983136765625 0.0036241171875 0.46464757968750003 0.0282146859375 0.5290812796875 0.044279810937500004 0.7195269843750001 0.07163408593750001 0.7289872453124999 0.0498377875 0.713826375 0.0460577578125 0.7157163890625 0.038477321875 0.5613922812500001 0 0.368255559375 0
316 0.28397796875000003 0.478346334375 0.2489210015625 0.4736314859375 0.22338542499999997 0.54375560625 0.257497384375 0.5522606734375 0.28397796875000003 0.478346334375
1606 0.5975395234375 0.4317251421875 0.591849103125 0.422254690625 0.5406760703125 0.4014441515625 0.4705621375 0.3920144546875 0.4800427765625 0.4024299125 0.572908203125 0.4336355328125 0.5975395234375 0.4317251421875
1452 0.4847474375 0.3512670671875 0.46960694218750004 0.37969879375 0.5065641109375 0.39293908593750004 0.5226292375 0.328505384375 0.46672097968750004 0.31054005625 0.456315709375 0.336126571875 0.4847474375 0.3512670671875