1142 0.17300937656249998 0.47601457187499996 0.14404856093750001 0.306552053125 0.015166895312500001 0.339562834375 0.052434278125 0.53128689375 0.17300937656249998 0.47601457187499996
1707 1 0.7788725765625 0.9841866453125 0.7799436859375 0.9420073531250001 0.7881425109375 0.9044078890625 0.79943046875 0.8889622203125 0.8223296124999999 0.9095175796875001 0.846189590625 0.9160102218749999 0.9205354281250001 0.9658584781249999 0.9108459078125 0.962347225 0.8518379953125 1 0.8445190374999999 1 0.7788725765625
544 1 0.5589947390625001 0.9631102796875 0.5691549640625 0.8855675656249999 0.6001451890625 0.86554206875 0.6199551999999999 0.87533933125 0.6498857015625 0.9258251906250001 0.6639484171875 0.9779094890625 0.6657623421875 1 0.6630834703125 1 0.5589947390625001
666 0.3800168609375 1 0.3993160953125 0.9851563328124999 0.379191709375 0.8816253406250001 0.384624628125 0.8686312015625001 0.3242514703125 0.5580382265625 0.22817395468749999 0.6165074234375 0.2879468453125 1 0.3511362171875 1 0.37098403125 0.9827048046875 0.3780808109375 1 0.3800168609375 1
653 0.47528693125 0.53663863125 0.44152194843750003 0.547181240625 0.440561115625 0.5831822671875 0.438747190625 0.6352665640625 0.4709137359375 0.6369727453125 0.5192712953124999 0.6196142640625 0.49126246093750003 0.557409475 0.47528693125 0.53663863125
544 0.539620021875 0.54005099375 0.768305940625 0.46774341875000003 0.7783186875 0.45783841406250003 0.6940678453125 0.4543183078125 0.4071193609375 0.533971615625 0.337245609375 0.5634711453125 0.3484258234375 0.6209883640625 0.43374524374999995 0.5685896890625 0.539620021875 0.54005099375
353 0.81451749375 0.705481253125 0.823039546875 0.687907284375 0.777465596875 0.47392168593750006 0.4551536921875 0.5763663953125 0.4429049015625 0.57476795625 0.3468273859375 0.6332371546875 0.3896265765625 0.935308078125 0.48815562031250004 0.848506815625 0.81451749375 0.705481253125
353 0.2948901390625 1 0.2250848203125 0.621087253125 0.15521106875 0.6505867828125 0.022666553125 0.6647538296875 0.0878318078125 1 0.2948901390625 1
353 0 0.5481445218750001 0.017968548437500002 0.6405846890625 0.18322875624999999 0.569532815625 0.170665590625 0.4844288828125 0.060103240625 0.5297961984375 0.046363753125000004 0.5205287984375 0.0135684578125 0.3518116265625 0.0182560296875 0.33498300625 0.1363795984375 0.3080427484375 0.13574199375 0.2842905140625 0.099219959375 0.0964009359375 0.0863335640625 0.0710502625 0 0.0878318078125 0 0.5481445218750001
353 0.5482498171875 0.5025592718749999 0.5681675703125 0.5026670156249999 0.7094057703125001 0.4513369171875 0.62880048125 0.057130703125 0.46242709531250004 0.0815116890625 0.4003300484375 0.0896027703125 0.349736446875 0.09545780781249999 0.19412115624999998 0.1137682703125 0.1113610078125 0.1179171265625 0.1776969484375 0.459185953125 0.20453831562499997 0.45396851875 0.232978121875 0.43650229375 0.5044809390625 0.37974813125 0.5482498171875 0.5025592718749999
1483 0.86926880625 0.63912760625 0.8763001640624999 0.6138846765625 0.9047399703125001 0.5964184515625 0.9968752625 0.5586123546875 0.9260672375000001 0.1943366421875 0.915416884375 0.1804894125 0.73903075 0.214775403125 0.817076765625 0.6572314359375 0.832836809375 0.7178377859375 0.9288065812499999 0.6792863421875001 0.9044167421875 0.6561717125000001 0.86926880625 0.63912760625
353 0.6963300796875 0 0.7276350484375 0.19709369375000002 0.90476653125 0.1666421828125 0.907218059375 0.13831011875000002 0.930224946875 0.1338380328125 0.9042094687500001 0 0.6963300796875 0
1506 0.41572259687499996 0.9262561625 0.6033966890625 0.9295696359375001 0.7250403640624999 0.818378534375 0.5472712765625001 0.825077809375 0.41572259687499996 0.9262561625
544 0.0193728265625 0.647809075 0.019701853125 0.649501771875 0.1606439890625 0.63759264375 0.32052473125000003 0.5388658203125 0.1771582328125 0.5587747203125 0.0193728265625 0.647809075
570 0.9987880765625 0.629869059375 0.9974051234375001 0.6022823421875 0.9836656375 0.5930149421875 0.9683277125 0.5959963328125 0.9652385796875 0.6005761609375 0.9643854890625001 0.616659434375 0.9673668796875001 0.6319973578125 0.97269205625 0.6389209734375 0.9987880765625 0.629869059375
268 1 0.5784967 0.9093197999999999 0.599507584375 0.9037791374999999 0.6324194765625 1 0.6137160359375 1 0.5784967
867 0.466450503125 0.47070710312499997 0.4871136046875 0.47464932656250003 0.46857880312500005 0.5021283000000001 0.48082759375000006 0.5037267375 0.48689811875 0.5144848343749999 0.522153796875 0.5116111859375 0.531421196875 0.4978717 0.5452684265625 0.487221346875 0.52843980625 0.482533775 0.5185348015625 0.4725210265625 0.5393056453125 0.45654549843750003 0.517897196875 0.4487687921875 0.5110813249999999 0.434176215625 0.53185216875 0.4182006859375 0.5219471640625 0.4081879375 0.5012840625 0.40424571406250004 0.49446819062499997 0.3896531359375 0.48605388125 0.38730935 0.489035271875 0.40264727499999997 0.47902252343749996 0.41255227968749997 0.46208615937499997 0.4277824625 0.47966012812500003 0.436304515625 0.4773163421875 0.444718825 0.466450503125 0.47070710312499997
1606 0.4593114015625 0.5158677859374999 0.414042975 0.5286464390625001 0.3441692234375 0.55814596875 0.4130821421875 0.564647465625 0.554320340625 0.5133173671875 0.4593114015625 0.5158677859374999
1606 0.3356471703125 0.5757199375 0.3446990859375 0.6018159578125 0.39774421718749997 0.56762885625 0.3418254375 0.5665602796875 0.3356471703125 0.5757199375
1608 0.20016512031249997 0.554302634375 0.2010182109375 0.5382193625 0.21177630625 0.5321488375000001 0.2293502734375 0.540670890625 0.23850993125 0.5468491578125 0.250013375 0.544613115625 0.24852267968750003 0.536944153125 0.2340378453125 0.523842271875 0.2172092265625 0.5191547 0.1987821671875 0.52671591875 0.1902601140625 0.5442898859375 0.1886616765625 0.556538678125 0.20016512031249997 0.554302634375
1608 0.405206546875 0.4627149109375 0.38528879374999997 0.46260716874999996 0.3637726015625 0.47474821718750004 0.3583396828125 0.48774235624999995 0.36355711562500004 0.5145837234374999 0.3550350625 0.5321576921875 0.33586265625 0.5358844296874999 0.34193318125 0.546642525 0.354181971875 0.5482409640625 0.400195746875 0.5392967921875 0.39955814218749997 0.5155445578125 0.38038573593749997 0.5192712953124999 0.37207916874999997 0.49700975625000005 0.3775120875 0.48401561718749997 0.392104665625 0.4771997453125 0.4089332859375 0.48188731718750005 0.405206546875 0.4627149109375
1699 0.3361858859375 0.47613116875 0.3377843234375 0.463882378125 0.33863741406250003 0.4477991046875 0.340235853125 0.4355503140625 0.321171190625 0.41935929843749997 0.3119037890625 0.4330987859375 0.3187196609375 0.44769136249999997 0.3101976078125 0.4652653296875 0.31392434687500004 0.48443773593749995 0.3361858859375 0.47613116875
291 0.250552090625 0.44502434687500003 0.2489536515625 0.4572731390625 0.252572646875 0.4963632984375 0.2748341859375 0.48805673125000004 0.2635462296875 0.45045726718749995 0.2643993203125 0.4343739953125 0.250552090625 0.44502434687500003
1392 0.3829538609375 0.327762721875 0.36697833125 0.306991878125 0.347060578125 0.306884134375 0.327888171875 0.3106108734375 0.31563938125 0.309012434375 0.3094611140625 0.31817209218750003 0.2979576703125 0.3204081359375 0.3106285796875 0.385594315625 0.3274572 0.3902818875 0.36963649374999996 0.38208306406250003 0.382738375 0.3675982296875 0.3829538609375 0.327762721875
1786 0.252590353125 0.20984578593749997 0.266329840625 0.2191131859375 0.3008401703125 0.2124050578125 0.3047823953125 0.19174195624999998 0.2987118703125 0.18098386093750002 0.28720842812499997 0.183219903125 0.2749596359375 0.18162146562499998 0.264201540625 0.1876919890625 0.26718293125 0.20302991406249998 0.252698096875 0.18992803281249998 0.2457744828125 0.195253209375 0.252590353125 0.20984578593749997
1387 0.21583512656249998 0.34830922656249996 0.195172025 0.344367003125 0.20549915 0.41796749375 0.22009172656249998 0.41115162187500004 0.2317029140625 0.388997825 0.227230828125 0.3659909375 0.21583512656249998 0.34830922656249996
570 0.1920917453125 0.205688075 0.18516813125 0.2110132515625 0.1798429546875 0.2040896375 0.16375968125 0.203236546875 0.17355694375 0.2331670484375 0.18889486875 0.23018565781250003 0.188149521875 0.2263511765625 0.19432778906249998 0.21719151874999998 0.1920917453125 0.205688075
301 0.4580539 0.1818458046875 0.42812339843749997 0.1916430671875 0.43334083124999995 0.2184844359375 0.4425004890625 0.2246627015625 0.4517678890625 0.210923215625 0.45645546093749995 0.1940945953125 0.4580539 0.1818458046875
1373 0.451855478125 0 0.377754134375 0.014403842187499998 0.37083051875 0.01972901875 0.36305381406250004 0.0411374671875 0.3622007234375 0.057220739062500005 0.3842467765625 0.0887496796875 0.4050176203125 0.07277415000000001 0.42482763125 0.092799646875 0.4378217703125 0.098232565625 0.4463438234375 0.08065859843749999 0.48085415468750003 0.0739504703125 0.5053517359375 0.077147346875 0.5121676078124999 0.09173992343750001 0.5267601859375 0.0849240515625 0.5360275859375 0.071184565625 0.5597798203125001 0.0705469609375 0.579697575 0.070654703125 0.5919463656249999 0.0722531421875 0.589818065625 0.0408319453125 0.5937602890625 0.020168843750000002 0.5807661515625 0.014735923437500001 0.5555232203125 0.007704565625 0.526445809375 0.00141855625 0.5237392468750001 0 0.451855478125 0
570 0.2852867609375 0.2552219546875 0.2661143546875 0.25894869374999996 0.25993608749999997 0.2681083515625 0.2644081734375 0.2911152390625 0.29050419375000003 0.28206332343749996 0.28677745625 0.2628909171875 0.2852867609375 0.2552219546875
570 0.17334145781250002 0.27300255625 0.18388406875000002 0.3067675390625 0.188571640625 0.28993891875 0.19474990781249998 0.2807792609375 0.18942473124999998 0.273855646875 0.17334145781250002 0.27300255625