410 0.5940525578125 0 0.6036051359375 0.0631538265625 0.6077074375 0.0982877390625 0.5488629078125 0.1559720734375 0.5424255265625 0.19754826406249998 0.7538115484375 0.1407279546875 0.721308884375 0.10413278125 0.6495749015625 0.0886218734375 0.6302480671875 0.0570028203125 0.617950953125 0.0558328328125 0.6074879453124999 0 0.5940525578125 0
410 0.75339394375 0 0.7640501671875 0.046157175 0.7614189171875 0.08685465 0.7315572953125 0.1137937515625 0.7699147953125001 0.141019228125 0.8840987874999999 0.11465777656250001 0.8618445343750001 0.08772357187499999 0.79772281875 0.0704552328125 0.7792746984375001 0.0426423140625 0.767970196875 0 0.75339394375 0
1175 0.5902016890625 0.751787328125 0.5767345859375 0.7629144546875 0.5632674843750001 0.77404158125 0.5638549265624999 0.7939509609375001 0.5855217374999999 0.800975784375 0.63031661875 0.786625071875 0.6215294671875 0.7485637406250001 0.5902016890625 0.751787328125
1387 0.619776934375 0.7930673500000001 0.5749820531250001 0.8074180625 0.5480478484375 0.829672315625 0.5817205000000001 0.853970375 0.6168544125000001 0.8498680734375 0.662528009375 0.8393234921875001 0.6809712328125 0.8150205359375 0.679505075 0.7913050234375001 0.6426137328125 0.7877950593749999 0.619776934375 0.7930673500000001
1175 0.845212603125 0.69291341875 0.8326242171875 0.707846678125 0.813302278125 0.7283435015624999 0.8232594171875001 0.7541077171875 0.8507810640625 0.7517628453125 0.8888423937500001 0.7429756953125 0.8765403828125 0.68968983125 0.845212603125 0.69291341875
1387 1 0.6732139359375 0.96291145625 0.6817765 0.9380259546874999 0.6955397718749999 0.9169465859375 0.708424328125 0.9280737125 0.7218914296875 0.9667224859375001 0.733013659375 1 0.7253309406249999 1 0.6732139359375
423 0.5222380249999999 1 0.5688506328125 0.9892386312499999 0.5600634828125 0.9511773015625 0.57733671875 0.939171459375 0.5729431421875 0.9201407937500001 0.46139529531249995 0.9579206453125 0.414842984375 0.9646590921874999 0.3770729265625 0.957342996875 0.35306124375 0.9227965250000001 0.32846211875 0.868340675 0.3035717203125 0.829988071875 0.2816136375 0.8390664953125 0.3481505234375 1 0.5222380249999999 1
544 1 0.47660441875000004 0.6554738062500001 0.548295053125 0.4019388421875 0.735116225 0.4034049984375 0.7588317375 0.7831444875 0.719269975 0.8932212796875 0.6056587343750001 1 0.5928697671875 1 0.47660441875000004
544 0.3846411234375 0.486542690625 0.030971814062500002 0.6563916937500001 0.0514735328125 0.7278295078125 0.489460315625 0.506442278125 0.6197475546875 0.4803721 0.61359655 0.4537291671875 0.3846411234375 0.486542690625
1927 0.5623740796875001 0.613887821875 0.54510084375 0.6258936640625 0.5427608687500001 0.6504878921875 0.5585728421875 0.6668824125 0.5533054484375 0.6961614890625001 0.5770209625 0.6946953312499999 0.622694559375 0.6841507515624999 0.649337490625 0.6779997453125 0.684471403125 0.6738974437499999 0.6967685171875 0.67506743125 0.7169691703125001 0.6583767421875 0.7330724187500001 0.6586680140625 0.727800128125 0.635831215625 0.7272126859375 0.6159218359375 0.7500494843750001 0.6106495453125 0.7400923453125 0.5848853296875001 0.718425534375 0.5778605046874999 0.7017348453125 0.5576598515625 0.6627948 0.5626408703125 0.626782171875 0.5629370390624999 0.6092176640625 0.591046128125 0.5975079921875001 0.6097855203125 0.5614953640625 0.6100816890625 0.5623740796875001 0.613887821875
1373 0.97431026875 0.4706768546875 0.9769415171875 0.429979378125 0.9552747078125 0.42295455468750004 0.9382927453125 0.4188571484375 0.9262869031250001 0.40158391406250005 0.9251120187499999 0.361765153125 0.9286219828125001 0.3248738109375 0.9394529390624999 0.30232828437500003 0.9215922624999999 0.2944247453125 0.9046103000000001 0.29032733906249997 0.8797247984375 0.3040906109375 0.85279059375 0.3263448640625 0.8835358281250001 0.355327771875 0.9037413781250001 0.39075295625 0.9192620796875 0.42325072500000005 0.8978914390625 0.452238528125 0.9180969875 0.48766371406250003 0.97431026875 0.4706768546875
2001 0.1960821078125 0.433858959375 0.133135275 0.45640938125 0.155394425 0.5354594609375 0.3577020234375 0.45668106875000003 0.2997068296875 0.20547628593749998 0.1559524875 0.2426735921875 0.1960821078125 0.433858959375
183 0.45837974062500003 0.02451974375 0.45486977656249994 0.0614110859375 0.41388102812499994 0.07488308437499999 0.446971134375 0.1313876390625 0.48503246562499996 0.12260048750000001 0.5192876625 0.1146920515625 0.5283611890625 0.08453426093750001 0.5195740390625 0.0464729296875 0.496737240625 0.05174522031249999 0.48970752031250003 0.02129615625 0.470968128125 0.009586484374999999 0.45837974062500003 0.02451974375
1373 0.12959593281249998 0.180605475 0.17322082656249999 0.178551875 0.20162118750000002 0.18001313593749999 0.2221180109375 0.1993350734375 0.2754038734375 0.1870330625 0.2964832421875 0.17414850625 0.280962540625 0.1416507390625 0.253732165625 0.12789236406249999 0.23558021562499998 0.136092071875 0.22357437500000002 0.1188188375 0.20278627968750002 0.115600146875 0.1787794921875 0.13316955156250002 0.1571126828125 0.1261447265625 0.1339846109375 0.14752026406250002 0.10939038281249999 0.1451802890625 0.10412298906249999 0.174459365625 0.12959593281249998 0.180605475
351 0 0.261764696875 0.0485216328125 0.4719349796875 0.1981308109375 0.425367978125 0.13984434375000002 0.19026644374999999 0 0.21141914375 0 0.261764696875
351 0.35066740625000004 0.3741161296875 0.585768940625 0.3158296625 0.5324634921875 0.1196681734375 0.3096590703125 0.17912462812500002 0.35066740625000004 0.3741161296875
1180 1 0.7373841421875 0.88210884375 0.7485392578125001 0.8624956312500001 0.785139328125 1 0.778355328125 1 0.7373841421875
1180 0.44118484999999996 0.870379584375 0.4915432953125 0.8627624218750001 0.5237497890625 0.8633449671875001 0.5588788046875 0.807126790625 0.511447778125 0.8100591046875 0.44118484999999996 0.870379584375
351 0.7251248109375 0.20748581718749998 0.9344621296875 0.1591564890625 0.899344909375 0.007047100000000001 0.6917336390625 0.0628527609375 0.7251248109375 0.20748581718749998
1373 0.6098158312499999 0 0.5951092578125 0.0089892484375 0.576666034375 0.0332922046875 0.5544166781250001 0.058473874999999995 0.5356821828125 0.098880078125 0.6443026109375001 0.065785075 0.65952714375 0.062270214062499996 0.731843671875 0.045574628125 0.7180804000000001 0.020689128125 0.6993410078125 0.008979454687500001 0.6938524046875 0 0.6098158312499999 0
1606 0.271632015625 0.552722903125 0.24850394531250003 0.574098440625 0.2824678703125 0.582293253125 0.312916934375 0.5752635328125 0.35302696718750004 0.5579854 0.36385792499999997 0.535439875 0.3468759625 0.53134246875 0.30032365 0.5380809171875 0.271632015625 0.552722903125
846 0.7216687078125 0.817651784375 0.6906370984375 0.856888 0.7084977765625 0.8647915390625001 0.73660196875 0.830240171875 0.7480203671875 0.8276040265625 0.7456754953125 0.8000823796875001 0.7216687078125 0.817651784375
1142 0.8677091640624999 0.1825856265625 0.8220355671874999 0.19313020625 0.7772406859375 0.2074809203125 0.7497190390624999 0.20982579218750003 0.7482577781249999 0.23822615468750002 0.7696382125000001 0.31347010000000003 0.774910503125 0.3363068984375 0.8062382828124999 0.3330833109375 0.845178328125 0.32810229375 0.9669745859375001 0.2999834125 0.93697274375 0.17003115468750002 0.9133827609375 0.1720410453125 0.8677091640624999 0.1825856265625
1416 0.7573508906249999 0.4165318625 0.7345140921875 0.42180415312499997 0.7096285921875001 0.435567425 0.6809369578125 0.4502094109375 0.6832818296875 0.4777310578125 0.69031155 0.508180121875 0.701147403125 0.537750471875 0.73716003125 0.5374543015625 0.771415228125 0.5295458671875 0.8001068625000001 0.5149038796875 0.7939558578125 0.4882609484375 0.7895622828125 0.4692302828125 0.787217409375 0.4417086375 0.7895573859375 0.4171144078125 0.7573508906249999 0.4165318625
353 0.5406974765625 0.5026312484375 0.51405454375 0.5087822546874999 0.49883001250000003 0.5122971140625 0.5087871500000001 0.53806133125 0.5166955859375 0.572316528125 0.524604021875 0.6065717265624999 0.5298763125 0.629408525 0.589308284375 0.5916335703125 0.6209273359374999 0.5723067359375 0.6496189703125 0.5576647484375 0.6783106046875 0.5430227624999999 0.6668824125 0.44142715781249997 0.6985014656249999 0.422100321875 0.7175321296875 0.417706746875 0.7415389171875 0.40013734218749997 0.7374366140624999 0.3650034296875 0.73157688125 0.3222572515625 0.7181048828125001 0.281268503125 0.7093177328125 0.24320717187500002 0.6996518671875 0.20133970781250002 0.690864715625 0.16327837812499998 0.664221784375 0.1694293828125 0.6261604546874999 0.1782165328125 0.5936626859375 0.19373723437499998 0.5640923375 0.2045730890625 0.5690733546875 0.24351313437500002 0.5843027828125 0.2921141484375 0.59543480625 0.3576971265625 0.612421665625 0.41391040781250005 0.6138927187500001 0.4897417953125 0.579637521875 0.49765023125 0.5406974765625 0.5026312484375
353 0.2015408484375 1 0.22980372500000001 0.97931576875 0.2740111640625 0.9450556750000001 0.29918793906249996 0.91518915625 0.3533476203125 0.854577403125 0.398433775 0.8241234421874999 0.4236105484375 0.7942569234375 0.4279992265625 0.7611717140625001 0.3957927328125 0.7605891687499999 0.3998901390625 0.74360720625 0.41364851406250003 0.7163768328125 0.4490736984375 0.6961712828125 0.476007903125 0.6739170296875 0.5038208234375 0.655468909375 0.527827609375 0.6378995046875 0.4874116125 0.514933259375 0.46633224531249995 0.527817815625 0.43002834375 0.5442172328125 0.390797025 0.565301496875 0.32668020625 0.600149034375 0.26080595624999997 0.6273843046875001 0.21103495312499998 0.654910846875 0.177367196875 0.6827286625 0.11529908124999999 0.7090852187500001 0.057037096875000005 0.7345630578125 0.11499877656249999 1 0.2015408484375 1
544 1 0.770271903125 0.9954190171875 0.7704875484375 0.9564789703125 0.775468565625 0.9090479437500001 0.7784008796874999 0.8777201640625 0.7816244671875 0.858980771875 0.7699147953125001 0.8191620109375 0.7710896796875 0.7819793953125 0.7836829640625 0.7327909390625 0.7790030125 0.54863039375 0.797465821875 0.5325271468749999 0.7971745484375 0.46694416875 0.808306571875 0.4288828390625 0.817093721875 0.4039973375 0.83085699375 0.3779418484375 0.8569173796875 0.3357831109375 0.8826864921875 0.3545225046875 0.8943961640625 0.3799954484375 0.9005422734374999 0.45114198749999995 0.8961438015625 0.5108701296875 0.894381475 0.5735256890625 0.8879343000000001 0.63998738125 0.880608409375 0.716697484375 0.8829434890625001 0.7916501578124999 0.8776663031249999 0.84962086875 0.868291709375 0.9075915796875 0.8589171171875 0.9617561578125 0.8504212390625 0.992205221875 0.8433915187500001 1 0.8406556859375 1 0.770271903125
1373 0.3439387515625 0.43179556718749995 0.3825875234375 0.44291779687500005 0.4036668921875 0.430033240625 0.375557803125 0.41246873281249996 0.3439387515625 0.43179556718749995
1365 0.735873484375 0 0.7312562296875 0.0256652484375 0.7508743375 0.041181053125 0.7898143828124999 0.0362000359375 0.7939117890625 0.0192180734375 0.7827846625 0.005750971875 0.7787874234375 0 0.735873484375 0
570 0.1697451390625 0.5802543421874999 0.17853228906250002 0.6183156734375 0.208981353125 0.611285953125 0.213078759375 0.5943039906250001 0.200194203125 0.573224621875 0.1697451390625 0.5802543421874999
1373 0.319917275 0.29301734687500003 0.31113502187500003 0.307071890625 0.31347989374999996 0.3345935375 0.3342679890625 0.337812228125 0.3565271390625 0.4168623078125 0.34598745468750003 0.42330458593750003 0.3559445921875 0.449068803125 0.3559494890625 0.501184678125 0.388155984375 0.5017672234375 0.3931321046875 0.48859139375 0.3887385296875 0.469560728125 0.3881510875 0.4496513484375 0.4063030375 0.44145163906249996 0.392539765625 0.4165661390625 0.367066821875 0.41042002968749997 0.3588622171875 0.34015220468749996 0.36676575625 0.32229152656250004 0.3588573203125 0.28803632968750004 0.3439240609375 0.2754479421875 0.32577211093749997 0.28364765 0.319917275 0.29301734687500003
1373 0.42123629687499997 0.45404002656250003 0.4118666 0.448185190625 0.395763353125 0.44789391875 0.38990851718749997 0.4572636140625 0.3943020921875 0.47629427968750004 0.3995743828125 0.499131078125 0.43002344687500005 0.4921013578125 0.420066309375 0.466337140625 0.42123629687499997 0.45404002656250003
1373 0.44143695000000005 0.4373493375 0.434989775 0.37469377812500004 0.44377202968749996 0.360639234375 0.43352361874999995 0.3509782640625 0.40512325625 0.3495170046875 0.3907774390625 0.356837996875 0.3866800328125 0.373819959375 0.41010427343750006 0.38845705 0.4270911328125 0.44467033125000005 0.4174301640625 0.45491874218749995 0.4347082953125 0.49502877500000003 0.47189091093749996 0.4824354921875 0.46222504531249997 0.44056802812500007 0.44143695000000005 0.4373493375
1373 0.31290224375000003 0.4189159078125 0.299726415625 0.4139397859375 0.279817034375 0.414527228125 0.2681073625 0.4332666203125 0.273379653125 0.45610341875 0.2880216390625 0.48479505312500004 0.323446825 0.46458950468750004 0.321101953125 0.4370678578125 0.31290224375000003 0.4189159078125
1716 0.904921159375 0.48268759218749996 0.796592003125 0.4996793484375 0.8009855781249999 0.5187100140625 0.7807849250000001 0.535400703125 0.7456510125 0.5395030046875 0.6990987 0.546241453125 0.7111045421875 0.5635146875 0.72779523125 0.583715340625 0.7515107453125001 0.582249184375 0.7676139921875 0.5825404562500001 0.860718615625 0.5690635609375 0.8730157296875 0.57023355 0.935957665625 0.49556725312500005 0.9286366718749999 0.4812214359375 0.904921159375 0.48268759218749996
1871 1 0.6381648984375 0.9102081390625001 0.661872015625 0.9552991890625 0.6835339296875 1 0.67040619375 1 0.6381648984375
1365 0.3380545359375 0.1284700140625 0.3321997 0.137839709375 0.3433268265625 0.1513068125 0.3860730046875 0.14544707968749998 0.38724299375000004 0.133149965625 0.377873296875 0.1272951296875 0.37230973437500003 0.12056157812499999 0.352400353125 0.12114902031250001 0.3380545359375 0.1284700140625
1606 0.223909715625 0.571758465625 0.3061833828125 0.5808270953125 0.45256897343749997 0.5029323140625 0.33955496875 0.5169966515625 0.223909715625 0.571758465625
1608 0.28685654843749997 0.54920804375 0.29359009999999996 0.5436444796875 0.31700944375 0.5061656953125 0.32930655781249996 0.5073356828125 0.33984624218750004 0.5008934046875 0.33633138125 0.485668871875 0.3134945828125 0.4909411625 0.2827542453125 0.51407413125 0.26752971406250003 0.517588990625 0.27280200468750004 0.5404257890624999 0.28685654843749997 0.54920804375
544 0.788974840625 0.449320903125 0.9941496624999999 0.4176916015625 0.9837039687500001 0.37244633125000004 0.7913148156250001 0.42472667499999994 0.788974840625 0.449320903125
1373 0.22272993593749998 0.4798238296875 0.2162876578125 0.4692841453125 0.1943295734375 0.47836256875 0.1902321671875 0.49534453125000005 0.17969248437500002 0.501786809375 0.184086059375 0.5208174750000001 0.2154138390625 0.5175938875 0.24029934062499997 0.503830615625 0.23883318281250002 0.4801151015625 0.22272993593749998 0.4798238296875
503 0.0830827921875 0.604270921875 0.064052128125 0.608664496875 0.0702031328125 0.6353074296875 0.154816775 0.61978183125 0.13519377187499998 0.55215015 0.11147825781250001 0.5536163078125 0.1135269609375 0.5451253265625 0.07165949687499999 0.5547911921875001 0.0830827921875 0.604270921875