544 0.008979774999999999 0.5080187515625 0.000673209375 0.530280290625 0.5067169828125 0.608748425 0.86907988125 0.7508131546875 0.959415821875 0.7569320171875 0.9632357296875 0.7372803015625 0.5433556125 0.5840353578124999 0.008979774999999999 0.5080187515625
353 0 0.7152976359375 0.22542575625 0.7251835203125 0.240332709375 0.648493896875 0.24714858125 0.63390131875 0.586711225 0.6680707140625 0.671285296875 0.7243038687500001 0.6591442484375001 0.7458200609375 0.6397652109374999 0.845516571875 0.8267028078124999 0.9892963359375001 0.9167649250000001 0.9763518671875 0.9572729484375 0.7679561515625 0.8614109187500001 0.749322459375 0.4997933671875 0.6034232484375 0.32191653750000004 0.5768062203125 0 0.53749489375 0 0.7152976359375
353 1 0.39822205 0.97823271875 0.39399091875000003 0.851057234375 0.39314668125 0.8161336390624999 0.5932850515625 0.8583129312500001 0.601483875 0.984127384375 0.62980205 1 0.5481445218750001 1 0.39822205
353 0.6158786734375 0.3951849453125 0.58296678125 0.4007256078125 0.5400421390625 0.396361265625 0.4533397671875 0.37154930625000004 0.37665014375 0.3566423546875 0.34907228125 0.49851815781250003 0.5983135578125001 0.5469657546875 0.6328238890625 0.5536738828125001 0.6611471 0.40796359843749996 0.6158786734375 0.3951849453125
2001 0.63687385625 0.5942547375 0.8263618734374999 0.6430255640625 0.838395178125 0.60159161875 0.8092100234374999 0.587959875 0.8338064953125001 0.46142199531249994 0.6613625859375001 0.4477991046875 0.63687385625 0.5942547375
2001 0.0746958171875 0.4770196734375 0.311688303125 0.5270657078125 0.346935128125 0.3866805984375 0.09535006562500001 0.32981869218750004 0.0746958171875 0.4770196734375
544 0.6728837359375001 0.7365526609375 0.6612725484374999 0.7143988640625001 0.60748206875 0.68404624375 0.5790422625 0.6665800187500001 0.39584025624999997 0.6468866046875 0.3153161515625 0.6312343046875 0.26397720156250004 0.629213746875 0.2380966671875 0.6599973390625 0.2527969859375 0.686730965625 0.2620643875 0.7004704515625 0.27900075 0.7157006328125 0.341097796875 0.7237917140625 0.6728837359375001 0.7365526609375
353 0.601239325 1 0.606862171875 0.9943159906249999 0.6538190734375 0.7527436765625 0.64764080625 0.74358401875 0.4506993125 0.7331580046874999 0.318090909375 0.7193196281249999 0.2766569640625 0.7072863234375 0.24352958593750001 0.6729914781249999 0.18592233125 0.9284110234374999 0.21436213906249998 0.9458772468750001 0.5089832421875 1 0.601239325 1
2001 0.16596031093750002 0.212224984375 0.5005210078125 0.31307125625 0.6382391015625 0.28015050937499997 0.21069002343749998 0.1254148703125 0.16596031093750002 0.212224984375
1373 0.7060022609375001 0.6275887484375 0.7220855328125 0.6267356578125 0.7312451906249999 0.6205573906249999 0.7204870953125 0.6144868671875 0.7013146890625 0.6107601296875 0.6821422828125 0.6070333906250001 0.6768171062499999 0.6139570062499999 0.6669121015624999 0.623969753125 0.6860845078125 0.6276964921875 0.6876829453125 0.6399452828125 0.698441040625 0.6460158078125 0.7060022609375001 0.6275887484375
1416 0.49285204531250004 0.31158056093750003 0.475278078125 0.3201026125 0.456213415625 0.336293628125 0.4601556390625 0.3569567296875 0.46867769218750005 0.374530696875 0.478690440625 0.384435703125 0.4878500984375 0.3782574359375 0.5077678515625 0.3781496921875 0.5122399375 0.35514280625 0.5128775421875 0.3313905703125 0.506699275 0.3222309125 0.49285204531250004 0.31158056093750003
1416 0.6515564703125001 0.3344708515625 0.639415421875 0.3559870421875 0.6395231640625 0.375904796875 0.6495359125 0.3858098015625 0.6672176234375 0.3972055015625 0.6824478046875 0.38026913906250004 0.694588853125 0.35875294687500003 0.6868121484375 0.3373444984375 0.6638052609375 0.3328724125 0.6515564703125001 0.3344708515625
1416 0.5755044500000001 0.29581166406250003 0.5617649640625 0.30507906406249996 0.5556944406250001 0.315837159375 0.546642525 0.34193318125 0.55441923125 0.3633416296875 0.5521831875000001 0.3748450734375 0.5621959359375001 0.384750078125 0.5981969625 0.38378924531249997 0.5958531765624999 0.375374934375 0.6004330046875 0.3722858015625 0.6187523203125 0.35992926718749996 0.6270588874999999 0.337667728125 0.6223713156249999 0.3208391078125 0.6100147812500001 0.30251979218749997 0.5915877234375 0.2949585734375 0.5755044500000001 0.29581166406250003
946 0.5833800453125 0.193879109375 0.5855083453125001 0.1624579125 0.5740049015625 0.1602218703125 0.5664436828125 0.178648928125 0.4993446890625 0.237234721875 0.4801722828125 0.233507984375 0.42287055156250003 0.2621632765625 0.422232946875 0.2859155109375 0.481348603125 0.3093445171875 0.521184109375 0.30912903125 0.5657071890625 0.325742165625 0.6263135390625 0.34150220937500003 0.68436061875 0.309012434375 0.6705133890625 0.2983620828125 0.5833800453125 0.193879109375
1250 0.795353940625 0.434050765625 0.8191061749999999 0.4346883703125 0.8333755234375 0.38175098125 0.8019543265625 0.37962268125 0.795353940625 0.434050765625
1416 0.916135671875 0.3858998375 0.967474621875 0.3879203953125 0.9689653171874999 0.3802514328125 0.9612963546875 0.3787607375 0.9757811890625 0.36565885625 0.968857575 0.36033367968749996 0.96278705 0.371091775 0.94595843125 0.37577934687500003 0.9145372328124999 0.373651046875 0.916135671875 0.3858998375
617 0.7453979421875 0.40444349218750003 0.7431619 0.4159469359375 0.7478494718750001 0.43277555625 0.759352915625 0.4350115984375 0.778417578125 0.41882058437499997 0.78139896875 0.403482659375 0.7682970859375 0.388997825 0.7514684671875 0.393685396875 0.7453979421875 0.40444349218750003
1250 0.13124334843750002 0.3089401046875 0.1741679890625 0.3133044484375 0.185455946875 0.275704984375 0.143276653125 0.267506159375 0.13124334843750002 0.3089401046875
1250 0.2915462109375 0.3440791875 0.329891021875 0.3515326640625 0.3343631078125 0.3285257765625 0.29527294843749996 0.32490678125 0.2915462109375 0.3440791875
1950 0.9476823187500001 0.694463403125 0.9536450999999999 0.6637875546875 0.9153002875 0.656334078125 0.9139173359375 0.68392079375 0.9476823187500001 0.694463403125
1606 0.168429546875 0.5270745609375 0.17311711875 0.5439031812499999 0.30114569375 0.560830690625 0.2727058875 0.5433644656250001 0.168429546875 0.5270745609375
1608 0.210501096875 0.5153556312500001 0.21731696875 0.5007630546875 0.2027243921875 0.4939471828125 0.195163171875 0.512374240625 0.187494209375 0.5108835453125 0.178334553125 0.5170618124999999 0.18302212499999998 0.5338904328125 0.21060884062500002 0.535273384375 0.2090104015625 0.52302459375 0.210501096875 0.5153556312500001
666 0.3076471890625 0.629743609375 0.39275112343749996 0.6423067765625 0.41085495312500003 0.590114734375 0.314247575 0.5753155249999999 0.3076471890625 0.629743609375
1716 0.329908728125 0.6380501765625 0.3715581609375 0.6899189890625 0.5968317171875 0.6978934734375 0.528448659375 0.66072498125 0.329908728125 0.6380501765625
351 0.012383284375000001 0.429093084375 0.05914240625 0.434202775 0.1019504515625 0.2753906078125 0.11185545625 0.26537785937499997 0.045923928125 0.25654143125 0.012383284375000001 0.429093084375
994 0.864814428125 0.6703967937499999 0.8602345984375 0.6734859265625001 0.8550171656250001 0.7003272953125 0.8933619765625 0.707780771875 0.8932542343750001 0.68786301875 0.9024138921875 0.6816847515625 0.8977263203125 0.66485613125 0.8663051234375001 0.66272783125 0.864814428125 0.6703967937499999
994 0.89187128125 0.715449734375 0.9110436875 0.719176471875 0.92084095 0.6892459703125 0.9009231968750001 0.6893537140625 0.89187128125 0.715449734375
994 0.859273765625 0.6374849015625 0.8477703218749999 0.6352488578125 0.8402091015625001 0.6536759171875001 0.824341315625 0.6943645140625 0.8511826843750001 0.6995819484375 0.8593815078124999 0.6574026546875 0.8616175515625001 0.6458992109375 0.859273765625 0.6374849015625
316 0.5838287249999999 0.5600676359375 0.5740314625 0.5899981375000001 0.5955476546875 0.6021391859375 0.610885578125 0.6051205765625001 0.6183390546875 0.566775765625 0.6030011296875 0.563794375 0.5838287249999999 0.5600676359375
1950 0.35386759687499997 0.53526453125 0.361536559375 0.5367552265625 0.3676070828125 0.52599713125 0.3568489875 0.51992660625 0.35386759687499997 0.53526453125