232 0 0.7721100984375 0.46612751250000006 0.8387150703125 0.6083400671875 0.714906475 0.627283303125 0.595303590625 0.6053565015625 0.5839208421875 0.6045537046875 0.5640189828125 0.616547525 0.5382340234375 0.0205939390625 0.380565178125 0 0.5026745671875 0 0.7721100984375
233 0 0.9206769203125 0.098308603125 0.938655953125 0.1954095125 0.8749363890625 0.1803962296875 0.8448739249999999 0.1590805 0.8296330203125001 0.141431203125 0.79124316875 0.145708709375 0.764236065625 0.1698880734375 0.736426165625 0.1761905203125 0.7216046078125 0.1889871375 0.715721509375 0.1869621953125 0.7035359640625 0.04745745 0.685395525 0 0.7015130484375 0 0.9206769203125
232 0.6126893671875 0.5376229515625 0.609214659375 0.5845319156250001 0.627894375 0.5914454328125001 0.6162840046875 0.6647504265624999 0.7352758171875 0.6875518203125 0.7786260406250001 0.4887608421875 0.0299517453125 0.3464528328125 0.025063168749999996 0.3773180921875 0.6126893671875 0.5376229515625
786 0.7058962203125 0.548430525 0.6248390140625 0.6107362203125 0.5883664109375 0.8659856937500001 0.6121264281250001 0.86579396875 0.72389306875 0.709478621875 0.7322922515625 0.5565661875 0.7058962203125 0.548430525
786 0.41528859687499997 0.9849057109375 0.45764429843750004 0.7424528546875 0.4024079484375 0.7416141609375 0.1027778328125 0.9354088687500001 0.41528859687499997 0.9849057109375
697 1 0.318885928125 0.82908150625 0.2950501671875 0.768585365625 0.6770077671875 0.9742898625 0.701678275 1 0.539350853125 1 0.318885928125
170 0.9270403437500001 1 0.92947790625 0.98460983125 0.9262427859375 0.95509453125 0.9311313640625001 0.9242292703125001 0.9404772046875 0.9151629937499999 0.9767341500000001 0.6862456453125 0.9613015203125 0.6838013562499999 0.9310473312499999 0.675054621875 0.8526620359375 0.6705494937500001 0.79295645625 0.6729578843749999 0.7771044781249999 0.698131771875 0.767938396875 0.7560041359375 0.7703467875000001 0.8157097156249999 0.79124316875 0.858568796875 0.8332635546875 0.8929087640625 0.8265417609375 0.9353484984374999 0.8169922296875001 0.9457008265625 0.803776265625 0.9792021 0.8366664671875 0.9962762218749999 0.8601774765625001 1 0.9270403437500001 1
831 0.9032733296875 0.5757370468749999 0.8852046859374999 0.5649653703124999 0.8659138984375 0.561910009375 0.8492591234375 0.5671820359375 0.8293572640625 0.5679848328125 0.8019308125 0.591325503125 0.7860788359375 0.616499390625 0.7554053 0.63537083125 0.7279788484374999 0.6587115015625 0.71273794375 0.6800272296875 0.7358868890625 0.6836936625 0.74887523125 0.70157058125 0.76797429375 0.680865925 0.7897093703125 0.6684886546875 0.811444446875 0.6561113859375001 0.8250438609374999 0.6701301468749999 0.8520509640625 0.6744076515625 0.868094665625 0.6729937828125 0.8894103953125001 0.6882346874999999 0.8969349859375001 0.6656968156249999 0.9174479171875 0.6610358609375 0.9255835796874999 0.6346398296875 0.9182866125 0.6057995093749999 0.9124035140625001 0.59300289375 0.9032733296875 0.5757370468749999
2001 1 0.172277753125 0.9989122359374999 0.1716609203125 0.9719051328124999 0.167383415625 0.9481451156249999 0.1675751390625 0.9243850968749999 0.16776686406250002 0.8904644765624999 0.18216907499999999 0.8579577234375 0.21261498906249998 0.83458115625 0.2603267484375 1 0.2865265203125 1 0.172277753125
1690 0.0818149796875 0 0.0666160734375 0.11496337812499999 0.1778915703125 0.1365426265625 0.25238281093750004 0.21557489218749998 0.3191577359375 0.2933850140625 0.47180665 0.42830060000000003 0.7323281500000001 0.481427978125 0.47168672031250003 0.2542641609375 0.3835960671875 0.161213134375 0.22935648125000002 0 0.0818149796875 0
2006 0.1530026484375 0 0.1238414671875 0.203125828125 0.320607503125 0.23429050624999997 0.361204175 0 0.1530026484375 0
1955 0.077408953125 0 0.0016507015625 0.5001680640624999 0.9649320546875 0.735790621875 1 0.5300734484375 1 0.0729596578125 0.5393508546875 0 0.077408953125 0
819 0.9270403421875001 1 0.945569471875 0.88301168125 0.9704317046875 0.701067203125 0.0016507015625 0.5001680640624999 0 0.511273696875 0 0.915412378125 0.5207868609374999 1 0.9270403421875001 1