960 0.8068696703124999 0.8955085984375 0.8052129890625 0.9084604781250001 0.7886341781249999 0.90759161875 0.7495570671875 0.9068475453125 0.719665846875 0.8987616609375 0.693449903125 0.87652581875 0.6698870484375 0.8596444984374999 0.6403365578125 0.84505711875 0.61788521875 0.8256263125000001 0.6003311828125 0.82470634375 0.614346234375 0.8371756734375 0.64550644375 0.858366765625 0.663626828125 0.8671396359375001 0.66489581875 0.8802448421875001 0.652716109375 0.888733621875 0.625477978125 0.8860022624999999 0.6051557453124999 0.9005836625000001 0.5773936328125 0.9265099875 0.599436096875 0.9537425890625 0.6245874875 0.958972328125 0.635472428125 0.9751892265625 0.6588096609375 0.9777161484375 0.6782248156249999 0.961783340625 0.7007700796874999 0.9421029640624999 0.71251973125 0.9231606828125001 0.740460503125 0.9311443484374999 0.781760646875 0.9267894453125001 0.7991783906250001 0.9303100125 0.8156420921875001 0.9520347609375 0.8189084937500001 0.945686596875 0.8129678203124999 0.92842494375 0.815872309375 0.9103229796875001 0.8208635375 0.8897226343750001 0.8068696703124999 0.8955085984375
1340 0.2256064921875 0.1192321078125 0.07435741875 0.094355165625 0.0681985203125 0.2491929515625 0.22124056718750001 0.25851741562499997 0.2256064921875 0.1192321078125
1495 0.7011235921875001 0.22629672812499999 0.698832415625 0.232696003125 0.9523013671875 0.22902943593749997 0.9534810281249999 0.2251796484375 0.962093175 0.023531104687500002 0.70951011875 0.0102937875 0.69497848125 0.21293597343749998 0.6976997171875 0.2169901984375 0.696451909375 0.222140284375 0.7011235921875001 0.22629672812499999
1340 1 0.22761760468749997 0.9554314765624999 0.2252818671875 0.9503886890625 0.32150398281250003 1 0.32410400156249997 1 0.22761760468749997
1340 1 0.335838834375 0.9644037390625 0.3339733125 0.95418646875 0.4729519640625 1 0.4779125890625 1 0.335838834375
258 0.8983518890625 0.4374290421875 0.9071970515625001 0.43658872656250003 0.9091944625 0.41713535312500005 0.9003492984375001 0.41797566875000003 0.8983518890625 0.4374290421875
258 0.8972615562499999 0.45823382500000004 0.9051314953125 0.45734240000000004 0.9060855359375 0.439138215625 0.8993271125 0.43748015156250003 0.8972615562499999 0.45823382500000004
258 0.8906863859374999 0.4344195703125 0.8879181890625001 0.44992093750000006 0.8955836906249999 0.4529304109375 0.8984881796874999 0.43482844531250003 0.8906863859374999 0.4344195703125
258 0.8961712234375 0.47903860624999994 0.9040411625000001 0.4781471828125 0.9050633484375 0.45864269843749994 0.898168634375 0.45958523125 0.8961712234375 0.47903860624999994
258 0.8877818968750001 0.4525215359375 0.8848774078125 0.47062350000000003 0.8944933578125 0.4737351921875 0.89746599375 0.45433292812500004 0.8877818968750001 0.4525215359375
258 0.8749676921875 0.4544577109375 0.8701809 0.47115716093750004 0.88279066875 0.47312187968749997 0.8866022359375 0.45637132343750003 0.8749676921875 0.4544577109375
258 0.8931985890625 0.4984408703125 0.9029508296875 0.4989519640625 0.9039730171875 0.4794474796875 0.8961712234375 0.47903860624999994 0.8931985890625 0.4984408703125
259 0.8817472984375 0.47437106875 0.8796817421875 0.4951247421875 0.8934030265624999 0.4945399734375 0.8943570671875 0.47633579062500003 0.8817472984375 0.47437106875
258 0.880772075 0.474319959375 0.8671189359374999 0.4736044296875 0.8651896718750001 0.4917575046875 0.876824215625 0.49367111562500005 0.8777994390625 0.49372222499999996 0.880772075 0.474319959375
258 0.855007371875 0.48079291093750004 0.85870383125 0.48489824375 0.8573197328125 0.49264892812500005 0.8641463015624999 0.49300669375000006 0.8662118578125 0.472253021875 0.8515834953124999 0.47148638125 0.850199396875 0.479237065625 0.8511064749999999 0.4805884734375 0.855007371875 0.48079291093750004
1444 0.8278677625 0.38288418750000003 0.8297500640625 0.384286703125 0.8246013609375 0.38923235156249997 0.8270500125 0.39848777343749997 0.8247542390625 0.460953228125 0.8245498015624999 0.464854125 0.8233019953125 0.47000421093750006 0.8230294125000001 0.47520540625 0.8234594703125 0.48565890625 0.8417161453125 0.4918311796875 0.8440754687500001 0.4841316046875 0.8447569265625001 0.47112861562499997 0.8460516953124999 0.44642293750000006 0.8480702906250001 0.44522485625 0.8512943249999999 0.402366103125 0.8553315125 0.39996994375 0.8509324125 0.39061230468749997 0.8569881953125 0.3870180640625 0.8573289234375 0.3805165703125 0.85578735 0.3726125578125 0.850481171875 0.3619035109375 0.8368280328125 0.3611879796875 0.8362828671875 0.371590371875 0.830431521875 0.371283715625 0.8278677625 0.38288418750000003
1444 0.7703295375 0.37986873593750003 0.7628215093749999 0.392513959375 0.7660409484375 0.40572138437499994 0.7646568499999999 0.41347206875 0.76136466875 0.457631121875 0.7591416375 0.4627300984375 0.7601380453125001 0.4810365015625 0.778599159375 0.48330787812500003 0.7816399390625001 0.46260531406250005 0.7901959328125 0.392644721875 0.79618356875 0.3903507796875 0.7899703109375 0.378290325 0.7903791859375 0.37048853125000003 0.78124025625 0.3582747484375 0.772326946875 0.3604153625 0.76676936875 0.3731628046875 0.7685835265625001 0.37586562031250004 0.7703295375 0.37986873593750003
1444 0.7229736109375 0.387817878125 0.7258311375 0.38927150625 0.72882495625 0.388124534375 0.7242637843749999 0.4191783796875 0.7213804796875001 0.45553563906249994 0.7214016625 0.47379093125000005 0.739930921875 0.474762009375 0.7426991187499999 0.45926064218749996 0.7485338765625 0.38524582500000004 0.74350028125 0.36933558125 0.74014455 0.3587287546875 0.73275163125 0.3505180859375 0.71905153125 0.36935814843750003 0.7274878203124999 0.376319625 0.72324619375 0.3826166828125 0.7229736109375 0.387817878125
2001 0.70454746875 0.23560325781250002 0.6897856140624999 0.47995722656249995 0.9177366671874999 0.5153733 0.94053053125 0.229716421875 0.70454746875 0.23560325781250002
925 0.967468503125 0.57404605625 0.97520215 0.575755228125 0.9763136671874999 0.573205740625 0.9730260812499999 0.5612986125 0.9585340109375 0.5579313765625 0.95597025 0.569531846875 0.96175345 0.5711388015625001 0.9601649140624999 0.5827903828125 0.953925878125 0.6085408140624999 0.9576223359375 0.612646146875 0.95964093125 0.611448065625 0.967468503125 0.57404605625
2033 0.9830720890625001 0.5748638046875 0.9810323125 0.557806590625 0.9771314156249999 0.557602153125 0.9760880453125 0.55885134375 0.976177375 0.5758063375 0.9577844078125001 0.5722346625 0.94510649375 0.5715702406250001 0.9442675609375 0.5689185359375 0.9364657671875 0.5685096609375 0.9331054406250001 0.6139690109375 0.92593814375 0.620112740625 0.924622190625 0.6265631265625 0.9421080796875 0.6287833921875 0.9543771187500001 0.6372496062499999 0.9903922671875 0.64044095 0.9947747796874999 0.5754771171875 0.9940039921875 0.5715251109375 0.9862021999999999 0.5711162359374999 0.9830720890625001 0.5748638046875
1731 0.6078308109375 0.08450108437500001 0.6302609671875 0.0856766 0.6339832046875 0.0519710484375 0.618085853125 0.0380992 0.603253053125 0.04123345625 0.604611371875 0.071293659375 0.6114379421875 0.071651425 0.6078308109375 0.08450108437500001
1731 0.564175940625 0.0404893828125 0.56079443125 0.067693440625 0.5545342125 0.075188578125 0.5509952265625 0.086737940625 0.6028865453125001 0.0855458375 0.6039980609375 0.0829963484375 0.6044069359375001 0.07519455625 0.6018219921875 0.0685397328125 0.6004167093749999 0.0580351234375 0.5983087859375 0.042278209375 0.59976103125 0.033227226562500004 0.5996717015625 0.016272231249999998 0.588514178125 0.005256528125 0.5739539609375 0.003189590625 0.5635202625 0.015681484375 0.564175940625 0.0404893828125
1731 0.6264705828125 0.12068245 0.6185324984375 0.1228741734375 0.612681153125 0.1225675171875 0.6103006468750001 0.1120117984375 0.6063316046875 0.11310766093749999 0.603065203125 0.1194558265625 0.6036315531249999 0.127308728125 0.6002970046875 0.13495719374999998 0.5987766156250001 0.1453084765625 0.59886594375 0.1622634703125 0.626240365625 0.1623942328125 0.6292599640625001 0.12343637656249999 0.6264705828125 0.12068245
1731 0.5484738328125001 0.1348489984375 0.5556623140625 0.1469605625 0.555457878125 0.150861459375 0.5519870390625 0.161110521875 0.5723986 0.1634841171875 0.5861880296875001 0.1615990484375 0.594965046875 0.1620590328125 0.5960084171875 0.16080984375000001 0.5969836421875 0.16086095312499998 0.5982784109375 0.136155275 0.5946500984374999 0.130749640625 0.5814739796875 0.12093201875 0.57052089375 0.10601541875 0.554010228125 0.1038462625 0.5497004578125 0.1114436171875 0.5502668078124999 0.1192965203125 0.5484738328125001 0.1348489984375
278 0.6255800921875 0.19365251562500002 0.595279996875 0.193368425 0.5967957921875 0.2390833234375 0.6222197656249999 0.23911186718750002 0.6255800921875 0.19365251562500002
113 0.5960250046875 0.23513131718750002 0.5962294421875 0.23123042031250002 0.595799384375 0.22077692031249999 0.5938489359375 0.2206747015625 0.5908551171875 0.22182167343749998 0.5867497828125 0.2255181328125 0.5864090546875 0.232019625 0.5880187734375 0.23862333906250002 0.594777196875 0.24028140312500001 0.5967957921875 0.2390833234375 0.5960250046875 0.23513131718750002
1731 0.57824535 0.2198569515625 0.5785179328125001 0.21465575625 0.5827595578125 0.20835869843750002 0.5845525312500001 0.19280622187500002 0.5802215765625001 0.18214828593750002 0.5747109609375001 0.175340134375 0.5650268656249999 0.1735287421875 0.5577232750000001 0.18227306875 0.5513949109375 0.1910685046875 0.552936484375 0.1989725171875 0.5576763125 0.20182866093750002 0.5533665421875 0.20942601718749998 0.5430903171875 0.2375726078125 0.5636381703125 0.23734560624999998 0.5772231624999999 0.239361434375 0.5765886671875 0.23280883281250003 0.57824535 0.2198569515625
1731 0.588942440625 0.31429622031250004 0.5967442328125 0.3147050953125 0.6181991640625 0.3158295 0.6172920859375 0.3144780921875 0.6180416890625 0.3001748046875 0.6153204546875 0.2961205796875 0.611692140625 0.290714946875 0.612871803125 0.286865159375 0.6133488234375 0.27776306875 0.60937978125 0.27885892968750003 0.6008072 0.27449804843750003 0.5990823734374999 0.288750228125 0.5873327203125001 0.3076925078125 0.588942440625 0.31429622031250004
1731 0.547846734375 0.3147502265625 0.5605927937499999 0.3141143484375 0.5637910500000001 0.30906648125 0.5684627328125 0.3132229234375 0.573338853125 0.3134784703125 0.5782149750000001 0.3137340171875 0.5814132296875 0.30868615 0.58545041875 0.3062899890625 0.5823672703125 0.290481965625 0.5794885609375 0.2707730453125 0.5728664296875 0.2665143828125 0.5618663796875001 0.2711533765625 0.5542902078124999 0.28509889843749997 0.5451254984375 0.3106960015625 0.547846734375 0.3147502265625
1853 0.48456028125 0.160184575 0.48025050937499997 0.16778193125000002 0.4811575875 0.16913334062500002 0.48081685937499996 0.1756348328125 0.4834699484375 0.1809893578125 0.49077353749999997 0.1722450296875 0.49628415312499996 0.17905318125 0.4910673046875 0.1852991296875 0.4885716890625 0.1955993 0.485530909375 0.21630186562499998 0.477933553125 0.21199209375 0.4764813078125 0.2210430765625 0.483942371875 0.2279534453125 0.4874343953125 0.2359596765625 0.49725478125 0.2351704703125 0.49677776093750003 0.2442725625 0.49713967343750004 0.2560263625 0.506891915625 0.2565374546875 0.5080034312499999 0.25398796562500003 0.508753034375 0.239684678125 0.516759265625 0.23619265625 0.52748673125 0.23675485937500002 0.5275548765625 0.2354545609375 0.530915203125 0.189995209375 0.52701430625 0.189790771875 0.5192125125 0.189381896875 0.5163549859375001 0.18792827031249998 0.5154948703125 0.1670212703125 0.49805594375 0.145245409375 0.48698775000000005 0.1511847015625 0.486578875 0.1589864953125 0.48456028125 0.160184575
1731 0.4934174359375 0.2897319125 0.49641125312499995 0.2885849421875 0.49842984687499997 0.2873868625 0.4987705765625 0.2808853671875 0.5000865296875 0.2744349828125 0.5002228203125 0.2718343859375 0.49756973125000004 0.2664798609375 0.4956192828125 0.26637764218750004 0.49707152812500005 0.2573266609375 0.494486584375 0.2506718375 0.489678609375 0.2491159921875 0.48564142187500003 0.251512153125 0.4758891796875 0.251001059375 0.4734147484375 0.279556525 0.4738659890625 0.30826531875 0.48933328437499996 0.311683665625 0.5022156359375 0.30844719062500003 0.50750063125 0.30090094375 0.5051882703125 0.2890449265625 0.5001758578125 0.291389978125 0.4932129984375 0.29363280937499997 0.4934174359375 0.2897319125
1731 0.43414239062500004 0.17058098906250002 0.42835919218749996 0.1689740328125 0.42550166562499997 0.16752040625 0.414365325 0.174759996875 0.40976178750000003 0.16930325625 0.4087184171875 0.1705524453125 0.40635909375 0.17825201875000002 0.40615465625 0.182152915625 0.40595021875 0.1860538125 0.4076962296875 0.190056928125 0.40937409531249996 0.19536034062500002 0.4086926375 0.20836333125 0.4082837625 0.21616512499999999 0.4089864046875 0.221417428125 0.4126828640625 0.22552276249999997 0.4213917359375 0.22728304531250001 0.436995321875 0.22810079375 0.4419395875 0.2270560421875 0.44423076562499997 0.22065676562499997 0.44776974999999997 0.20910740468750003 0.4472034 0.20125450156250002 0.44139901718749996 0.181392253125 0.4468203046875 0.1712454109375 0.44305570000000005 0.168440375 0.43498132343749996 0.17323269531250002 0.43414239062500004 0.17058098906250002
674 0.37301821875 0.1986704921875 0.36759693125 0.2088173359375 0.3673243484375 0.2140185328125 0.3756243453125 0.2235806078125 0.39422175 0.2232513875 0.3925438859375 0.217947971875 0.3936554015625 0.215398484375 0.3875102890625 0.2020377296875 0.38862180468749996 0.1994882421875 0.390981128125 0.1917886671875 0.3875572515625 0.1824821375 0.380866975 0.179523775 0.37481119218750003 0.18311801562500002 0.37363153125 0.186967803125 0.37301821875 0.1986704921875
674 0.32407375781250003 0.21827121562500001 0.322962240625 0.2208207046875 0.3232560078125 0.23387480156249998 0.329107353125 0.23418145781250002 0.3318285875 0.2382356828125 0.3235709578125 0.26518419375 0.327833765625 0.27714242968749997 0.3317346625 0.2773468671875 0.335839996875 0.2736504078125 0.340239096875 0.283008046875 0.3498338640625 0.2678644453125 0.35106048749999996 0.244459065625 0.35384986875 0.24721299062500002 0.35586846250000004 0.2460149109375 0.357955203125 0.24351653125 0.3582277859375 0.2383153359375 0.35870480625 0.22921324375 0.3560517171875 0.22385872031249998 0.35451014375 0.2159547078125 0.354850871875 0.2094532140625 0.35775536093750004 0.1913512484375 0.35419519374999997 0.184645315625 0.3459633421875 0.17378294218749998 0.3363943546875 0.1511156578125 0.3392730640625 0.17082457812500002 0.332284425 0.21087829687499998 0.32407375781250003 0.21827121562500001
268 0.42719152187500004 0.3032114734375 0.42608000625000003 0.3057609609375 0.4533862828125 0.30719202343749996 0.454114703125 0.27463344218749997 0.45543065625 0.26818305625 0.45250498281249996 0.26802972812500003 0.41655798125 0.2635380859375 0.412405684375 0.28679013750000004 0.422792421875 0.293853834375 0.42719152187500004 0.3032114734375
1731 0.381696715625 0.29430784062500004 0.38405603906249997 0.286608265625 0.3871180015625 0.2841609953125 0.385576428125 0.276256984375 0.37861356874999996 0.2784998171875 0.374917109375 0.2743944828125 0.36822683125 0.27143611875 0.36321441875 0.27378117031250004 0.3560471203125 0.27992490000000003 0.35173735 0.28752225625 0.35391341875000004 0.30197887031250004 0.37836216875 0.30195630625000003 0.3812196953125 0.3034099328125 0.38135598593750003 0.30080933593750003 0.381696715625 0.29430784062500004
1731 0.37287733125 0.2573372703125 0.3726047484375 0.262538465625 0.3742144671875 0.26914217812499996 0.3768675578125 0.2744967015625 0.3866197984375 0.27500779531249997 0.3882976640625 0.28031120781249996 0.3823312109375 0.3008604453125 0.3872754765625 0.29981569218750004 0.3880462640625 0.303767696875 0.42217910937500003 0.3055565234375 0.4270552296875 0.3058120703125 0.42551365625 0.297908059375 0.4114304609375 0.286739028125 0.405579115625 0.2864323734375 0.40591984375 0.279930878125 0.41022961562500004 0.272333521875 0.41070663593749995 0.26323143125000004 0.40916506249999995 0.25532741875 0.405673040625 0.2473211875 0.4000261328125 0.2431136359375 0.394379225 0.23890608281249998 0.3824039515625 0.243493965625 0.3753048 0.24833739531250001 0.3740569921875 0.2534874828125 0.37287733125 0.2573372703125
1272 0.2866413359375 0.07418760937499999 0.2709014578125 0.0759704578125 0.2760031984375 0.0905804 0.2912872390625 0.1161549390625 0.2910570234375 0.1578667203125 0.2960694359375 0.1555216703125 0.295119990625 0.117659675 0.3246492984375 0.11399175937499999 0.3317014875 0.1287039203125 0.33880064062500004 0.123860490625 0.33732721250000003 0.11465618125000002 0.3519343921875 0.0971675265625 0.3215661515625 0.0981837359375 0.31020419062500004 0.0910689296875 0.2866413359375 0.07418760937499999
974 0.5569828640625001 0.08444399687500001 0.5630432421875 0.024783578125 0.548551171875 0.0214163390625 0.5386276671875 0.1734490890625 0.6276456484375 0.17289884375 0.6537722625 0.17817969218750002 0.6627886890625 0.0247955328125 0.6358912875 0.015562678125000002 0.6292857421875 0.085625490625 0.5569828640625001 0.08444399687500001
1564 0.6222197656249999 0.23911186718750002 0.5577186796875 0.23833924843749998 0.56092153125 0.1772252015625 0.5394666 0.176100796875 0.530790903125 0.322983459375 0.616610628125 0.3274810796875 0.6448921296875 0.3289632515625 0.6537722625 0.17817969218750002 0.627577503125 0.1741991421875 0.6222197656249999 0.23911186718750002
1564 0.4821328125 0.16918445 0.4773248375 0.167628603125 0.47053144218750004 0.315913784375 0.5278652296875 0.32283013125000004 0.5386958125 0.172148790625 0.5328444671875 0.171842134375 0.5285301 0.23550567031249997 0.4798370390625 0.23164990468750002 0.4821328125 0.16918445
1564 0.4392910953125 0.1656353390625 0.4350448734375 0.22799857499999998 0.335776446875 0.2188845265625 0.342586428125 0.14492081875 0.3005154984375 0.145323715625 0.291860984375 0.3104616734375 0.3308699515625 0.31250604531250004 0.46935178125 0.319763571875 0.47551067968750005 0.1649257875 0.4392910953125 0.1656353390625
1731 0.5561845015625 0.41688906875000004 0.5498561359374999 0.4256845046875 0.5495154078125 0.432186 0.5522366421875 0.43624022343749996 0.5506481062499999 0.4478918046875 0.5531649046875 0.4558469265625 0.5439790125 0.46318873437499997 0.5425267671875 0.4722397171875 0.543523175 0.4905461203125 0.5480585671875 0.4973031625 0.5500090156249999 0.49740538125 0.5889498359374999 0.500750053125 0.58942685625 0.4916479609375 0.592556965625 0.48790039218750003 0.583192415625 0.4613322125 0.5784525859375 0.4584760671875 0.5821960078124999 0.4430258078125 0.590065946875 0.44213438437499997 0.5904066765625 0.4356328890625 0.5843297109375001 0.42097183749999995 0.5814040375 0.420818509375 0.5763234796875001 0.42446385937500003 0.5637818578125 0.42119884062499996 0.5619677000000001 0.4184960234375 0.5561845015625 0.41688906875000004
1731 0.34067655 0.47991537968750003 0.3402676765625 0.4877171734375 0.342920765625 0.49307169531249995 0.3507907046875 0.492180271875 0.35106328750000004 0.4869790765625 0.3514721625 0.47917728437499996 0.361135075 0.46273338124999996 0.3652404078125 0.459036921875 0.3677360234375 0.44873675156250004 0.370934278125 0.4436888828125 0.36646703281250004 0.4356315421875 0.3595723171875 0.43657407656249997 0.3604582125 0.41967019062500005 0.3548113046875 0.4154626375 0.3490492890625 0.432110978125 0.3387261015625 0.4798131609375 0.34067655 0.47991537968750003
1860 0.027718926562500003 0.48046427812500003 0.0317561140625 0.47806811875 0.0337747078125 0.4768700375 0.0348862234375 0.47432055 0.037880042187500004 0.47317357812500005 0.039830490625 0.473275796875 0.0408738609375 0.47202660781250005 0.0421898140625 0.465576221875 0.039400432812500004 0.46282229687500004 0.0395367234375 0.46022169999999996 0.035703973437499995 0.45871696406250007 0.036883634375 0.45486717656250003 0.0353420609375 0.4469631640625 0.03178189375 0.4402572328125 0.0320544765625 0.4350560375 0.027246501562499997 0.43350019062499995 0.025998693750000003 0.438650278125 0.003841121875 0.4322735671875 0.00166045625 0.47388313125000003 0.010164890625 0.47954431093750005 0.027718926562500003 0.48046427812500003
1806 0.0427561625 0.473429125 0.09208372031249999 0.48383749375 0.08958350937500001 0.5502038453125 0.1678058796875 0.5503916953125 0.1668988015625 0.5490402875 0.161388184375 0.5422321375 0.157759871875 0.5368265046875 0.155174928125 0.5301716828124999 0.15036695312499998 0.5286158375000001 0.1447200453125 0.524408284375 0.1400483625 0.5202518406250001 0.1402527984375 0.5163509453125 0.1406616734375 0.5085491515625 0.13925639218750002 0.49804454062500003 0.135628078125 0.492638909375 0.134018359375 0.4860351953125 0.12871217968749998 0.47532615 0.12696616875 0.471323034375 0.1284184140625 0.46227205 0.12882728906250002 0.45447025781250006 0.12742200625 0.44396564843749997 0.12601672343749998 0.43346103906250005 0.12036981718749999 0.4292534859375 0.0930847234375 0.44607771874999996 0.08535107656249999 0.44436854375 0.0740102984375 0.45550903125 0.0692023234375 0.4539531859375 0.060991654687499994 0.4613461046875 0.039877453125000004 0.45372020468749996 0.042462396875 0.460375028125 0.043165037499999996 0.46562733125 0.0427561625 0.473429125
123 0.03566160625 0.422206375 0.0250022859375 0.42034387500000003 0.0190827953125 0.42133751718749995 0.0069030859375 0.42982629843750003 0.011642915625 0.432682440625 0.023277459375 0.43459605312500005 0.032757117187500004 0.44030834218750003 0.037858859375 0.45491828593749994 0.041849084375 0.47207771718749997 0.09110849531250001 0.483786384375 0.0895153640625 0.5515041453125 0.0817255625 0.6814829234374999 0.09349639843749999 0.6807959375 0.09753818125 0.622333596875 0.09851340625 0.62238470625 0.130129453125 0.6162184125 0.13228433906249998 0.612419734375 0.1269100140625 0.603010984375 0.1319224265625 0.600665934375 0.1956315421875 0.5792312515625 0.21116698281250001 0.5813493015625 0.2153404625 0.5763525421875 0.23484494687500002 0.577374728125 0.23734056093749997 0.5670745578124999 0.27049818124999997 0.568812275 0.2607247578125 0.5500458874999999 0.18535991406250002 0.5513116640625 0.18016884375 0.519746725 0.1691476109375 0.506130425 0.1389838078125 0.5032457375 0.0653014265625 0.4537487484375 0.03566160625 0.422206375
900 0.21521795937500002 0.4107546015625 0.2070754375 0.416847221875 0.198728478125 0.42684073749999996 0.19441870625 0.43443809375000003 0.191194671875 0.477296846875 0.1945504015625 0.487903675 0.2043919734375 0.5053697625 0.207952140625 0.5120756953125001 0.20754326562499997 0.5198774890625 0.2161158453125 0.5242383687500001 0.22482471718750002 0.5259986515625 0.22296359843750002 0.542851428125 0.2160007375 0.545094259375 0.2148210765625 0.548944046875 0.2392698265625 0.5489214828125 0.239337971875 0.547621184375 0.23194505312499997 0.539410515625 0.2327628015625 0.5238069296875 0.2455770078125 0.521870753125 0.268122271875 0.5021903765625 0.27708254375 0.4804941703125 0.2777428171875 0.4492358875 0.271099503125 0.42672193125 0.264954390625 0.413361178125 0.25191456562500003 0.4009429578125 0.2486481640625 0.40729112343749996 0.24377204218749998 0.407035578125 0.2282366015625 0.40491752812500004 0.21521795937500002 0.4107546015625
477 0.3390152734375 0.5489334390625 0.34187280000000003 0.5503870656250001 0.3467489203125 0.5506426125 0.34695335781250003 0.546741715625 0.3474985234375 0.5363393234375 0.3499941375 0.5260391531249999 0.3468428453125 0.5115314265625 0.34146852031249997 0.5021226796875 0.3274534703125 0.48965335000000004 0.32362071875 0.4881486125 0.32284993281249996 0.48419660625 0.31992426093750004 0.484043278125 0.3169304421875 0.48519024999999993 0.3135277484375 0.4941390140625 0.3062923046875 0.5015830421875 0.30393298281250003 0.5092826171875 0.30576832187499997 0.5302407265625 0.3054957390625 0.5354419218750001 0.31463466875 0.54765570625 0.31443023124999997 0.551556603125 0.32404618125 0.5546682921875 0.3390152734375 0.5489334390625
278 0.2872694390625 0.4353925828125 0.2794676453125 0.43498370781249995 0.27717646875 0.441382984375 0.2794206828125 0.4545393015625 0.2780577671875 0.48054527968749994 0.2639487921875 0.507187134375 0.2464840859375 0.5232221609375001 0.23373802656249998 0.5238580390625 0.23292027656249997 0.5394616250000001 0.24226364375 0.5477745125 0.2684584046875 0.5517550609375 0.27054514375 0.5492566828125 0.2717929515625 0.5441065953125 0.30619837968749997 0.5406942265625 0.30452051562500004 0.5353908140625 0.3031621953125 0.5053306109375 0.31067022187500004 0.4926853875 0.31609150937499997 0.4825385421875 0.32382515624999997 0.484247715625 0.3341437484375 0.4926117125 0.3352552640625 0.49006222499999996 0.348074065625 0.43205986875 0.30069695625000004 0.42175371874999995 0.29715797187500004 0.4333030796875 0.2884491 0.4315427953125 0.2872694390625 0.4353925828125
1850 0.3539042265625 0.41411122968749997 0.3543131015625 0.40630943750000004 0.3547219765625 0.39850764375000003 0.3480316984375 0.39554927968750003 0.352000740625 0.39445341875 0.3522733234375 0.389252225 0.352614053125 0.3827507296875 0.34871315625 0.38254629218749997 0.3418184421875 0.38348882500000003 0.3382113109375 0.3963384875 0.3307926140625 0.4259387046875 0.34723513281249996 0.42940816093749995 0.3539042265625 0.41411122968749997
2039 0.31417883125 0.5750130921875 0.3755498078125 0.579533278125 0.3917878890625 0.58690363125 0.3934657546875 0.5922070453125 0.39110643125 0.5999066187500001 0.43310921562500004 0.6008040218749999 0.43483404375 0.5865518437499999 0.42973230312500005 0.5719419 0.42589955156250003 0.5704371640625 0.31438326875 0.5711121953125 0.31417883125 0.5750130921875
915 0.358970996875 0.5786644187500001 0.313271753125 0.5736616828125001 0.306445184375 0.5733039171875001 0.2382476390625 0.568425965625 0.2367953953125 0.577476946875 0.2948318234375 0.5896456 0.29916277812500003 0.6003035375 0.3089150203125 0.60081463125 0.3134504109375 0.6075716718749999 0.337831015625 0.6088494046874999 0.3824868890625 0.61510133125 0.38854267187499997 0.611507090625 0.3916515984375 0.589504228125 0.37652503125000003 0.5795843875 0.358970996875 0.5786644187500001
961 0.309140640625 0.615169028125 0.3122026046875 0.6127217578125 0.3133141203125 0.6101722703125 0.3136548484375 0.603670775 0.318599115625 0.6026260234375 0.3197787765625 0.5987762359375 0.31705754218750004 0.5947220125 0.3133610828125 0.590616678125 0.3083486703125 0.5929617281249999 0.3015221015625 0.5926039624999999 0.298596428125 0.592450634375 0.2963052515625 0.5988499109375 0.2901813234375 0.60374445 0.2835591921875 0.5994857875 0.2820388015625 0.6098370703125 0.29074767343749996 0.611597353125 0.291314021875 0.6194502546875 0.307960978125 0.6190188156249999 0.31004771875000003 0.6165204359375 0.309140640625 0.615169028125
1850 0.1754198234375 0.629022940625 0.18154375 0.6241284015625 0.19059335156249999 0.619387190625 0.195878346875 0.6118409437500001 0.197739465625 0.5949881671874999 0.20817316562500002 0.582496271875 0.1947244640625 0.5778798453125 0.1348481 0.6008192625000001 0.1296524328125 0.625320503125 0.15480382343750002 0.6305502421875 0.16566758125 0.6285118468750001 0.1684569625 0.6312657734375 0.1754198234375 0.629022940625
1331 0.24146707812499998 0.581633390625 0.238677696875 0.578879465625 0.230875903125 0.5784705921875 0.21611125000000003 0.5803045484375 0.199758059375 0.5937900875000001 0.19662795 0.59753765625 0.1959464921875 0.6105406437500001 0.1833579078125 0.62683121875 0.1860791421875 0.6308854421875 0.19415351875 0.6260931203125 0.200843796875 0.6290514843749999 0.24758641093749997 0.63280503125 0.2613758390625 0.630919965625 0.26632010625 0.6298752109375 0.277456446875 0.6226356203125001 0.27736711718749996 0.6056806265625 0.2642591453125 0.5945627046874999 0.24146707812499998 0.581633390625
1813 0.271689834375 0.6953501390625 0.2340180046875 0.705110675 0.23133913593750002 0.7375670375000001 0.303799490625 0.7544032265625 0.34265098125 0.7407929046875 0.3441501890625 0.7121863281249999 0.271689834375 0.6953501390625
1700 0.1398071578125 0.9726821749999999 0.139308953125 0.963528971875 0.1395815359375 0.958327778125 0.137903671875 0.9530243640625 0.13246120156250002 0.9449159140625 0.120894803125 0.9417020046875001 0.1053593625 0.9395839562500001 0.0896876296875 0.94006650625 0.06886719375 0.9454947046875001 0.05460074375 0.9564818640625001 0.0504272640625 0.961478621875 0.0507891765625 0.9732324203125 0.13257171406249998 0.980126203125 0.13855935 0.9778322609375 0.1398071578125 0.9726821749999999
1850 0.34435462656250004 0.70828543125 0.3461218203125 0.730543840625 0.38422370781250004 0.73123680625 0.3955644859375 0.72009631875 0.3994276125 0.6277239890625 0.33424506875 0.639954359375 0.32888733124999997 0.7048670859375 0.34435462656250004 0.70828543125
753 0.209310459375 0.5421358984375 0.186812159375 0.5422606812499999 0.1874466546875 0.5488132859375 0.2627433515625 0.5488478078125001 0.2655327328125 0.5516017328125 0.27147340625 0.568863384375 0.3820826109375 0.5668369453125 0.3839437296875 0.54998416875 0.35015161250000004 0.5416938484375 0.30619837968749997 0.5406942265625 0.209310459375 0.5421358984375
716 0 0.9573222515625 0.06467253125 0.93223616875 0.0797751140625 0.6813807046875 0.090133271875 0.483735275 0.039830490625 0.473275796875 0.00186489375 0.46998223437500003 0 0.5055665281249999 0 0.9573222515625
1354 0.473017865625 0.4177459703125 0.46333376875 0.4159345796875 0.41779200000000005 0.4265865375 0.3996928 0.4360689609375 0.3817980359375 0.44165048906250004 0.3657174296875 0.44993483124999994 0.3655129921875 0.4538357265625 0.370682878125 0.46714537187499994 0.3791873125 0.47280655156250007 0.3887351171875 0.47721854218750004 0.40565465625 0.47158590624999996 0.4133201578125 0.47459537812499997 0.4335272828125 0.48086987031249995 0.4515583375 0.47268774531249996 0.4722424828125 0.4698601453125 0.48888943906250004 0.4694287046875 0.49877797187499995 0.46733919999999995 0.5108895359375001 0.46015071875 0.5329577796875 0.449572434375 0.532323284375 0.44301983125 0.5155869984375 0.42649627656250005 0.5061073406250001 0.4207839875 0.473017865625 0.4177459703125
515 0.5938941015625 0.49970530156250004 0.589925059375 0.5008011625 0.5479904203125 0.4986034609375 0.542616096875 0.48919471249999996 0.5399418234375 0.4655848953125 0.5287843 0.4545691921875 0.4986416796875 0.469939796875 0.48101950000000004 0.47032012968750003 0.4544840109375 0.47284107343750004 0.43046531874999994 0.483317140625 0.40558651093750003 0.47288620468750003 0.38769174687499997 0.47846773125000003 0.366756203125 0.5047518203125 0.35840924375 0.5147453375000001 0.351331275 0.5378440609374999 0.385894178125 0.5500863875 0.384033059375 0.5669391640625 0.4309119640625 0.5680921125 0.43560483124999994 0.5905038499999999 0.46946509374999995 0.597493871875 0.46767211875000003 0.6130463484375 0.49874300156249995 0.6172824453125 0.6120946234375 0.6375655250000001 0.71875596875 0.6548902421875 0.73261354375 0.651704875 0.7420508359375 0.6209065781249999 0.7635996921875 0.5829197984375 0.842005315625 0.5609514578125 0.842256715625 0.53749496875 0.746868003125 0.5103300625 0.5938941015625 0.49970530156250004
214 0.364265184375 0.45898581250000003 0.36145462031250003 0.43797659375000003 0.3557653453125 0.3972584546875 0.3362608625 0.39623626875 0.33505082656249996 0.49396312187499997 0.3469791375 0.5089308296875 0.35013042968749997 0.5234385546875 0.3482693109375 0.5402913296875 0.3828322140625 0.5525336578125 0.383057834375 0.5668880546875 0.428961515625 0.56798989375 0.43651190937499995 0.5918552578125 0.46744649843749997 0.598691953125 0.46426483125000007 0.6780612921875 0.6877698203125 0.7236753203124999 0.7298195671875 0.705017128125 0.8148261390625 0.6690521578124999 0.8150305765624999 0.6651512609375 0.8139660234375 0.6481451578125 0.8339475265624999 0.6400652499999999 0.835148371875 0.6544707578125 0.8381421906250001 0.6533237875 0.8546104890624999 0.6189823578125 0.8597002390625 0.5032046484375 0.8580223734375 0.497901234375 0.8581586640625 0.4953006359375 0.8584312484375 0.490099440625 0.85870383125 0.48489824375 0.85591445 0.4821443203125 0.8510383296875 0.48188877343750003 0.8480445109374999 0.48303574375 0.8426913703125001 0.4918822890625 0.8222798078125001 0.48950869375000006 0.804657628125 0.489889025 0.7896885359375 0.4956238796875 0.593170278125 0.476197703125 0.543910865625 0.46448903281250004 0.492202803125 0.44352494687500005 0.364265184375 0.45898581250000003
364 0.9864444078125001 0.6597921062500001 0.9796178390625 0.6594343406250001 0.9720204828125001 0.65512456875 0.963243465625 0.6546645843750001 0.9470265671875 0.6655495250000001 0.9481804484374999 0.699510625 0.9879602015625 0.7055070046874999 0.9887567687500001 0.6716481234375 0.9864444078125001 0.6597921062500001
259 0.9071105218750001 0.6621537453124999 0.9114414765625 0.6728116828124999 0.9455061765625 0.6759008078125001 0.9491814515625 0.661750846875 0.9573239750000001 0.655658228125 0.9561231296875 0.641252721875 0.944058528125 0.6288856109375 0.93534965625 0.627125328125 0.9236469656249999 0.6265120171875 0.9157770265625 0.627403440625 0.912510625 0.6337516078125 0.9121017515625001 0.6415534 0.8943432796874999 0.6445343296875 0.8938662578125 0.6536364203125 0.9071105218750001 0.6621537453124999
102 0.8718919406250001 0.6251035203125 0.8663813234375001 0.61829536875 0.8634556515625 0.6181420421875 0.862480428125 0.6180909328124999 0.8516848156249999 0.6188290296875001 0.8469449875 0.615972884375 0.842068865625 0.6157173375 0.8389387562499999 0.61946490625 0.8173475328125 0.6209411 0.8170068046875001 0.6274425921875 0.8403440375000001 0.6299695171875 0.842950165625 0.65487963125 0.83904926875 0.6546751953125 0.8313156203125001 0.652966021875 0.8252598390625 0.6565602625 0.8259624796875 0.6618125671875 0.837120003125 0.6728282703125 0.8468722453125 0.6733393640625 0.851135053125 0.6852976 0.8433332609375 0.684888725 0.8003552515625 0.6839402125 0.80008266875 0.6891414078125 0.807680025 0.6934511796875 0.8291349562500001 0.694575584375 0.8289986640624999 0.6971761828124999 0.8254596796874999 0.7087255453125 0.8309702968750001 0.7155336953125 0.8350756296874999 0.7118372359375 0.8419703453125 0.7108947015625 0.8442615218749999 0.7044954265625 0.8531066859375 0.7036551109375 0.8496146640625 0.69564888125 0.8593669046875 0.6961599734374999 0.8766483562499999 0.7022811390625 0.8775084718749999 0.7231881390625 0.8792544828125 0.727191253125 0.8850376828125001 0.7287982078125 0.8976474515625 0.7307629296875 0.9027280093750001 0.7271175796875 0.9025705343749999 0.7114628828125 0.9001218828124999 0.7022074625 0.910419290625 0.692316165625 0.92135119375 0.688977471875 0.91876625 0.6823226484375 0.9119396796875 0.6819648843749999 0.9094910281249999 0.6727094640625 0.9060671515625 0.6634029328125 0.8938662578125 0.6536364203125 0.8612538031250001 0.6414963124999999 0.8570591406249999 0.6282377765625 0.8706441328125001 0.6302536062499999 0.8718919406250001 0.6251035203125
1860 0.8614960109375 0.7301721828125001 0.8606570781249999 0.727520475 0.8589110671875 0.723517359375 0.8571650562500001 0.7195142437500001 0.8544438218750001 0.7154600203125 0.85478455 0.7089585265625 0.8550571343750001 0.7037573296875 0.8482305640625001 0.7033995640625 0.8451686 0.7058468343750001 0.8419703453125 0.7108947015625 0.8379331562500001 0.7132908625 0.8349393390625 0.7144378328125 0.827976478125 0.716680665625 0.8278401859375 0.7192812640625 0.8246419312500001 0.72432913125 0.817610925 0.7278722625 0.8162949718749999 0.7343226484375001 0.8135949203124999 0.748523715625 0.811644471875 0.748421496875 0.811848909375 0.7445206 0.8124622203125 0.7328179109375 0.8038214953124999 0.7297573296875 0.7910072890625 0.7316935046874999 0.79032583125 0.7446964953124999 0.7834992625 0.7443387296874999 0.7792576375 0.7506357859375 0.7795771828125 0.7258789984375 0.783682515625 0.7221825390625 0.7841595375 0.713080446875 0.7647231999999999 0.7107579609375 0.762636459375 0.713256340625 0.7597319703125 0.73135830625 0.7451717546875 0.7292913671875 0.7455124828125 0.7227898734375 0.7396611375 0.7224832171875 0.7392522625 0.7302850109375 0.7353513671874999 0.7300805734375 0.734512434375 0.7274288656250001 0.7353983296875 0.7105249812500001 0.7296151296875 0.708918025 0.72746024375 0.712716703125 0.7266424953125 0.7283202890625 0.723716821875 0.7281669609375 0.7207441875 0.7475692265625 0.7147565515625 0.7498631687499999 0.7088370609375 0.7508568109375 0.7086326234375 0.7547577078125001 0.716434415625 0.7551665812499999 0.7200627296875 0.760572215625 0.7228521109375 0.763326140625 0.7276600859375 0.7648819875 0.7326043515625 0.7638372343750001 0.735666315625 0.761389965625 0.7473008609375 0.763303575 0.7482079390624999 0.7646549828125 0.7491150171875 0.7660063921875 0.7559415859375 0.7663641578125 0.7597743375 0.76786889375 0.7600469203125 0.7626676984375 0.7649911859375 0.7616229453125001 0.7676442765625 0.7669774703125001 0.7734956203125 0.767284125 0.777532809375 0.7648879640625 0.7851983109375 0.7678974375000001 0.79529128125 0.7619070359375 0.798987740625 0.7660123703124999 0.8076966125 0.767772653125 0.8108948671875 0.7627247859375 0.8157709890625 0.7629803328125 0.8225294125 0.7646383953125 0.8268391828125001 0.7570410390625 0.8374985031250001 0.7589035421875 0.8494737765625 0.7543156578125 0.860610115625 0.7470760671875001 0.8608145531250001 0.7431751703125 0.861223428125 0.735373378125 0.8614960109375 0.7301721828125001
1354 0.972265490625 0.9863204515625 0.9750594671874999 0.9330081968749999 0.9427831453125 0.9704327734374999 0.9654389203125 0.9859626859375 0.97199290625 0.991521646875 0.9721291984375 0.9889210500000001 0.972265490625 0.9863204515625
753 0.8516935265625 1 0.8533562890624999 0.9787848140625 0.5938831140625 0.9104238515624999 0.4996436875 0.9732862250000001 0.49828077187500003 0.9992922015625 0.5117863703125 1 0.8516935265625 1
1754 0.8258261875 0.664413165625 0.5490789578124999 0.7763848703125 0.541629884375 0.8998621546875001 0.8552385921875001 0.98018733125 0.9140458078125 0.9963079890625 0.9211449593750001 0.991464559375 0.9258000546874999 0.9212995296875001 0.9267752796875 0.9213506390624999 0.9710950203125 0.8780378796875 0.9788286671875 0.8797470531249999 0.9922064234375 0.6431437671875 0.8980185546874999 0.6303843687499999 0.8258261875 0.664413165625
1715 0.1291542296875 0.616167303125 0.0984452609375 0.6236850046875 0.0810938671875 0.9174503312500001 0.1132293015625 0.9386925312500001 0.19943212187499998 0.9731992453125 0.456538578125 0.86280595 0.46647127499999996 0.5986408437499999 0.3820144640625 0.5681372437500001 0.1291542296875 0.616167303125
1711 0.31044280625 0.77691718125 0.335594196875 0.7821469203125 0.332774440625 0.8732700609374999 0.4326138125 0.83417083125 0.4371114328125 0.74835110625 0.4169724546875 0.7407763171874999 0.31044280625 0.77691718125
1711 0.30751713281250004 0.7767638531250001 0.2260495453125 0.8011794640625001 0.2253680875 0.814182453125 0.22089165 0.9182574718750001 0.331662925 0.8758195484375 0.3335756015625 0.7833450015625 0.30751713281250004 0.7767638531250001
1707 0 0.92625491875 0.050201643750000004 0.9471242234374999 0.04877058125 0.9744305000000001 0.0712688828125 0.9743057171875 0.0768734234375 0.9420026828125 0.1722667328125 0.9131014078125 0.17115062187500002 0.9717170749999999 0.1804258421875 0.9813302593750001 0.19428341875 0.97814489375 0.20344073125 0.766093959375 0.20659662031249998 0.7245355046874999 0.20401167656250002 0.7178806828125001 0.18512050625 0.70515580625 0.0992114515625 0.6837031890625 0.08855213125 0.6818406890625 0.07873174375 0.6826298937499999 0 0.6974025375 0 0.92625491875
1939 0.026495618749999998 0 0.0039092671875 0.43097326875 0.05267047500000001 0.433528734375 0.06732002031249999 0.45255066875 0.0854873671875 0.44176794687500004 0.095239609375 0.442279040625 0.11966717499999999 0.42400118124999997 0.1306884078125 0.43761748125000005 0.1310033578125 0.4689268734375 0.13862189687499998 0.4914919390625 0.14093425625 0.5033479562500001 0.174091878125 0.5050856734375 0.1813485046875 0.5158969390625 0.1879918203125 0.53841089375 0.210490121875 0.5382861109375 0.2037786609375 0.517072453125 0.2025096703125 0.5039672453125 0.18820085312499998 0.47844381875 0.191697471875 0.43038386875 0.2225215484375 0.40201027500000003 0.230459634375 0.3998185515625 0.24411277187499997 0.4005340828125 0.25205085625 0.398342359375 0.26153051562499996 0.40405464843749994 0.279740228125 0.4297825140625 0.2945048828125 0.4279485546875 0.30090139374999997 0.41785282187500006 0.3269598625 0.42443396875 0.33909720625 0.3794346 0.352818490625 0.3788498328125 0.3604370296875 0.4014148984375 0.3627705734375 0.43152620781250006 0.3703679296875 0.4358359796875 0.37204579375 0.44113939531249996 0.41597784375 0.42388372187499995 0.4595691640625 0.41312954375000005 0.508330371875 0.415685009375 0.5346144625 0.43662055468750005 0.534703790625 0.45357554999999994 0.544115303125 0.4605881375 0.5503073765625001 0.4543933 0.547156084375 0.4398855734375 0.5449118687500001 0.4267292578125 0.550196865625 0.4191830109375 0.5563889390625001 0.41298817187500003 0.5650978109375 0.4147484546875 0.571651796875 0.42030741718750003 0.5776394328125 0.41801347499999997 0.5825837 0.416968721875 0.5912244249999999 0.42002930312500003 0.592357125 0.4357351078125 0.5909048796875 0.4447860921875 0.5840101640625 0.445728625 0.582489775 0.4560799078125 0.592399490625 0.47224569687500006 0.6888103906249999 0.4799061171875 0.7015536515624999 0.23675022812500002 0.69493151875 0.2324915671875 0.6970864046874999 0.22869288906250002 0.6926873046875001 0.21933525 0.6921209546875 0.2114823484375 0.706559440625 0.010139148437499999 0.5130929609375 0 0.026495618749999998 0
1939 1 0.0255177171875 0.9640436234375 0.0236333234375 0.9541155234375 0.2317322515625 0.9433880578125 0.23117004843750003 0.9195508234374999 0.518076115625 0.8622170359375 0.51115976875 0.857672453125 0.6165350875 0.8642476218749999 0.6403493421875 0.872049415625 0.640758215625 0.8991982171874999 0.62653458125 0.9108327609375 0.6284481921875 0.9207894390625 0.6250583890625 0.9222416843750001 0.61600740625 0.9312912843750001 0.6112661953125 0.9357631265625 0.5632573546875 0.94454014375 0.5637173390625 0.9471932328125 0.5690718625 0.9950473625 0.5702759203125 1 0.47891087499999996 1 0.0255177171875
819 0 0.9720265546875 0.409467228125 0.9959415515625001 0.494379875 0.9990877656249999 0.49678616093750005 0.9718325984374999 0.5829512109375 0.9137625453125 0.53954314375 0.9023605328125001 0.5472648 0.773682053125 0.6700794937500001 0.7253559484375 0.4660108421875 0.6820644078125 0.457513803125 0.862857059375 0.19832060625 0.975748734375 0.1447983859375 0.9520818296875 0.0356414265625 0.9450572859375 0 0.959953046875 0 0.9720265546875
819 0.972682278125 1 0.9798038921875 0.8797981625 0.9749959171875 0.8782423156249999 0.9317876921874999 0.9190055875 0.925182146875 0.9890683984375 0.9170396249999999 0.99516101875 0.8581642640625 0.9803406593749999 0.8555982343749999 1 0.972682278125 1
1506 0.660327253125 0.7248448546875 0.46789314375 0.6834669250000001 0.45939610468750003 0.864259578125 0.500014790625 0.8729076640625 0.5375715125 0.8840030203125 0.54447541875 0.770928128125 0.660327253125 0.7248448546875