1606 0.872777615625 1 0.8679657515624999 0.9496800578125001 0.8053415875000001 0.8596757046875 0.6993903 0.8292942406250001 0.5973485703125 0.8326008921874999 0.5439825453125 0.8789912703124999 0.5464388437500001 0.93346196875 0.6016166046875 1 0.872777615625 1
783 0.792740953125 0.771080915625 0.7714606515625 0.784211796875 0.7670353296875 0.8026981328125 0.7838903109375 0.808053590625 0.7816049859375 0.8183358875 0.7866771546875 0.8353979328125 0.8275992796875 0.8549668515625 0.8504382749999999 0.841944965625 0.84417785 0.774677734375 0.792740953125 0.771080915625
784 0.8862226906249999 0.8005904234375001 0.8687465156249999 0.8265178375 0.8671080375000001 0.8723485171875 0.8710574890625 0.88306679375 0.898387346875 0.8954199875000001 0.9166955874999999 0.8799928578125 0.915547221875 0.8068178343750001 0.8862226906249999 0.8005904234375001
1844 0.611656059375 0.67279298125 0.4598814546875 0.67053355 0.4365665890625 0.7127600484375 0.4215068203125 0.8161279968749999 0.405720421875 0.9298872406250001 0.434608975 0.9423494265624999 0.43792582187500007 0.8277182296875001 0.44953765937499995 0.7512586453125001 0.595909553125 0.7635823859374999 0.6136364890625 0.7564682921875 0.6256444125 0.69674376875 0.611656059375 0.67279298125
1822 0.351499515625 0.65251264375 0.33815800937499996 0.6641102375 0.3334420359375 0.6867530921875 0.3321341015625 0.70545741875 0.33311149218749997 0.7138794453124999 0.338514203125 0.7038151359375 0.33506627187500004 0.730723503125 0.3325415953125 0.8788248234375 0.311551946875 0.8877991875 0.2969822890625 0.8721614343749999 0.1950459953125 0.8963596640624999 0.1529213703125 0.9163866484375 0.1275063984375 0.9438473500000001 0.109884896875 0.9718530234375 0.362393296875 0.98951013125 0.3890364171875 0.9892847781249999 0.4036858578125 0.9589828578124999 0.40738455 0.9508878125000001 0.41829540625000006 0.9516507750000001 0.4324689765625 0.9505534671874999 0.44668527343750003 0.6800528859375 0.3902161015625 0.636424184375 0.351499515625 0.65251264375
1478 0.8840199859375 0.5184996109375 0.931216778125 0.5155346703125 0.9696028203125 0.526572565625 0.9872926984375001 0.29599487343750003 0.9015645375 0.2900001765625 0.8840199859375 0.5184996109375
1200 0.37728492343750003 0.57495575 0.46093862812499997 0.633015903125 0.4961018484375 0.62294423125 0.48973598906250004 0.534785421875 0.3805219875 0.5062642265624999 0.37728492343750003 0.57495575
1146 0.3692415234375 0 0.354394628125 0.4543151296875 0.9812374734375 0.7633776703125 1 0.4950610390625 1 0.0338436375 0.4931683359375 0 0.3692415234375 0
1478 0.74458668125 0.18295586875 0.7717712140625 0.19738731874999998 0.7782425078124999 0.3064377078125 0.8075812812500001 0.22286402968750002 0.8242139843749999 0.0298039828125 0.71851345625 0.0182358421875 0.69915945 0.227812959375 0.7255774609375 0.2756055421875 0.74458668125 0.18295586875
929 0.9293930828124999 0.586413446875 0.9728284765625 0.3012486984375 0.8831508640625 0.28453572656250004 0.85120763125 0.5621504015625 0.9293930828124999 0.586413446875
1479 1 0.2983483046875 0.8294685359375 0.26825136875 0.8154402921875 0.2672704171875 0.8050708468750001 0.2811642609375 0.8773121749999999 0.3008348109375 1 0.3228963609375 1 0.2983483046875
699 0.16101973281249998 0.8229740124999999 0.1532262640625 0.8224290406250001 0.1467008359375 0.8261495796875 0.1415887765625 0.832057371875 0.14865561562500001 0.8429936375 0.1612704921875 0.841787334375 0.17008124375 0.8277844968749999 0.16101973281249998 0.8229740124999999
1916 0.9619722390625001 1 0.9790575828125 0.7945515484375 0.9364314374999999 0.7769518921875 0.35946679531250003 0.47137717500000004 0.3447774625 0.524648934375 0.272892328125 0.5446832828125 0.456724175 0.693285396875 0.44351375156249995 0.792605825 0.4423369015625 0.8990329828125001 0.476508490625 0.9703403734375 0.49176488437500004 0.9985566734375 0.512405415625 1 0.9619722390625001 1
1645 0.5447775515625 0.666027959375 0.5421616828125 0.7034366109375 0.54723385 0.7204986578125 0.5479205890625 0.733077203125 0.5918546671875 0.7319725312500001 0.593994665625 0.7237684921875001 0.601537375 0.7055001437499999 0.5997678125 0.6636079921875 0.5447775515625 0.666027959375
1589 0.038342821875 0 0 0.5246625171875 0 0.9641691234374999 0.06624146875 0.9688011781249999 0.3280507328125 0.85344974375 0.3518399625 0 0.038342821875 0
784 0.7729936953125 0.7174895390625 0.7596521890625 0.7290871328125 0.74304796875 0.742544996875 0.7365225421875 0.7462655359375 0.7359412375 0.75457856875 0.7447120968750001 0.76354556875 0.7526508921875 0.762012284375 0.751633609375 0.7765600921875 0.7436948140624999 0.7780933796875 0.7415548171874999 0.78629741875 0.745068290625 0.8032504703125 0.7586605578125 0.8104661953125 0.7711301078125 0.8113381515625001 0.7824769421875 0.8058663375 0.7880249796875 0.7937237703125 0.7848819421875 0.726674528125 0.7729936953125 0.7174895390625
1477 0.24541714374999998 0.534408346875 0.23776899999999998 0.5317851171875 0.21979130468750002 0.520085890625 0.20449501875 0.5148394296875 0.18608134375000002 0.509374978125 0.165818325 0.5079580499999999 0.151499428125 0.5111336171875001 0.145806065625 0.5253544421874999 0.1505875796875 0.5465730046874999 0.1546282234375 0.66798395 0.13602933125 0.6875675953125 0.126571734375 0.66602205 0.115660878125 0.6652590875 0.0697321265625 0.6724895390625 0.032574234375 0.6886869921875001 0.04834355625 0.9111622765625 0.075528090625 0.9255937281250001 0.10630588125 0.91103855625 0.138642365625 0.896592378125 0.17877231875 0.8826911734375 0.18602437656249998 0.868579340625 0.19146697968749998 0.8355451953124999 0.1953508890625 0.80240205625 0.1938320875 0.7793232234375 0.1987731703125 0.7086624375 0.20729327031250003 0.6988161171875 0.22599759531250002 0.70012405 0.259456796875 0.6920216421875 0.2641214703125 0.53571628125 0.24541714374999998 0.534408346875
1590 0.06244301249999999 0.46313777343750007 0.06204692656250001 0.44640271093750006 0.0443598828125 0.43054696875 0.02565555625 0.429239034375 0.0302917453125 0.4525358546875 0.0431573828125 0.470142871875 0.06244301249999999 0.46313777343750007
1480 0.422979990625 0.21267745312500003 0.41810444999999996 0.3271996546875 0.409835109375 0.3558592953125 0.4016968546875 0.47224176875 0.42561867343750004 0.4885334890625 0.43667485624999997 0.48721819218749995 0.448511803125 0.362740675 0.43992616250000005 0.328725578125 0.4510364796875 0.21463935312500002 0.422979990625 0.21267745312500003
1919 0.3301450984375 0.21871632812500003 0.3275149890625 0.3459260703125 0.31783228281250003 0.372398459375 0.31809445 0.5478441234375 0.3332454109375 0.55516884375 0.3519497359375 0.556476778125 0.3626098328125 0.5384264187500001 0.3648837484375 0.3715117765625 0.353471371875 0.3331221734375 0.3552295265625 0.2183819828125 0.3301450984375 0.21871632812500003
1592 0.563037325 0.270504890625 0.551690490625 0.2759767046875 0.5449798453125 0.3047453375 0.5439625640625 0.3192931484375 0.5595495015624999 0.3203830921875 0.5662202546875 0.3145842953125 0.5729309 0.285815659375 0.563037325 0.270504890625
1592 0.519103246875 0.2716095609375 0.501230984375 0.2808019140625 0.5031857640624999 0.2976459703125 0.5034365234375 0.316459290625 0.5135153171875 0.306721965625 0.53182355625 0.2912948359375 0.530014103125 0.272372521875 0.519103246875 0.2716095609375
1809 0.5768547015625 0.2297026828125 0.6484092921875 0.2367946875 0.6525183125 0.15563361250000002 0.5859304546875 0.144712075 0.5768547015625 0.2297026828125
1809 0.7239133343749999 0.25460496718750003 0.64869994375 0.2326381703125 0.6390428874999999 0.32594181093749997 0.7128429093750001 0.34572135625 0.7239133343749999 0.25460496718750003