1606 0.3781818640625 0.8615649171875001 0.335627115625 0.805092859375 0.236502734375 0.7806427984375001 0.12655007499999998 0.7883318421875 0.0465814421875 0.8633490890625 0.023765109375 0.9358795296875 0.289899653125 0.9732823015625 0.3644541453125 0.91433460625 0.3781818640625 0.8615649171875001
783 0.1583630046875 0.7528305171875 0.15826543125 0.7422977656249999 0.1758655515625 0.7405636859375 0.175380459375 0.72156124375 0.15729524687500002 0.70429288125 0.10623455 0.6971167687500001 0.08612528593749999 0.761612434375 0.1057577921875 0.7790982546875 0.14985427812500002 0.7684651515625001 0.1583630046875 0.7528305171875
784 0.06349854375 0.78788575625 0.0714246046875 0.742715928125 0.0597209375 0.7137215890624999 0.0297424671875 0.7137160031249999 0.013405253124999999 0.78505321875 0.028105934375000002 0.8039497250000001 0.057406943749999995 0.797548675 0.06349854375 0.78788575625
1844 0.49258125625 0.833462746875 0.4719924578125 0.9462785890625 0.5028407609375 0.9400949984375 0.5110512093749999 0.8255394921875 0.5178119375 0.7212992796875 0.503785940625 0.675148096875 0.3548582125 0.6458024390625 0.336195890625 0.666321503125 0.33552398437500003 0.7272374890625 0.351384440625 0.7378817609375 0.49712000781250004 0.7562597515625 0.49258125625 0.833462746875
1822 0.7651655500000001 1 0.752922478125 0.97944930625 0.7158822203125 0.9511017562499999 0.6212045734375 0.9062385687500001 0.6037020265625 0.9185053984374999 0.5850369265625 0.9053631515625 0.6133594171875 0.759973290625 0.6155813953125 0.732936071875 0.6187735562500001 0.7439037390625 0.6214806265624999 0.7358689625 0.624090121875 0.7173014375 0.6241849171875 0.6941728765625 0.61354623125 0.6800548625 0.5790206734375001 0.6562683453125 0.514714571875 0.687203053125 0.47237997500000006 0.95474828125 0.4860156765625 0.9587684609375 0.49684673281249997 0.9602906671874999 0.4987815453125 0.9689778171875 0.5064021328125 1 0.7651655500000001 1
1478 0.1205254875 0.43825310625 0.150872028125 0.211099215625 0.0657708671875 0.1991390265625 0.03513438125 0.428355975 0.07497650312500001 0.42554019062500004 0.1205254875 0.43825310625
1200 0.60444928125 0.5988316859375 0.615564725 0.5309682140625 0.5028074218749999 0.5361592843749999 0.478251425 0.6210680765625 0.5105522265625 0.638230503125 0.60444928125 0.5988316859375
1146 0.0669344859375 0 0 0.4762636171875 0 0.6510982609375 0.6519219640625 0.4855865125 0.7333097562499999 0.02997956875 0.524743853125 0 0.0669344859375 0
1478 0.277237759375 0 0.2567599171875 0.1649703703125 0.268081621875 0.2528176390625 0.297084353125 0.1474957203125 0.32667530624999996 0.1390316125 0.326006178125 0.23360890781250002 0.3617835296875 0.192353321875 0.38446092656249997 0 0.277237759375 0
929 0.143545303125 0.48777209375 0.17001944375 0.20958259375 0.0788266796875 0.2072853234375 0.0620238203125 0.49524926249999995 0.143545303125 0.48777209375
1479 0.046913396875 0.1985925890625 0.03724489375 0.222479459375 0.17234177343749998 0.22673943593749998 0.2470941921875 0.22251855156250003 0.2398400359375 0.20677239374999998 0.22591439218749998 0.20481527187499998 0.046913396875 0.1985925890625
699 0.77776841875 0.89247745625 0.77215913125 0.88748150625 0.7644226625 0.8863942171874999 0.7545590109375 0.8892155859375 0.7602658718749999 0.904744284375 0.7723542796875 0.9085470078125001 0.78154046875 0.8993190046875 0.77776841875 0.89247745625
1916 0 0.9325395625 0.40439939843749995 0.989374190625 0.4251889015625 0.9649464671875 0.4734393984375 0.9023019874999999 0.4944157171875 0.7979558359375 0.5021438515625001 0.6980591984375 0.712854646875 0.5909251859375 0.64670575 0.5563828749999999 0.6434132359375 0.5012211484375 0.015524099999999999 0.6801606296875 0 0.683019625 0 0.9325395625
1645 0.404667115625 0.71802065625 0.40795407343749995 0.7058597625 0.41646280156250004 0.6902251265625 0.4216817921875 0.6530900749999999 0.36839633906249997 0.6392898703125 0.357955578125 0.679898665625 0.3615352578125 0.6993360234375 0.3619227765625 0.7078057156249999 0.404667115625 0.71802065625
1589 1 0.0686764140625 0.74946015625 0.038560781249999995 0.5947054296875 0.8814762828125 0.7591758515625 1 0.932865790625 1 1 0.511190178125 1 0.0686764140625
784 0.1824422453125 0.7499032109375 0.197237721875 0.74567115625 0.2041991546875 0.7298190625000001 0.2038116375 0.7213493703125 0.1963651109375 0.7181990218750001 0.19839471875 0.7037576125 0.20584124531249998 0.7069079609375 0.21628478437499998 0.6999604749999999 0.21744455937499998 0.6917082421875 0.211835271875 0.6867122921875 0.198391940625 0.670096303125 0.18775325468749998 0.6559782890625 0.1742151265625 0.662490859375 0.1572004515625 0.7274214406249999 0.16010266875 0.740452165625 0.17006389375 0.7481635468750001 0.1824422453125 0.7499032109375
1477 0.842603865625 1 0.856301221875 0.99608205 0.9179811593749999 0.781747009375 0.8850028953125 0.75817795 0.84158109375 0.7415563765625001 0.8307500359375 0.740034171875 0.817019540625 0.75914255 0.802898746875 0.736119928125 0.8320938484375 0.6182021984375 0.8411824625 0.598441446875 0.8385701890625 0.5833476640625 0.8252244328125 0.577264425 0.8051096125000001 0.5744374718749999 0.7859621984375 0.57595409375 0.7699093718750001 0.5779056296875 0.749892125 0.5856114265625 0.7418657125 0.5865871953124999 0.7232981859375001 0.5839776984375 0.6953632140625 0.737837253125 0.7264066640625 0.7527191625 0.744974190625 0.755328659375 0.751260940625 0.7667312421875 0.7414028453125 0.8368752296874999 0.7351188750000001 0.85913395625 0.7320270640625 0.89236035 0.73048255 0.9258042015625 0.7346421171874999 0.94111544375 0.7710049109375 0.9630563593750001 0.7996312375 0.9839099875 0.8207447468750001 1 0.842603865625 1
1590 0.9395262515624999 0.538629503125 0.9356594062499999 0.5549165140625 0.95306715625 0.56577824375 0.9693123531250001 0.5512308984375001 0.9786909109374999 0.5294070859375 0.9601233859375 0.526797590625 0.9395262515624999 0.538629503125
1480 0.5751399375 0.5042488078125 0.601926246875 0.4932867265625 0.6181631078125001 0.37775545 0.6160331484375 0.3480028 0.635074653125 0.2349695 0.6072233640625 0.23105525624999998 0.594371034375 0.3449583875 0.5789008734375 0.37644511875000003 0.5645988234375 0.50066354375 0.5751399375 0.5042488078125
1919 0.633072828125 0.5860240046875 0.6516403546875 0.5886335 0.667983125 0.5846189046875 0.70471676875 0.41306165625 0.7007495703125 0.38515460625000003 0.7246253281249999 0.2601778703125 0.7001585703125001 0.2546354859375 0.6780224765625 0.36723386874999997 0.658877840625 0.4024118 0.6263985609375 0.56615173125 0.633072828125 0.5860240046875
1592 0.49659879843750004 0.299660284375 0.4960161328125 0.27012509375 0.48605490781249994 0.2624137125 0.47319424374999997 0.275332915625 0.473776909375 0.3048681078125 0.479096253125 0.311927115625 0.49456919062500004 0.3141016953125 0.49659879843750004 0.299660284375
1592 0.5389556203125 0.301405534375 0.5443697609375 0.28533598125 0.5287992484374999 0.2726286515625 0.517968190625 0.2711064453125 0.5122641078125 0.28923905625 0.5269647890625 0.3081355609375 0.53479883125 0.319755603125 0.5389556203125 0.301405534375
1809 0.4898158453125 0.13461002187499999 0.4224123765625 0.1314485046875 0.40955726875 0.211690328125 0.48102272968750004 0.21963033593749998 0.4898158453125 0.13461002187499999
1809 0.323884553125 0.3048401859375 0.400184265625 0.300836759375 0.41013715624999997 0.2075642109375 0.33200020625 0.21341323750000002 0.323884553125 0.3048401859375