369 0.633636046875 0.6200699703125 0.6108141578125 0.6148621484375 0.58973193125 0.622032675 0.6010397453125 0.70249195625 0.6315981046875 0.7066124890625 0.6415593296875 0.6989011078125 0.633636046875 0.6200699703125
1354 0.224191396875 0.5808385203124999 0.0894764796875 0.6439514234375 0.14710275781249998 0.762081025 0.3163432328125 0.6751816046875 0.248563359375 0.552167575 0.224191396875 0.5808385203124999
1354 0.3783408953125 0.55496660625 0.35358419375 0.558445934375 0.31809400781249997 0.5529147156249999 0.33520348125 0.6409738578125 0.4233992296875 0.628578753125 0.40851451406250006 0.5338955203125 0.3783408953125 0.55496660625
423 0.8553897171875 0.50264841875 0.8821760265625 0.5136105015625 0.8992827203125 0.63533095 0.9051819515625 0.6323980609375 0.8973590203124999 0.5093728625 0.9190211343750001 0.50632845 0.9323585578125 0.601229140625 0.9426097265625 0.5955808171875 0.9264676609375 0.5031781015625 0.95180425 0.5038248921874999 0.9734580296875001 0.6017644093750001 0.9815820171875 0.5922074265624999 0.979842353125 0.5798290749999999 0.9656350984375001 0.47873921093750005 0.9596521843750001 0.323898303125 0.9024998859375 0.3214114984375 0.9078081156250001 0.44899772968749996 0.8485258578125 0.47626357500000005 0.8553897171875 0.50264841875
1340 0.2894090046875 0.11304276093750001 0.1662081609375 0.10090420468750001 0.1995544953125 0.30449462031249996 0.31376429687499996 0.2863396734375 0.2894090046875 0.11304276093750001
1050 0.386110703125 0.1499436015625 0.394427059375 0.1529824296875 0.403905971875 0.1306121796875 0.4007165875 0.1079185375 0.3949177078125 0.06665736718750001 0.3763501828125 0.0692668640625 0.36706364062499997 0.1042329203125 0.3716079484375 0.114113296875 0.37325003749999996 0.1370243984375 0.386110703125 0.1499436015625
1917 0.561875084375 0.6932695390625 0.5635282875 0.5815354015625 0.528907934375 0.5821933609375 0.5469848125000001 0.665908925 0.561875084375 0.6932695390625
831 0.601828671875 0.517246025 0.58161905625 0.49694441874999995 0.61160030625 0.4632775265625 0.5964200890625 0.43385385468750004 0.5727283671875 0.42245685625 0.5660541 0.4423291296875 0.5485515546874999 0.43006230156249997 0.537430553125 0.4295214484375 0.520022803125 0.440383178125 0.520602690625 0.4445092953125 0.5122863328125 0.44147046718749994 0.46016065624999997 0.46352290468749996 0.45629103281249994 0.48089720625 0.46944164062500005 0.49587946875 0.48791159375 0.503802721875 0.533259871875 0.5794779265625001 0.5580165734375 0.5759985999999999 0.563241121875 0.545811034375 0.5802613546875001 0.5434189968750001 0.586355734375 0.5194206046875001 0.601828671875 0.517246025
135 0 0.332806646875 0.10700680781250001 0.3196051578125 0.073953196875 0.0844164921875 0 0.0775633421875 0 0.332806646875
412 0.5823636375000001 0 0.58523763125 0.006248728125 0.6043850453124999 0.0077653484375 0.601241925 0 0.5823636375000001 0
2011 0.7496333734375 0 0.53349669375 0.053492784375000005 0.5652901765625 0.3246232765625 0.9723232578125 0.29056038906250004 0.932858521875 0 0.7496333734375 0
1373 0.5282638109375 0.18466427968750002 0.506989215625 0.1792389984375 0.5030220171875001 0.2071460484375 0.4834898640625 0.180437809375 0.45544620468749997 0.17175624375 0.45834842187499997 0.15872551875000002 0.432139221875 0.18555086406250001 0.4273077484375 0.13994611875000001 0.41308938125 0.1735014921875 0.403808396875 0.14114493125 0.391912359375 0.1575434609375 0.3996460515625 0.19011748281250002 0.35641661875 0.2193348640625 0.3741115359375 0.24419750312500002 0.344905321875 0.2609250125 0.3345538 0.31076739531249997 0.3461543375 0.35962842500000003 0.3565003015625 0.3771086609375 0.3839640734375 0.381664109375 0.379996875 0.409571159375 0.3892778609375 0.44192772031249994 0.41113234375 0.45147911875 0.42950750156249995 0.4362738140625 0.42892483437499995 0.46580900625000005 0.45329401875 0.4707993703125 0.45832341874999993 0.4616773046875 0.5762104734375 0.41355224843749994 0.5773813624999999 0.28715924375 0.5464382624999999 0.2578470953125 0.5282638109375 0.18466427968750002
882 0.48480589218750003 0.6388828765625 0.496214059375 0.675148096875 0.5174886546875 0.6805733765624999 0.5131450515625 0.58230488125 0.5002843875 0.569385678125 0.48655111250000005 0.5839386078125 0.5025063656250001 0.5964228953124999 0.5019236984375001 0.6259580890625001 0.48480589218750003 0.6388828765625