1567 0.4562556703125 0 0.4160482671875 0.00708965 0 0.0809905859375 0 0.5142843046875 0.0833769296875 0.9974024984375 0.16053734375 1 0.532244215625 1 1 0.9165400703125 1 0.4610546390625 0.9187036281250001 0 0.4562556703125 0
316 0.640196521875 0.690423084375 0.636253890625 0.5768827828124999 0.3863009671875 0.603820903125 0.3868182015625 0.7027337953125 0.640196521875 0.690423084375
323 0.8290940453125 0.672346753125 0.5837871359375 0.7016388640625 0.5885162671875 0.8004437265625001 0.83813020625 0.781181078125 0.8290940453125 0.672346753125
316 0.8499586140625001 0.7714797109375 0.9293066640625 0.7847781 0.96235065 0.7802208359375 0.9384606312500001 0.6543317562500001 0.83232916875 0.66669918125 0.8499586140625001 0.7714797109375
316 0.6121468125 0.4497626921875 0.6205793609375 0.559972734375 0.9190129625000001 0.5200436703125 0.9002506468749999 0.404039346875 0.6121468125 0.4497626921875
316 0.5928686359374999 0.311636871875 0.5990086578125 0.41844329687500004 0.8899744593750001 0.36015711875 0.8693403453125 0.252733184375 0.5928686359374999 0.311636871875
316 0.38835153437500003 0.3515066046875 0.388529784375 0.45809496875000005 0.5971502515625 0.41750170156250005 0.5863032515625 0.3127945265625 0.38835153437500003 0.3515066046875
323 0.19373883593750002 0.5051346999999999 0.1899832125 0.6086088625 0.3654853375 0.5865480859375001 0.4135184984375 0.580617109375 0.41091240312500005 0.4890535984375 0.36547658125 0.4761219859375 0.19373883593750002 0.5051346999999999
316 0.34200728593749996 0.3622169125 0.345098334375 0.2645717078125 0.1402898171875 0.31718565781249997 0.13857548749999998 0.40824169374999997 0.34200728593749996 0.3622169125
323 0.641193215625 0.292961678125 0.6249150718750001 0.27742734687500004 0.6144546234375 0.1701134453125 0.3550341640625 0.23933801250000003 0.35932917343750004 0.33568085625 0.3768621109375 0.35353249999999997 0.641193215625 0.292961678125
323 0.8743253453125 0.2474117015625 0.85317536875 0.11786627031250001 0.8347474015625 0.1141345609375 0.6158789109375 0.168593021875 0.63027323125 0.279021125 0.6479756609375 0.2930350328125 0.8743253453125 0.2474117015625
323 0 0.5232411765625 0.0016537562499999998 0.53392735 0.14488499999999999 0.5112103828125 0.1815848375 0.5129895531249999 0.1788702109375 0.42081053749999997 0.1467688234375 0.4163166109375 0 0.4528575734375 0 0.5232411765625
323 0.180890209375 0.7346019640625 0.186236346875 0.8225091250000001 0.387491534375 0.8073309375 0.432411496875 0.7981410531249999 0.424325315625 0.71389024375 0.3781029921875 0.7156940703125 0.180890209375 0.7346019640625
323 0.624579690625 0.8657992765625 0.49988356874999995 0.8160720625 0.4498091140625 0.834421165625 0.41957952656249997 0.82134685 0.3525965265625 0.8445813093749999 0.3713038890625 0.9218821828125 0.47683311093749997 0.987681871875 0.5538946453125 0.9544199531249999 0.5938503828125 0.97466426875 0.649513453125 0.9496179687499999 0.624579690625 0.8657992765625
323 0.3803701046875 0.8149330546875 0.1555458515625 0.8260167624999999 0.1114063796875 0.8636278984375 0.11778887656249999 0.8758299671875 0.1294953609375 0.8750350812500001 0.113550190625 0.89498196875 0.14030818750000001 0.9651515249999999 0.3227220671875 0.9678923265625 0.369879603125 0.92340260625 0.3513893 0.8473327421875 0.373791325 0.8256126953124999 0.3803701046875 0.8149330546875
323 0.426787334375 0.7134561234375 0.43185545156250005 0.8045855156249999 0.5712345625 0.798413825 0.5878650859375 0.7967506984375 0.5784289765625 0.7000450859375 0.426787334375 0.7134561234375
323 0 0.15568606093749998 0.0142363828125 0.221368934375 0.1970696125 0.159302346875 0.227095534375 0.161623665625 0.21671682812499998 0.07396924218749999 0.1827570328125 0.0685337203125 0 0.13617462656249998 0 0.15568606093749998
316 0.096602496875 0.227788740625 0.10010362187499999 0.30523231875 0.287834103125 0.2613414625 0.30260621875 0.2587367390625 0.30147197812500004 0.17072155 0.2926140640625 0.1684755890625 0.096602496875 0.227788740625
316 0.5472324109375 0.09121278125 0.31308332499999997 0.15978917343750002 0.3166795859375 0.2473702421875 0.5589134796875 0.1862532640625 0.5472324109375 0.09121278125