407 0.1640224859375 0 0.5872888203125 0.0949412921875 1 0.1242539109375 1 0.080450184375 0.5437443328125 0 0.1640224859375 0
1050 0.621901575 0.03361378125 0.7182600203125 0.030771825000000003 0.615675878125 0.012683471875 0.5732484328125 0.0171019 0.621901575 0.03361378125
1050 0.4458546109375 0.0422370546875 0.494507753125 0.0587489359375 0.5895467328125 0.059640831250000005 0.55243430625 0.045163889062500004 0.4458546109375 0.0422370546875
1050 0.6028994140624999 0.07389480000000001 0.643858746875 0.08905005625 0.7574539390624999 0.0971804234375 0.7088007968750001 0.080668540625 0.6028994140624999 0.07389480000000001
16 0.24608546874999998 0.3203666703125 0.25897341875 0.24727547031250002 0.23657029999999998 0.2393586859375 0.20194815312499997 0.23325386718750002 0.185891609375 0.3018198484375 0.21915713124999997 0.315618478125 0.24608546874999998 0.3203666703125
517 0.2967641578125 0.2579055078125 0.2795739625 0.31040555468750003 0.3096708921875 0.319678965625 0.3418027609375 0.3174116609375 0.3467739265625 0.266723578125 0.2967641578125 0.2579055078125
517 0.38727792031249997 0.26196599531250003 0.38388635312499997 0.281200521875 0.37619254375 0.2798438953125 0.37076603750000003 0.3106191375 0.3809501265625 0.3203478875 0.43548511406249996 0.3259973671875 0.4443031859375 0.2759875984375 0.38727792031249997 0.26196599531250003
16 0.4488284046875 0.27281900625 0.444990890625 0.339573021875 0.46354710312499997 0.34681149375000003 0.491153753125 0.34771277968750003 0.503363390625 0.2784684859375 0.4648943390625 0.271685353125 0.4488284046875 0.27281900625
517 0.96545675625 0.4472112375 0.9419199859375 0.42322851874999995 0.9505150828125 0.3969784953125 0.8819491015625 0.3809219515625 0.8581987484375 0.4481313078125 0.9197492328125 0.45898431874999995 0.953014753125 0.4727829484375 0.96545675625 0.4472112375
16 0.8505049375 0.44677468124999997 0.8756119171875 0.371871515625 0.7832861906249999 0.3555919984375 0.7697199265625 0.4325301046875 0.7952916375 0.4449721078125 0.8505049375 0.44677468124999997
16 0.7282958640625 0.3300296796875 0.6468325390625 0.3196320078125 0.6384698078125 0.389554615625 0.6570260203125 0.3967930875 0.7160862265625 0.399273975 0.7282958640625 0.3300296796875
627 0.18205409687500002 0.368573865625 0.205813840625 0.3687968390625 0.2080717546875 0.333496378125 0.47757809843750004 0.35721855625 0.470116653125 0.3995345140625 0.497723303125 0.40043580156249997 0.5058630625 0.3542729390625 0.5097099671875001 0.3549512515625 0.49386700625 0.33232515937499996 0.162810178125 0.29774996875 0.1607752390625 0.30929068593750003 0.1723159546875 0.311325625 0.155804071875 0.3599787671875 0.18205409687500002 0.368573865625
433 0.36103728749999997 0.3208032265625 0.33795585625 0.316733346875 0.322568234375 0.31402009531249997 0.31465145 0.3364232125 0.307412978125 0.35497942656250003 0.279806328125 0.35407813906249996 0.26804263906250003 0.37580294531249997 0.309680284375 0.3871112953125 0.35335286875 0.38687892968750004 0.3560661203125 0.3714913078125 0.36081431406250003 0.34456297187499996 0.36103728749999997 0.3208032265625
627 0.5490896984375 0.40156006250000004 0.5518029515625 0.3861724421875 0.8828691718749999 0.48817996093750005 0.9021036984374999 0.49157152656249997 0.9736059062500001 0.468480703125 0.561754675 0.3522286078125 0.5149134984375 0.34793575468750004 0.509031653125 0.35879815625 0.5237409625 0.365358315625 0.51763614375 0.39998046249999997 0.5490896984375 0.40156006250000004
627 0.015968246875 0.4106856328125 0.0628094234375 0.4149784859375 0.1103289140625 0.4154244328125 0.09969887656250001 0.45321517343749995 0.15740245625 0.4633898703125 0.15966036875 0.42808940937499995 0.48754860625 0.45813938125 0.48732563124999995 0.4818991265625 0.5373354 0.49071719687500004 0.5382366875 0.46311054687500003 0.768595665625 0.4838965 0.7620355078125 0.49860580781249997 0.7812700328125 0.5019973734375001 0.78918681875 0.47959425468749994 0.8014058468749999 0.4777822890625 0.8047974124999999 0.4585477625 0.712016346875 0.42235540625 0.021617726562500002 0.35615064531249996 0.015968246875 0.4106856328125
676 0.02546463125 0.3568289578125 0.12050361093749999 0.357720853125 0.151473653125 0.13709062656249998 0.06299483125000001 0.1214894234375 0.02546463125 0.3568289578125
637 1 0.5246993265625 0.991716171875 0.5232386640625 0.004659896875 0.4523232765625 0 0.4853752390625 0 0.5650569859375 0.31943720781249996 0.57922419375 0.3110744765625 0.6491468015625 0.36696609062499996 0.6471024703125 0.375328821875 0.5771798625 0.7817347640625 0.5893425421875 0.7722383796875001 0.6431992156249999 0.8152326515625001 0.64681375625 0.8331011593750001 0.590466803125 0.9902862156250001 0.5988339390624999 1 0.54374433125 1 0.5246993265625
433 0.36919582812499996 0.409505021875 0.354263546875 0.42670460937500004 0.347025075 0.445260821875 0.3180617984375 0.4520533453125 0.30380782968750003 0.46540602656249996 0.420571615625 0.4780616125 0.4316569921875 0.4601837125 0.4343702453125 0.444796090625 0.43594984531250003 0.4133425359375 0.401327696875 0.4072377171875 0.36919582812499996 0.409505021875
433 0 0.63134315625 0.0067230109375 0.64307955 0.1743978515625 0.6369465562500001 0.1798243578125 0.6061713140625 0.20584201562499999 0.5710938265625 0.2060649890625 0.5473340828125 0.2017627453125 0.5267429296875 0.1472277578125 0.52109345 0.084320646875 0.5179342499999999 0.06689808593749999 0.5267617125 0.0447273328125 0.5625175125 0.02481449375 0.5629728515625 0 0.5585973875 0 0.63134315625
637 0 0.8863531124999999 0.4928084859375 0.8557178609375 0.46454230625 0.9935281375 0.5319746359375 0.9935187453125 0.5525470046875001 0.8543518421874999 0.946501553125 0.824653903125 0.9777039593750001 0.6476962609375 0 0.645406365625 0 0.8863531124999999
1104 0.919549815625 1 0.9218593046875 0.9869022390625 0.933613603125 0.897745103125 0.755512915625 0.7830444328125 0.5649890078124999 0.8287801312499999 0.574494784375 0.8423557875000001 0.5627310953125 0.8640805921875 0.572915184375 0.8738093421875 0.5554926234375 0.8826368062500001 0.5917037625 0.9247203984375 0.579484734375 0.9265323640625001 0.5817520390625 0.9586642328125 0.5674980703125 0.9720169140625 0.5870920374999999 1 0.919549815625 1
1939 1 0.1274262734375 0.579595009375 0.093584665625 0.522849065625 0.4603972953125 0.9783822734375001 0.6438493546874999 1 0.5212491359375 1 0.1274262734375
1939 0.08727848906249999 0 0.07520446875 0.052245128125 0.0139333078125 0.42222634843750007 0.522849065625 0.4603972953125 0.579595009375 0.093584665625 0.1783983390625 0 0.08727848906249999 0
819 0.919549815625 1 0.9442436390625 0.8599543640625 0.9783822734375001 0.6438493546874999 0.526695971875 0.4610756078125 0.0139333078125 0.42222634843750007 0 0.5012460640625 0 0.9155833046874999 0.47875086875 1 0.919549815625 1