2001 0 0.42380449374999996 0.19634563124999999 0.3750494984375 0.1248412015625 0.058437312500000005 0 0.080450184375 0 0.42380449374999996
2001 0.466084340625 0.30765473593750003 0.41317591093750006 0.0075961234375 0.16706666875 0.05099182343749999 0.230289465625 0.365097775 0.466084340625 0.30765473593750003
2001 0.45625566875 0 0.447798059375 0.0014913046875 0.5007064875 0.3015499171875 0.6602415703125 0.26152004687499997 0.61766835625 0 0.45625566875 0
627 0.4424630453125 0.93852841875 0.461697571875 0.935136853125 0.6042654328125 0.86636668125 0.624614828125 0.9817738390624999 0.66240556875 0.9711438015624999 0.6406995453125 0.8480428328125 0.9824145859375 0.64896139375 0.975176115625 0.63040518125 0.3298348796875 0.5022391296875 0.011563467187499999 0.6093240109375 0.0258157625 0.6901527921875 0.4334126078125 0.9321912359375 0.4424630453125 0.93852841875
630 0 0.54374433125 0.000753490625 0.5480175890625001 0.21284812187500002 0.49113497031250003 0.057624675 0.4431413578125 0 0.45935042031249995 0 0.54374433125
627 0.6113466703125 0.38913684375 0.6079551046875 0.3699023171875 0.3932161140625 0.34430243125 0.2234969421875 0.3940610515625 0.228245134375 0.42098938906249994 0.40904029062499997 0.4565409984375 0.60116258125 0.39886559374999997 0.5991276421875 0.38732487656250003 0.6113466703125 0.38913684375
627 0.843062275 0.37604470156250003 0.8552813046875001 0.3778566671875 0.8419380140625 0.32467830625 0.960290790625 0.276043946875 0.71567784375 0.2834772171875 0.57854588125 0.31559030312499997 0.581937446875 0.3348248296875 0.834244203125 0.32603493281249996 0.843062275 0.37604470156250003
627 0.61675439375 0.55477674375 0.6334986406249999 0.5597573015624999 0.6178974375 0.4712784796875 0.9971426765625001 0.5075365781250001 0.99895464375 0.49531754843750003 0.9806401875 0.39145110625 0.767257821875 0.37354503125 0.56178285 0.4454744046875 0.564496103125 0.46086202500000006 0.5889341609375001 0.46448595625 0.601831503125 0.470144828125 0.61675439375 0.55477674375
433 0.63466046875 0.34139437968749997 0.6204065 0.3280416984375 0.599815346875 0.323739453125 0.5844277250000001 0.32645270625 0.577412228125 0.3316562375 0.578313515625 0.3592628875 0.6072767921875 0.3660554109375 0.607499765625 0.38981515624999996 0.6063661125 0.405881090625 0.6160948640624999 0.4160651796875 0.6276355796875001 0.414030240625 0.6500386984375 0.40611345625000006 0.7210949578125 0.38168478906250003 0.670183903125 0.3628962109375 0.6439338796875 0.3714913078125 0.63466046875 0.34139437968749997
433 0.532605990625 0.34748980625 0.522412509375 0.4246508859375 0.42895313125 0.4569963375 0.44456372499999997 0.4780428296875 0.443653046875 0.5178685078124999 0.4497672578125 0.4850583265625 0.5221801453125 0.4683234703125 0.54910848125 0.463575278125 0.6063473296875 0.5407457499999999 0.5620058234374999 0.46923415 0.5755908703125 0.41130759687499996 0.5769568890625 0.3515690765625 0.532605990625 0.34748980625
433 0.1766463734375 0.465786234375 0.20832290312500001 0.487966378125 0.21261575625 0.5348075546875 0.20945655625 0.47190044374999995 0.2137588 0.4513092921875 0.1904543953125 0.43161942499999995 0.1766463734375 0.465786234375
433 0.577114121875 0.847355128125 0.6488393046875001 0.8942056968750001 0.6791592078125 0.9086920296875001 0.6931902015625 0.8982849671875 0.7359614999999999 0.8709106828125 0.7393436734375001 0.9575775375 0.7508843890625 0.9555425984375001 0.7583646171875 0.8629938984375001 0.8984422000000001 0.8025958484375 0.9239951281250001 0.9250185046875 0.93553584375 0.922983565625 0.8876079718750001 0.60618070625 0.8835380921875 0.5830992734375 0.880824840625 0.567711653125 0.8511832500000001 0.5570722234375001 0.7855628859375 0.544843803125 0.6930141859375001 0.537363575 0.6785278515625001 0.567683478125 0.6868718015625 0.7724707453125 0.577114121875 0.847355128125
1939 0.456255665625 0 0 0.080450184375 0 0.5437443281250001 0.0088733734375 0.5940677296875 0.7134011484375 0.383041415625 0.642231340625 0 0.456255665625 0
1939 0.6418941015625 0 0.7095542421875 0.3837197296875 0.983130465625 0.38307898281249997 0.912314165625 0 0.6418941015625 0
819 1 0.4963271640625 0.9792835609375 0.3837572953125 0.7088759296875 0.3798728234375 0.0088693203125 0.59404475 0.080450184375 1 0.49875393749999997 1 1 0.9116167953125001 1 0.4963271640625