407 0.473796115625 0 0 0.049797978124999996 0 0.1397061328125 0.09746909687500001 0.1456032640625 0.9462099281249999 0.036758175 0.9423464890625001 0 0.473796115625 0
1050 0.23733546875 0.0562751484375 0.13755428281249998 0.0785458734375 0.2215860421875 0.09328038125 0.3140058421875 0.075711134375 0.23733546875 0.0562751484375
1050 0.636658509375 0.006449071874999999 0.517044753125 0.02687651875 0.5544582984375 0.046510796874999996 0.6632341312500001 0.0350779953125 0.636658509375 0.006449071874999999
477 0.6744686390625 0.1045970015625 0.6810133984375 0.0921258203125 0.6793801421875 0.076586415625 0.6746786625000001 0.069225028125 0.6622074796875 0.06268026875 0.6536211484375001 0.05572719375 0.638490059375 0.061245303125 0.6237672828124999 0.0706482625 0.621107375 0.0827111296875 0.6223323171875 0.09436568437500001 0.6321435906249999 0.1129733109375 0.6519761609375 0.114816590625 0.663630715625 0.11359164687500001 0.6744686390625 0.1045970015625
254 0.9678505875000001 0.24265528593750002 0.90569296875 0.24918831406250003 0.894470190625 0.1050405078125 0.4092721109375 0.159964646875 0.42927951093749994 0.3503223546875 0.9739753015625 0.300928053125 0.9678505875000001 0.24265528593750002
685 0.2546946921875 0.184066921875 0.1459188609375 0.1954997234375 0.1700094046875 0.424705940625 0.27919355156250003 0.4171579921875 0.2546946921875 0.184066921875
634 0.2235806921875 0.41121983906250004 0.004185748437499999 0.453918009375 0.023178228125 0.5972491875 0.236436728125 0.57090705 0.35523385625000004 0.5427099015625 0.35585219375 0.5112227781249999 0.3390995765625 0.42657268125 0.3464609640625 0.4218712015625 0.341759484375 0.4145098140625 0.2235806921875 0.41121983906250004
627 0.13562888906249998 0.6207800484375 0.1628228484375 0.6179218484375 0.163441184375 0.5864347249999999 0.2399132640625 0.5666138843749999 0.2296936765625 0.54412140625 0.27774685625 0.5155042140625 0.071651453125 0.49788804531249997 0.000166671875 0.52778966875 0.00206278125 0.545829946875 0.1268442671875 0.5745701484375 0.13562888906249998 0.6207800484375
433 0.0377027125 0.548589403125 0.02175499375 0.546337809375 0.033199525 0.5804848406249999 0.047712278125 0.60645385625 0.1239743359375 0.622004990625 0.11212149062500001 0.5839731078125 0.093315571875 0.5545275562499999 0.0691898359375 0.5492077390625 0.0377027125 0.548589403125
1536 0.3297435375 0.113334703125 0.3377115328125 0.1517749 0.55444656875 0.121139596875 0.547295203125 0.0904691015625 0.3297435375 0.113334703125
627 0.7156966546875 0.5715957687500001 0.699154059375 0.45157369843749995 0.7069237625 0.45075706875000005 0.7118352640625 0.4227464828125 0.385099453125 0.4531600328125 0.3521773640625 0.4762591171875 0.35258567812499997 0.48014396875000004 0.36424023125 0.47891902656249996 0.367506746875 0.5099978359375 0.6705251359375 0.47814931875 0.6966807125 0.5775221921875 0.7156966546875 0.5715957687500001
433 0.4568583234375 0.5006066062500001 0.5229007921875 0.4936652625 0.5294455515625 0.48119408124999996 0.5106396328125 0.4517485296875 0.49898507968750005 0.45297347187500003 0.4480737 0.45439670625 0.44970695781250003 0.46993611093750004 0.4435705125 0.4862921453125 0.45215684375 0.49324521875 0.4568583234375 0.5006066062500001
634 0.8026100749999999 0.4642666328125 0.8453434390625001 0.459775175 0.8441184953124999 0.44812062187499996 0.9862247312499999 0.41747358749999997 0.9864347531250001 0.38210161249999997 0.9623090171875001 0.376781796875 0.7118352640625 0.4227464828125 0.7126518921875 0.43051618437499994 0.7290079265625 0.43665262968749996 0.7330910687500001 0.47550114218750006 0.7490387875 0.4777527359375 0.74740553125 0.46221333124999997 0.8026100749999999 0.4642666328125
634 0.795645271875 0.5474817640625 0.7968702140625 0.5591363171875 0.8314255609375 0.5515766375 0.831017246875 0.5476917859375 0.9995008109375 0.50641685 0.9919411312499999 0.4718615046875 0.9874496734375 0.42912814062500004 0.6950591859374999 0.4873539875 0.695875815625 0.49512368906250004 0.7126401625 0.5051449859375 0.72346635625 0.570779140625 0.7580217031250001 0.5632194609375001 0.7555718171875 0.539910353125 0.795645271875 0.5474817640625
433 0.8931748640625001 0.5411587578125 0.9813014984375 0.520112975 0.9802865781250001 0.473086446875 0.968223709375 0.47042653906250004 0.9336683640624999 0.47798621875 0.899929646875 0.49331560156250004 0.8937932015625 0.509671634375 0.8915416078125 0.525619353125 0.8931748640625001 0.5411587578125
634 0.64883755625 0.5707674109374999 0.668028328125 0.7533554140625001 0.687452584375 0.7513138421875001 0.6762415374999999 0.5325372359375 0.6797180734375 0.5282440703125 0.6911743343750001 0.4877623015625 0.28510824375 0.5108027328125 0.23828000781249997 0.5510744796875 0.23909663593750002 0.5588441828125 0.25545266875 0.564980628125 0.27934492187500004 0.7549300203125 0.3030623421875 0.756364984375 0.28591314218749997 0.5932012359375001 0.64883755625 0.5707674109374999
433 0.40880514375 0.5292237984375 0.3687316890625 0.5216523890625 0.322113475 0.5265521609375 0.3073907 0.5359551203125 0.3098405859375 0.5592642265625 0.314542065625 0.566625615625 0.3308980984375 0.572762059375 0.33253135624999997 0.5883014640625001 0.4024586765625 0.5809518078125 0.43394579999999994 0.5815701437499999 0.44008224531250006 0.5652141109375 0.412479971875 0.564187459375 0.41554819531250003 0.5560094421875 0.41739147499999996 0.5361768734375 0.40880514375 0.5292237984375
433 0.601811028125 0.57178233125 0.6005860859375 0.5601277765625 0.6036543078125 0.5519497609374999 0.61408391875 0.5390702640625 0.604680959375 0.5243474890625001 0.5922097765625 0.5178027296875001 0.5766703718749999 0.5194359859375 0.52964384375 0.52045090625 0.5028582 0.5271939578125 0.5022398640625 0.5586810812499999 0.518595896875 0.5648175265625001 0.5159359890624999 0.57688039375 0.601811028125 0.57178233125
634 0.584824928125 0.671761809375 0.614631871875 0.9553559437500001 0.634056128125 0.9533143718750001 0.6193802734375 0.6642021296875 0.6302181984375 0.655207484375 0.6508791281249999 0.590191665625 0.1274508734375 0.617711825 0.043815696875 0.6814909703125 0.045040640625 0.6931455234375 0.0644648953125 0.6911039531250001 0.07508106718749999 0.7921100828125 0.102275025 0.7892518828124999 0.09288379687500001 0.69990030625 0.584824928125 0.671761809375
433 0.21759561718749998 0.7653479 0.21637067499999998 0.753693346875 0.2306851359375 0.7404055359374999 0.2270103078125 0.705441875 0.20861270312500002 0.679881175 0.189188446875 0.6819227453125001 0.14216191875 0.6829376671875 0.102496778125 0.6792511078125 0.100851790625 0.738340503125 0.1172078234375 0.7444769484375 0.12169928125 0.7872103109374999 0.30980539375 0.783150628125 0.3228949125 0.7582082640625 0.21759561718749998 0.7653479
433 0.558645890625 0.7216465375000001 0.5721437234375 0.700589025 0.5641757296875001 0.6621488281250001 0.544343159375 0.6603055484375 0.4269809953125 0.6647852750000001 0.42432108749999997 0.67684814375 0.429220859375 0.72346635625 0.44291698437499993 0.7416656703125 0.4353455734375 0.7817391234375 0.5958494140624999 0.776652790625 0.5823633109374999 0.723081503125 0.558645890625 0.7216465375000001
630 1 0.53849478125 0.9964325890625 0.5145948671875 0.6547639796875 0.5897833515625 0.65517229375 0.593668203125 0.680522971875 0.6106425734375 0.6870442703124999 0.7474289921875 0.7181230796875 0.7441624765625 0.704847 0.6552192156250001 0.7745642984375001 0.6832415328125 0.7841655484375 0.737221134375 0.81483604375 0.73006976875 0.8101462953125 0.6480795796875001 1 0.6057050609375 1 0.53849478125
433 1 0.5849197171875 0.9882428421875 0.5861554453125 0.9540958093749999 0.597599975 0.941006290625 0.622542340625 0.9512258796875 0.64503481875 0.9675819125 0.6511712625 0.9583772453125 0.6757053125 0.835695265625 0.704310775 0.86104594375 0.7212851453125 1 0.6960600875 1 0.5849197171875
630 1 0.69604561875 0.5989176375 0.7684747749999999 0.597482671875 0.7921921953125 0.62794314375 0.8204128046875001 0.6407991796875 0.9801000156249999 0.6800560046874999 0.9799017250000001 0.671073090625 0.8944349984375 0.744056903125 0.953536125 0.741805309375 0.96948384375 0.796193225 0.9637674437499999 0.7949682828125 0.952112890625 1 0.8875374812500001 1 0.69604561875
426 1 0.8317050531250001 0.9984272390625 0.8325343249999999 0.979411296875 0.8384607468749999 0.9522173390625 0.841318946875 0.9060074390624999 0.8501035703125 0.8593892249999999 0.8550033421875 0.8442581359375 0.86052145 0.833828525 0.8734009468749999 0.82073900625 0.8983433109375 0.8240055203125 0.9294221203124999 0.8260470921874999 0.9488463765624999 0.8350417374999999 0.9596842999999999 1 0.9454290171874999 1 0.8317050531250001
630 0.488833684375 1 0.524661959375 0.9962342968750001 0.5148506859374999 0.9776266703125 0.5387781296874999 0.9436896593749999 0.5440862156249999 0.9941927250000001 0.5825264125 0.9862247312499999 0.56701046875 0.8386003875 0.5927811921874999 0.7848308078125 0.5880797125 0.7774694203125 0.0276802515625 0.7895638890625001 0.049339009375 0.9956332015625 0.245540440625 1 0.488833684375 1
426 0.39286501406249996 1 0.40873476093749994 0.976996603125 0.40853646875000005 0.9377397765625 0.3966836234375 0.8997078937499999 0.3833958125 0.88539343125 0.3588617640625 0.8761887640625 0.3316678046875 0.8790469640625 0.2613321703125 0.8825117703125 0.2216670296875 0.8788252125 0.1824102046875 0.8790235031250001 0.1629859484375 0.8810650750000001 0.1417184125 0.9029392171874999 0.14069176249999998 0.9305414890625 0.15091135 0.9530339671875 0.1576544015625 0.9798196109375 0.173424103125 1 0.39286501406249996 1
1939 0.989899559375 0.4524372484375 0.9586693796875 0.117931734375 0.9462099281249999 0.036758175 0.093584246875 0.146011578125 0.1419870875 0.4944232390625 0.989899559375 0.4524372484375
1939 0 0.526203884375 0.0038094984375000003 0.562448840625 0.13810223593749998 0.49483155312499993 0.0896993953125 0.1464198921875 0 0.1427138734375 0 0.526203884375
819 1 0.5681328046874999 0.9860147078124999 0.4528455625 0.13810223593749998 0.49483155312499993 0.0042067765625 0.5662286953125 0.0497979765625 1 0.4514634796875 1 1 0.9423464890625001 1 0.5681328046874999