1263 0.19360790781249998 0.079189396875 0.13918939375 0.8932493765625 0.7782947328125001 0.9283929109375 0.8397520796875 0.1211898421875 0.19360790781249998 0.079189396875
198 0.33021873749999997 0.84932505625 0.44970497343750004 0.860862703125 0.4449965734375 0.8923570125 0.44998439375 0.89270579375 0.47844582031250005 0.5573663578125 0.3537503140625 0.5486467984375001 0.32661758125 0.8649850156250001 0.31985816875 0.8899711921875 0.3300552578125 0.8875018875 0.33021873749999997 0.84932505625
198 0.5830474265625 0.889281046875 0.5798891687500001 0.898607265625 0.589643359375 0.9024717015625001 0.59052915625 0.8898042203125 0.58869959375 0.8801292203125 0.6079076984375 0.56960156875 0.4832121921875 0.560882009375 0.4660551 0.8779177921875 0.4610672796875 0.877569009375 0.457244675 0.8963958375000001 0.46722031406250003 0.897093403125 0.4671623453125 0.8620834421874999 0.58481901875 0.8639460874999999 0.5830474265625 0.889281046875
1814 0.46913452656250004 0.54716818125 0.47422785625 0.474330171875 0.4195832828125 0.467326696875 0.41133169531249997 0.549490925 0.46913452656250004 0.54716818125
296 0.2758535828125 0.8741646718749999 0.291481390625 0.865710409375 0.2925886359375 0.8498760593749999 0.294581678125 0.8213742281249999 0.2852703859375 0.8111760531250001 0.28094691250000003 0.8013266609375 0.272800834375 0.8103040968749999 0.2682559125 0.803621575 0.25761592499999997 0.8124246203125001 0.2532924515625 0.802575228125 0.24830463125 0.8022264453125001 0.24786173281249999 0.8085601859375 0.24060145156249998 0.8048701421875 0.23267682343749999 0.8106807078125 0.21882060781249998 0.7938000109375001 0.21111742812499998 0.7964437078125 0.2031928 0.8022542749999999 0.19981309375 0.8147473625 0.1896160046875 0.8172166687500001 0.181306446875 0.8643709375 0.2159997390625 0.8699792828125 0.23844493125000002 0.8715488046875001 0.253629840625 0.8694282812499999 0.2758535828125 0.8741646718749999
316 0.66179284375 0.8024991609375001 0.626656653125 0.8032245546875 0.621120425 0.8823963046875001 0.6254438984374999 0.892245696875 0.6603586406249999 0.8946871734374999 0.6663377671874999 0.8091816843749999 0.66179284375 0.8024991609375001
994 0.76048954375 0.7171124046874999 0.7534507109375 0.7102554921875 0.753893609375 0.7039217515625 0.7464118796875 0.7033985781250001 0.7457475312499999 0.7128991890624999 0.7403168140624999 0.7188841453125 0.73715855625 0.7282103640625001 0.736494209375 0.7377109749999999 0.7363307296875 0.77588780625 0.7664791 0.77481363125 0.7630414234375 0.7522967578124999 0.7620976578125 0.7299542765625 0.76048954375 0.7171124046874999
994 0.7280687125 0.7148453203125 0.7260177 0.7083371890625 0.7266820468749999 0.6988365796875 0.714212496875 0.6979646234375 0.7162635093749999 0.7044727546875 0.7101684421875001 0.719958321875 0.7088397484375 0.738959540625 0.7054600421874999 0.7514526296875 0.7016374359374999 0.770279459375 0.73405826875 0.7725465453125 0.734443196875 0.73120284375 0.729898275 0.7245203203125 0.7280687125 0.7148453203125
291 0.646434025 0.6995898015625001 0.6425534500000001 0.68340666875 0.6325778093750001 0.6827091046875 0.6314705640625 0.6985434546875 0.627869409375 0.7142034125000001 0.6265407140625 0.7332046328125 0.623883325 0.7712070734375 0.64361315625 0.775769071875 0.6480421390625 0.712431671875 0.646434025 0.6995898015625001
296 0.68788673125 0.6802119703125 0.6828989109375 0.6798631875 0.67885485625 0.7018568859375 0.6752537015625 0.7175168453125 0.6732026890625 0.7110087140625 0.66455574375 0.6913099296875 0.6656629890625 0.6754755796875 0.6581812593749999 0.67495240625 0.6566311140625001 0.6971204953125001 0.653029959375 0.7127804546875 0.646328515625 0.77277659375 0.69415570625 0.7697562859375 0.69542643125 0.7157451046875 0.6865580359375001 0.699213190625 0.68788673125 0.6802119703125
183 0.65645720625 0.5920906125000001 0.61633319375 0.5924672234374999 0.617777828125 0.643485925 0.717312784375 0.6536284421875 0.723792778125 0.596799175 0.65645720625 0.5920906125000001
183 0.724794515625 0.654151615625 0.78714226875 0.6585113953125 0.7877486453125 0.614000825 0.7254008921875 0.6096410453125001 0.724794515625 0.654151615625
296 0.6877603609375 0.4669853328125 0.67844906875 0.45678715781249996 0.6804421109375001 0.42828532812500003 0.6704664703125001 0.42758776249999997 0.664592853125 0.4399064609375 0.6653151703125 0.4654158125 0.6598844515625 0.47140077031249994 0.6598264828125 0.4363908078125 0.644863021875 0.4353444609375 0.6424270812499999 0.47018003124999996 0.6378821593749999 0.46349750937499995 0.639432303125 0.44132941875 0.6269627515625 0.44045746250000006 0.6254126078125 0.462625553125 0.614329721875 0.4777623390625 0.608514075 0.525090996875 0.6359470875000001 0.5270093 0.6608861874999999 0.5287532109375 0.6831099296875001 0.5334896015624999 0.6877603609375 0.4669853328125
994 0.7313220484375 0.48912559375000003 0.72384031875 0.4886024203125 0.723175971875 0.49810303125 0.7179667015625 0.50092111875 0.7157522109375 0.5325898171875 0.7379759531250001 0.5373262078125001 0.7404118937499999 0.5024906390625 0.7331516125 0.4988005953125 0.7313220484375 0.48912559375000003
183 0.25632433906249996 0.5800223718749999 0.2554965125 0.6276998125000001 0.325104546875 0.6357496359375 0.328426284375 0.5882465875 0.25632433906249996 0.5800223718749999
291 0.27017012500000004 0.45369635468749997 0.272384615625 0.4220276546875 0.262408975 0.42133008906249997 0.2599730359375 0.45616566093750005 0.254763765625 0.4589837484375 0.2514420296875 0.506486796875 0.2738872203125 0.50805631875 0.27765185468750003 0.454219528125 0.27017012500000004 0.45369635468749997
291 0.3023115375 0.4241203484375 0.2973237171875 0.42377156562499996 0.2957735734375 0.4459396578125 0.2905643046875 0.44875774531249996 0.28907212968749996 0.5059357953125 0.30154168124999997 0.5068077515625 0.3057492140625 0.446637221875 0.3009828421875 0.4431215703125 0.3023115375 0.4241203484375
183 0.2694953484375 0.31999025 0.2568043484375 0.3222851640625 0.24865827031249998 0.33126259999999996 0.23890407812499997 0.327398165625 0.22211105468749998 0.31667681718749996 0.20736904374999998 0.3124636 0.1817655953125 0.3202202984375 0.1859255890625 0.368246521875 0.210643240625 0.37315730468749997 0.2657307125 0.373827040625 0.2740402703125 0.326672771875 0.2694953484375 0.31999025
316 0.23229771562499998 0.1710007984375 0.21733425468749998 0.16995445 0.2070316546875 0.24561054843750002 0.2244890265625 0.2468312875 0.2390095890625 0.2542113734375 0.2497550859375 0.1722215359375 0.23229771562499998 0.1710007984375
316 0.23923103750000002 0.2510445046875 0.2866153296875 0.2543579359375 0.29464546875000003 0.17536057656249998 0.249976534375 0.169054665625 0.23923103750000002 0.2510445046875
316 0.3090605203125 0.25592745781250004 0.341481353125 0.2581945421875 0.342752078125 0.20418336093749997 0.315319065625 0.20226505781249998 0.3090605203125 0.25592745781250004
316 0.3439752625 0.258368934375 0.3691358125 0.256945975 0.3701850890625 0.20610166406250002 0.3452459875 0.2043577515625 0.3439752625 0.258368934375
1812 0.7848489468750001 0.3687567046875 0.7821915578125 0.4067591453125 0.8046367484375001 0.40832866562500003 0.8072941390624999 0.370326225 0.7848489468750001 0.3687567046875
1814 0.7471608765625 0.3342977453125 0.7422889953125 0.4039688859375 0.7674495453125 0.402545928125 0.772099978125 0.3360416578125 0.7471608765625 0.3342977453125
1814 0.70488034375 0.40135301874999996 0.73209190625 0.40643819218750005 0.732197415625 0.33325139843749996 0.7122461343750001 0.33185626875 0.70488034375 0.40135301874999996
1814 0.66497778125 0.39856275937499996 0.689695434375 0.40347354218750003 0.692516303125 0.3272942703125 0.6700711109374999 0.32572475 0.66497778125 0.39856275937499996
316 0.3828760890625 0.20380674999999998 0.3840992734375 0.2579923234375 0.4140261953125 0.2600850171875 0.41596126718750004 0.19657322500000002 0.393294628125 0.198170575 0.3828760890625 0.20380674999999998
291 0.5996248203125 0.22214565312499998 0.600732065625 0.20631130312499998 0.590756425 0.2056137375 0.58942773125 0.2246149578125 0.586712371875 0.2276074359375 0.5838335328125 0.268776746875 0.601290903125 0.2699974859375 0.6041697421875 0.228828175 0.5996248203125 0.22214565312499998
291 0.6184108859374999 0.204365171875 0.6084352453124999 0.20366760625000002 0.6068851015625001 0.22583569531249997 0.60394829375 0.2319950453125 0.6037848140625 0.27017187656249997 0.618748275 0.2712182234375 0.619133203125 0.22987452187500002 0.617303640625 0.2201995203125 0.6184108859374999 0.204365171875
1812 0.751088990625 0.242284125 0.7531979718749999 0.28380221875 0.7731492531249999 0.285197346875 0.7739770796875 0.2375199046875 0.76649535 0.23699673125 0.751088990625 0.242284125
994 0.60323640625 0.3496924078125 0.5882729453125 0.3486460609375 0.587830046875 0.3549798015625 0.5851146875000001 0.35797228125 0.58223585 0.399141590625 0.60717495 0.40088550312500004 0.6075598796875 0.3595418015625 0.6052874187499999 0.3562005390625 0.60323640625 0.3496924078125
994 0.6281755078125 0.3514363203125 0.61570595625 0.35056436406249997 0.6127691484375 0.3567237125 0.6098323406249999 0.3628830625 0.6073964000000001 0.39771863281250003 0.629841590625 0.399288153125 0.6324989796875 0.3612857140625 0.627732609375 0.357770059375 0.6281755078125 0.3514363203125
1275 0.2505086921875 0.62735103125 0.2619185375 0.5358605843750001 0.16465604218750002 0.529059328125 0.1605064796875 0.6242398171875 0.2505086921875 0.62735103125
316 0.3042199296875 0.7552187421875 0.30709876875000003 0.7140494312500001 0.23206001562499998 0.711984565625 0.22646581875 0.7561463546875 0.3042199296875 0.7552187421875
291 0.322004259375 0.6800858171875 0.3145225296875 0.67956264375 0.313193834375 0.6985638625 0.310478475 0.7015563421875 0.30671384062499996 0.7553931328125 0.32167730156249996 0.7564394796875 0.3227265765625 0.7055951671875 0.3211184625 0.692753296875 0.322004259375 0.6800858171875
323 0.5025258046875 0.177167565625 0.4698835234375 0.17806735 0.44743833281249995 0.1764978296875 0.4150175015625 0.17423074375 0.41629865625000007 0.26342627812499997 0.5511912515625 0.26967653281250004 0.5786242640625 0.271594834375 0.5821094796875 0.185914953125 0.5598857374999999 0.1811785625 0.5025258046875 0.177167565625
1939 0.0337424578125 0 0 0.482539621875 0 0.9066190578125 0.09817958593750001 0.90629346875 0.154976071875 0.0223879546875 0.8884070968750001 0.07049209375 0.8166471515625 0.953351259375 0.9635664 0.966807209375 1 0.46509818281250004 1 0.033742456250000004 0.5174603906249999 0 0.0337424578125 0
849 0.78078864375 0.9285673015624999 0.79170805 0.9516073468749999 0.8166471515625 0.953351259375 0.8884070968750001 0.07049209375 0.154976071875 0.0223879546875 0.09817958593750001 0.90629346875 0.12561259687499998 0.908211771875 0.1366954828125 0.8930749859375 0.19111399843750002 0.0790150046875 0.8372581703125 0.1210154515625 0.78078864375 0.9285673015624999
819 0.9612453328124999 1 0.96334495 0.9699740796875 0.79170805 0.9516073468749999 0.7785161828125 0.925226040625 0.13918939375 0.8932493765625 0.12311868749999999 0.9080373796875 0 0.9044815328125001 0 0.962960296875 0.5550732218750001 1 0.9612453328124999 1