407 0.28115103750000003 0 0.89719560625 0.1674154140625 0.8765335546875 0.1535963546875 1 0.13907350937500002 1 0.0729596578125 0.5393508546875 0 0.28115103750000003 0
856 1 0.39525190781249997 0.8897150703125 0.3811157890625 0.8907335249999999 0.374685528125 0.8276956484375001 0.36206468125 0.7988340265625 0.366721646875 0.6592779453125 1 0.9270403437500001 1 0.96950313125 0.7319005093750001 1 0.532733046875 1 0.39525190781249997
575 1 0.138804765625 0.8784519812499999 0.152581890625 0.912831928125 0.16857365 0.8929887187500001 0.28276073749999997 0.8759119656250001 0.36838308125 0.8907335249999999 0.374685528125 0.8897150703125 0.3811157890625 1 0.3931891140625 1 0.138804765625
1263 0.539667746875 0.21625368125 0.3033562515625 0.1656424765625 0.21755459843749997 0.8072548718749999 0.435766809375 0.8167683265625 0.5457119296874999 0.22248424218750001 0.5566114234375 0.22025560937500002 0.539667746875 0.21625368125
676 0.5486359359375 0.9031973656250001 0.669698834375 0.22762038437499998 0.6540625125 0.2264621484375 0.6432815 0.2168447203125 0.5470192843749999 0.225327934375 0.43855194375 0.8435757265625 0.5201816953125 0.9052822265625 0.5349180421875 0.9010246640625 0.5486359359375 0.9031973656250001
1939 0 0.6523833515625 0.07712305 0.462025778125 0.072334278125 0.4256728328125 0.009992684375 0.41975383749999995 0 0.4828451625 0 0.6523833515625
1939 0.110898359375 0.13779677031249998 0.055212021874999996 0.1342501765625 0.0450274859375 0.198552803125 0.0086853296875 0.41691014531250004 0.067393759375 0.42357201875 0.110898359375 0.13779677031249998
1939 0.169487290625 0 0.123560453125 0.0356554453125 0.06800483125 0.4197138609375 0.07924516718749999 0.45972526093750005 0 0.6486898875 0 0.7331486140625 0.037370092187499995 0.7352120890625 0.08742370625 0.8631063734375 0.19674684375 0 0.169487290625 0
1939 0.20197420937500002 0 0.0891384421875 0.8633779609375001 0.207692234375 0.858425384375 0.3037636328125 0.1630703734375 0.56387775 0.21876985468750001 0.6398520265625 0.21630154531249998 0.65618463125 0.22416163125000002 0.675454115625 0.2245769890625 0.5591945843749999 0.8587287015625 0.756133671875 0.8582812531249999 0.910709809375 0.17087416718749998 0.2960253078125 0 0.20197420937500002 0
1747 0.132587021875 0.4114862796875 0.13698300624999998 0.372633115625 0.11873197499999999 0.3657874953125 0.1115175890625 0.400239325 0.132587021875 0.4114862796875
819 0.6606575328125001 1 0.6891404609375 0.859535396875 0.55899089375 0.8600147546875 0.5537801453125 0.904012128125 0.53683646875 0.9000102 0.5184669578125 0.9050106390625 0.43512246875000005 0.8430325515625 0.4393999734375 0.8160254484375 0.21926933593750003 0.8075264593749999 0.2156548453125 0.86364148125 0.08742370625 0.8631063734375 0.039084828125 0.7354836765625 0 0.73420418125 0 0.9208125875000001 0.48354227187500004 1 0.6606575328125001 1
1527 0.3268448625 0.4501635828125 0.2819395375 0.45623441875 0.2730436828125 0.4680085921875 0.298764734375 0.47208240625000003 0.3206156609375 0.50059121875 0.365198815625 0.507652496875 0.3900198921875 0.5063105140624999 0.43879534062500003 0.4758046796875 0.40915222343749996 0.46319978749999996 0.36991696875 0.4556672203125 0.3268448625 0.4501635828125
1527 0.43381103593750003 0.7070385015625 0.40870105624999997 0.6991065296875 0.40245318281250003 0.694162021875 0.39620530781249996 0.6892175140625 0.387020553125 0.691717734375 0.36432159375 0.6907592 0.3467668453125 0.690615428125 0.3306046625 0.7038753578125 0.327056709375 0.7151782421874999 0.3309455078125 0.7461153890625 0.35079279531249996 0.7650786593750001 0.360673834375 0.769280290625 0.37631015625 0.770438525 0.402234896875 0.7732262875 0.437955465625 0.7696556718750001 0.445084640625 0.7246438328125 0.43381103593750003 0.7070385015625
884 0.45876110781249996 0.48292188906250005 0.44716533125 0.478448671875 0.43304005781250005 0.478848075 0.42097036250000003 0.5217590984375 0.44608034218750003 0.5296910703125 0.4600019265625 0.53057771875 0.45876110781249996 0.48292188906250005