407 0.4825396125 0 0.033363571875 0.0314094484375 0.0219839671875 0.0478683421875 0.030894084375000002 0.2312873546875 0.32505658125000003 0.2381280296875 0.8582556140625 0.07945367187499999 0.9692715859375 0.0991012 0.95949075 0 0.4825396125 0
481 1 0.5945363859375 0.9653748515625 0.0993736859375 0.857983128125 0.0755569375 0.328953315625 0.2378555421875 0.030894084375000002 0.2312873546875 0.0766717703125 0.8859387625 0.1384745515625 0.8737855124999999 0.11514936718749999 0.652216615625 0.3395250546875 0.61303200625 0.6021592609375 0.6729826078125 0.6241220140625 0.8750678328125 0.7648675046875 0.9278785671875 0.7576190078125 0.9362170093750001 0.7603438703125 0.9751843546875 1 0.9584259656249999 1 0.5945363859375
992 0.57085005 0.3932351765625 0.57466485625 0.44778946093750005 0.576844746875 0.47896333750000003 0.5723211125 0.526269125 0.5814770125 0.545207825 0.6048574203125 0.5435729078125 0.6282378265624999 0.5419379906249999 0.6596841906249999 0.5436548343750001 0.675271128125 0.542564890625 0.6908580671875 0.5414749453125001 0.7030932421875 0.5484509562500001 0.722576915625 0.547088525 0.742333075 0.549622828125 0.7737794375 0.5513396734375 0.7577846781249999 0.2666055625 0.7388459765625 0.2757614625 0.7154655703125 0.27739637968749997 0.695981896875 0.2787588109375 0.6881884281249999 0.27930378437500003 0.6648080203125 0.2809387015625 0.6536627890625 0.28954962968750003 0.6224889124999999 0.29172951875 0.6030052390625 0.29309195 0.584339025 0.30614458437500003 0.5703870046875 0.3306149375 0.5717494359375 0.350098609375 0.57085005 0.3932351765625
992 0.4693710953125 0.509973359375 0.500544971875 0.50779346875 0.5166768828125 0.51449699375 0.5252878109375 0.525642225 0.5450439703125001 0.528176528125 0.5331365031249999 0.30189343750000003 0.517549565625 0.30298338125 0.5100285828125 0.3074250890625 0.49054490937499995 0.3087875203125 0.4785822203125 0.30570824375 0.45991600468750005 0.318760878125 0.4484982875 0.323475071875 0.429014615625 0.32483750312500004 0.41062088750000003 0.341786871875 0.41225580468749995 0.36516727968749996 0.41552563906250006 0.4119280953125 0.4098301328125 0.49847371406249996 0.4184410609375 0.5096189453125 0.44599068906249995 0.5116082765625001 0.4693710953125 0.509973359375
993 0.5857548640625 0.6623823484375 0.6060559953125 0.6727101203125 0.6148574828125 0.74257885625 0.633523696875 0.7295262218749999 0.6700653703125 0.8601077937499999 0.6831180046875 0.8787740078124999 0.7148368546875 0.8843875875 0.737944775 0.8788559359375 0.7471006765625 0.8977946359375 0.7520873546875 0.9131090875 0.7757402484375 0.9153709046875 0.7708907203125 0.6220258671875001 0.7553037828125 0.6231158125 0.7394443578125001 0.6203090234374999 0.715518978125 0.6141504703125 0.69576281875 0.6116161671875 0.683800128125 0.6085368921875001 0.6682131906250001 0.6096268359375 0.652353765625 0.606820046875 0.6248041375 0.604830715625 0.614203878125 0.6212351125 0.591913415625 0.63845696875 0.5857548640625 0.6623823484375
706 0.46146199218749995 1 0.7567196218750001 0.979353575 0.7537222734375 0.9364894953125 0.7606982828125 0.9242543187500001 0.6127042968749999 0.8797820249999999 0.6024317484374999 0.6768793421875 0.3397975421875 0.6169287406249999 0.11514936718749999 0.652216615625 0.1386651109375 0.93250901875 0.1506278 0.9355882937500001 0.14863846875 0.963137921875 0.1939126 1 0.46146199218749995 1
589 0.5461873234375 0.88051755625 0.5553432234375 0.8994562578125 0.5995697343749999 0.91594258125 0.6254844453125 0.8945515046875 0.671155315625 0.8756947328125 0.63742043125 0.7292537359375 0.6148574828125 0.74257885625 0.5883978 0.7561764640625 0.553599675 0.762525575 0.51073559375 0.7655229234375 0.5165397328125 0.7925275796875 0.5353965046875 0.8381984484375 0.5461873234375 0.88051755625
589 0.4360974421875 0.9861105078125 0.45639857343749995 0.99643828125 0.472257996875 0.9992450703125 0.5371400546875 0.9751291312499999 0.59033190625 0.9518306515624999 0.6123498828125 0.9307120609374999 0.5756443546875001 0.9097840296875 0.5350420921875 0.889128484375 0.505585059375 0.8598620109375 0.48890817656249996 0.8453650187499999 0.458551759375 0.8592351125000001 0.42429860625 0.8733776921875 0.390317940625 0.89141700625 0.34075033593750004 0.910546265625 0.36993488124999996 0.9359160031249999 0.3993919125 0.9651824765624999 0.4360974421875 0.9861105078125
676 0.092274396875 1 0.017814746875000002 0.044244093750000005 0.0364809609375 0.031191459375 0 0.0337424578125 0 0.5174603921875 0.033742456250000004 1 0.092274396875 1
819 0.19525363281250002 1 0.1483659828125 0.9592411875 0.1503553140625 0.931691559375 0.1386651109375 0.93250901875 0.13820206562499998 0.8698887781250001 0.08446524062500001 0.8853937890625 0.0924792875 1 0.19525363281250002 1
1050 0.4935155546875 0.1832745546875 0.2964989359375 0.1657249890625 0.17144901562499998 0.225374584375 0.32840834375 0.2300620734375 0.4935155546875 0.1832745546875
1050 0.082069903125 0.06716145625 0.06648296406250001 0.06825140156250001 0.059234467187499994 0.07658984375 0.063676175 0.08411082656249999 0.07201461718749999 0.0913593234375 0.091770775 0.0938936265625 0.1109819625 0.0886344609375 0.11795797187499998 0.076399284375 0.09765684062499999 0.0660715125 0.082069903125 0.06716145625
1050 0.143354415625 0.215591784375 0.15114788437499999 0.21504681250000002 0.1586688671875 0.21060510468750002 0.15839638125 0.20670837031249997 0.157578921875 0.1950181671875 0.1536821875 0.195290653125 0.141991984375 0.1961081109375 0.1305742671875 0.2008223046875 0.13139172500000001 0.2125125078125 0.135288459375 0.21224002187500002 0.143354415625 0.215591784375
1050 0.5197027515625 0.1657802125 0.5266787609375 0.15354503749999998 0.5261337890625 0.1457515671875 0.5097293921875 0.135151309375 0.494414940625 0.1401379890625 0.48381468125 0.1565423859375 0.4921531234375 0.16379088125000002 0.5041158125 0.1668701578125 0.5197027515625 0.1657802125
288 0.9700320046875 0.893953125 0.9514477187500001 0.8521789890625 0.9857827984374999 0.7832096390625 0.970195859375 0.784299584375 0.9587781421875 0.789013778125 0.9579606843749999 0.7773235734374999 0.9574157109374999 0.7695301046874999 0.9379320390625001 0.7708925359375 0.9159140625 0.7920111265625 0.8946316171875001 0.879646690625 0.9085017109375 0.9100031078124999 0.9285303562499999 0.9164341468750001 0.9646909125 0.9295687078125001 0.9839020984375001 0.9243095421874999 0.986981375 0.912346853125 0.9700320046875 0.893953125