407 0.1002339703125 0 0.0910896625 0.037692737500000004 0.2037596421875 0.033686854687500004 0.709686415625 0.2650239671875 1 0.298962790625 1 0.0951079828125 0.55255211875 0 0.1002339703125 0
481 1 0.2989603984375 0.7058655265625 0.26421181250000003 0.204571796875 0.029865965625 0.0949105515625 0.0385048921875 0 0.48502393125000004 0 0.89690498125 0.1760568984375 0.9343270296874999 0.18417845 0.8961181390625 0.17816098125 0.8868520515625 0.3248865796875 0.8541432531250001 0.3747604203125 0.65708133125 0.6431821984375 0.6342657828125 0.859920834375 0.704296109375 0.80598621875 0.9204624765625 0.865496134375 0.9410987343749999 1 0.3083077984375 1 0.2989603984375
992 0.40768879062499996 0.27670923125 0.377121678125 0.270211990625 0.3672833203125 0.260133746875 0.3443579859375 0.25526081718750004 0.3367162078125 0.25363650781249997 0.3176117625 0.24957573281249998 0.294686428125 0.2447028015625 0.2772062921875 0.2330002484375 0.2217398640625 0.5127373046875 0.25311913124999996 0.51541365625 0.27303573124999997 0.5156535421874999 0.2921401765625 0.5197143171875 0.3052271546875 0.5145090046874999 0.3205107109375 0.517757625 0.3357942671875 0.5210062453125001 0.367173534375 0.523682596875 0.39009886875 0.5285555265624999 0.413024203125 0.53342845625 0.42472675625 0.5159483218750001 0.4268308390625 0.46847334218750003 0.4333280796875 0.43790622968750004 0.44469824999999996 0.3844137828125 0.44981106562499995 0.3415718484375 0.453871840625 0.322467403125 0.443461215625 0.2962934484375 0.4267932359375 0.28077000625 0.40768879062499996 0.27670923125
992 0.6056553625000001 0.37869109375 0.6105282937500001 0.355765759375 0.5946724671875 0.33642142812500003 0.575568021875 0.33236065312499996 0.5649175109375 0.3261033 0.5482495296875001 0.31057985625 0.5359747078125 0.31196428125 0.5168702625 0.30790350625 0.5100406390625001 0.30245830625000003 0.4947570828125 0.2992096859375 0.4514729796875 0.5216334078125 0.47138957968749995 0.5218732937499999 0.4814678234375 0.5120349359375 0.498375690625 0.507641778125 0.528942803125 0.51413901875 0.5518681375 0.5190119484375 0.579426515625 0.5208761453124999 0.5895047578125 0.5110377875000001 0.5959095015625 0.4245417625 0.6056553625000001 0.37869109375
993 0.31816674218749996 0.5851492046875 0.30288318593749997 0.581900584375 0.2906083640625 0.5832850078125 0.2706917625 0.583045121875 0.24614211875 0.5858139703125 0.23004640781250002 0.5863862390625 0.21476285156250002 0.58313761875 0.1691347796875 0.87295291875 0.19287226875000002 0.8740049593749999 0.199941778125 0.8595335578125001 0.21164433124999998 0.8420534234374999 0.2337575109375 0.8507472421875001 0.2659489328125 0.8496027046875 0.281472375 0.832934725 0.3358318703125 0.70870958125 0.35249985 0.7242330234375001 0.37093953125 0.6562691765625 0.392480440625 0.648867284375 0.38971159375000003 0.6243176390625 0.370034878125 0.604161153125 0.36182083125000003 0.58644113125 0.33426245312499997 0.5845769359374999 0.31816674218749996 0.5851492046875
706 0.7839951859375 1 0.785349959375 0.979972390625 0.7976247828125 0.9785879671875 0.859920834375 0.704296109375 0.64237004375 0.638086671875 0.3739482640625 0.6609022203125 0.33553709062500003 0.86040060625 0.182794025 0.8838433171875 0.1879993390625 0.89693029375 0.17906563281250001 0.9389600734375 0.4662359078125 1 0.7839951859375 1
589 0.376809609375 0.7413807765625 0.35249985 0.7242330234375001 0.33201098125 0.7078974265625 0.2782237546875 0.84821828125 0.3208258046875 0.8732476984374999 0.3435112515625 0.898037228125 0.3896018078125 0.8878664890625 0.4013043609375 0.870386353125 0.41787984375000004 0.8299808828125 0.4429092609375 0.787378834375 0.4524152359375 0.7614447671875 0.41038545624999995 0.7525110609375 0.376809609375 0.7413807765625
589 0.5230005421875 0.8802796031250001 0.4910490046875 0.861507540625 0.46291835781249996 0.8435476328125 0.44438618124999996 0.85558256875 0.41114271718750006 0.880464596875 0.368060896875 0.8952683796875001 0.32879996562499997 0.91088431875 0.3476645234375 0.9348616953125 0.3970961953125 0.9653363109375 0.45799053437500004 0.9982473921875 0.4740862453125 0.9976751234375 0.49562715625 0.99027323125 0.5348880874999999 0.9746572921875 0.5681315515625001 0.949775265625 0.6005628609375 0.9287141265625 0.5541399234375 0.9028725546875 0.5230005421875 0.8802796031250001
676 1 0.3010650375 0.8456292671875 1 0.904892015625 1 1 0.552552115625 1 0.3010650375
819 0.8449892484375001 1 0.8578543562500001 0.939474425 0.8067983734374999 0.9166415875 0.7976247828125 0.9785879671875 0.786162115625 0.9761515015625 0.784548875 1 0.8449892484375001 1
1050 0.7074898359375 0.25657003437500003 0.86357401875 0.2737726796875 0.7480426953125 0.1973000046875 0.5505010015625 0.187259365625 0.7074898359375 0.25657003437500003
1050 0.98069205 0.1549002390625 0.9899581375000001 0.1488827703125 0.9954033375 0.1420531484375 0.98938586875 0.132787059375 0.9741023125 0.1295384390625 0.95881875625 0.12628981875 0.9372778453124999 0.1336917109375 0.9424831593749999 0.1467786890625 0.9607754484375001 0.15466035312499998 0.98069205 0.1549002390625
1050 0.885354815625 0.2464541875 0.8815339265625 0.24564203125 0.8790974625000001 0.2571046984375 0.8782853062499999 0.2609255875 0.8851149296875 0.2663707875 0.8927567078124999 0.267995096875 0.901210640625 0.26579851875 0.9050315296875 0.2666106734375 0.9074679953125001 0.25514800625 0.8968174828125001 0.2488906515625 0.885354815625 0.2464541875
1050 0.5411424171875 0.137347921875 0.5234223953125 0.14556196875 0.5217980859375 0.153203746875 0.5270033984375 0.1662907234375 0.5422869546875 0.16953934375 0.554561778125 0.16815492031249998 0.563827865625 0.16213745156249998 0.55561381875 0.14441743125 0.5411424171875 0.137347921875
288 0 0.8564882140625001 0.017683640625 0.8527415390625 0.0384123953125 0.8491605359375001 0.056372303125 0.8210298890625 0.047493490625 0.73128524375 0.02862893125 0.70730786875 0.0095244859375 0.70324709375 0.0079001765625 0.710888871875 0.0054637109375 0.7223515390624999 0 0.7191415171875 0 0.7741474968750001 0.003931898437499999 0.785922228125 0 0.7922187109375 0 0.8564882140625001