407 0.488577428125 0 0.6496193875 0.0623535734375 0.6838421421875001 0.0316222640625 0.565826246875 0 0.488577428125 0
627 0.7171552109375 0.749065609375 0.865333503125 0.7725936718749999 0.820207896875 0.8715788109375 0.804523215625 0.8576703984374999 0.7997245390625001 0.8725607875 0.8730254828125 0.9612201265625 0.87755455625 0.9473359109375 0.8374547203124999 0.8977683359374999 0.8873828937500001 0.73860051875 0.949694659375 0.74451278125 0.9524448718749999 0.7312303328125 0.90555336875 0.6798429359375 0.70584484375 0.6403505625 0.7216352921875 0.6780123921875 0.6569886 0.8709808375 0.650574896875 0.861713403125 0.6483097124999999 0.8762042265625001 0.68997039375 0.953150346875 0.69600743125 0.9547679656250001 0.6967633578125 0.9398727375 0.668306746875 0.8891113046875001 0.7171552109375 0.749065609375
1156 0.802544490625 0.6748884562499999 0.803461659375 0.6654284968749999 0.8402772640625 0.6699011453125 0.8665913125 0.562640228125 0.77770626875 0.5442156140625001 0.7665467718750001 0.561715278125 0.745847990625 0.5604827078125 0.73511545 0.6277037562500001 0.7484820625 0.64422628125 0.734736190625 0.6502488 0.7606619015625 0.6712149390625 0.76508131875 0.6788695953125 0.81300094375 0.6841607296875 0.802544490625 0.6748884562499999
16 0.840816471875 0.6678887984374999 0.8931529203125 0.7110294500000001 0.9344963015625 0.7167153125 0.9770381265625 0.576058171875 0.9030328437499999 0.5292681984375001 0.873385571875 0.5342651875 0.8641120000000001 0.5598190734374999 0.86535165625 0.56122965 0.840816471875 0.6678887984374999
1016 0.761415234375 0.686514571875 0.777637825 0.7135080671875 0.8782744546875 0.72429738125 0.8527267078125 0.6958836296875 0.761415234375 0.686514571875
1170 0.8921299843750001 0.6967359921875 0.8842599046874999 0.6989408593750001 0.8825339265625001 0.7114193375 0.8915894812499999 0.713845765625 0.9021542953124999 0.7166766 0.9143896109374999 0.72534710625 0.9178402718750001 0.71548758125 0.913636278125 0.7100474734375 0.8921299843750001 0.6967359921875
426 0.8576318734375 1 0.8701166203125 0.938872446875 0.8678540281249999 0.9231684093749999 0.8736214625000001 0.9257922000000001 0.9003572796875 0.9286423906250001 0.9170726765625 0.8662596812500001 0.894111303125 0.8493230734375 0.8790728921875001 0.8420583046875001 0.8492101968749999 0.8448407453125 0.817999484375 0.8526540515625 0.8110452796875001 0.8604963921875 0.8201537171875 0.8747995312500001 0.80948054375 0.8784101390625001 0.7572936671875 0.9765816265625 0.817350621875 0.87620526875 0.835999640625 0.8941432109375 0.8600923093749999 0.9189318375 0.84025133125 0.9718497484374999 0.8429460671875001 0.9768854515625 0.8637570984374999 0.9263842906249999 0.8644033671875 0.9330279328125 0.8503745734375 1 0.8576318734375 1
16 0.603996234375 1 0.6920370124999999 0.7401783828124999 0.6104377375000001 0.6190999546875 0.5275897296875 0.6022929625 0.441158065625 0.888638109375 0.487094484375 1 0.603996234375 1
16 0.46281161875 0.4425852453125 0.41041839687500004 0.4328601734375 0.36528760312499997 0.59223503125 0.38344770625 0.6542568890625 0.44742997500000004 0.666008821875 0.49547351875 0.48368935625000004 0.46281161875 0.4425852453125
17 0.738784128125 0.58986391875 0.7473572500000001 0.5608871125 0.76735558125 0.558696759375 0.7733939140625 0.5452169484375 0.7833124578125 0.5414041390625 0.8005128812500001 0.48022980468750004 0.7600337859375 0.45320727187500004 0.728230984375 0.4511562140625 0.6917300859375 0.548138684375 0.730861165625 0.580192078125 0.738784128125 0.58986391875
17 0.654437234375 0.4518730796875 0.7125437109375 0.4674426625 0.7232194765625 0.43363719375 0.6885078140625 0.40923845468750003 0.6640358859375 0.406994871875 0.6468896421875 0.4649484859375 0.6516328437500001 0.468376246875 0.654437234375 0.4518730796875
17 0.5731526671875 0.4322497703125 0.58339499375 0.42421006562499997 0.5887870578125 0.4040866125 0.62786655 0.4091658671875 0.633852 0.383809346875 0.609596790625 0.36868288125 0.590191846875 0.3656401671875 0.5642583546875 0.43525860937500005 0.567438115625 0.44150268906249995 0.5731526671875 0.4322497703125
17 0.374037528125 0.38752433124999996 0.3853608609375 0.34526507500000003 0.3778158625 0.32814562187499996 0.34736107656250004 0.3210637 0.33436594531249997 0.3725807125 0.3449307578125 0.3754115453125 0.374037528125 0.38752433124999996
17 0.2432737859375 0.3201339109375 0.248505903125 0.2794777578125 0.2262449796875 0.2659640734375 0.20775590625 0.2685588296875 0.20236384375 0.288682284375 0.23308823125 0.2947580328125 0.2251600828125 0.3454759140625 0.2432737859375 0.3201339109375
17 0.228710028125 0.4348569609375 0.2551762421875 0.43871332343749997 0.2758299203125 0.337484603125 0.234756140625 0.3307925671875 0.197172940625 0.47709201874999996 0.22056645625 0.48336029218750004 0.228710028125 0.4348569609375
17 0.1652578890625 0.5267746921875001 0.17054029531249998 0.528190109375 0.20203227968749998 0.3834937578125 0.1436562015625 0.3689303484375 0.12721300156249998 0.400112025 0.098472525 0.5164284968749999 0.1652578890625 0.5267746921875001
16 0 0.87994164375 0.098007965625 0.9045325859375 0.12130219843750001 0.8115602890625 0.184284871875 0.53726501875 0.08612885 0.51419943125 0.0267723453125 0.6179987109375 0 0.7412848171875 0 0.87994164375
1156 0.27588771093750003 0.9198429390625 0.3210584203125 0.9233190921875 0.364019421875 0.9229679187500001 0.4192906640625 0.6865076484375 0.20265650625 0.646793715625 0.1404310578125 0.8910963265625 0.1909912375 0.9046438859375 0.187754703125 0.931815390625 0.23782985625 0.9441545734375 0.295668025 0.9456328984375 0.27588771093750003 0.9198429390625
1156 0.28119864375 0.589114890625 0.3189843015625 0.5960042890625 0.3493436921875 0.45855335156250004 0.23145894375 0.43667194218749994 0.197326403125 0.5731118687500001 0.2217441515625 0.578576171875 0.2160283046875 0.6029265203125 0.280765203125 0.61488065625 0.28211322031249997 0.6098497921875 0.28119864375 0.589114890625
1157 0 0.5404064453124999 0.0088831421875 0.5398732515625 0.0453879296875 0.39759849062499997 0.011657006250000001 0.39066921250000003 0 0.4341737515625 0 0.5404064453124999
1159 0.09966578125 0.43047521250000004 0.092441971875 0.4393237265625 0.1145958328125 0.44418142187500004 0.1196641125 0.4282848625 0.12721300156249998 0.400112025 0.1424165453125 0.3675197703125 0.1726559078125 0.3723871453125 0.180043553125 0.3387790390625 0.095955890625 0.32056147031250004 0.07384713281250001 0.4181650640625 0.10004374375 0.4230276 0.09966578125 0.43047521250000004
1159 0.346323878125 0.472841971875 0.3508516546875 0.47405518750000003 0.3728520515625 0.3828930328125 0.2943163984375 0.36508470625 0.2773842828125 0.44035029843749995 0.3504221046875 0.4545286609375 0.346323878125 0.472841971875
1159 0.0949858375 0.31814472031249996 0.1514218109375 0.327874628125 0.15800064687499998 0.2972850421875 0.090299409375 0.2813013765625 0.0702945953125 0.35897887968750003 0.08387792656250001 0.362618521875 0.0949858375 0.31814472031249996
1159 0.1516372328125 0.330089178125 0.16301085625 0.3299014921875 0.1776236078125 0.27234744375000003 0.1256083484375 0.255174759375 0.11601099374999999 0.2849555375 0.15800064687499998 0.2972850421875 0.1516372328125 0.330089178125
1156 0.7198745828125 0.46725013750000005 0.658695409375 0.45409246562499994 0.6543817578125 0.47019122968750005 0.6347072093749999 0.4681546890625 0.620633665625 0.5236963921875 0.6371271546874999 0.5345862859375 0.6320059921875 0.5386061375 0.6274782140624999 0.537392921875 0.6408448265625 0.5539154484375 0.6791155109375 0.562013221875 0.668928659375 0.5517347734375 0.670546278125 0.5456977375000001 0.704343365625 0.5493615765625 0.7198745828125 0.46725013750000005
1156 0.6303935593750001 0.484253453125 0.6433899875 0.41763900937500004 0.5907813421875 0.40569939218749995 0.5837187765625 0.41998317343749997 0.57617248125 0.41796115 0.573636396875 0.448555575 0.5681359734375 0.47512047031250004 0.5776223734375 0.48197599531249996 0.569806475 0.48096014531250003 0.582742240625 0.4930535734375 0.6052198843750001 0.49368437812500005 0.6078617359375 0.48684337031249997 0.6303935593750001 0.484253453125
1156 0.570188328125 0.42822024062499997 0.5832376406249999 0.37348250781250003 0.533917115625 0.36134552656249996 0.5277704234375 0.381266778125 0.517366853125 0.3838712125 0.5117038890625001 0.420098271875 0.5263114546875001 0.42293394375000004 0.5249092578125001 0.4311855265625 0.5498662140625 0.43463748437499994 0.5522926421875 0.42558192968749997 0.570188328125 0.42822024062499997
17 0.4102029734375 0.4306456265625 0.45655915937499997 0.438753078125 0.46707368281250006 0.39951234062499996 0.4512819390625 0.376947940625 0.41371170468749996 0.3722730890625 0.37968882187499997 0.4871741453125 0.384700328125 0.5046931640625 0.4102029734375 0.4306456265625
634 0.58708911875 1 0.521851840625 0.8832996234375001 0.1556384921875 0.8132117828125001 0.1330524890625 0.8190224203125 0.132026959375 0.8349238218749999 0.11407060937499999 0.910993384375 0.4435876484375 1 0.58708911875 1
634 0.7341982812500001 0.6371637156250001 0.73835328125 0.5854348218750001 0.693563128125 0.5443161953125 0.5972930328125 0.529304828125 0.603490015625 0.5514551453125 0.5901169203125 0.6104197703125 0.7205065890625 0.6399655140625 0.7341982812500001 0.6371637156250001
634 0.546191053125 0.5479644734375 0.5927626609375001 0.5582864734374999 0.5989622375 0.55024193125 0.5963229796875 0.526888078125 0.6216578984375001 0.522892421875 0.627697528125 0.4943151796875 0.539836715625 0.47508659687500004 0.5513702859375 0.4954316109375 0.5128183296875 0.6242168828125 0.52511041875 0.59947180625 0.5309862109375 0.5956541578125 0.546191053125 0.5479644734375
634 0.534554309375 0.47367118125 0.564793671875 0.4785385546875 0.5725051 0.44070355625 0.49445447343750004 0.4241036046875 0.5003289703125 0.43538338593750003 0.491540425 0.4621456453125 0.49380301718749997 0.47784968125000005 0.5416684625 0.4863615390625 0.534554309375 0.47367118125
433 0.5089407109375 0.584355021875 0.5260340703125 0.5145246984375 0.546678671875 0.5189779890625 0.5666267140625 0.474716065625 0.5720187765625 0.45459261250000005 0.5656592546875 0.44210445624999994 0.5567107625000001 0.4483340171875 0.5460362921875 0.46704205468750004 0.5403746265625 0.48817168125 0.5343904734375 0.498430771875 0.514715925 0.49639423125000004 0.5128287031250001 0.5034374406250001 0.4943886234375 0.5632011968749999 0.5159014 0.5010255296875 0.5210212671875001 0.5121031078125 0.5089407109375 0.584355021875
1016 0.178565134375 0.6069076578125 0.1706924625 0.6393073890625 0.3367122609375 0.66869448125 0.3345051453125 0.63467229375 0.178565134375 0.6069076578125
1170 0.3578986609375 0.6409405671874999 0.3483039 0.640526484375 0.3376307265625 0.6441370921875 0.348302603125 0.6556239140625 0.3660899296875 0.6647036640625 0.37412254843750004 0.6528366328125 0.36970313125 0.645181978125 0.3578986609375 0.6409405671874999
634 0 0.6024680421874999 0.43141891718750003 0.686522165625 0.45055425937500004 0.6905710515625 0.45874812187499997 0.6841392890625 0.42614299375 0.609619596875 0.0291523734375 0.5215792968749999 0 0.512491684375 0 0.6024680421874999
634 0.0599941984375 0.41553159375000004 0.0365967921875 0.4545556109375 0.40555905625 0.5264584343750001 0.3978554078125 0.47370885156250003 0.0599941984375 0.41553159375000004
1098 0.431732328125 0.8030747140625 0.41965825468749995 0.799839475 0.3936770671875 0.7971914875 0.3655828609375 0.920151603125 0.368869684375 0.9350516703125 0.390808121875 0.93769481875 0.4102130671875 0.9407375312499999 0.431732328125 0.8030747140625
1939 0.11633650625 0 0.0453454203125 0.264942340625 0 0.435537784375 0 0.5615396703125 0.11055697187499999 0.39888429375 0.20688625156249998 0 0.11633650625 0
1939 0.20589997499999999 0 0.108238903125 0.40149840625 0.5256574046875 0.50687488125 0.5678225625 0.35856792187500003 0.6511286468749999 0.062757978125 0.48735559687499996 0 0.20589997499999999 0
1939 1 0.11846115625 0.7909002859375 0.06030840625 0.6838782953125 0.03163195 0.6501044140625 0.0635619484375 0.52614243125 0.5080832562500001 0.892269184375 0.9588275734374999 1 0.5567706953125 1 0.11846115625
819 0.8818325484375 1 0.8924846078125 0.9610421203125 0.5253878015625 0.5078810546875 0.107160490625 0.4055230984375 0 0.5612846375 0 0.8813808078125 0.44454751249999996 1 0.8818325484375 1