407 0.43860772031249995 0 0.38282927031249997 0.0139071296875 0 0.112540165625 0 0.47289239375000003 0.36261734375 0.5141241703125 0.70562695 0.43665393906250005 0.9599391515625 0.277932434375 0.8906428140625 0 0.43860772031249995 0
627 0.337731321875 0.9148607328124999 0.35757647656249997 0.9944553046875001 0.8266184624999999 0.8734841687499999 0.80677330625 0.7938895968749999 0.8560461359374999 0.7816045015624999 0.7821929265625001 0.711449815625 0.3321020296875 0.8276959140625 0.2742528171875 0.9186101984375 0.337731321875 0.9148607328124999
627 0.40604693281250004 0.7528976968750001 0.4107719703125 0.771848784375 0.6931482812499999 0.69339279375 0.6893682515624999 0.6782319234374999 0.7149547671875001 0.6678266546875 0.676127959375 0.6412747546875 0.4013320828125 0.7178407296875 0.379515409375 0.7595127484375 0.40604693281250004 0.7528976968750001
627 1 0.5578487890625 0.8438425453124999 0.6034846453125 0.86182825 0.627181146875 0.8778831874999999 0.7077207265625 0.9375510984375 0.737128025 0.9375612875 0.721022146875 0.8958892687500001 0.699205471875 0.89116423125 0.6802543828125 1 0.64491058125 1 0.5578487890625
627 1 0.53063324375 0.974630525 0.5306171953125001 0.7633233421875001 0.5873278281250001 0.7831684984375 0.6669223984375 0.8210502984374999 0.68968408125 0.8381113718750001 0.677378609375 0.80307478125 0.6498817015625 0.7907896859375 0.600608871875 1 0.537563203125 1 0.53063324375
627 0.23164597812499998 0.8768974281249999 0.208884296875 0.914779228125 0.2202447609375 0.9280500843749999 0.272393365625 0.862712128125 0.23929773124999998 0.762266265625 0.0696829421875 0.8085818171874999 0.078188009375 0.8426937765625 0.21937107031249997 0.8115187203125 0.23164597812499998 0.8768974281249999
627 0.6590770734375 0.6374743484375001 0.6382461593750001 0.618513071875 0.43072919374999996 0.674278696875 0.419348353125 0.693219596875 0.6590770734375 0.6374743484375001
627 0.298020634375 0.787883346875 0.29515504843749996 0.8248303281249999 0.330232390625 0.7879037234374999 0.30280680000000004 0.710199165625 0.0867643921875 0.7640645890625 0.0649579046875 0.789630728125 0.2838353359375 0.747135959375 0.298020634375 0.787883346875
627 0.6287757078125 0.6128226515625 0.6136250265625 0.600496803125 0.44874546249999997 0.6496575640625 0.4364196140625 0.6648082468750001 0.6287757078125 0.6128226515625
627 0.9338933265625 0.528696615625 0.8817854734375 0.529611059375 0.7216411359375 0.58161703125 0.7405820359375 0.592997871875 0.9338933265625 0.528696615625
436 0.7422886656250001 0.8904841140625 0.70817670625 0.8989891796875 0.6768997703124999 0.9188649 0.6948752859375 0.9586672796875 0.899547040625 0.9076368796875001 0.893887184375 0.8687896953124999 0.8711560671875 0.8583538624999999 0.7962967203125 0.8810442281249999 0.7422886656250001 0.8904841140625
436 0.525059475 1 0.674979190625 0.9596020984375 0.6626839062500001 0.9264351468750001 0.637107578125 0.9207345390624999 0.5745638921875 0.9443801000000001 0.5101301921875 0.9604452265625 0.47886344375 0.9642150671874999 0.476087984375 1 0.525059475 1
423 0.1643059390625 0.994333046875 0.213609334375 0.9337303171875 0.1909189671875 0.8588709703124999 0.13596590625 0.8645206390625001 0.1141899828125 0.8417691453125 0.0800780234375 0.8502742109374999 0.0980331640625 0.922288346875 0.1387703640625 0.9242089265625 0.1643059390625 0.994333046875
423 1 0.6088343984375 0.9868952453125001 0.61210178125 0.9878198765624999 0.6481037546875 0.943282271875 0.6632340625 0.9489523156249999 0.6859753671875 0.9555469921874999 0.7447186484375 1 0.7546266078125 1 0.7229416921875 0.9868443046875001 0.692631171875 1 0.690491846875 1 0.6088343984375
436 0.6116535062499999 0.7217633921875 0.6267940015625 0.75019511875 0.713024 0.72466973125 0.7111543625000001 0.6848775390624999 0.659036321875 0.7018978609375 0.6287145796875 0.7094579203125 0.6116535062499999 0.7217633921875
436 0.4932015625 0.7633742828125001 0.502661825 0.7851705812499999 0.604997703125 0.75965538125 0.6012278609374999 0.7283886328125 0.571861315625 0.72363303125 0.5036373968750001 0.7406431640625 0.4932015625 0.7633742828125001
436 0.3842200703125 0.8106755937499999 0.486555946875 0.78516039375 0.480885903125 0.7624190875 0.44678413125 0.754818275 0.3728697921875 0.781298859375 0.3842200703125 0.8106755937499999
1754 0.32839331562499996 0.6997938968749999 0.338778209375 0.75759216875 0.3596295015625 0.7443416890625 0.33977415781250003 0.680852996875 0.1616339265625 0.72526834375 0.1114059015625 0.7498691015625 0.32839331562499996 0.6997938968749999
1503 0.19006565312499998 0.71012785 0.364415665625 0.666657509375 0.45636665 0.5833440375000001 0.39193295 0.5994091625 0.19006565312499998 0.71012785
1503 0.5539673031250001 0.5549836265625 0.49047860937500004 0.5748389703125001 0.4534908765625 0.636396896875 0.6003643578125 0.5957513890625 0.5539673031250001 0.5549836265625
1503 0.6439875203125001 0.52851323125 0.58428904375 0.5474235671875001 0.7074354609375 0.5730814 0.86852480625 0.524865646875 0.6439875203125001 0.52851323125
1503 1 0.481576984375 0.7539038328125 0.5011080156250001 0.681889696875 0.5190631578125 0.949064384375 0.5088107078124999 1 0.49907563593750004 1 0.481576984375
676 0.1835219171875 0.5708551796875 0.12856885468749998 0.576504846875 0.154053490625 0.727158359375 0.217552371875 0.6911971375 0.1835219171875 0.5708551796875
676 0.057509915625 0.5821443281249999 0.01866273125 0.587804184375 0.058332665625 0.7792050828125 0.1000352484375 0.7527041234375 0.057509915625 0.5821443281249999
676 0.347436096875 0.55011595625 0.3322752265625 0.5538959859375 0.353075578125 0.621174896875 0.3635012234375 0.6145496578125 0.347436096875 0.55011595625
676 0.39954395 0.5492015140625 0.37680264375 0.5548715578125 0.38435251406250004 0.601299178125 0.41088403749999997 0.594684125 0.39954395 0.5492015140625
676 0.671494615625 0.4773707625 0.6572787515625 0.48494100937500006 0.6648286234375 0.5313686296875 0.6913601468749999 0.524753578125 0.671494615625 0.4773707625
2001 0.840184771875 0.3950532375 0.72835806875 0.4470897734375 0.7444333828125 0.49541759531249996 0.8590849203124999 0.470857590625 0.840184771875 0.3950532375
2001 0.721722640625 0.45277000625 0.7094069796875 0.4518148109375 0.7198020609375 0.4935072046875 0.7340179250000001 0.4859369578125 0.721722640625 0.45277000625
2001 1 0.43860772031249995 0.97475278125 0.3373466578125 0.87429673125 0.386548171875 0.8931968796875 0.462352525 1 0.44341488125 1 0.43860772031249995
1502 0.42787379531249997 0.6951198 0.4231283828125 0.7083804671875 0.65054144375 0.6516800234375 0.6439162031250001 0.641254378125 0.42787379531249997 0.6951198
436 0.227937265625 0.7489954109375 0.1672937828125 0.7641155281249999 0.1663385875 0.7764311890625 0.2269820703125 0.7613110703125 0.227937265625 0.7489954109375
436 0.154967934375 0.7792662109374999 0.1511879046875 0.764105340625 0.08390899375000001 0.7849056921875001 0.0876890234375 0.8000665625 0.154967934375 0.7792662109374999
423 0.8229912531249999 0.6167351265625001 0.8295961171874999 0.659372528125 0.846647003125 0.6631729328125 0.8466775671875 0.6148552984375 0.8542681906249999 0.59685940625 0.909231440625 0.575103859375 0.90639641875 0.56373320625 0.84196271875 0.5797983328125 0.836262109375 0.6053746609374999 0.8229912531249999 0.6167351265625001
436 0.92534750625 0.5590081703124999 0.92060209375 0.5722688375 0.9926162296875001 0.554313696875 0.9822007718749999 0.5448330578125 0.92534750625 0.5590081703124999
1502 0.6240302953125 0.62608331875 0.6211952734375 0.614712665625 0.450635478125 0.657238 0.4458900640625 0.6704986671875 0.6240302953125 0.62608331875
1995 0.512305471875 0.5170610734375 0.5255457640625 0.5540182437500001 0.604195328125 0.5303828703125 0.59663526875 0.500061128125 0.512305471875 0.5170610734375