1754 0 0.6973777765625 0.4563387375 0.81064066875 0.47034000000000004 0.9913085374999999 0.5134543 0.9896564515625 0.50006635 0.7972858921875 0.6289837875 0.7258099546875 0.633906871875 0.706509909375 0.0068681140625 0.5797695421875 0 0.6597325421875 0 0.6973777765625
1754 0.006033778125 0.5210516562499999 0.7700127906249999 0.6471455359375 0.7616308609375 0.8070822968750001 0.7400820046875001 0.8450690765625 0.7593820499999999 0.8499921593750001 0.8199398718750001 0.814049753125 0.8131602656249999 0.7941363953125 0.7930424703125001 0.8048168984374999 0.8012199640625 0.648781034375 0.870806203125 0.5898421234375 0.0080781515625 0.4820426890625 0.006033778125 0.5210516562499999
1754 0.1265361109375 0.4608695328125 0.9307507140625001 0.56560240625 0.9293362406250001 0.66723015625 0.9084006953125 0.6935142453124999 0.918672325 0.721433834375 0.9556203296874999 0.6881657 0.9619578875 0.5672379046875 0.9950049968749999 0.533765334375 0.2092726890625 0.44955913125 0.1265361109375 0.4608695328125
423 0.138084125 0.6883481609375 0.1224805390625 0.6875304125 0.120436165625 0.726539378125 0.1485767796875 0.7866883265625 0.1724076203125 0.8544346296875001 0.15988718125 0.8694249046875001 0.1531241625 0.9238330203125 0.1467700171875 0.9704393421875 0.31081211249999996 0.9751248125 0.44323816093749996 0.985976578125 0.4119978125 0.8356981343750001 0.3816083890625 0.8184590484375001 0.3393118390625 0.8045075484374999 0.300302871875 0.802463175 0.3144588109375 0.756265728125 0.30480049375 0.7166434500000001 0.2701012984375 0.7070017203125001 0.2117922875 0.7000342640625 0.16128506874999998 0.69347568125 0.138084125 0.6883481609375
423 0 0.951436253125 0.135476203125 0.9620242359375 0.138526175 0.8291893140625 0.16624132656249999 0.8228185828125 0.142206046875 0.758973175 0.099296184375 0.7567243640625 0.11016453749999999 0.6986197890625 0.095787575 0.6743966609375 0.0608839421875 0.668655828125 0 0.6616367984375 0 0.7878019953125001 0.0067134390625 0.8066348578125 0 0.8370117468749999 0 0.951436253125
423 0.557916725 0.5890907234375 0.5737413359375 0.6603290484375 0.5987988015625 0.7046699734375 0.668401628125 0.7200525343749999 0.6895581984375 0.764189021875 0.6994375390625 0.8742318765625001 0.7643051328125 0.8306921140625001 0.7445630375000001 0.684927878125 0.6823531296875001 0.677755984375 0.704719734375 0.6241656171875001 0.706150796875 0.5968593421875 0.6673462671875 0.590914071875 0.6205355078125 0.5884608234375001 0.5741336234375 0.5782057828125 0.557916725 0.5890907234375
423 0.38319412656249996 0.56428745625 0.39244356874999997 0.6117115281250001 0.40949480312500003 0.6595444734375 0.568204940625 0.691331784375 0.5585466234375 0.65170950625 0.49325356875 0.6287295890625 0.502895296875 0.59403039375 0.5000165875 0.5743214734375 0.48112541562500005 0.5615965968750001 0.446017346875 0.5597566609375 0.403311921875 0.553606953125 0.38319412656249996 0.56428745625
423 0.18978479374999999 0.5228584171875 0.1735678953125 0.5337433578125 0.183021775 0.5772665328125 0.192680090625 0.6168888109374999 0.3435884359375 0.6482672468749999 0.344815059375 0.6248618671874999 0.322227428125 0.60803165625 0.26391841718750003 0.6010641999999999 0.27006812343750003 0.5583587734375 0.2669849765625 0.54255075 0.244192909375 0.5296214359375 0.20908483906250003 0.5277815 0.18978479374999999 0.5228584171875
423 0.077272103125 0.5052270453125 0.071531271875 0.5401306765625 0.085703796875 0.568254703125 0.091870090625 0.59987075 0.1848782984375 0.6164799359375001 0.19041469375 0.5854771999999999 0.15571549843750002 0.575835471875 0.1655616640625 0.5372353796875 0.14728380624999998 0.5128078140625 0.1199775296875 0.5113767515625 0.08897479375 0.50584035625 0.077272103125 0.5052270453125
436 0.73815913125 0.5085697796875001 0.7110572921875 0.503237821875 0.6681474296875 0.5009890125 0.65193053125 0.5118739531250001 0.6617932843750001 0.547595334375 0.6646719953125 0.5673042546875 0.72277656875 0.5781726078125 0.7441209890625 0.544086725 0.73815913125 0.5085697796875001
436 0.5515294046875 0.4870540984375 0.5125204390625 0.485009725 0.47720793281249996 0.48707068593749997 0.47577687031250004 0.5143769625 0.4858440625 0.546197446875 0.5482584078125 0.5494684453125 0.5615965968750001 0.518874584375 0.5515294046875 0.4870540984375
436 0.442713175 0.4735280609375 0.41150600156249995 0.4718925609375 0.3724970359375 0.4698481890625 0.3827686640625 0.4977677765625 0.384829625 0.533080284375 0.4396466140625 0.532041509375 0.45278036562499996 0.5053485453125 0.442713175 0.4735280609375
436 0.286881746875 0.4614496703125 0.251978115625 0.4557088375 0.235965653125 0.46269288125 0.2347390296875 0.4860982609375 0.24131419843750002 0.5099125156250001 0.287920521875 0.5162666609375 0.301258709375 0.4856728 0.286881746875 0.4614496703125
436 0.201470896875 0.44915025625 0.1741646203125 0.4477191953125 0.15075924062499999 0.4464925703125 0.14932817812500002 0.473798846875 0.1635007046875 0.5019228734375 0.1986087734375 0.5037628093750001 0.2160522953125 0.46947248906250005 0.201470896875 0.44915025625
1754 1 0.4868734984375 0.42915396093749997 0.43370134531250004 0.3466218203125 0.44111085 1 0.5105503078125 1 0.4868734984375
423 0.83959903125 0.5882066234375001 0.8623910984375 0.6011359374999999 0.845765325 0.619822671875 0.8652698078125001 0.6208448578125 0.8831553796874999 0.727395690625 0.91763355 0.66661684375 0.9135116296874999 0.5959918296875 0.886205353125 0.59456076875 0.8761381609375001 0.562740284375 0.893172809375 0.53625175625 0.8703807421875001 0.5233224421875 0.8430744656250001 0.52189138125 0.8005734765625 0.5118407781250001 0.7804556812500001 0.52252128125 0.7827210796874999 0.553932890625 0.8007945015625 0.5822613546875 0.83959903125 0.5882066234375001
1995 1 0.26440838125 0.78265473125 0.2566469984375 0.7759082984375001 0.38537658750000003 1 0.400869128125 1 0.26440838125
436 0.9703564046875 0.4816226171875 0.915743853125 0.47876049375 0.907533184375 0.48615341250000005 0.914108353125 0.5099676671875 0.972212928125 0.5208360203125 0.9853466796875001 0.49414305625 0.9703564046875 0.4816226171875
436 0.8730384265625 0.4726107875 0.85332950625 0.47548949687500003 0.8260232296875 0.4740584359375 0.8026178500000001 0.47283181093750004 0.8093974562499999 0.49274516874999996 0.8124806046874999 0.50855319375 0.8711984906250001 0.50771885625 0.8802269078125 0.4847223515625 0.8730384265625 0.4726107875
436 0.7016034125 0.4597146484375 0.6859998265625 0.4588968984375 0.654997090625 0.453360503125 0.6541793421875 0.46896408906250003 0.6611633859375 0.48497655 0.7116706046875 0.49153513281250005 0.720699021875 0.46853862812499997 0.7016034125 0.4597146484375
436 0.626873065625 0.46753302812499997 0.6276908140625 0.45192944218750003 0.5769791578125 0.44927175625000004 0.5650720312499999 0.452559340625 0.5714427625 0.4802744921875 0.6178446484375 0.4905295328125 0.626873065625 0.46753302812499997
436 0.4950603296875 0.4449785734375 0.4718593875 0.43985105156250004 0.44065221406250005 0.43821555312499993 0.36283871875 0.4302259109375 0.3583245109375 0.4417241625 0.3653085546875 0.4577366234375 0.48172214062499996 0.47557243437499996 0.49424257968749996 0.460582159375 0.4950603296875 0.4449785734375
436 0.8937695343750001 0.45022759375000004 0.8777570734375001 0.45721163750000005 0.8847411171875 0.4732240984375 0.93955810625 0.472185325 0.9405802937500001 0.4526808421875 0.8937695343750001 0.45022759375000004
436 0.83977029375 0.43566278125 0.8124640171875 0.4342317203125 0.79645155625 0.44121576406249996 0.79542936875 0.46072024687499996 0.850246359375 0.4596814734375 0.8551694421875 0.4403814265625 0.83977029375 0.43566278125
436 0.734037209375 0.4379447671875 0.7291141265625 0.45724481250000004 0.7681230921875 0.4592891859375 0.784544428125 0.4445033484375 0.734037209375 0.4379447671875
1373 0.6059209328125 0.4194956453125 0.6130928265625 0.3572857359375 0.633006184375 0.3505061296875 0.630127475 0.330797209375 0.6112363046875 0.3180723328125 0.583930028125 0.316641271875 0.5560104390625 0.3269129 0.5668953796875 0.3431297984375 0.5779847578124999 0.3554458 0.582515553125 0.4182690203125 0.6059209328125 0.4194956453125
2001 0.0037683796875 0.48964004531249994 0.0236817375 0.48286043906250004 0.0587898078125 0.48470037499999996 0.1294148203125 0.48057845312499997 0.54987731875 0.4439397984375 0.5853942640625001 0.437977940625 0.5749181984375 0.41395925 0.5884110609375 0.1565000734375 0.0330195046875 0.0061333015625 0.0037683796875 0.48964004531249994
407 0.0359697171875 0 0.0365115265625 0.0141395328125 0.5916986453125 0.1684072 1 0.14171688124999998 1 0.0255177171875 0.5130929625 0 0.0359697171875 0
410 0.7559285921875001 0.09487030156250001 0.8269624796875 0.0829465875 0.7622827359375 0.0482639796875 0.6951497437499999 0.06039213125 0.7559285921875001 0.09487030156250001
410 0.47567734687499996 0.0684481234375 0.4126496890625 0.0768798171875 0.48903212187499995 0.1121757359375 0.5485677578125 0.09573781249999999 0.47567734687499996 0.0684481234375
410 0.173346484375 0 0.16626330312499998 0.00138148125 0.2966449765625 0.0512422140625 0.360081509375 0.035008728125 0.2606108828125 0 0.173346484375 0
1754 0.5782057828125 0.42586637656250004 0.5192834578125 0.430601609375 0.993966221875 0.47894834375000006 0.9992981796875 0.4518465046875 0.5782057828125 0.42586637656250004
410 0.8631093234374999 0.1396035125 0.9220316468749999 0.13486827968749998 0.8764475125000001 0.1090096515625 0.81732075 0.11764578125 0.8631093234374999 0.1396035125