407 0.4781695234375 0 0.4603135140625 0.0015621984375 0 0.0454606171875 0 0.3921282625 0.3620992453125 0.492458896875 0.7130048484375 0.4696009765625 0.9890155593750001 0.352616790625 0.9581655874999999 0 0.4781695234375 0
627 0.2748306015625 0.8843686953125 0.2819800953125 0.9660877921875001 0.7641714515625 0.91998034375 0.75702195625 0.838261246875 0.8076099687499999 0.83383536875 0.7456406234374999 0.7529912171875 0.282906196875 0.7973964046875001 0.2115470765625 0.878141771875 0.2748306015625 0.8843686953125
627 0.367641734375 0.7350866078125 0.3693439953125 0.7545435359375 0.66051700625 0.72122685625 0.6591551984375 0.7056613140625 0.6860544453124999 0.6993867640625 0.651859290625 0.6670879109375 0.3684690515625 0.6997236859375 0.3404020359375 0.7374697734375 0.367641734375 0.7350866078125
627 1 0.6334084859375 0.8234207078125 0.6559994031249999 0.837478028125 0.6822177453125 0.8407361375000001 0.76427729375 0.8950691234375 0.8026566578125 0.8975987 0.7867506625 0.8598526124999999 0.758683646875 0.858150353125 0.7392267203125 1 0.7167830046875 1 0.6334084859375
627 1 0.6102144093749999 0.9639974515624999 0.6044888187499999 0.7464203125 0.6274455234375 0.7535698078124999 0.7091646203125 0.787424509375 0.7375720875 0.8062005328125 0.7280870546875 0.7758967640625001 0.69544775 0.7714708875 0.6448597375 1 0.6136761609375 1 0.6102144093749999
627 0.1759901140625 0.830277378125 0.147582646875 0.864132078125 0.1567272265625 0.8790167171875 0.218454903125 0.8226410187500001 0.20147992499999998 0.7182545124999999 0.026708028124999998 0.7374662437499999 0.029772096874999997 0.7724887140625001 0.1740938140625 0.7637833703125 0.1759901140625 0.830277378125
627 0.6356128453125 0.6606669484375 0.618004590625 0.63868044375 0.4043188375 0.6612966953125 0.390115103125 0.6782240453124999 0.6356128453125 0.6606669484375
627 0.2554724578125 0.752742490625 0.2468623703125 0.7887863171875 0.287284446875 0.7578016453124999 0.27235218125 0.676763453125 0.05054320624999999 0.6961692234375 0.0250057671875 0.7180093171874999 0.2478361 0.7102777015624999 0.2554724578125 0.752742490625
627 0.6095409140625 0.6315785765624999 0.59650495 0.617034390625 0.425964890625 0.6397970546875 0.4114207046875 0.6528330203125 0.6095409140625 0.6315785765624999
627 0.9240622390625 0.596219184375 0.8724528703125 0.5889709046875 0.7061446484375 0.6152845015625 0.7230719999999999 0.6294882359375 0.9240622390625 0.596219184375
436 0.6782205171875 0.9235789046875 0.643198046875 0.9266429734375 0.6091969328125 0.9413811984375 0.620724678125 0.9835055359375 0.830859496875 0.9651211203125 0.8313463609375 0.9258668140624999 0.810527625 0.9120035312500001 0.7330403671875 0.9227039593749999 0.6782205171875 0.9235789046875
436 0.4255479578125 1 0.6009272984375 0.9813164109375 0.59397184375 0.9466343921875 0.5696021734375 0.9370029484375 0.5041295234375001 0.95057340625 0.4379759703125 0.9563610921875 0.40650443281250004 0.9551933234375 0.39580109218750004 1 0.4255479578125 1
436 0.377316246875 1 0.39127934375 0.9604465171875001 0.317002565625 0.9630237218750001 0.282661 0.9738705624999999 0.22463066875 0.9828687296874999 0.15779621093750001 0.9808736453125 0.1484826375 1 0.377316246875 1
423 0.0911081640625 0.9357328671875 0.14928490781249998 0.88358900625 0.1385844796875 0.806101746875 0.083424178125 0.8030853062500001 0.065475471875 0.7772074156250001 0.0304530015625 0.7802714843749999 0.036921592187500005 0.8542078109375 0.076856803125 0.8624774453124999 0.0911081640625 0.9357328671875
423 1 0.6836836 0.99838664375 0.68382475 0.963364175 0.6868888203125 0.9586454718749999 0.72259219375 0.9122892984375 0.7305690046875 0.9143320109375 0.7539173171875 0.9116560218749999 0.8129690046875 0.968518584375 0.8354423750000001 0.9507162890625 0.766418790625 0.9977533671875 0.7662247515625 1 0.7605402765625 1 0.7271445890625 0.99400839375 0.723419509375 1 0.7228953125 1 0.6836836
436 0.5755874296875 0.7364995734375 0.5860938171875001 0.766949753125 0.6752552328125 0.7552279703125 0.6796334828124999 0.715633209375 0.6254945375000001 0.724290925 0.5943634531249999 0.7270145421875001 0.5755874296875 0.7364995734375
436 0.4520844484375 0.7590681984375001 0.458018546875 0.782076059375 0.56308595625 0.7728838515625001 0.564253725 0.741412315625 0.53599266875 0.7321213234374999 0.4659477296875 0.7382494625 0.4520844484375 0.7590681984375001
436 0.3370451421875 0.7887386890625 0.44211255156249996 0.7795464828124999 0.4400698390625 0.75619816875 0.407576946875 0.74335624375 0.330430140625 0.7579480578125 0.3370451421875 0.7887386890625
1754 0.299251428125 0.670488903125 0.300466825 0.7292001375 0.32313423281250003 0.7193746546875001 0.3134551609375 0.6535615515625001 0.13056004062499998 0.6695628015625 0.077102 0.6860032875 0.299251428125 0.670488903125
1503 0.161010221875 0.6590564140625 0.34001395625 0.643395615625 0.44386596875000006 0.5754921734375 0.377712415625 0.581279859375 0.161010221875 0.6590564140625
1503 0.5447015421875 0.5627490328125 0.4788884390625 0.5724281046875 0.4327263046875 0.62744199375 0.5841498890625 0.6102729765625 0.5447015421875 0.5627490328125
1503 0.6377543421875 0.550686796875 0.575832625 0.560025415625 0.6934491359375 0.6046317015625 0.8600978093749999 0.5822094890625 0.6377543421875 0.550686796875
1503 1 0.5602765234375 0.7506045234375 0.540813684375 0.676668196875 0.5472822749999999 0.9421573578125001 0.57895138125 1 0.5771132203125 1 0.5602765234375
676 0.1763340953125 0.5204747546874999 0.12117379375 0.5174583140625 0.1227772703125 0.67024370625 0.19111994999999998 0.644658640625 0.1763340953125 0.5204747546874999
676 0.050107498437499995 0.5119122953125 0.010853190625 0.51142543125 0.020093025 0.7066756125 0.06542784375 0.6870246437499999 0.050107498437499995 0.5119122953125
676 0.34147455 0.52563269375 0.3259090078125 0.5269945015624999 0.33592853125 0.5966989890625001 0.3472622359375 0.5917862484375 0.34147455 0.52563269375
676 0.3930839171875 0.5328809718749999 0.3697356046875 0.5349236859375 0.36992964375000004 0.5819607640625 0.39716934375 0.5795775984375 0.3930839171875 0.5328809718749999
676 0.672923225 0.504477034375 0.657698134375 0.509730228125 0.6578921734375001 0.55676730625 0.6851318734375 0.5543841421875 0.672923225 0.504477034375
2001 0.8524138234375 0.4495619296875 0.733823584375 0.4834642578125 0.742140846875 0.53371181875 0.859222865625 0.5273896406249999 0.8524138234375 0.4495619296875
2001 0.7263812656249999 0.4880365484375 0.71436665625 0.48516651875 0.7181116296875001 0.527971759375 0.7333367203125001 0.522718565625 0.7263812656249999 0.4880365484375
2001 1 0.478169528125 0.9943523750000001 0.41361688750000003 0.8874362937500001 0.4464978609375 0.8942453359375 0.5243255703124999 1 0.522378409375 1 0.478169528125
1502 0.39823832656249997 0.6814345265624999 0.3914769125 0.6937895875 0.6249600453124999 0.6733624609375 0.620047303125 0.66202875625 0.39823832656249997 0.6814345265624999
436 0.19233534531250002 0.703369875 0.1300731765625 0.708817109375 0.1272031484375 0.7208317171874999 0.18946531718749998 0.715384484375 0.19233534531250002 0.703369875
436 0.115528990625 0.7218530750000001 0.1141671828125 0.7062875328125 0.0444626953125 0.71630705625 0.045824503125 0.7318725984375 0.115528990625 0.7218530750000001
423 0.8007532984375001 0.6658248859375 0.8006068859375001 0.7089705796875 0.8168533328124999 0.7153915421875 0.8244420640625 0.6676735593750001 0.8347544125 0.6510866609375 0.8924442906250001 0.6381971078124999 0.891422934375 0.6265229515625 0.8252693796875 0.6323106375 0.8156379359375 0.6566803078125 0.8007532984375001 0.6658248859375
436 0.9108798625000001 0.624820690625 0.904118446875 0.6371757515625001 0.978054771875 0.6307071609375 0.9692506453125 0.6197139093749999 0.9108798625000001 0.624820690625
1502 0.6027795 0.6439336375 0.6017581437499999 0.63225948125 0.42664579375 0.6475798265625 0.4198843796875 0.6599348875 0.6027795 0.6439336375
1995 0.50948503125 0.5187760234375001 0.5167809390625 0.5573494265625001 0.5981595828125 0.546308546875 0.595435965625 0.5151774625 0.50948503125 0.5187760234375001