1536 0.328067521875 0 0.3293579859375 0.016474603125 0.2686002703125 0.3517753484375 0.6008146937500001 0.4058306546875 0.6553456359375 0.0965703140625 0.6763094578125 0.08895915625 0.6825362312500001 0.062918753125 0.3976215015625 0 0.328067521875 0
676 0.080450184375 0 0 0.4562556671875 0 0.525717965625 0.1537665734375 0.548633871875 0.24731982187499998 0.0087936484375 0.20108739843749998 0 0.080450184375 0
1939 1 0.086579546875 0.9686446484375001 0.0817059765625 0.85668123125 0.6703151609375 0.9585248875 0.7696879984375 1 0.534470946875 1 0.086579546875
1939 0.080450184375 0 0 0.456255665625 0 0.5209548484375001 0.8533540890625 0.6335440296875 0.8596974562499999 0.6346625359375 0.9682190390625 0.07484634375 0.53742384375 0 0.080450184375 0
1794 0.9065285718749999 0.1928758140625 0.7463585515625 0.16463351875 0.71510999375 0.360399653125 0.8748932703125 0.3908352859375 0.9065285718749999 0.1928758140625
1796 0.9534838921875 0.1491401328125 0.7366103125000001 0.10863793906250001 0.6696258234375 0.46997908437499997 0.8857647796875 0.5239209203125 0.9534838921875 0.1491401328125
1400 0.7023882 0.5345557359375 0.6630123046875 0.49821282343749995 0.5246573265625 0.4760786375 0.5223368609375 0.48923865156249996 0.503116240625 0.626064346875 0.5361876328124999 0.6703417234375 0.6520725796875 0.8106364140625001 0.65984633125 0.7758226687499999 0.652303865625 0.7722311984375 0.69449785625 0.542210571875 0.7023882 0.5345557359375
819 0.9179146671874999 1 0.9337732546874999 0.9100614859375 0.8754430843750001 0.795745959375 0.7947187109375 0.72497384375 0.7366994578125 0.6830820765625 0.6883118515625 0.6700269765625 0.6740392749999999 0.6675103359375 0.660194209375 0.7645763624999999 0.661045428125 0.77829563125 0.653658421875 0.810916040625 0.7865331140625 1 0.9179146671874999 1
1754 0.7857022437500001 1 0.409433078125 0.48968443125 0.47391038906249994 0.4671305828125 0.5298015953124999 0.47472418125000004 0.6721406125 0.50208391875 0.8097998343749999 0.5467107171875 0.9536488656250001 0.6489671765625 0.9801825671875 0.6468611953125001 0.9913981515625 0.5832544578125 0.9386008984374999 0.5581141734374999 0.8302603187500001 0.5141339859375 0.7136426499999999 0.48000196875 0.38301406875 0.4262262875 0.35528126875 0.4258593046875 0.263922378125 0.46176544062499997 0.485800059375 1 0.7857022437500001 1
423 0.9600291953125 0.5664156203124999 0.989812309375 0.5829748312499999 0.9991330359375 0.53938774375 0.9966571125 0.5163358796875 0.98277128125 0.511625903125 0.9753454093749999 0.5351933421874999 0.962388525 0.5623085750000001 0.9600291953125 0.5664156203124999
1311 0.8743529703125 0.44953977500000003 0.825850671875 0.5020488000000001 0.8243425609375 0.5198751125000001 0.8727690328125 0.54198318125 0.953299084375 0.567490446875 0.9686541640625 0.5453211421875 0.9835059046874999 0.49818626093749996 0.99131851875 0.4724254859375 0.9499311734375 0.42894331250000006 0.963197071875 0.3815288078125 0.9536042921875 0.3617451078125 0.929816665625 0.3575507078125 0.9121022562500001 0.3838270578125 0.907152309375 0.4304463625 0.8743529703125 0.44953977500000003
1311 0.7676370968749999 0.4148921828125 0.72903659375 0.4668856328125 0.7247435421875 0.48195935468749995 0.7339495781250001 0.5039363906250001 0.7783531484374999 0.5117659375 0.819198290625 0.52122956875 0.8459632765625 0.4807183734375 0.850139734375 0.438485740625 0.816759328125 0.414507640625 0.8277047609375 0.3802531484375 0.8268146796875 0.35748091249999997 0.8224050328124999 0.34539572500000004 0.79111380625 0.346662825 0.7880587171875 0.37326248125 0.78384339375 0.4064421453125 0.7676370968749999 0.4148921828125
1311 0.588979178125 0.417312909375 0.5756355484375 0.44662147656249995 0.6225150421875 0.47750288906250005 0.66177434375 0.48668689218749994 0.700182425 0.4821516265625 0.711205590625 0.466003075 0.7086519359375 0.4248452703125 0.7005672671875 0.3872352578125 0.6802992046874999 0.3723538046875 0.6900844046875 0.3446793203125 0.691940396875 0.315606703125 0.6780157015625 0.3018437578125 0.6586377203125 0.3097345421875 0.652410946875 0.33577494531249996 0.647770015625 0.36209497343749997 0.63233720625 0.366158340625 0.6173688703125 0.38613431249999997 0.588979178125 0.417312909375
1311 0.2468240953125 0.3547202078125 0.22009797187500002 0.40428437187500005 0.24001815624999998 0.43041213125000005 0.2606341 0.434047278125 0.2939756421875 0.4489724078125 0.342324384375 0.45297453593750003 0.372455378125 0.45828744375 0.38576014375 0.41992590625000004 0.362707140625 0.40229186562499997 0.3348188828125 0.365713003125 0.3216676734375 0.34756338593749997 0.334663421875 0.329501125 0.34208929375 0.30593368593750003 0.33168416093749997 0.2814836875 0.315825740625 0.2786874203125 0.289021890625 0.310145646875 0.2826785234375 0.3090271390625 0.2468240953125 0.3547202078125
1311 0.154767540625 0.3203959203125 0.1596027953125 0.3393407390625 0.13829109374999998 0.358198203125 0.113846571875 0.3855493828125 0.091877975 0.43595242812499996 0.0731199265625 0.4959676953125 0.07339198125 0.5593384828125 0.10000150781249999 0.48261540937499997 0.1629299390625 0.376111871875 0.16528926875 0.3720048265625 0.1624266 0.3511462984375 0.1666419234375 0.317966634375 0.18435633125 0.291690284375 0.21363610781250003 0.28328392343750003 0.2246981359375 0.276188340625 0.21038669531249998 0.26461873125 0.18861051874999998 0.267563590625 0.16729881562499999 0.2864210546875 0.154767540625 0.3203959203125
1311 0.29219737968750004 0.4961509640625 0.2568443859375 0.47408657343750005 0.2286082484375 0.44875401718749997 0.20826245625 0.4157666265625 0.21967236250000002 0.3974247390625 0.24485150781249998 0.35663391718750004 0.2435746828125 0.336055015625 0.250149334375 0.29876830625 0.2310803671875 0.28635981718750003 0.18714127187500001 0.29444287187499996 0.1639347125 0.3333199859375 0.16648836718749999 0.3744777890625 0.1369773046875 0.421289365625 0.0945870875 0.5133221109375 0.0695634015625 0.5903248109375 0.06473004843749999 0.6641030234375 0.1154769859375 0.673051078125 0.1781760359375 0.6976757859375 0.26659643125 0.7155282171875 0.2735966921875 0.6851011453125 0.265086415625 0.640631496875 0.1813846796875 0.614564978125 0.15438650468749998 0.600758353125 0.16490632968750002 0.559644228125 0.1873394 0.5251537859375001 0.2142987109375 0.529907440625 0.2500384484375 0.5497784968749999 0.2920438234375 0.55266211875 0.3379166421875 0.5336123828125 0.3600795609375 0.5284741875 0.338186790625 0.5042601375 0.29219737968750004 0.4961509640625
423 0.47274805937500003 1 0.4273882859375 0.8886180296875 0.3026489875 0.9005460640624999 0.2903878640625 0.905168684375 0.266444778125 0.8647624046875 0.2425405578125 0.8334090953125 0.2235493203125 0.8391065453125 0.20080723437499998 0.8938962609375001 0.1927244703125 0.9490092796875 0.46925427812500003 1 0.47274805937500003 1
423 0.21228916406249998 0.6154912140625 0.19221542187500001 0.6458746093750001 0.1953112796875 0.72105095625 0.18150508125 0.8271699515625001 0.19871805468749998 0.8686510593750001 0.22788123593749998 0.833085790625 0.2441264 0.833688721875 0.2899622546875 0.8983090499999999 0.2961501625 0.863215678125 0.3959804671875 0.8627262203124999 0.3685936453125 0.7583898984374999 0.2735208671875 0.7597182375 0.2465207875 0.65318858125 0.230545775 0.62323340625 0.21228916406249998 0.6154912140625
423 0.19964129375 0.62230716875 0.23804937656249997 0.6177719046875 0.2067951109375 0.5353689421875 0.1984791578125 0.53616414375 0.18080361250000002 0.5714934640625 0.19964129375 0.62230716875
423 0 0.8217705328125 0.03727120625 0.8198298625 0.018165278125 0.8910914343749999 0.0423396484375 0.8930925000000001 0.0669377265625 0.8092301656249999 0.13346535312500002 0.802868546875 0.141859034375 0.8201792843750001 0.1564406265625 0.80239665 0.152378859375 0.779065159375 0.085425625 0.7785671437499999 0.096254465625 0.7171537421874999 0.18421038750000002 0.71909356875 0.18850153593750002 0.6112968125 0.0867337046875 0.43730688281249996 0.07041081406250001 0.4185980140625 0.032467206250000005 0.43904588125000005 0.0183112234375 0.46368815 0.0318122140625 0.56331449375 0.029647206250000002 0.6126863890625 0.0188183671875 0.6740997890625 0.0419491 0.7098397703125 0.065775590625 0.723087140625 0.04779103125 0.7787157359375 0.0106209109375 0.794776934375 0 0.7953964796874999 0 0.8217705328125
819 0 0.9172882859374999 0.192337725 0.951202615625 0.20664726406249997 0.8700491937500001 0.1858369953125 0.8211491984375 0.18981913125 0.7336517171875 0.1787182375 0.73169433125 0.1014764640625 0.7339052265625 0.0359924765625 0.706527928125 0.023072553125 0.6499730968749999 0.024114290625 0.523511146875 0 0.5208051359375 0 0.9172882859374999
1209 0.5179310203124999 0.6625995312499999 0.487800025 0.657286625 0.47159372812499994 0.6657366640625 0.4673395421875 0.68986335625 0.522844003125 0.699650290625 0.5282972890625001 0.677996559375 0.5179310203124999 0.6625995312499999
1209 0.642131921875 0.8020990203125 0.6207424890625 0.80285054375 0.6017512515625 0.8085479937500001 0.5966847109375 0.8280083875 0.6256943390624999 0.8489542734375 0.6518412953125 0.8490416281250001 0.665649396875 0.835645665625 0.642131921875 0.8020990203125
1209 0.7542157375 0.42609481093749996 0.7612937296875 0.413773675 0.765161171875 0.39184031875 0.71085580625 0.384526346875 0.7057504031249999 0.394933771875 0.71456969375 0.41910414375 0.7542157375 0.42609481093749996