407 0.445544165625 0 0 0.1034667890625 0 0.264393371875 0.25715528125 0.3505424875 0.26362919218749997 0.338575375 0.6362390718750001 0.249933484375 0.648218440625 0.24847689062499997 0.6545787640625 0.2404631875 0.8877278734375 0 0.445544165625 0
1619 0.45129253281250004 0 0.2509990765625 0.048261523437499995 0.272728059375 0.066808096875 0.5007306546875 0.01416955 0.5056361765624999 0 0.45129253281250004 0
1074 0.43481365156249996 0.23098313906249998 0.4376770109375 0.22115865 0.45211922187500003 0.2125881578125 0.4423098546875 0.18343535625000001 0.46162391718749995 0.1737401078125 0.48242645156249997 0.1571559109375 0.4872923875 0.13377847812500002 0.48132666406249996 0.116828915625 0.459197165625 0.10099293125 0.4332299375 0.0952063875 0.4077229765625 0.0958588875 0.38741088437500004 0.0167683765625 0.3678098953125 0.025220804687499997 0.38743454375 0.1057790859375 0.359064225 0.1162560734375 0.3410712109375 0.136118825 0.3350575671875 0.1545249828125 0.34664233437499997 0.17803165468749999 0.36510152812499996 0.1868606265625 0.386483834375 0.1950147484375 0.3980626859375 0.19626874218749998 0.40563638593749995 0.224628628125 0.4236353140625 0.2270185546875 0.42896743125 0.23233284531249998 0.43481365156249996 0.23098313906249998
676 0.10898476093750001 0.566709875 0.171014909375 0.8220557296875001 0.24156415468749998 0.7808959875 0.18739463437499998 0.5551528375 0.10898476093750001 0.566709875
1929 0.8171790624999999 0.1845970921875 0.7808463578125 0.2139301390625 0.793811925 0.25675395 0.8316928546875 0.2296815890625 0.8171790624999999 0.1845970921875
1929 0.49355035 0.38760068125 0.48580331250000003 0.35404456875 0.445166696875 0.36473533125 0.44717518749999996 0.37343506406250004 0.45457554843750003 0.3965987234375 0.49355035 0.38760068125
1929 0.0604402 0.3697765140625 0.072718325 0.4140680953125 0.11748551249999999 0.41682338906250005 0.11025257656250001 0.37660328125000003 0.0604402 0.3697765140625
412 0.9486231765625 0.22494013906250002 0.9415097453125 0.2030193015625 0.9322263109375 0.2117078578125 0.933433771875 0.22582876718749997 0.9437513265625 0.2260648953125 0.9486231765625 0.22494013906250002
412 0.8504448921875 0.26200605781249997 0.8436243015624999 0.26358071562499996 0.8400734999999999 0.27487297499999996 0.8515387640625001 0.2800803765625 0.8608221984375 0.2713918203125 0.8568649671875 0.2631419890625 0.8504448921875 0.26200605781249997
412 0.776404596875 0.32360769375 0.7851739265625 0.3215831328125 0.7808700171875 0.3029408484375 0.7678026906250001 0.30857580156250003 0.776404596875 0.32360769375
412 0.7282061109375 0.35044392812499997 0.7268850625 0.34027642343750003 0.7170816109375 0.33337629999999996 0.70682380625 0.34228980625 0.71456493125 0.3535932421875 0.7205844906250001 0.3574397625 0.7282061109375 0.35044392812499997
1074 0.509882678125 0 0.5966602375 0.3585596421875 0.59408380625 0.3696269484375 0.59792745 0.3818301875 0.577352090625 0.3905075671875 0.5620550125 0.4176022796875 0.5877353125 0.4221460078125 0.618574390625 0.42680779687500003 0.6312412015625 0.42388343281249996 0.642987478125 0.408080978125 0.66425028125 0.397935828125 0.6592589281250001 0.3807613140625 0.6268716249999999 0.3738388375 0.6190766640625001 0.3756384453125 0.6140853109375 0.35846392968749996 0.6061170109375 0.3550673125 0.5191919781250001 0 0.509882678125 0
1074 0.5618705796875 0 0.5621757203125 0.00914726875 0.5657324359375 0.0201076890625 0.661506425 0.4260595859375 0.6603048796875 0.43419135156250005 0.6476978203125 0.4462653515625 0.6532032765625 0.45677586875 0.6753866109375 0.4595088109375 0.69745044375 0.44394248281250004 0.6929193578125 0.43320701406250006 0.6768691703124999 0.430367184375 0.6731988656250001 0.4233601734375 0.5743881796875 0.022036535937499997 0.57891335 0.0105193265625 0.5764847734375 0 0.5618705796875 0
1074 0.6534575796875 0 0.74610328125 0.4012926171875 0.7302323484375 0.42590169375000003 0.7418112 0.4271556875 0.7577478 0.43394892343749997 0.76817894375 0.43023164375 0.7800985609375 0.419625415625 0.7955151421875 0.410829971875 0.789035315625 0.40054440625 0.76215346875 0.404132446875 0.7500486828125 0.3650370921875 0.662144403125 0 0.6534575796875 0
1074 0.6714150890624999 0 0.7562356671875 0.3518271625 0.754920534375 0.3639123375 0.7276440859375 0.3924636453125 0.7271299828125 0.399127640625 0.737848053125 0.3966531796875 0.75263694375 0.398475140625 0.7606052437499999 0.40187175937499997 0.7869132359375001 0.39579808125 0.795622815625 0.3846238859375 0.8110393968749999 0.3758284421875 0.8137891671874999 0.3699573625 0.7746948625 0.360656134375 0.7686155515624999 0.3476599796875 0.679413496875 0 0.6714150890624999 0
1074 0.46865393906249997 0.0975006015625 0.4739263046875 0.0936652578125 0.4719178125 0.084965525 0.4633756578125 0.07908326875 0.454606328125 0.081107828125 0.453004265625 0.091950184375 0.4615464203125 0.09783244062499999 0.54773821875 0.4667247203125 0.53639245625 0.47981658749999995 0.56029735625 0.49000644375 0.5769154828125 0.47307923125 0.5629276234375 0.46583609218750005 0.55828295 0.4590540328125 0.46865393906249997 0.0975006015625
412 0.5607878000000001 0.3943317359375 0.553220015625 0.38822452812499997 0.54714661875 0.39748105 0.5559757015625 0.4046061265625 0.5607878000000001 0.3943317359375
412 0.475844265625 0.40870625 0.4704583109375 0.4164950015625 0.4808356171875 0.42588076406250003 0.486221571875 0.4180920125 0.4835256375 0.41086004843749996 0.475844265625 0.40870625
1074 0.35178336718750003 0.1113916859375 0.342840696875 0.1082200171875 0.33745474375 0.11600877031250001 0.33808835 0.12764404375 0.341411975 0.12425860156249999 0.3608035328125 0.190471021875 0.4288650703125 0.49416874999999993 0.41895394531249996 0.5134747109375 0.44033625 0.5216288296875 0.45821567500000004 0.5057194875000001 0.44462833125 0.49576575937499995 0.437174134375 0.48570514375 0.35178336718750003 0.1113916859375
412 0.392909221875 0.431780496875 0.404834753125 0.443426946875 0.40838555468750004 0.43213468906249997 0.40150521250000004 0.4245597109375 0.392909221875 0.431780496875
1074 0.3739418390625 0.4518682 0.3381711578125 0.4391815296875 0.3243566375 0.4371346171875 0.322461734375 0.424481478125 0.3172432046875 0.41521377968750006 0.23404018437500002 0.0770489578125 0.22721959374999998 0.078623615625 0.3037753640625 0.4235593203125 0.30263356875 0.440840721875 0.27460992812499996 0.4617101640625 0.268022428125 0.4776306828125 0.27295402968750004 0.4856555625 0.2946770984375 0.4819494578125 0.31302270625 0.4947318390625 0.329873925 0.492150490625 0.3479266890625 0.4814373734375 0.351477490625 0.4701451171875 0.37457544375 0.463503471875 0.3739418390625 0.4518682
1074 0.21489946249999997 0.0919404328125 0.2096809328125 0.082672734375 0.2007980140625 0.0886507015625 0.2014316203125 0.10028597343750001 0.20899940468749997 0.10639318125 0.3049467328125 0.5175413062499999 0.2891893875 0.538196975 0.31991487812499997 0.546812171875 0.33790789062500004 0.526949421875 0.32002255 0.5206060875 0.31520453593750003 0.5086277984375001 0.21489946249999997 0.0919404328125
412 0.22124675 0.46617565625 0.2316240578125 0.47556141875 0.2410808296875 0.4720690890625 0.23471459218750002 0.4578301140625 0.22703321875000002 0.4556763140625 0.22124675 0.46617565625
412 0.1524072390625 0.47028695625 0.1651338015625 0.476512228125 0.1639860921875 0.471540953125 0.17005948906249999 0.46228443124999996 0.161630921875 0.45244876562499997 0.14982489375000002 0.4591015875 0.1524072390625 0.47028695625
412 0.0637874859375 0.4554017828125 0.0657959765625 0.464101515625 0.074511471875 0.47517999843750003 0.0753125015625 0.4697588203125 0.083621565625 0.46129521562500003 0.0790904796875 0.4505597484375 0.068372409375 0.453034209375 0.0637874859375 0.4554017828125
1075 0.1170423875 0.6905195171875 0.10632431718749999 0.692993978125 0.11148900937499999 0.7153647203125 0.1222070796875 0.7128902593750001 0.1170423875 0.6905195171875
1074 0.23112178437500003 0.526730771875 0.21982985781250003 0.5267195953125 0.1183770734375 0.10506095156249999 0.11126955624999998 0.105392790625 0.2056148234375 0.527383271875 0.1820625171875 0.549838546875 0.209177453125 0.5605963671875 0.2286648546875 0.556097346875 0.2507286875 0.54053101875 0.243274490625 0.530470403125 0.23112178437500003 0.526730771875
1074 0.2057284109375 0.5234298640625 0.2242414421875 0.51915579375 0.2234942484375 0.511473928125 0.1972400921875 0.5044445640624999 0.1874963921875 0.5066940734375 0.1822181109375 0.4882767421875 0.1761985515625 0.48443022031250005 0.0888590453125 0.11056666562499999 0.0800897140625 0.112591225 0.16760256093749998 0.49165100781250004 0.1703582453125 0.5080326046875 0.147947734375 0.5132064781250001 0.1324773171875 0.535104965625 0.15815761718750002 0.5396486921875 0.1770173265625 0.545767075 0.196618315625 0.537314646875 0.2057284109375 0.5234298640625
1209 0.30478522343750003 0.556850434375 0.31787029375000003 0.6179735156249999 0.3422295453125 0.6123497390625 0.327195734375 0.5516765609375 0.30478522343750003 0.556850434375
935 0.3446444671875 0.640591559375 0.34166160625 0.632116778125 0.3311707109375 0.626684425 0.3284747765625 0.6194524609375 0.3180436328125 0.6231697421875 0.3178164578125 0.6310765578125 0.305496325 0.644393375 0.3126635953125 0.653211171875 0.325844509375 0.6436228109375 0.3396590296875 0.6456697234375001 0.3445308796875 0.6445449671875 0.3446444671875 0.640591559375
351 0.6460957578125 0.45710770624999997 0.3431264203125 0.5362171203125 0.3804808140625 0.6846805421875 0.3989400078125 0.6935095140625 0.40449930156249997 0.6909169890625 0.5640090640625 0.6527821968749999 0.664082253125 0.62836941875 0.675428015625 0.615277553125 0.6868335296875 0.6113353218750001 0.6460957578125 0.45710770624999997
1917 0.6293640421875 0.477988325 0.620194196875 0.4827234734375 0.6206544640625 0.48916252031249996 0.6226629546875 0.497862253125 0.6254724765625 0.5011408078125 0.6345287359375 0.5003590671875 0.6351564265625 0.4897416609375 0.631486121875 0.48273465 0.6293640421875 0.477988325
278 0.5877767171875 0.5779147499999999 0.596832975 0.577133009375 0.5902336453125 0.5485481734375 0.582438684375 0.55034778125 0.5877767171875 0.5779147499999999
1917 0.5637641437500001 0.5939309796875001 0.55402044375 0.596180490625 0.5604464328125001 0.6195691 0.5679544671875 0.6165266734375 0.5637641437500001 0.5939309796875001
278 0.422576328125 0.5558374421875001 0.42986310000000005 0.582954509375 0.44029424375000004 0.579237228125 0.43329439843750006 0.5533629796875 0.422576328125 0.5558374421875001
1917 0.4396245453125 0.64746303125 0.450342615625 0.64498856875 0.44718641562499994 0.6313175609375 0.443342771875 0.6191143218749999 0.44035990937499997 0.610639540625 0.437663975 0.603407578125 0.43084338437499997 0.604982234375 0.43273828906249995 0.617635375 0.4343462640625 0.629045696875 0.4396245453125 0.64746303125
278 0.47297438906249994 0.6096552015625 0.460307578125 0.612579565625 0.46816820468750003 0.6421822703125 0.4795737171875 0.6382400374999999 0.47297438906249994 0.6096552015625
1340 0.7162622328125 0.4854165859375 0.70851519375 0.451860475 0.681920275 0.45669133281249996 0.689954240625 0.49149026406249996 0.7162622328125 0.4854165859375
1340 0.7185576515625 0.4953591390625 0.692249659375 0.5014328171875 0.7002836265625 0.536231746875 0.7265916171875 0.53015806875 0.7185576515625 0.4953591390625
1340 0.7291739640625 0.5413434390625 0.7038403421874999 0.5471921671875 0.71158738125 0.5807482796875 0.736921003125 0.5748995515625 0.7291739640625 0.5413434390625
1340 0.7417573640625 0.44025872968749996 0.7497913296875 0.4750576609375 0.7683043609375 0.47078359062499997 0.76927873125 0.470558640625 0.761244765625 0.43575970937499997 0.7417573640625 0.44025872968749996
1340 0.780181971875 0.5177857609375 0.7721480046875 0.48298683125 0.7526606046875 0.4874858515625 0.7604076421875 0.5210419625 0.7794945281250001 0.5192535312500001 0.780181971875 0.5177857609375
1805 0.7694100640625 0.533363265625 0.777205025 0.5315636578125 0.7736483078124999 0.5206032375 0.7658533484375 0.5224028453125 0.7694100640625 0.533363265625
1340 0.771998325 0.5668013140625 0.791659065625 0.5674985203125 0.783338171875 0.53145676875 0.7645382140625 0.5344880203125 0.771998325 0.5668013140625
1250 0.0709600671875 0.6998493984375 0.042954773437499996 0.57409973125 0.006616153125 0.581180103125 0.03731738125 0.71416173125 0.0709600671875 0.6998493984375
1939 0.890753953125 0 0.649766665625 0.25073757812499997 0.26420304687499996 0.3410610140625 0.2573286203125 0.3557387140625 0 0.26810878437499996 0 0.524902265625 0.0967592671875 0.9360695359375001 0.14816779062500002 0.9098012671875001 0.125344934375 0.8731803749999999 0.12929625 0.8591775281249999 0.1668305015625 0.8217127140624999 0.10434008749999998 0.5599278156249999 0.1762162953125 0.5511882531250001 0.19215289687499998 0.557981490625 0.24001001406250003 0.756382621875 0.2573753359375 0.7471372749999999 0.28391641875 0.755409459375 0.356988259375 0.7162854515625 0.35698234375000004 0.6940327749999999 0.3781315578125 0.6878410328125 0.337507375 0.5296600109375 0.6537173796875 0.450111871875 0.6932536046875 0.6124712531250001 0.70936354375 0.6244607171875 0.842003290625 0.6344193203125 0.8498520875000001 0.6195166703125 0.8359659859375 0.5638147671875 0.8465107171874999 0.5561440796875 0.81334073125 0.408023671875 0.9773159140625 0.3492220375 0.896691653125 0 0.890753953125 0
351 1 0.4519230171875 0.9754807624999999 0.3457185296875 0.8148889546874999 0.41028435781250006 0.8477720140624999 0.557161946875 0.8376277984374999 0.562122046875 0.8522013421875 0.616356178125 0.8775349640625001 0.6105074515625 0.892784121875 0.6187684578125 0.90029806875 0.6379787078125 0.9548687078125001 0.6476341265625 0.9595133828125 0.6544161875000001 1 0.66717006875 1 0.4519230171875
1373 0.26493720625 0.73099180625 0.2753145125 0.7403775671874999 0.277896859375 0.7515629390624999 0.29360036875 0.7440103140625001 0.2882085 0.7295463875 0.29709141875 0.723568421875 0.3197888578125 0.7196373656249999 0.320990403125 0.7115055984375 0.3231065671875 0.6939992453125 0.3163398140625 0.6824708609375 0.31106153281250004 0.664053528125 0.3008037296875 0.6729670343749999 0.2968524125 0.6869698828125 0.28475945625 0.692379884375 0.28979873125 0.674198678125 0.2892189609375 0.6494603624999999 0.27351545312500003 0.6570129859375 0.2555703609375 0.641520015625 0.2528803421875 0.65654073125 0.26286304843749997 0.6908897609375 0.2595991734375 0.7034248375 0.26493720625 0.73099180625
819 0.43279152187500003 0.8179094750000001 0.5587242671875 0.8254893265625001 0.57843884375 0.813083490625 0.680795621875 0.7541079093749999 0.658325359375 0.7501321484375 0.452906615625 0.8027930484375 0.43279152187500003 0.8179094750000001
1539 0.484767984375 0.7718741671875 0.5131442203125001 0.78364985625 0.5203712406250001 0.8016172875 0.5223258953125 0.8234200625 0.557749896875 0.825714278125 0.5778649890625001 0.8105978531250001 0.5732741515625001 0.79071275 0.5685697249999999 0.7747810546875 0.58404014375 0.7528825671875 0.57635285625 0.728476090625 0.5594418859375 0.7219078046875 0.5374916421875 0.733520725 0.4880856953125 0.7462360484375 0.47966304375 0.7586530609375 0.484767984375 0.7718741671875
149 0.5530040656249999 0.6540138390625 0.5519699453125 0.64508915625 0.541078534375 0.6423673921875 0.528124796875 0.6440489359375 0.517466478125 0.6556730328125 0.5156910765625 0.6613191609375 0.5159780031250001 0.6625619796875 0.5530040656249999 0.6540138390625
149 0.6100316343750001 0.6343026828125 0.596617628125 0.6295451812499999 0.585325703125 0.6295340031250001 0.5740935296874999 0.6386724625 0.5734658375 0.6492898671875 0.6104919 0.6407417265625 0.6100316343750001 0.6343026828125
149 0.487607684375 0.67303896875 0.4855991921875 0.6643392359375 0.47636959531249995 0.65992475 0.4646771546875 0.6626241625 0.45590782343749997 0.664648721875 0.4477721 0.678308553125 0.44805902656249996 0.6795513734374999 0.487607684375 0.67303896875
149 0.6833365640625 0.6095245375 0.6699823109375 0.6139166703125001 0.6661445828125 0.623966109375 0.6682666609375 0.628712434375 0.6812204000000001 0.6270308890625 0.70380425 0.62705324375 0.7020826859375 0.619596328125 0.6910179375000001 0.6116783359375 0.6833365640625 0.6095245375
149 0.7737914703125 0.6279132171875 0.769373971875 0.613224340625 0.7647292984375 0.6064422796875 0.7595705203125 0.606324215625 0.7563604828125 0.6057562515625 0.7442675265625 0.6111662531250001 0.737907203125 0.61917995625 0.7393418390625001 0.6253940499999999 0.7737914703125 0.6279132171875
149 0.827614915625 0.6298867703125001 0.8244587140625 0.6162157609375 0.818265815625 0.6071730140625 0.8076613328125 0.60569406875 0.7952814484374999 0.6098612515624999 0.784049275 0.6189997093749999 0.784395953125 0.6293921640625 0.827614915625 0.6298867703125001
149 0.8574737078125001 0.6125208343749999 0.8476164203125001 0.618723753125 0.8471620671875 0.634537384375 0.8623514734375 0.6336487562500001 0.8968011046875001 0.6361679234375 0.8898610109374999 0.6194433109374999 0.8782224078124999 0.60903968125 0.8574737078125001 0.6125208343749999
149 0.226835015625 0.788223659375 0.22092904375 0.7804237328125 0.2058532265625 0.7773589515625 0.1951351546875 0.7798334140625001 0.1780567609375 0.790321578125 0.1766280390625 0.8063601609375001 0.1821334953125 0.816870678125 0.226835015625 0.788223659375
149 0.2544522265625 0.747812128125 0.2391492328125 0.752654165625 0.2350245765625 0.761460784375 0.237493334375 0.7765995640625001 0.2393284875 0.78010306875 0.2586425484375 0.770407821875 0.27893098125 0.7604876234375 0.273025009375 0.75268769375 0.2625341140625 0.7472553390625001 0.2544522265625 0.747812128125
149 0.362141121875 0.6941508390625 0.35761595 0.7056680484375 0.357101846875 0.7123320453125 0.37280535625 0.7047794203125 0.3956163828125 0.69689495625 0.39068478125 0.6888700765625 0.37463459375 0.6860302484374999 0.362141121875 0.6941508390625
149 0.2887823546875 0.7320320265625 0.2938872953125 0.7452531328124999 0.2976711875 0.7483067375 0.32586816875 0.732633521875 0.32288530625 0.7241587390625 0.3146300796875 0.719519303125 0.302363784375 0.719733078125 0.2945688234375 0.7215326859375 0.2887823546875 0.7320320265625
437 0.08264007500000001 0.8660217703124999 0.1022528953125 0.9020746984375 0.13389300312500002 0.901315309375 0.1357819921875 0.8917157734375 0.12339619375 0.873630278125 0.125685696875 0.8613201515625001 0.11713762812499999 0.8331852171874999 0.11398142656250002 0.8195142093750001 0.1052659328125 0.8084357265625 0.0995333 0.8058320234374999 0.0807333421875 0.808863275 0.0743132671875 0.8077273437500001 0.06393596093750001 0.79834158125 0.08264007500000001 0.8660217703124999
437 0.4348045734375 1 0.428935446875 0.974578021875 0.408354171875 0.9610027234375 0.3784415421875 0.991471703125 0.3552181703125 0.9575614 0.2760551890625 0.9391838968749999 0.2659109734375 0.9441439953125 0.27147618125 0.9638041484375 0.26826614375 0.9632361828124999 0.24745177968749998 0.9353150234375001 0.181816390625 0.9177416125000001 0.1693229203125 0.9258622031250001 0.1568235328125 0.9117301171875001 0.1348673734375 0.9010903578124999 0.11870359687500001 0.9022039375 0.10139211249999999 0.898346240625 0.085688603125 0.905898865625 0.0953305453125 0.9521081171875 0.1070712640625 1 0.4348045734375 1
423 0.549351609375 1 0.6752357265625 0.9700775765625 0.66054859375 0.9197968515625 0.629368753125 0.9269952859374999 0.6070718296875001 0.928215753125 0.5648869890625 0.9366458281250001 0.53175840625 0.9442941640625 0.5141061578125 0.9522966921875 0.5048227234375 0.9609852468750001 0.49032076093750004 0.96040610625 0.485482425 1 0.549351609375 1
437 1 0.7343712390625 0.9875009312499999 0.7134078203125 0.998326675 0.684727275 0.9945309531250001 0.637168315625 0.9894260125000001 0.6239472078125 0.979395384375 0.6249539000000001 0.9669019125 0.633074490625 0.955956665625 0.64345576875 0.9634706140624999 0.6626660171875 0.9614680375000001 0.6762189640625 0.9532725609374999 0.6807291609375 0.9185478328125001 0.7214725296875 0.919241190625 0.7422574375 0.9124205999999999 0.74383209375 0.9095513265624999 0.7314039046875 0.9022704687499999 0.7265395156250001 0.8576884515625001 0.7734858046875 0.852595340625 0.8047700546875 0.8413034156249999 0.8047588765624999 0.8327015093749999 0.7897269859375 0.775052165625 0.842308225 0.774938578125 0.846261634375 0.741068715625 0.8684807828125001 0.6780275046875001 0.906598096875 0.6908256484375 0.966478359375 0.7412059640625001 0.953538084375 0.750262221875 0.9527563453125 0.961987453125 0.905184784375 1 0.8608038718750001 1 0.7343712390625
1754 0.454337265625 1 0.44205660937499996 0.955840025 0.4852755703125 0.956334634375 0.5039619421875 0.957256790625 0.6489697421875 0.9185428578125 0.7049631875 0.8899070140625 0.7714416125 0.84445085 0.9561359203125 0.670904671875 0.9606610921875 0.6593874640624999 0.9526330406250001 0.6468412109375 0.7086761015625 0.6259284875 0.6298657140625 0.6401961140625 0.43206859062499997 0.6858611781249999 0.3947556 0.6931664984375 0.3557269609375 0.715267584375 0.325180725 0.7341012921875001 0.165455615625 0.8246482531250001 0.1286088078125 0.8606452984375 0.1256318609375 0.8744231953125 0.144324146875 0.8975980296875001 0.41528835 0.955474659375 0.42457770000000006 0.9690387796875 0.43228366874999996 1 0.454337265625 1