1754 1 0.5128296796875 0.999434534375 0.5103625375 0.39613692500000003 0.723136403125 0.4036981453125 0.7415634609375 0.5413084953125 0.7944019609375 0.5548236421875 0.986763625 0.5977482843749999 0.98239928125 0.5864691796875 0.8015410609375 1 0.6349749140625 1 0.5128296796875
1754 0.23082326250000001 0.834857365625 0.2268810390625 0.8555204671875 0.2918517328125 0.8826850640625 0.310278790625 0.8751238453125 0.283652909375 0.840505771875 0.25309365625 0.6832920421875001 0.9920888015625 0.45209997187499995 0.984635325 0.41375515937499996 0.1453060640625 0.6405740343749999 0.22241780625000002 0.6892548234375 0.25223171093749996 0.842634071875 0.23082326250000001 0.834857365625
1754 0.11621979843750001 0.77754678125 0.122505809375 0.74846936875 0.0981159703125 0.7253547390625 0.0825714125 0.62491288125 0.86438345625 0.4092742203125 0.7808779609375 0.40958859687500004 0.014511584375 0.6023281125 0.051895562500000006 0.6308756625 0.0750013390625 0.749744578125 0.11621979843750001 0.77754678125
423 0.7194008109375 0.727949425 0.7398484265625 0.77172715625 0.701503615625 0.7791806328125 0.6615603640625001 0.7988829 0.6338659062499999 0.82018360625 0.6238443046875 0.9733473671875 0.7534713171874999 0.9441710656250001 0.9152648750000001 0.916700946875 0.902486221875 0.8714325203125 0.8882168734375 0.8184951312500001 0.8737320390625 0.8053932484375 0.8879024984375 0.7349896359375 0.9073981328125 0.6715096359375 0.89994465625 0.6331648249999999 0.8846067312500001 0.636146215625 0.8623451921875 0.6444527828125 0.813242284375 0.6579767828125 0.7564704140625 0.6729914781249999 0.7234507781249999 0.6873685703125 0.7194008109375 0.727949425
423 1 0.5950615828125 0.9583149640625 0.6059013375 0.92454998125 0.6164439484375001 0.9136841421874999 0.6424322250000001 0.9325333203125 0.6984587484375 0.8903540265625001 0.706657571875 0.8754382203125 0.7732267046875 0.9037702843750001 0.7756782328125 0.9252776218750001 0.9067959406250001 1 0.890273071875 1 0.5950615828125
423 0.314553096875 0.6514487265625 0.3441603703125 0.701404725 0.28355401874999997 0.71716476875 0.2842905140625 0.86425800625 0.354586384375 0.8983462187500001 0.349054575 0.7879993546875 0.3638626375 0.7413479749999999 0.43064725625 0.716428275 0.4492898 0.6690315484375 0.45504594843749996 0.5962841484375 0.43747198125000003 0.5877620953125 0.392948903125 0.6043752296875 0.346935128125 0.6133194015625001 0.3093356640625 0.6246073578125 0.314553096875 0.6514487265625
423 0.51021938125 0.59351824375 0.524596471875 0.6265378796875 0.4631370296875 0.6583811953125001 0.4590870625 0.69896205 0.6118287062500001 0.645395909375 0.622056940625 0.595655396875 0.6246162125 0.5474055796874999 0.6032077625000001 0.539628875 0.5617738171875 0.5516621796875001 0.5272634875 0.5583703078125 0.5103271234375 0.573600490625 0.51021938125 0.59351824375
423 0.7478494718750001 0.56722444375 0.6910776015625 0.5822391390625 0.6710521046875 0.60204915 0.675524190625 0.6250560375 0.8205968703125001 0.5729805921875 0.8246468374999999 0.5323997375 0.8279514578124999 0.4879844015625 0.8103774906250001 0.4794623484375 0.79195043125 0.4870235671875 0.7574401015625 0.493731696875 0.73666925625 0.5097072265625 0.735816165625 0.5257904984375 0.7478494718750001 0.56722444375
423 0.85148820625 0.5271823046875 0.8184685703125 0.5415593953125 0.8282658328125001 0.571489896875 0.9180573390625 0.542098109375 0.9197635203125 0.509931565625 0.9298840109375 0.48010880624999996 0.9193414015625001 0.4463438234375 0.9078379578125 0.448579865625 0.87790745625 0.458377128125 0.8510660874999999 0.4635945625 0.8363657671875 0.4903281875 0.85148820625 0.5271823046875
436 0.35120058125 0.5329030390625 0.3336266140625 0.5243809859375 0.2914473203125 0.5325798093749999 0.26535129999999996 0.541631725 0.26439046718750003 0.57763275 0.29027100156249996 0.60841634375 0.3462975234375 0.589567165625 0.34640526718750003 0.5696494125 0.35120058125 0.5329030390625
436 0.52077084375 0.4840244703125 0.485515165625 0.48689811875 0.4471703546875 0.4943515953125 0.44162969218750003 0.5272634875 0.459095915625 0.5557032937499999 0.520447615625 0.54377773125 0.525988278125 0.5108658390625 0.52077084375 0.4840244703125
436 0.62206579375 0.45239664062499996 0.58372098125 0.4598501171875 0.55304513125 0.46581289843749996 0.5475044687499999 0.498724790625 0.564225346875 0.523330115625 0.61865343125 0.5167297296875 0.6157797828125 0.4814740515625 0.62206579375 0.45239664062499996
436 0.7562726343749999 0.4263094734375 0.7394440140625 0.42162190156249996 0.7056790312500001 0.43216451093749997 0.6948131921875 0.4581527890625 0.7122794171875 0.4865925953125 0.7575478437500001 0.47381394375 0.7607447203125 0.44931636093750005 0.7562726343749999 0.4263094734375
436 0.838395178125 0.39840838125 0.8153882906250001 0.40288046718750004 0.788546921875 0.40809790156250003 0.7769357359375 0.4302516984375 0.7989817890625 0.4617806375 0.8334921203125001 0.455072509375 0.8436126109375 0.42524975 0.838395178125 0.39840838125
1754 0.5609295796875 0.42448669531250005 0.0017027156250000001 0.5569042343749999 0.0062050171875 0.5800665734375 0.643689728125 0.4203378390625 0.5609295796875 0.42448669531250005
423 0.163311003125 0.5694250734375 0.13646963437499998 0.57464250625 0.11569879062499999 0.5906180359375 0.1362541484375 0.6144780140625 0.1307134859375 0.64738990625 0.10387211874999999 0.6526073390625 0.1096194140625 0.7231186968750001 0.152220825 0.7785076140625 0.1551033265625 0.6705045359375 0.17427573125 0.6667777984375001 0.15521106875 0.6505867828125 0.1759819125 0.634611253125 0.213581378125 0.6233232953125001 0.22753635 0.5927551890625 0.22540805000000003 0.5613339921875 0.2039996015625 0.5535572875 0.163311003125 0.5694250734375
1995 0 0.4695295578125 0.2108243265625 0.42489110781250006 0.1862278546875 0.298353228125 0 0.3313415875 0 0.4695295578125
436 0.0853461703125 0.53682755625 0.031663434375 0.5472624234375 0.0185615515625 0.5617472578125 0.0352824296875 0.5863525828125 0.09130895156249999 0.56750340625 0.094505828125 0.5430058234375 0.0853461703125 0.53682755625
436 0.196546125 0.515212475 0.1735392375 0.5196845609375 0.14669786875 0.52490199375 0.126780115625 0.5247942515624999 0.121347196875 0.5377883906250001 0.13348824374999999 0.5593045828125 0.191750809375 0.5519588484375 0.1926039 0.5358755765625001 0.196546125 0.515212475
436 0.3400203671875 0.47538582187499995 0.310089865625 0.4851830828125 0.294751940625 0.48816447343749997 0.2770702296875 0.49956017499999994 0.28921127812499997 0.5210763671875001 0.33831418593749996 0.507552365625 0.34300175781250003 0.4907237453125 0.3400203671875 0.47538582187499995
436 0.36686173437499997 0.47016838749999995 0.369843125 0.4855063125 0.3819841734375 0.5070225046875 0.42650725312500004 0.4904093703125 0.42895878125 0.46207730625 0.41670999062499997 0.46047886875 0.36686173437499997 0.47016838749999995
436 0.6261157609375 0.41181578593749996 0.5501714843750001 0.4305572203125 0.519495634375 0.4365200015625 0.4972340953125 0.44482656875000004 0.5002154859375 0.4601644921875 0.5147003203125 0.473266375 0.6274987125 0.4394025015625 0.632186284375 0.42257388125000006 0.6261157609375 0.41181578593749996
436 0.1031356234375 0.505514103125 0.057121849999999995 0.5144582734375 0.060848587499999995 0.5336306796875 0.11527667187499999 0.52703029375 0.11996424375 0.510201675 0.1031356234375 0.505514103125
436 0.1814236859375 0.47835835781249997 0.15458231718749998 0.4835757921875 0.139989740625 0.4903916640625 0.147550959375 0.508818721875 0.20197904375000003 0.5022183359375 0.19825230625 0.48304592968750004 0.1814236859375 0.47835835781249997
436 0.210501096875 0.48464436875 0.22882041250000001 0.497000903125 0.267165225 0.48954742656250005 0.2596040046875 0.47112036875 0.210501096875 0.48464436875
1373 0.3913681703125 0.3301065078125 0.364526803125 0.3353239421875 0.3475904390625 0.3505541234375 0.347482696875 0.3704718765625 0.3681457984375 0.3744141015625 0.383905840625 0.43502045312500004 0.406912728125 0.4305483671875 0.402656128125 0.367705971875 0.4119235296875 0.3539664859375 0.4204455828125 0.33639251875 0.3913681703125 0.3301065078125
2001 0.7672811015625001 0 0.36464339843750004 0.17214743125 0.41383634375 0.42522319062499997 0.4068049859375 0.4504661203125 0.4428060109375 0.45142695312500003 0.8642757124999999 0.429191975 0.9347870687500001 0.4234446796875 0.9692974 0.41673655 0.9899605015624999 0.420678775 0.9046625484374999 0 0.7672811015625001 0
407 0.451855475 0 0 0.0878318078125 0 0.21143848125 0.3630449609375 0.1843962234375 0.7865448203125001 0 0.451855475 0
410 0.24556784999999998 0.091829959375 0.177400278125 0.08916294531249999 0.11817687968749999 0.1325097046875 0.19017893125000002 0.134431371875 0.24556784999999998 0.091829959375
410 0.3956424765625 0.106431390625 0.45688643281249997 0.11442358125 0.5276132765625 0.06884077968749999 0.464025534375 0.0692628984375 0.3956424765625 0.106431390625
410 0.6125616203125 0 0.5738425359375 0.020061100000000002 0.6389209734375 0.02730794375 0.6883323046875 0 0.6125616203125 0
1754 0 0.525092609375 0.0079111984375 0.547900028125 0.4712458171875 0.4339607296875 0.41223790468750005 0.43747198125000003 0 0.52157129375 0 0.525092609375
410 0.1325539703125 0.1655293390625 0.072800709375 0.16520611093749998 0.031259021875 0.19715716875 0.090266934375 0.1936459171875 0.1325539703125 0.1655293390625