1536 0.14744326562500001 0.12768393125 0.2283174296875 0.4587087921875 0.5537966812499999 0.37296699218749996 0.4778256640625 0.06826388125 0.49388133125 0.0527839859375 0.4889781859375 0.026462239062499997 0.1320876796875 0.0993775625 0.14744326562500001 0.12768393125
676 0 0.5613922796875 0.042061615625 0.7300922046875 0.203481203125 0.6852550734375 0.0693735484375 0.15403495625000002 0 0.1703455765625 0 0.5613922796875
1939 0.7750952421874999 0 0.8951179359375001 0.510515315625 1 0.5493050375 1 0.445264028125 0.888983209375 0 0.7750952421874999 0
1939 0.4419553265625 0 0 0.1113708984375 0 0.5613922796875 0.0409671125 0.7257023921875 0.8771222734374999 0.4782764859375 0.8833721640625001 0.47671821249999996 0.7730575 0 0.4419553265625 0
1794 0.6397321812500001 0.2849756203125 0.7980807546875 0.24779024062500002 0.7464636703124999 0.054078028125 0.5886538984375 0.0934244234375 0.6397321812500001 0.2849756203125
1796 0.7507227750000001 0 0.556972984375 0.046234884375 0.64275029375 0.403581490625 0.8621431765625 0.3649481765625 0.7727886609375 0 0.7507227750000001 0
1400 0.749862909375 0.6867480125000001 0.6948512203125 0.4594518703125 0.6989459046875 0.44924953749999996 0.648192240625 0.4320642546875 0.51279589375 0.46811770937499997 0.516028703125 0.48108380000000006 0.5541218171875 0.6138980234375 0.6023432671875 0.6408960703125001 0.7652724265625 0.72192699375 0.7582140749999999 0.6869611859375 0.749862909375 0.6867480125000001
819 1 0.647174965625 0.9632750437500001 0.6174709171874999 0.8607440453124999 0.585650934375 0.790701903125 0.57097945625 0.7411876375 0.5787340421875 0.72712538125 0.5822401562499999 0.75395759375 0.676545678125 0.7603153500000001 0.6887326328125 0.7668349 0.721537425 1 0.8611015046875 1 0.647174965625
1754 1 0.8608057203125 0.41306728125000003 0.52741314375 0.4627967578125 0.48058389375 0.516944509375 0.4647879890625 0.65810588125 0.4318878609375 0.8020151921875 0.41666541874999996 0.97501926875 0.4515726703125 0.9984024328125001 0.4388565328125 0.9827771875 0.37618709687499996 0.9243190234374999 0.37469488281249996 0.8074566234375 0.378583065625 0.6870383390625 0.3948345953125 0.3631215609375 0.480186825 0.3376371234375 0.49113151562499996 0.26878096406249996 0.5610924109375001 0.690975865625 0.9631004765625001 1 0.88812178125 1 0.8608057203125
423 0.9485640625 0.338810321875 0.9477561171875 0.3688513578125 0.947271246875 0.37356295781250004 0.9812147140624999 0.376576665625 0.9720011562499999 0.3329667984375 0.96036325 0.312914921875 0.9457621921875001 0.3142600203125 0.9485640625 0.338810321875
1311 0.8292223515625 0.2262536484375 0.8436621296875 0.27085582656249996 0.8214644328125 0.3016392203125 0.7985127234375 0.36933626249999996 0.8043856093749999 0.3862348140625 0.8576175546875 0.3867347203125 0.9415601562499999 0.37728224374999997 0.9465706515625 0.3507841015625 0.940966909375 0.3016834984375 0.9376262359374999 0.2749721828125 0.882131221875 0.252082990625 0.8749650062500001 0.2033719578125 0.8581548109374999 0.189200384375 0.834717715625 0.1950439078125 0.8292223515625 0.2262536484375
1311 0.7116059390625 0.2670554796875 0.721250434375 0.2990811375 0.7098821859375 0.313392325 0.6957665140625 0.37659094375 0.6979756515625 0.3921076171875 0.7153246484375 0.40844020625 0.7590738921875 0.39753229375 0.800236990625 0.389564534375 0.8082106359375001 0.34166941562500003 0.7948484609375 0.3013892671875 0.7546011703125 0.2930612171875 0.7506677640625 0.25731627343749996 0.7405923296875 0.236874828125 0.7316484296875 0.2276280265625 0.7035778484375 0.24151286875000003 0.7116059390625 0.2670554796875
1311 0.5664577468750001 0.32390316874999997 0.5609084515625 0.348240296875 0.5476546546875001 0.3882704921875 0.547385509375 0.42047254218749996 0.6027726609374999 0.429616509375 0.6423732890625 0.42203831718749996 0.6756161578125 0.402273171875 0.6791181125 0.3830372109375 0.6600448453125 0.34647635 0.6373617625 0.315406225 0.612793134375 0.3100551046875 0.6104761328125 0.28079320625 0.6003467671875 0.25347914843749997 0.5820280296875 0.24656975625 0.567534834375 0.26166008281250003 0.5724379796875 0.28798182968749997 0.5789035984375 0.313914009375 0.5664577468750001 0.32390316874999997
1311 0.230041184375 0.4123719453125 0.2237912921875 0.41393021875 0.20962168593750002 0.47025622343749995 0.20536572031250003 0.526405834375 0.23419083125 0.5421724609374999 0.25450298125000004 0.5371080734375 0.2910325921875 0.53718163125 0.336829178125 0.5211725515625 0.3665161640625 0.5137707546875 0.3630676296875 0.4733142109375 0.334835253125 0.4665812140625 0.2944800984375 0.44450793749999995 0.27508375625000003 0.4332765171875 0.2796093796875 0.411489971875 0.276807509375 0.3869396703125 0.2573572375 0.368835634375 0.24173250624999998 0.3727313171875 0.230041184375 0.4123719453125
1311 0.1209911484375 0.41431228593749997 0.10919196093750001 0.44020768749999994 0.11156289531250001 0.47634220000000005 0.12368567187499999 0.491682478125 0.111886484375 0.517577878125 0.1006800296875 0.5525069078125 0.10111148437499999 0.6074878140625 0.1083855625 0.6699440734375 0.1344093171875 0.727725515625 0.12751224375 0.6468124296875 0.141681334375 0.5239213078125 0.14216620468750002 0.519209709375 0.1310671 0.5013188484375 0.121422603125 0.469293190625 0.126917965625 0.43808345156249995 0.1502471984375 0.4184947 0.1574668296875 0.40751323125 0.13968689375 0.402764853125 0.1209911484375 0.41431228593749997
1311 0.3837578140625 0.582923234375 0.35390903281249997 0.569707190625 0.3085973171875 0.5810046703125 0.26732635312499997 0.5752272046875 0.2312276796875 0.5635694359375 0.1992236921875 0.541709334375 0.20218684374999998 0.5203123578125 0.20859801562500002 0.4728068078125 0.19906138281250002 0.4545263765625 0.18990175625 0.417789121875 0.1674344 0.41420945 0.13058171406250002 0.4394653296875 0.1251942140625 0.48442029687500004 0.1442674796875 0.52098115625 0.136347765625 0.5757488890625 0.13505546562499998 0.677066640625 0.14351501093750002 0.7575901578125 0.1691078265625 0.8269558109374999 0.2191069625 0.8144896265625 0.286401165625 0.8114834156249999 0.374438453125 0.7918286078125 0.3684577046875 0.76118483125 0.34259574531250003 0.724021228125 0.255528196875 0.734252840625 0.22524847499999998 0.7326210093750001 0.21813619218750002 0.6907825875 0.22460129687500002 0.65014965 0.25116333750000003 0.6435269890625 0.2918954984375 0.6471434421875 0.33144219375 0.6326926359375 0.365600871875 0.59663168125 0.3837578140625 0.582923234375
423 0.547827596875 1 0.6790148828125 0.9683780375 0.5917310921875 0.8845540812499999 0.48262764062499997 0.9461869249999999 0.4733067359375 0.9553969468749999 0.4349989234375 0.9282225046875 0.4004087921875 0.9093025546875 0.3853767953125 0.9222318656249999 0.38688585 0.9815348015625001 0.39206109375 1 0.547827596875 1
423 0.33074262656250003 0.7430440171875 0.303964859375 0.722176225 0.28413758125 0.7225290125 0.2781573453125 0.7584503515625001 0.3115625265625 0.8258681640625 0.3421124203125 0.928428178125 0.3747091421875 0.9593219078124999 0.3868853359375 0.914969684375 0.401971265625 0.9089129859374999 0.4701278578125 0.9493034703125 0.46150703281250005 0.91472723125 0.5525074734375 0.873675446875 0.4850509609375 0.7894986984375 0.398737940625 0.8293817796875 0.33074262656250003 0.7430440171875
423 0.2392562875 0.6556771640625 0.23747860156249997 0.695141396875 0.275355475 0.7339000515625 0.308598346875 0.7141349046875 0.24652985 0.651568309375 0.2392562875 0.6556771640625
423 0.2357108203125 1 0.23015316718749998 0.9586381078124999 0.28834167499999996 0.9257672578125 0.3030505953125 0.938167384375 0.3091386921875 0.9159912734375 0.2959383125 0.8963289640625 0.234570928125 0.9231063374999999 0.21948448437499998 0.86259791875 0.3006252171875 0.828595140625 0.260700484375 0.7283725375000001 0.096962865625 0.610817534375 0.07444157968750001 0.6003652484375 0.048095265625 0.6344783609375 0.045186046875000004 0.6627479515625 0.0980414984375 0.7482697968750001 0.11614502499999999 0.7942538546875 0.13123146875 0.8547622734375 0.1668992046875 0.8780042546875 0.194053978125 0.8804152234375 0.200250453125 0.938549453125 0.1728265359375 0.9683405374999999 0.1213727921875 0.994941515625 0.121658003125 1 0.16883959531249998 1 0.2073627375 0.9803878750000001 0.2104659796875 1 0.2357108203125 1
819 0.3931493453125 1 0.38252150625 0.9573740671875001 0.3436209609375 0.921165996875 0.311670390625 0.8396133906250001 0.30073307968749996 0.8423403687500001 0.2310684609375 0.8757771812499999 0.1601105109375 0.8774015125 0.12530465156249998 0.830991109375 0.074819615625 0.71503865625 0.0409840125 0.7257701734374999 0.11056186406249999 1 0.3931493453125 1
1209 0.602074125 0.6730981234375 0.5982485828125 0.651098403125 0.5825159906249999 0.6412488609375 0.552829003125 0.6486506578125 0.541460753125 0.662961846875 0.5473875703125 0.6867330125 0.602074125 0.6730981234375
1209 0.7806819468749999 0.757105975 0.7878476453125 0.73925189375 0.7527187125 0.7181709265625 0.733484165625 0.72755734375 0.7184521687500001 0.74048665625 0.721738909375 0.7603253578125 0.75675998125 0.7676610984375001 0.7806819468749999 0.757105975
1209 0.6452280609375001 0.320330996875 0.6631158593750001 0.33882460000000003 0.7021776843749999 0.32908539375 0.7036322937499999 0.3149505984375 0.6982442796874999 0.29334045 0.6456589984375001 0.3087467859375 0.6452280609375001 0.320330996875