407 0.4430321984375 0 0.39133060625 0.011936253125 0 0.10550808281249999 0 0.4640981359375 0.3623917671875 0.5117243609375 0.7067011734374999 0.4402522734375 0.9637447140625 0.28599330156249997 0.8977179578125 0 0.4430321984375 0
627 0.3305157171875 0.91196556875 0.348968734375 0.9918943625000001 0.8200505187499999 0.8791275625000001 0.8015975031250001 0.79919876875 0.8510772328125 0.7877754734375 0.7784596390625 0.71634255625 0.32640851875 0.8247157812499999 0.26698144375 0.9146066109375001 0.3305157171875 0.91196556875
627 0.40164756874999996 0.751219471875 0.40604114375 0.7702501374999999 0.68974369375 0.6967342421875 0.6862288328124999 0.681509709375 0.71199305 0.6715525718750001 0.67363555 0.6443270937500001 0.397545265625 0.716085559375 0.3750046375 0.7573704765625 0.40164756874999996 0.751219471875
627 1 0.5662693453125 0.8419841203124999 0.6094697640625 0.8595535249999999 0.6334765515624999 0.8742004078125 0.7142840609375 0.933346003125 0.744728228125 0.9336372765625001 0.7286249812500001 0.8923523578125 0.7060843515624999 0.8879587828125001 0.6870536859375 1 0.6528186781249999 1 0.5662693453125
627 1 0.539365828125 0.9740238921875 0.5388959765625 0.76175915625 0.591910153125 0.7802121718749999 0.671838946875 0.8176909578125 0.6952582921875 0.8349641921875 0.68325245 0.8004128250000001 0.6551482578125001 0.7889895296875 0.605668528125 1 0.5460770390625 1 0.539365828125
627 0.22510908281250003 0.8721566015625 0.2016897390625 0.9096353859375 0.21281686562500002 0.9231024874999999 0.2660978328125 0.858684603125 0.234760259375 0.7576764390624999 0.06436298593749999 0.8010247500000001 0.07227142187499999 0.8352799484375 0.21397706093750002 0.8065736234375 0.22510908281250003 0.8721566015625
627 0.6566535874999999 0.6402296875 0.636156765625 0.62090775 0.4276981609375 0.6730432109375 0.4159884890625 0.691782603125 0.6566535874999999 0.6402296875
627 0.293027140625 0.7843144750000001 0.2895171765625 0.8212058171875001 0.325233634375 0.7848970203125 0.2991683515625 0.70672565625 0.0822187671875 0.7568124140625 0.0599694109375 0.7819940843750001 0.279555140625 0.7433257265625001 0.293027140625 0.7843144750000001
627 0.62678706875 0.6150529140625001 0.611853809375 0.6024645265624999 0.446141384375 0.6487402546875 0.43355299687500004 0.663673515625 0.62678706875 0.6150529140625001
627 0.9333264171875 0.536264728125 0.8812105421875 0.536269625 0.7201829656250001 0.585472771875 0.7389223578124999 0.59718244375 0.9333264171875 0.536264728125
436 0.7354368765625 0.8946531609375 0.7011816796875 0.9025615968749999 0.6695626265625 0.92188843125 0.6868407578125 0.961998465625 0.8923719437500001 0.9145478515625 0.8873909265625001 0.87560780625 0.8648454015624999 0.8647768499999999 0.7896014546875 0.8861572843750001 0.7354368765625 0.8946531609375
436 0.5177694671874999 1 0.6669313781249999 0.9625859078125 0.6552168093749999 0.929209425 0.629743865625 0.9230633156250001 0.5667970343750001 0.9456137375000001 0.502092771875 0.9605518937499999 0.4707649921875 0.9637754812500001 0.467318471875 1 0.5177694671874999 1
423 0.15572976562500002 0.9883990890625001 0.20608331406249997 0.9286660515625 0.18470287968750002 0.8534221046875 0.1296595875 0.85811185 0.10828405 0.834983778125 0.0740288515625 0.8428922140624999 0.0907244375 0.9152087421875 0.13142191406249998 0.917839990625 0.15572976562500002 0.9883990890625001
423 1 0.617087928125 0.9848646421874999 0.6205822015625 0.9851608125 0.6565948296874999 0.9403659296875 0.6709455421875 0.9456382203125001 0.693782340625 0.9512066796875001 0.7526317671875 1 0.7644046140625 1 0.74122901875 0.983408278125 0.7010984375 1 0.6986967859375001 1 0.617087928125
436 0.607766196875 0.7236782390625 0.6224081828125 0.7523698734375001 0.709070528125 0.72835329375 0.7078956437499999 0.6885345328125 0.655488496875 0.704642678125 0.62503943125 0.7116723984375 0.607766196875 0.7236782390625
436 0.4886060828125 0.7632155203125001 0.49768450625 0.785173603125 0.6004501 0.761448296875 0.5972265125 0.7301205171875 0.5679474359375 0.7248531234375 0.499437040625 0.7406699953125 0.4886060828125 0.7632155203125001
436 0.3788156671875 0.8086076375 0.48158125937499996 0.7848823312500001 0.47630896875 0.7620455328125 0.44234504374999994 0.7538507203125 0.3679798125 0.7790372875 0.3788156671875 0.8086076375
1754 0.32493256875 0.6967685171875 0.3343071609375 0.7547392281249999 0.3553865296875 0.741854671875 0.336642240625 0.678029125 0.1577539859375 0.7193287328125 0.10710426875000001 0.7430491421875 0.32493256875 0.6967685171875
1503 0.1864456203125 0.704686746875 0.3615277421875 0.6642658531250001 0.45491874218749995 0.5825698359375 0.3902144796875 0.5975079921875001 0.1864456203125 0.704686746875
1503 0.5529994859375 0.5559171109375 0.4891739390625 0.5746614 0.45111750468749995 0.6355644265625 0.5986779796875 0.59748840625 0.5529994859375 0.5559171109375
1503 0.643467965625 0.5310218171875001 0.5834485515625001 0.548887390625 0.7061284203125 0.5766905171875 0.8680347125000001 0.531293503125 0.643467965625 0.5310218171875001
1503 1 0.4903211625 0.7538458234375 0.50553908125 0.6815292953125 0.5222346671875 0.9488422218749999 0.5166466203125 1 0.507791590625 1 0.4903211625
676 0.182333525 0.5653210828125 0.12729023281250001 0.570010828125 0.1501417203125 0.7210861625 0.214258540625 0.6862386265625 0.182333525 0.5653210828125
676 0.056143692187500004 0.5744093 0.017203646875 0.5793903171875 0.0535271328125 0.7714544015625 0.0956858703125 0.7456852875 0.056143692187500004 0.5744093
676 0.3465846890625 0.5474457171875 0.3313601578125 0.5509605765625001 0.3509831609375 0.61859225625 0.3615228453125 0.6121499781249999 0.3465846890625 0.5474457171875
676 0.3987005640625 0.5474408203125 0.375863765625 0.5527131109375001 0.3826022140625 0.599265421875 0.4092451453125 0.5931144171875 0.3987005640625 0.5474408203125
676 0.6718634296875 0.480367203125 0.6575176125 0.48768819687500004 0.6642560609375 0.5342405078125 0.6908989921875001 0.528089503125 0.6718634296875 0.480367203125
2001 0.841964534375 0.40100626406249995 0.7292466984375 0.4510832296875 0.744476128125 0.49968424375 0.8595388343750001 0.47712892656249994 0.841964534375 0.40100626406249995
2001 0.7225131484375 0.4566467921875 0.7102160343749999 0.4554768046875 0.7198819000000001 0.49734426875000004 0.7342277171875 0.490023275 0.7225131484375 0.4566467921875
2001 1 0.44303219374999997 0.9775191671875 0.345657009375 0.87621973125 0.3930978296875 0.8937940328125 0.469220490625 1 0.45229494687500005 1 0.44303219374999997
1502 0.4244794703125 0.69383130625 0.41950335 0.7070071359375001 0.6478713328125 0.6542842328125 0.6414290546875 0.6437445484375 0.4244794703125 0.69383130625
436 0.2236331328125 0.7442093375 0.1627350046875 0.7582687781249999 0.161565015625 0.7705658921875 0.22246314531250003 0.7565064515625 0.2236331328125 0.7442093375
436 0.1501466171875 0.7732020375 0.14663175625 0.75797750625 0.0790000765625 0.777600509375 0.0825149375 0.7928250421875 0.1501466171875 0.7732020375
423 0.8209047515625001 0.622354321875 0.826764484375 0.6651005 0.8437464468749999 0.66919790625 0.8446202656249999 0.6208881640625 0.8525238046875 0.6030274859375 0.9078583703125 0.5822344937499999 0.9052222249999999 0.5708160953125 0.8405179625000001 0.5857542515625 0.834371853125 0.6112271953125 0.8209047515625001 0.622354321875
436 0.9242528906249999 0.5664225203125001 0.91927676875 0.57959835 0.9915932968750001 0.5629027625 0.9813448859375 0.55324179375 0.9242528906249999 0.5664225203125001
1502 0.6218109484375 0.62822874375 0.6191748031250001 0.61681034375 0.4478988140625 0.6563525218749999 0.44292269375000004 0.6695283515625 0.6218109484375 0.62822874375
1995 0.5120058421875 0.5172732359375 0.524599125 0.5544558515625 0.6036492046874999 0.5321967015625 0.596619484375 0.5017476375000001 0.5120058421875 0.5172732359375