1250 0.0373205078125 0.22501673125 0.13174950624999998 0.22810798906250002 0.15416745 0.061596140625 0.0654298265625 0.0475414828125 0.0373205078125 0.22501673125
524 0 0.640998425 0.022894635937499998 0.6656853890625001 0.06289008125 0.6878398140625 0.2383403890625 0.7037635859375 0.23284073906249997 0.7384870046875001 0.26023129218749996 0.7902845453125 0.21431684999999998 0.8304717140625 0.23987418749999997 0.893843728125 0.3022157796875 0.8997627234375001 0.341827775 0.8743971125 0.3053070390625 0.805333725 0.3132509765625 0.7551776765625 0.3327693859375 0.7068548453125 0.504780884375 0.6945493703125 0.7978450328125 0.642092625 0.8874213515625 0.6009109328125 0.9467434828125001 0.55098250625 0.9380326453125001 0.506098484375 0.8600666968749999 0.47397518281249995 0.7597546000000001 0.4580873078125 0.604206153125 0.4413607375 0.41290386718749994 0.45061085 0.26851054531249996 0.463335671875 0.13061139375 0.484998953125 0.0447015078125 0.5030316984375001 0 0.5296850375 0 0.640998425
436 0.0492425328125 0.3495081921875 0.068461525 0.502839975 0.16208772656249998 0.4860293734375 0.24291731093750002 0.4751018703125 0.22003188593749998 0.34491903437500004 0.0492425328125 0.3495081921875
436 0.3028864109375 0.346177075 0.30831426562500003 0.461730078125 0.3789832453125 0.4650130609375 0.45981282968750004 0.454085559375 0.44808253125 0.3533541140625 0.3028864109375 0.346177075
436 0.5270788984375 0.354001084375 0.5221544234375 0.4600045546875 0.5863292328124999 0.454349078125 0.6582203578125 0.449915746875 0.6523731578125 0.36198091875 0.5270788984375 0.354001084375
423 0 0.910309359375 0.07802329375 0.891938715625 0.150333765625 0.8598872078124999 0.20801440468750002 0.8452932734375 0.220235846875 0.768130121875 0.22493269843750002 0.7135048421875 0.143911390625 0.700672328125 0.10147165625000001 0.693950534375 0.0320248203125 0.6829512359375001 0.0044066453125000005 0.6825318890625 0 0.6752660625 0 0.910309359375
423 0.5579572749999999 1 0.6494499625000001 0.954759215625 0.6368809671875 0.9092641218749999 0.6803511203125 0.8845095828125 0.7291291984375 0.8012716062499999 0.742956234375 0.763912175 0.7311900375 0.7383189406249999 0.7716407265624999 0.6577169796875 0.7848566906250001 0.62421570625 0.7852760390625 0.5965975296875 0.7231261703125 0.6144385515625 0.6550932031250001 0.6194829562499999 0.5555839015624999 0.623496940625 0.5200217890625 0.6732336421875 0.46574406249999994 0.791195034375 0.4269707625 0.7613242953125 0.38880853437499996 0.7275954 0.35977648906250004 0.71113235 0.3226087828125 0.7210653312499999 0.30958454375 0.778326621875 0.3054987640625 0.82909374375 0.3645573734375 0.9056817203125 0.40352239843750004 0.9593124765625 0.4715553671875 0.9542680734375001 0.42686306875 0.9867389265625001 0.5105901921875 1 0.5579572749999999 1
423 0.73504819375 0.7389300140625 0.7315734859374999 0.7858389765625 0.7266849093750001 0.8167042375 0.7295126468750001 0.8487916421874999 0.6962030984375 0.8593356953125 0.6541468140625 0.9001339375 0.7412788453125 0.8743848765625 0.7853241718749999 0.9209103890625 0.7883436359375 0.9767578125 0.8358636703125001 0.9763743625 0.838116234375 0.9371817140625 0.8030093671874999 0.8841620296875 0.8422020140625 0.88641459375 0.8590485140625 0.904902584375 0.8779558515625 0.8604379109375 0.8225277765625 0.8358391984375 0.8698560875 0.81169573125 0.90683206875 0.7780027328125 0.9446467453125 0.6890733828125 0.9787949890625001 0.6232929796875 0.9867389265625001 0.57313693125 0.986547203125 0.5493769125 0.9321136484375 0.568440078125 0.8789022390625 0.579786928125 0.818549690625 0.6611916875 0.7894817484375001 0.7198668484375 0.7494863031250001 0.697712425 0.73504819375 0.7389300140625
436 0.9664536171875 0.5264196921875001 0.9945270374999999 0.42408265468749995 0.8741213562500001 0.3852375578125 0.84402299375 0.4753890515625 0.8736661109374999 0.48799394375 0.915494771875 0.49857389531249996 0.9414714562500001 0.5343277328125 0.9664536171875 0.5264196921875001
2001 1 0.07295965625 0.8791535234375001 0.053819456249999995 0.8247681046875 0.3971954796875 1 0.4439745890625 1 0.07295965625
884 0.1904728015625 0.581488790625 0.18745333749999998 0.5256413671875 0.156588078125 0.520752790625 0.14295276562499998 0.581872240625 0.1904728015625 0.581488790625
884 0.25854166562500003 0.5013061765625 0.25957208593750003 0.46982984375000003 0.2325649828125 0.46555233749999997 0.22381824843749998 0.49580652656249996 0.211824428125 0.5215914859375 0.24593677343749998 0.5309492921875 0.2709189359375 0.5230412531249999 0.25854166562500003 0.5013061765625
884 0.7589159046875 0.5133236578125 0.73637803125 0.5057990671875 0.7268285 0.5161513953125 0.7168596218750001 0.5541219 0.755441196875 0.5602326203125 0.7591076296875 0.537083675 0.7589159046875 0.5133236578125
884 0.8476535296875 0.5273783171875001 0.8588445531250001 0.481691496875 0.8273682203125 0.480661078125 0.8206464265625 0.5231008109374999 0.8476535296875 0.5273783171875001
351 0 0.5127174171875 0.2934927078125 0.4554276328125 0.321374403125 0.3293305765625 0.2389392234375 0.300454359375 0.0263989828125 0.29397252812499997 0 0.4606491453125 0 0.5127174171875
1365 0.48357284843750004 0.45389383437499997 0.47948706718749995 0.5046609546874999 0.47582063437500005 0.5278099 0.49450035156250005 0.53472341875 0.538162228125 0.533728896875 0.543470153125 0.47524546093750003 0.5471365859375 0.452096515625 0.53414824375 0.43421959687499995 0.499424825 0.428719946875 0.4860171359375 0.438461203125 0.48357284843750004 0.45389383437499997
1365 0.67037000625 0.5230290156249999 0.6959632390625 0.51126281875 0.708148784375 0.509237878125 0.7095985515625001 0.45014336874999994 0.7191480828125 0.439791040625 0.707573609375 0.43795782499999997 0.68889389375 0.43104430625 0.6740723359375 0.4247418609375 0.6631089359375 0.41905048593750005 0.649090175 0.43264990000000003 0.6665477453124999 0.4472797328125 0.6521096375 0.48849732343749996 0.6573816640625 0.5051520968750001 0.67037000625 0.5230290156249999
884 0.8125466625 0.47435863281249996 0.8174352390624999 0.443493371875 0.79428629375 0.4398269390625 0.78878664375 0.47455035624999997 0.8125466625 0.47435863281249996
1267 0.014411421875 0.5694231750000001 0.030646848437500002 0.5917693234375 0.10314904531249999 0.583477834375 0.0913828484375 0.5578846000000001 0.014411421875 0.5694231750000001
1267 0.493434034375 0.6413379609375001 0.5421762125 0.633238196875 0.5194466156249999 0.6019535890625 0.46745735 0.6055841234375 0.493434034375 0.6413379609375001
1267 0.765374178125 0.5974003265625 0.7909674124999999 0.5856341296875 0.7497498234375 0.571196021875 0.7131931890625001 0.5772708453125001 0.765374178125 0.5974003265625
1267 0.8831797453125001 0.552779825 0.8939514203125001 0.53471118125 0.8559809171874999 0.524742303125 0.83363476875 0.5409777296875 0.8831797453125001 0.552779825