1439 0 0.2800813140625 0.034653678125 0.4193415921875 0.309245628125 0.3580076 0.250147678125 0.09491909375 0 0.12282088437500001 0 0.2800813140625
524 1 0.49279956093750005 0.987616715625 0.429093084375 0.445257540625 0.423094890625 0.21359023124999998 0.4800645390625 0.9239123765624999 0.5926917125 0.9585127437500001 0.8525833437499999 0.9545705203124999 0.8732464437499999 0.9644755249999999 0.8832591921875 0.9928075890624999 0.885710721875 1 0.8823513046875 1 0.8516299828125 0.997602903125 0.8489643484375 0.9591680546875001 0.589818065625 1 0.5699634625 1 0.49279956093750005
676 0.6107955421875 0.1282796640625 0.6613714390625 0.4089421390625 0.834452953125 0.41907148281250006 0.7757859765624999 0.0763119625 0.6107955421875 0.1282796640625
407 0.45185547187499997 0 0 0.08783180625 0 0.1160949 0.5199443140625 0.070331475 0.6814734875 0 0.45185547187499997 0
423 0.6145946109375 0.700569340625 0.7446437421875001 0.7349807828125 0.7667975375 0.74659196875 0.8089768312500001 0.7383931453125 0.81866635 0.7882414 0.813978778125 0.8050700203125001 0.7924625875 0.81721106875 0.7287671015625 0.837550940625 0.674231275 0.8640690796875001 0.641103896875 0.898363925 0.74729305 0.9533307234375 0.7925614765625 0.9405520703124999 0.8348485125 0.91243549375 0.894709515625 0.8928409687500001 0.9353981140625001 0.8769731828125 0.9638379203125 0.8595069578125001 0.94020228125 0.696968053125 0.9173031375 0.681522384375 0.9114481 0.63092878125 0.8879113515625001 0.5917308796875 0.84647740625 0.603764184375 0.7981198453125 0.621122665625 0.7497622859375 0.6384811484374999 0.7313352265625 0.6460423671875 0.667540853125 0.5430412375 0.6446417078125 0.52759556875 0.5473967265625 0.51864254375 0.5746602140625 0.5770128531250001 0.5738071234375 0.593096125 0.58829195625 0.60619800625 0.6145946109375 0.700569340625
436 0.8807899562499999 0.35037405 0.8711993265625001 0.42386679843749997 0.9532141281250001 0.415883459375 0.9566264906249999 0.35155037031249997 0.8807899562499999 0.35037405
436 0.7589396500000001 0.358141903125 0.7432784953125 0.4208765546875 0.8191150296874999 0.4220528734375 0.825616525 0.3531399546875 0.7589396500000001 0.358141903125
436 0.6646760578124999 0.364526803125 0.6528493859375 0.42651610624999997 0.7118572984375 0.42300485468750004 0.7205948375 0.3655953796875 0.6646760578124999 0.364526803125
436 0.5895848734375 0.3671849640625 0.5801019859375 0.42075995781250003 0.6314409375000001 0.4187394015625 0.6332548609375 0.366655103125 0.5895848734375 0.3671849640625
436 0.5243986921875 0.3798558734375 0.5210940734375 0.42427120937499996 0.563273365625 0.41607238593750007 0.5665779859375 0.37165705 0.5243986921875 0.3798558734375
436 0.2621632765625 0.42287055156250003 0.27419658281250003 0.464304496875 0.35706447343750003 0.4402378859375 0.33501841875 0.4087089453125 0.2621632765625 0.42287055156250003
423 0.551859959375 0.6849081875 0.5524975640625 0.708660421875 0.5669823984375 0.7217623046874999 0.502541565625 0.7382676953125 0.4572731390625 0.7510463484375001 0.41498610312500006 0.779162925 0.4821928390625 0.817830965625 0.539072453125 0.7828985171875 0.575181221875 0.763941596875 0.6166151671875 0.7519082921875 0.64654566875 0.7421110296875 0.6489971984375 0.713778965625 0.590097028125 0.6973724640625 0.5597444078125 0.643581984375 0.5287541828125 0.5660392703125 0.491477946875 0.5175739671875 0.422565028125 0.511072471875 0.4513192109375 0.5771117421875 0.4845454796875 0.6661579 0.551859959375 0.6849081875
423 0.3021965640625 0.6697680421875 0.28675089531250003 0.6926671859375 0.3302053984375 0.73197283125 0.3786707015625 0.694696596875 0.42851895625 0.6850070765625 0.46846220625 0.665304809375 0.4420518109375 0.590851228125 0.417024365625 0.5439843640625 0.39125157499999996 0.49328301718749995 0.3391672765625 0.49146909375 0.3836815015625 0.618114715625 0.40647290312499995 0.6534781375 0.3021965640625 0.6697680421875
423 0.3314894609375 0.6362185453125 0.2617234515625 0.645800321875 0.2140034953125 0.6869110375 0.2628909171875 0.7132225437499999 0.299852778125 0.6781823515625 0.3880458453125 0.66103935625 0.3670683671875 0.5735916375000001 0.34204092343750003 0.526724771875 0.318504175 0.48752686875 0.2733434921875 0.48038776875 0.2952818015625 0.5318344625 0.3126402828125 0.5801920218750001 0.3314894609375 0.6362185453125
423 0.25267153750000004 0.6197043 0.1797086515625 0.6537836593749999 0.21869106718750003 0.6700824171875001 0.2732268953125 0.643564278125 0.303157396875 0.6337670156249999 0.2995384015625 0.59467685625 0.2935756203125 0.5640010078125 0.25417108593750004 0.48411450624999997 0.22349523593749998 0.4900772875 0.23031110781250003 0.504669865625 0.2582122 0.5867924078125 0.25267153750000004 0.6197043
436 0.176098509375 0.47143474375 0.1446773125 0.47356304375 0.1954775484375 0.5711312546875 0.22764409218749998 0.5728374359374999 0.176098509375 0.47143474375
436 0.8869682234375 0.34121439374999996 0.8971964578125 0.29147388125 0.8504373359375 0.296583571875 0.8356292734374999 0.34323495 0.8654520328125 0.353355440625 0.8869682234375 0.34121439374999996
436 0.9742004578125 0.3600724234375 0.9607842 0.29105176250000003 0.9324521359375 0.2886002328125 0.92680373125 0.3414298796875 0.9628047578125001 0.34239071249999997 0.9742004578125 0.3600724234375
683 0.7410513062499999 0.2661143546875 0.7295478625 0.268350396875 0.7285870296875 0.3043514234375 0.7485047828125 0.30445916562500003 0.7410513062499999 0.2661143546875
410 0.42823999375 0.028466557812499998 0.41662880781249995 0.050620353124999996 0.5852382359375 0.037742810937499996 0.6021746 0.0225126296875 0.42823999375 0.028466557812499998
410 0.2732623078125 0.0705292546875 0.2848734953125 0.0483754578125 0.059492195312499996 0.0762676953125 0.0624735859375 0.0916056203125 0.2732623078125 0.0705292546875
676 0.46517529375000005 0.42320263281250003 0.508099934375 0.418838290625 0.518220425 0.38901553125 0.51225764375 0.3583396828125 0.570627953125 0.3310761953125 0.521435009375 0.07800043749999999 0.2823142234375 0.096625275 0.3639880875 0.434912709375 0.45069045937499996 0.4101007515625 0.46517529375000005 0.42320263281250003
1342 0.4263094734375 0.243727365625 0.43152690624999995 0.2705687328125 0.4591136234375 0.26918578125 0.4538961890625 0.2423444125 0.4263094734375 0.243727365625
1950 0.8529966078125 0.24833375468750002 0.8338242031249999 0.2520604921875 0.8467105984375 0.277411165625 0.8574686937499999 0.27134064062499996 0.8529966078125 0.24833375468750002