1699 0.513298359375 0.48235248124999996 0.487433446875 0.438651890625 0.4565502890625 0.4153797625 0.42282346718749997 0.42800903593750006 0.42221710312500005 0.45176208906250004 0.3994259 0.51413476875 0.41241065781249997 0.6345936875 0.448855703125 0.6413055859375 0.5218085171875 0.6271080984374999 0.54079420625 0.5376577765625 0.5464188156249999 0.4934762609375 0.513298359375 0.48235248124999996
524 1 0.6173209765625 0.31534930625 0.5614527125000001 0.0185825296875 0.6110498421874999 0.0234753328125 0.645863953125 0.9306078234375 0.8694476640625 1 0.85317899375 1 0.6173209765625
410 0.5324453609375001 0 0.529837540625 0.010616015625 0.58166340625 0 0.5324453609375001 0
676 0.7629772359375 0.49065343281249996 0.780081109375 0.50008355625 0.770650984375 0.5171874296875 0.7568089812500001 0.5309667140625 0.753965315625 0.566868115625 0.7511216515625 0.6027695171875 0.774331059375 0.599507646875 0.7771747234374999 0.5636062453124999 0.7855802781250001 0.511144615625 0.7939231125 0.4863042734375 0.81108970625 0.46811310937500006 0.8420355828125 0.46376395 0.7909329609375 0.10014989375000001 0.6897524953125 0.1380377140625 0.7342686578125 0.48285424375 0.7464170078125 0.48509154218750006 0.7629772359375 0.49065343281249996
683 0.8095842125000001 0.40126583125000004 0.8250571499999999 0.39909125156249997 0.818470690625 0.3802937234375 0.8068659874999999 0.3819246578125 0.7919366937500001 0.387967471875 0.793567628125 0.3995721765625 0.8095842125000001 0.40126583125000004
2001 0.9425469640624999 0.47725047031249995 0.8953752953125 0.08547148125000001 0.81190506875 0.10903637343749999 0.8530966421875 0.45826478125000003 0.9293113249999999 0.46727670000000004 0.9425469640624999 0.47725047031249995
2001 0.94457505625 0.070667628125 0.9213656484375001 0.073929496875 0.9608635671875 0.43917448906249995 0.9961669593750001 0.4377630953125 0.94457505625 0.070667628125
436 0.1904785078125 0.57111288125 0.1861293484375 0.5401670046875 0.0313999625 0.5619128015625 0.045660171875 0.6072443265625 0.1904785078125 0.57111288125
434 0.5496806859375 0.51668566875 0.542425140625 0.54926248125 0.5307577171875 0.578514703125 0.5870875812499999 0.5863766125 0.5883003109375 0.53887050625 0.591687621875 0.506837340625 0.6104851499999999 0.5002508812500001 0.6083105703125 0.4847779421875 0.5679972890625 0.4786096875 0.5365077671875 0.4790906125 0.5342704671875 0.4912389609375 0.54804975 0.5050809640625 0.5496806859375 0.51668566875
436 0.7384296578125 0.5966639828125 0.7395796671875 0.5767791640625 0.7424233328125001 0.5408777625 0.7568717015625 0.5033454265625 0.739767828125 0.4939153015625 0.71105925 0.4861161125 0.6723769046875 0.4915525625 0.649167496875 0.49481443125 0.6358064171875 0.5400832375 0.633506396875 0.5798528734375 0.6102969890625001 0.5831147421875 0.6787752031250001 0.593213953125 0.69533543125 0.5987758421875 0.7384296578125 0.5966639828125
436 0.9019200812499999 0.6091886515625 0.9130438609375 0.5760681953125 0.9224739859375 0.558964321875 0.9241676406250001 0.5429477390625 0.9242303609375 0.5153264515625 0.9380723640624999 0.5015471671875 0.9441778984375 0.48885517343749996 0.9303986156249999 0.47501317031249995 0.9055582718749999 0.4666703359375 0.8663322812500001 0.46823855 0.830974525 0.4692631203125 0.812720640625 0.4797178140625 0.7916858125 0.498452621875 0.7855175578125 0.5387659031250001 0.78267389375 0.5746673046875 0.789803996875 0.5973330671875 0.8301172781249999 0.6035013218749999 0.87375515 0.6052576968750001 0.9019200812499999 0.6091886515625
434 1 0.4928758875 0.99996411875 0.49284884843750004 0.9690182406250001 0.4971980078125 0.9391596546875001 0.5092836375 0.9291858843749999 0.522519275 0.9097819921875001 0.5528587875000001 0.9030700921875001 0.589303834375 0.9140684312499999 0.6114259515625 1 0.6234193453125 1 0.4928758875
423 0.45313810937500004 1 0.45964504531249994 0.9987513890624999 0.6602496015625 0.9666136171874999 0.6768725515625 0.9445542203124999 0.674760690625 0.90145999375 0.6786916453125 0.8732950609374999 0.6439402546874999 0.850566578125 0.620730846875 0.8538284484374999 0.5975214390625 0.8570903171875001 0.5699001515625 0.857027596875 0.5317614500000001 0.8663322812500001 0.4974909828125 0.8750933203125 0.4472039328125 0.8821607046875 0.44339841875 0.8550830609375 0.4274445546875 0.8257681187499999 0.41040340156250005 0.7887167078124999 0.390037659375 0.7560771749999999 0.35637355625 0.7410851609375 0.34313791875 0.7311113921875 0.32216581093749996 0.7222249125 0.3061492265625 0.7205312578124999 0.2857207640625 0.7155130140625 0.26474865625 0.706626534375 0.2481884265625 0.7010646453125 0.228303609375 0.699914634375 0.21724255 0.7054138046875 0.1868403171875 0.7136311984375 0.18786488750000002 0.7489889546875 0.20768698593749998 0.7777602531250001 0.2319209625 0.8098561390624999 0.25228670625 0.842495671875 0.267696925 0.8679423796875 0.2890872375 0.93593966875 0.2983919203125 0.9740783703125 0.3020349671875 1 0.45313810937500004 1
423 0.046015656249999995 0.6939764234375 0.0448656453125 0.7138612421875 0.0618440796875 0.778533940625 0.1118802484375 0.8819517078124999 0.13109598125 0.9344760578125 0.157567259375 0.9544235953125 0.2034424296875 0.944031621875 0.2493176 0.9336396484374999 0.2560295 0.8971946015625001 0.253311275 0.877853428125 0.2505930515625 0.8585122546875 0.24237565625 0.8281100234375 0.20931792031250002 0.78936495625 0.181278428125 0.7301914265625 0.1979013765625 0.708132028125 0.2073315015625 0.6910281546875 0.18412209375 0.694290025 0.13661598749999998 0.6930772953125001 0.07750517812499999 0.6934955 0.046015656249999995 0.6939764234375
100 1 0.68537843125 0.858700415625 0.6665430859375 0.778554778125 0.6856961 0.9480880171875 0.7131500625 1 0.698494534375 1 0.68537843125
100 0.225710825 0.6253308859375 0.2937081140625 0.6039405734375001 0.22909813437499998 0.5932977203124999 0.1870911984375 0.6031460484375 0.225710825 0.6253308859375