407 0.263903946875 0 0.3022980078125 0.1441655875 0.7676561890625 0.1706789140625 0.8592414109375 0.012240214062500001 0.50872753125 0 0.263903946875 0
1073 0.5550393546875 0.12733485312499998 0.56947825625 0.11501074375 0.5638398546875 0.10455118593749999 0.55393543125 0.1016396484375 0.5398544750000001 0.103713596875 0.5335001859374999 0.1137543609375 0.5390491015625 0.1267764609375 0.5550393546875 0.12733485312499998
819 0.8491775453124999 1 0.8565306937500001 0.8921688203125001 0.83618414375 0.729821375 0.7508328421875 0.65243654375 0.3428129265625 0.645885171875 0.22470741875 0.99069134375 0.49127245625000004 1 0.8491775453124999 1
1939 0.057179993750000005 0 0.0365218125 0.5915729359374999 0.2908438140625 0.47217078125 0.3021190359375 0.1492906671875 0.26007763125 0 0.057179993750000005 0
1939 1 0.019466821875000002 0.863238975 0.0123798125 0.7674772171875001 0.1758039953125 0.75864820625 0.48594120468749996 0.9967122875 0.5455678953125 1 0.451420121875 1 0.019466821875000002
1939 0.30620608437499997 0.146867725 0.294751890625 0.47487292031250006 0.3866063609375 0.4806462140625 0.756649425 0.48587140624999997 0.763569140625 0.17310185625000002 0.30620608437499997 0.146867725
423 0.9808431671875001 1 0.9895534156249999 0.7505711421875 0.922221240625 0.7302601921874999 0.8994886640624999 0.6935470359375 0.8823643953125 0.610847746875 0.8404200734374999 0.665827659375 0.8457607140625001 0.799428765625 0.8607072296875 0.8871833375 0.8549685374999999 1 0.9808431671875001 1
423 0.5017905078125 0.6206488046875 0.49928490312499996 0.692399940625 0.4866365109375 0.8253728546874999 0.498450228125 0.83091673125 0.5006279828125 0.8258614468750001 0.5131868890625 0.695451075 0.521182015625 0.6957302703125 0.578072853125 0.7285049265625 0.57807364375 0.90040454375 0.589797875 0.9085109593749999 0.59806066875 0.7292029171875 0.6771764703125001 0.6986120515625001 0.6886322453125 0.7144060890625 0.687708084375 0.8554854187500001 0.6996112890624999 0.858466753125 0.702474046875 0.6045658375 0.62144895 0.6325243656249999 0.5925109640625 0.5442812015625 0.5365450765625 0.5423268296875 0.49910514062500005 0.5256254046875 0.4993142046875 0.576946015625 0.5017905078125 0.6206488046875
1250 0.0572691015625 0 0.047379696875 0.3379512171875 0.150779428125 0.3569560078125 0.17025884062500002 0.0856757015625 0.0948415046875 0 0.0572691015625 0
1250 0.18344493906249998 0.10922715937500001 0.1725870546875 0.3628488796875 0.246363003125 0.3705565234375 0.2568930359375 0.18363065781250001 0.18344493906249998 0.10922715937500001
1250 0.31617069062500003 0.26267064375000004 0.311397846875 0.34203960312500004 0.3793564234375 0.34441276875 0.3821304859375 0.2649740109375 0.31617069062500003 0.26267064375000004
1250 0.6924785578125 0.2604176109375 0.685826509375 0.3935999234375 0.747788740625 0.39576369218749996 0.7524420078125 0.26251158124999996 0.6924785578125 0.2604176109375
1250 0.8157465265624999 0.2262372421875 0.7812303234375 0.240425903125 0.7786352328125 0.31473957812500003 0.8108841968749999 0.308168740625 0.8157465265624999 0.2262372421875
1250 0.8093930281249999 0.408177621875 0.812525034375 0.318488703125 0.774279725 0.32485014375 0.7733254734375 0.40948378124999996 0.8093930281249999 0.408177621875
2001 1 0.023759746875 0.9888937609375 0.024464770312500002 0.8228760968750001 0.13668791875 0.826338325 0.4960019921875 0.996891259375 0.540442815625 1 0.4514201265625 1 0.023759746875
581 1 0.02228694375 0.9929808109374999 0.022041828125 0.82705263125 0.1317024359375 0.8275602453124999 0.23178111562499998 1 0.15679101875 1 0.02228694375
581 0.393198225 0.23457252031250003 0.6786660578125 0.2548039375 0.685706140625 0.1678171546875 0.40023830781249997 0.14758573749999998 0.393198225 0.23457252031250003
2001 0.390603925 0.4807858109375 0.668434575 0.490487871875 0.6676885953125 0.45454250468749996 0.6877049234375 0.16788695468749998 0.402237090625 0.1476555359375 0.390603925 0.4807858109375
1456 0.250540328125 0.53747065625 0.2474075328125 0.455259959375 0.153375309375 0.45454194843750007 0.141621775 0.5618894562500001 0.2115791328125 0.564332421875 0.250540328125 0.53747065625
1373 0.3329671078125 0.4120657859375 0.3137846640625 0.3883049328125 0.27980537656250004 0.38711835 0.24719846875 0.4039393484375 0.2438573984375 0.44230765937500005 0.25886330625 0.471053996875 0.26160806718749996 0.5070691640625 0.31175658125 0.5036890578125 0.3130093828125 0.46781348906250003 0.33526443906250003 0.46089365625 0.3501507703125 0.43575684218750005 0.3329671078125 0.4120657859375
251 0.3149186796875 0.470445828125 0.316291059375 0.4884534125 0.35835496093749997 0.48735665 0.356415571875 0.42827861718750004 0.3295959453125 0.3939884046875 0.35024025625 0.43319430312499996 0.3149186796875 0.470445828125
1897 0.4976131828125 0.45373467031250003 0.3997623671875 0.44775198125 0.396152840625 0.4938079109375 0.49009557812500004 0.4970884640625 0.4976131828125 0.45373467031250003
316 0.5175115140625001 0.45699520156249995 0.516348196875 0.4903082296875 0.5684954921875 0.486997921875 0.5674810546875 0.4587401765625 0.5175115140625001 0.45699520156249995
1437 0.67350596875 0.45987698281249995 0.6741624609375 0.498384890625 0.724132003125 0.5001298656250001 0.7609154453125 0.47832338124999996 0.7579022265625001 0.44999583750000005 0.7080221718749999 0.4456883234375 0.67350596875 0.45987698281249995
95 0.776995184375 0.476319234375 0.742300009375 0.49563297500000003 0.759841615625 0.50907386875 0.791822121875 0.510190653125 0.7888983890625 0.4793005671875 0.776995184375 0.476319234375
1016 0.7876756781250001 0.571621828125 0.7465066375 0.547093184375 0.706083575 0.5585099078125 0.7431655671875 0.58546149375 0.7457012640625 0.5701560484375 0.7876756781250001 0.571621828125
1156 0.790091796875 0.5024332328125001 0.8132718046875 0.5263336859375001 0.80509770625 0.5311795703125 0.828456684375 0.54995494375 0.8927756406249999 0.5419383484375 0.8952218515625001 0.52919544375 0.9282761890625 0.49956174062500003 0.9320646890625 0.44838072812499996 0.8729960984374999 0.420661353125 0.8591835984375 0.4150476796875 0.7911355359375001 0.415237053125 0.790091796875 0.5024332328125001
1437 0.9881501531250001 0.5042182515625 0.9589144078125 0.539116634375 0.952679696875 0.60304055 0.9943856546875001 0.6121939515625 0.9981440609375 0.504567246875 0.9881501531250001 0.5042182515625
627 0.3627104671875 0.4772460859375 0.3529256234375 0.5282177 0.684991834375 0.5321167109375 0.7048006796874999 0.537939784375 0.6719253140625 0.5624484046875 0.7286371796875 0.60034814375 0.82657748125 0.6037682953125 0.9918800484375 0.6839450874999999 0.9947135046875 0.5454980968750001 0.7528308328125 0.4806067265625 0.3627104671875 0.4772460859375
353 0 0.97771305625 0.2228876078125 0.9854964640625001 0.34290241250000003 0.6433226296875 0.3461832984375 0.4920629359375 0.346630728125 0.479250234375 0.2968401578125 0.472380178125 0.040608860937500005 0.5891499921875 0.0345832140625 0.7043945203125 0 0.7456761171874999 0 0.97771305625
544 0 0.7880348859375 0.0012010265625000001 0.8007240765624999 0.3438265734375 0.5022433000000001 0.34254367812500003 0.48167317656249997 0.2968401578125 0.472380178125 0.0466946921875 0.58679685 0.0364925109375 0.7070268609375 0 0.7505875609375 0 0.7880348859375
1542 0.38061080625 0.6523364328125 0.3754499265625 0.6855098625 0.42324171406250005 0.6923101203125 0.43586080625 0.6747911296875 0.433563475 0.6259632609375 0.4032832 0.5761582062499999 0.388933784375 0.5859197734375 0.3758672640625 0.6162514671875 0.38061080625 0.6523364328125