770 0.5088650296874999 0.21284812187500002 0.5149698484375 0.24747026875000003 0.5688265218749999 0.23797388437500003 0.562721703125 0.20335173750000002 0.5088650296874999 0.21284812187500002
412 0.526064615625 0.19791583906250002 0.552992953125 0.19316764687500002 0.5516363265625001 0.1854738375 0.5285548953125 0.189543715625 0.526064615625 0.19791583906250002
412 0.5308222 0.157411846875 0.5577505375 0.1526636546875 0.5563939109375 0.14496984375 0.5518686921875 0.1418012515625 0.532634165625 0.14519281875 0.5294655734375 0.14971803749999998 0.5308222 0.157411846875
412 0.5283413125 0.0983516421875 0.53286653125 0.10152023437499999 0.5643200859374999 0.0999406328125 0.5699789578125001 0.087043290625 0.561606834375 0.0845530125 0.5308315921875 0.0899795171875 0.5283413125 0.0983516421875
412 0.2190092890625 0.12116314218749999 0.2235345078125 0.124331734375 0.2357535375 0.1261437 0.2511411578125 0.123430446875 0.265850465625 0.11687028906250001 0.26064693437500003 0.109854790625 0.256121715625 0.1066861984375 0.22149956875000001 0.1127910171875 0.2190092890625 0.12116314218749999
770 0.19389291875 0.1136923046875 0.18236159375 0.048294915625000004 0.1515863515625 0.053721420312500004 0.15701285781250002 0.0844966625 0.19389291875 0.1136923046875
407 0.456255665625 0 0.18236159375 0.048294915625000004 0.19389291875 0.1136923046875 0.15701285781250002 0.0844966625 0.1515863515625 0.053721420312500004 0.0244959984375 0.0761308796875 0.138447253125 0.15916746406249999 0.1807632109375 0.15170601875 0.1787282703125 0.140165303125 0.2011313890625 0.13224851875000002 0.24683891406249997 0.1440216 0.2726335984375 0.1553393421875 0.3106473125 0.1684690484375 0.3402889015625 0.179108478125 0.3615583671875 0.187257628125 0.3706088046875 0.1935948125 0.383506146875 0.1992536828125 0.3970818015625 0.208759459375 0.40997914375000005 0.21441832968750002 0.41902958124999995 0.2207555140625 0.42491142656249997 0.2316179171875 0.430793271875 0.24248032031250003 0.5115782828125 0.2282357421875 0.5088650296874999 0.21284812187500002 0.562721703125 0.20335173750000002 0.5654349562500001 0.2187393578125 0.61159781875 0.21059960000000003 0.570893315625 0 0.456255665625 0
2000 0.7660959953125 0.591907953125 0.7570455578125 0.5855707703124999 0.7536539921875 0.56633624375 0.7522973656249999 0.5586424328125 0.74438058125 0.5362393140624999 0.740533675 0.5369176265625 0.7394000234375 0.5529835609375 0.7455048421875 0.587605709375 0.7391676578124999 0.596656146875 0.7459507890625 0.6351251984374999 0.7486640421875 0.6505128203125 0.7755923796874999 0.645764628125 0.7660959953125 0.591907953125
1939 0.5968321624999999 0.621753734375 0.5884600390625 0.6192634546875 0.5871034125000001 0.6115696453125 0.5902720046875001 0.6070444265625 0.6787508250000001 0.5914432234375 0.6412206265625 0.3561036875 0.6154447249999999 0.2099212859375 0.5692818609375 0.21806104531249998 0.562721703125 0.20335173750000002 0.5088650296874999 0.21284812187500002 0.5115782828125 0.2282357421875 0.430793271875 0.24248032031250003 0.41902958124999995 0.2207555140625 0.3970818015625 0.208759459375 0.383506146875 0.1992536828125 0.3706088046875 0.1935948125 0.3615583671875 0.187257628125 0.327391559375 0.17344960625 0.2726335984375 0.1553393421875 0.25068581874999996 0.1433432859375 0.2011313890625 0.13224851875000002 0.1787282703125 0.140165303125 0.1807632109375 0.15170601875 0.138447253125 0.15916746406249999 0.1192127265625 0.1625590296875 0.116722446875 0.170931153125 0.0153462828125 0.1808734859375 0.0128560046875 0.18924560937499998 0.0225847546875 0.1994296984375 0.023941381249999998 0.207123509375 0.029144912499999998 0.2141390078125 0.03819535 0.22047619062499998 0.0241643546875 0.2308832546875 0.035695679687499995 0.29628064374999996 0.039542584375 0.29560233125 0.052895265625 0.2813483625 0.06760457343750001 0.2747882046875 0.0868391 0.2713966390625 0.0990581296875 0.2732086046875 0.1105988453125 0.2711736640625 0.1311899984375 0.275475909375 0.1479342453125 0.2804564671875 0.1506474984375 0.2958440875 0.16422315468749998 0.3053498640625 0.1701049984375 0.3162122671875 0.18051206250000001 0.33024326249999997 0.1902408125 0.3404273515625 0.211510278125 0.34857650156250003 0.20269220625 0.2985667328125 0.2103860171875 0.29721010625 0.22962054375 0.293818540625 0.2834772171875 0.28432215625 0.27918436406249997 0.23748097812500002 0.311994546875 0.24359518906250002 0.3294171078125 0.2524226515625 0.35453347812499997 0.2598934890625 0.3873436609375 0.26600769999999996 0.40929143906250004 0.2780037546875 0.42286709531250005 0.28750953125 0.4990705375 0.6746903375 0.49861519843749996 0.694603178125 0.5101559140624999 0.6925682375 0.51332450625 0.6880430203125 0.6088188265625 0.667238284375 0.5968321624999999 0.621753734375
322 0.8925885296875 0.5894364578125 0.90277261875 0.5797077078124999 0.8756400921875 0.425831496875 0.864554715625 0.407953596875 0.8536923125 0.41383544062500005 0.84826580625 0.3830601984375 0.8290312796875 0.386451765625 0.8324322375 0.3382539625 0.7989437421875001 0.32829284687500004 0.79419555 0.30136450937500003 0.682635296875 0.3210355921875 0.6860268625 0.34027011875 0.6697379546875 0.3153767203125 0.6627224578125 0.320580253125 0.6855715234375 0.3601829578125 0.706376259375 0.4556772765625 0.7007173875 0.46857461875000006 0.6744673640625 0.4771697171875 0.7002432656249999 0.6233521171875 0.709293703125 0.6296893015625 0.7246813234375 0.6269760484375 0.7344100734375 0.6371601390625 0.7459507890625 0.6351251984374999 0.7391676578124999 0.596656146875 0.7455048421875 0.587605709375 0.738721709375 0.54913665625 0.74438058125 0.5362393140624999 0.7561442703125001 0.55796411875 0.7608924625 0.58489245625 0.7699429 0.591229640625 0.7755923796874999 0.645764628125 0.7982184718750001 0.6616075875 0.9136256296875 0.6412581921875 0.9061641859374999 0.598942234375 0.8925885296875 0.5894364578125
1737 1 0.4562556671875 0.9951171296875 0.42856353281250004 0.9758826031250001 0.43195509843749996 0.9675104796875 0.42946481875 0.9566480765625001 0.4353466640625 0.9514445453124999 0.42833116718750003 0.9412604546875001 0.4380599171875 0.9066383078125 0.44416473593749994 0.9177142921874999 0.529474965625 0.9670457484374999 0.5168099890625 0.980621403125 0.5263157640625 1 0.5228987953125 1 0.4562556671875
627 0.6787508250000001 0.5914432234375 0.621047246875 0.6016179203124999 0.6244388125 0.6208524468750001 0.6212702203125 0.6253776656250001 0.60203569375 0.62876923125 0.6099524781250001 0.6511723500000001 0.6255630734375 0.6722188421874999 0.617636896875 0.717248053125 0.6060961812500001 0.7192829921875 0.623732325 0.8193025296875 0.6244106375 0.8231494359375 0.62893585625 0.826318028125 0.6327827609375001 0.8256397140624999 0.6359513531250001 0.8211144953125 0.6314261343750001 0.8179459031249999 0.6250983421874999 0.7595640109375 0.6343811453125 0.7222286109375 0.6524726265624999 0.802335309375 0.6454571296875 0.8075388406249999 0.653829253125 0.8100291187499999 0.6615230640624999 0.8086724937499999 0.66469165625 0.804147275 0.6601664375 0.8009786828125 0.6520266796875 0.75481581875 0.65768555 0.7419184765625 0.6753216937500001 0.8419380140625 0.68572875625 0.855969009375 0.6895756625 0.8552906953124999 0.6936455406250001 0.8783721281249999 0.7051862578125 0.8763371875000001 0.7011163781249999 0.8532557562499999 0.724197809375 0.8491858765625 0.6787508250000001 0.5914432234375
1865 0.6248847609375 0.6683719375 0.609274165625 0.6473254453124999 0.60203569375 0.62876923125 0.6212702203125 0.6253776656250001 0.6244388125 0.6208524468750001 0.621047246875 0.6016179203124999 0.594118909375 0.6063661125 0.6094971390625 0.6710851890625 0.61334404375 0.6704068765625 0.6248847609375 0.6683719375
322 0.46784934843750003 0.632597353125 0.457665259375 0.6423261046875 0.4384307328125 0.6457176703124999 0.43661876718750003 0.6579366984374999 0.4526847015625 0.6590703515625 0.4617351375 0.6654075359375 0.4630917640625 0.673101346875 0.44453555156249996 0.6803398171875 0.435029775 0.6939154734375 0.429370903125 0.706812815625 0.490243075 0.6921128984375 0.4927333546875 0.683740775 0.48323696875 0.6298841015625001 0.46784934843750003 0.632597353125
423 0.413973890625 0.776958396875 0.41578585625000003 0.76473936875 0.41963276250000003 0.7640610546875 0.4189544484375 0.76021415 0.45810181562499996 0.7572779234375 0.45628985 0.7694969515625 0.4716774703125 0.7667837 0.47032084375 0.7590898890625 0.45086334375000003 0.738721709375 0.416241196875 0.744826528125 0.41398328281249996 0.70952606875 0.429370903125 0.706812815625 0.435029775 0.6939154734375 0.44453555156249996 0.6803398171875 0.4630917640625 0.673101346875 0.46558204375 0.6647292218749999 0.4526847015625 0.6590703515625 0.43661876718750003 0.6579366984374999 0.439564384375 0.6296517359375 0.4427329765625 0.6251265171875 0.44590156875 0.6206012984375 0.44522325625 0.61675439375 0.4368511328125 0.6142641140625 0.429157321875 0.615620740625 0.41761660625 0.6176556796875 0.40358561093749995 0.6280627437499999 0.40041701874999996 0.6325879624999999 0.40109533124999996 0.6364348671875 0.41648295312499994 0.6337216140625 0.42734535625000003 0.6278397703125 0.42439973750000004 0.6561247328125 0.385930684375 0.662907865625 0.3870643375 0.64684193125 0.38367277187500004 0.6276074046875 0.3771126125 0.612898096875 0.3680621765625 0.6065609125 0.3909018515625 0.713595946875 0.39542706875 0.7167645390625 0.4047004796875 0.7468614687499999 0.40673542031250004 0.7584021843750001 0.40356682812500005 0.762927403125 0.40107654843749996 0.7712995265625 0.40763670625000004 0.786008834375 0.4153305171875 0.7846522078125 0.413973890625 0.776958396875
351 0.8020653765624999 0.660929275 0.779439284375 0.6450863140624999 0.7486640421875 0.6505128203125 0.7459507890625 0.6351251984374999 0.7344100734375 0.6371601390625 0.7246813234375 0.6269760484375 0.709293703125 0.6296893015625 0.7002432656249999 0.6233521171875 0.699564953125 0.6195052125 0.6957180468749999 0.6201835250000001 0.6984313 0.635571146875 0.70816005 0.6457552359375 0.7156214953125 0.68807119375 0.707927684375 0.6894278203125 0.7465915359374999 0.9087014218749999 0.7486264765625 0.9202421375000001 0.774644134375 0.9553196249999999 0.797725565625 0.9512497453125001 0.7800894234375 0.8512302078125 0.7916301390625 0.84919526875 0.78349038125 0.8030324046875 0.8674439843749999 0.784262609375 0.851610415625 0.739456371875 0.8631511312500001 0.7374214328125 0.8531994062500001 0.7034775984375 0.9262906078125 0.6905896484375 0.9174725359375 0.6405798796875 0.8020653765624999 0.660929275
703 0.7120069546875001 0.6450769234375 0.7194684 0.68739288125 0.7117745906249999 0.6887495078125 0.7572497484375 0.7441951734375001 0.745718425 0.6787977828125 0.7120069546875001 0.6450769234375
322 0.96159106875 0.688331734375 0.948693725 0.6826728640625 0.8531994062500001 0.7034775984375 0.8631511312500001 0.7374214328125 0.851610415625 0.739456371875 0.8674439843749999 0.784262609375 0.8948182687499999 0.82703390625 0.8968532078125 0.8385746234375 0.927396084375 0.8768207015625 0.9889465703125 0.865967690625 0.96159106875 0.688331734375
1564 0.836787421875 0 0.9181790234375 0.44212979687500004 0.9066383078125 0.44416473593749994 0.9177142921874999 0.529474965625 0.9331019140624999 0.5267617125 0.997764640625 0.9159774593750001 1 0.9155833046874999 1 0.4562556703125 0.919549815625 0 0.836787421875 0
1995 0.94938143125 0.6190874390625 0.9331019140624999 0.5267617125 0.9177142921874999 0.529474965625 0.9066383078125 0.44416473593749994 0.9175007109375001 0.43828289062500003 0.839039353125 0.015801623437500002 0.810522025 0.0565285890625 0.8697582468749999 0.41496909375 0.879486996875 0.4251531828125 0.906619525 0.5790293953125001 0.8925885296875 0.5894364578125 0.9100110906250001 0.5982639203125 0.93128055625 0.6064130703124999 0.94938143125 0.6190874390625
1939 0.7684534984375 0 0.74105475625 0.04497848125 0.7903486453124999 0.302042821875 0.7980424562499999 0.300686196875 0.8027906484375 0.3276145328125 0.8324322375 0.3382539625 0.8328781859375001 0.3857734515625 0.84826580625 0.3830601984375 0.8536923125 0.41383544062500005 0.8684016203124999 0.40727528281250003 0.879486996875 0.4251531828125 0.90277261875 0.5797077078124999 0.8925885296875 0.5894364578125 0.9061641859374999 0.598942234375 0.9167942218749999 0.6367329734375 0.9174725359375 0.6405798796875 0.9256122937500001 0.6867427421875 0.948693725 0.6826728640625 0.9609127546874999 0.6844848296875 0.9331019140624999 0.5267617125 0.9177142921874999 0.529474965625 0.90595999375 0.44031783124999996 0.9175007109375001 0.43828289062500003 0.8367914734375 0 0.7684534984375 0
1939 0.7384423875 0.9299708875 0.74364591875 0.9369863859375 0.755186634375 0.9349514453125 0.7479481625 0.9163952328124999 0.707927684375 0.6894278203125 0.71494318125 0.6842242890625 0.70816005 0.6457552359375 0.6984313 0.635571146875 0.6957180468749999 0.6201835250000001 0.6988866390624999 0.6156583078125 0.6744673640625 0.4771697171875 0.7007173875 0.46857461875000006 0.706376259375 0.4556772765625 0.6848932109375 0.356336053125 0.66204414375 0.316733346875 0.6697379546875 0.3153767203125 0.68534855 0.3364232125 0.682635296875 0.3210355921875 0.7903486453124999 0.302042821875 0.74105475625 0.04497848125 0.6795042718750001 0.0558314921875 0.59102545 0.071432696875 0.7384423875 0.9299708875
407 0.57146818125 0 0.58717854375 0.07211100937500001 0.7403764421875 0.0411315765625 0.766590690625 0 0.57146818125 0
407 0 0.135981328125 0.007206525 0.134710621875 0.011731743749999999 0.1378792140625 0.0246290859375 0.1435380859375 0.032322896875 0.14218145937499999 0.051557423437500007 0.13878989375 0.055404328125 0.1381115796875 0.060607859374999996 0.145127078125 0.0689799828125 0.14761735625 0.0773521078125 0.15010763437500002 0.0710149234375 0.159158071875 0.0633211125 0.1605146984375 0.051102082812500005 0.1587027328125 0.0388830546875 0.1568907671875 0.0440865859375 0.1639062640625 0.052458709375 0.16639654375 0.0454432125 0.17160007500000002 0.04091799375 0.1684314828125 0.0332241828125 0.169788109375 0.025530373437499997 0.1711447359375 0.02304009375 0.179516859375 0.116722446875 0.170931153125 0.1192127265625 0.1625590296875 0.133922034375 0.155998871875 0.028189465625 0.0754796203125 0 0.080450184375 0 0.135981328125
278 0.3083518328125 0.40289790625000005 0.32463134843749997 0.49522363281250004 0.32847825468749997 0.4945453203125 0.3470344671875 0.48730684843749994 0.333468203125 0.41036874218749997 0.3083518328125 0.40289790625000005
278 0.346114396875 0.5945648578125 0.3626356703125 0.5757856703125 0.36127904375000003 0.5680918593750001 0.3560755125 0.5610763624999999 0.3547188859375 0.5533825515624999 0.339331265625 0.5560958046875 0.346114396875 0.5945648578125
278 0.3651071671875 0.7022782046875 0.37144435 0.69322776875 0.36873109843749996 0.677840146875 0.3757465953125 0.672636615625 0.363992296875 0.58347948125 0.3467927109375 0.5984117624999999 0.357645721875 0.6599622468749999 0.3651071671875 0.7022782046875
278 0.38545656250000004 0.8176853640624999 0.38930346718750003 0.81700705 0.396318965625 0.81180351875 0.4012995234375 0.795059271875 0.3992645828125 0.78351855625 0.40107654843749996 0.7712995265625 0.40673542031250004 0.7584021843750001 0.40605710625 0.754555278125 0.4015318875 0.7513866874999999 0.39315976406250003 0.7488964078125 0.3879562328125 0.7418809109375 0.37256861093750004 0.7445941640625 0.38545656250000004 0.8176853640624999
278 0.41463342187499996 0.9156699609375 0.41644538750000004 0.9034509328125001 0.4150887609375 0.8957571218749999 0.418257353125 0.891231903125 0.4214259453125 0.8867066843750001 0.4110282734375 0.8052433609375 0.4033344625 0.8065999875 0.38998178125 0.82085395625 0.4069396109375 0.9170265875 0.41463342187499996 0.9156699609375
1564 0.20269220625 0.2985667328125 0.210831965625 0.34472959531249997 0.299756734375 0.3766478828125 0.4112324640625 0.9638677640625 0.4202922921875 0.90277261875 0.418935665625 0.8950788093750001 0.4214259453125 0.8867066843750001 0.4110282734375 0.8052433609375 0.3994875578125 0.8072782999999999 0.4012995234375 0.795059271875 0.3992645828125 0.78351855625 0.40673542031250004 0.7584021843750001 0.3924814515625 0.745049503125 0.3782368734375 0.6642644921875 0.350881371875 0.48662853593750005 0.3366367953125 0.405843525 0.319678965625 0.3096708921875 0.2834772171875 0.28432215625 0.20269220625 0.2985667328125
693 0.2827989046875 0.28047525 0.319678965625 0.3096708921875 0.3918031375 0.741202596875 0.40673542031250004 0.7584021843750001 0.3985862703125 0.7796716499999999 0.399942896875 0.7873654609375 0.4153305171875 0.7846522078125 0.41963276250000003 0.7640610546875 0.4228013546875 0.7595358359375 0.45810181562499996 0.7572779234375 0.46013675468750004 0.7688186390625 0.475524375 0.7661053859375 0.46964253125 0.7552429843749999 0.45018503125000003 0.7348748046875 0.416241196875 0.744826528125 0.41398328281249996 0.70952606875 0.49861519843749996 0.694603178125 0.5094776015625 0.6887213328125 0.438254715625 0.284796278125 0.2733025203125 0.2266185765625 0.2827989046875 0.28047525
1413 0.1911421 0.3680340015625 0.0997270515625 0.3444878390625 0.13567765 0.54837381875 0.2203095671875 0.533450928125 0.1911421 0.3680340015625
1373 0.16422315468749998 0.3053498640625 0.1506474984375 0.2958440875 0.1472559328125 0.2766095625 0.1105988453125 0.2711736640625 0.0990581296875 0.2732086046875 0.0861607875 0.2675497328125 0.06375766875 0.27546651718750004 0.052895265625 0.2813483625 0.035695679687499995 0.29628064374999996 0.1529054125 0.3311445484375 0.174853190625 0.34314060468749996 0.188428846875 0.3526463796875 0.21173325156249997 0.372336246875 0.1902408125 0.3404273515625 0.16422315468749998 0.3053498640625
353 0.405086234375 1 0.4112324640625 0.9638677640625 0.299756734375 0.3766478828125 0.1902408125 0.3404273515625 0.21173325156249997 0.372336246875 0.184581940625 0.35332469375 0.15222709843749999 0.32729764375000003 0 0.286270378125 0 0.5212491359375 0.0844166953125 1 0.405086234375 1
351 0.997764640625 0.9159774593750001 0.9889465703125 0.865967690625 0.927396084375 0.8768207015625 0.8968532078125 0.8385746234375 0.8948182687499999 0.82703390625 0.8674439843749999 0.784262609375 0.78349038125 0.8030324046875 0.7916301390625 0.84919526875 0.7800894234375 0.8512302078125 0.797725565625 0.9512497453125001 0.8669698609375001 0.9390401078125 0.997764640625 0.9159774593750001
819 0.5212491359375 1 0.5938395859375001 0.9872003453125 0.774644134375 0.9553196249999999 0.754508321875 0.931104540625 0.755186634375 0.9349514453125 0.74364591875 0.9369863859375 0.7377640734375001 0.9261239828125 0.724197809375 0.8491858765625 0.7011163781249999 0.8532557562499999 0.7051862578125 0.8763371875000001 0.6936455406250001 0.8783721281249999 0.6895756625 0.8552906953124999 0.68572875625 0.855969009375 0.6753216937500001 0.8419380140625 0.65768555 0.7419184765625 0.6520266796875 0.75481581875 0.659488125 0.7971317765625 0.66469165625 0.804147275 0.6615230640624999 0.8086724937499999 0.6499823484375 0.8107074328125 0.649304034375 0.8068605265625 0.6524726265624999 0.802335309375 0.6343811453125 0.7222286109375 0.6250983421874999 0.7595640109375 0.6314261343750001 0.8179459031249999 0.6359513531250001 0.8211144953125 0.62893585625 0.826318028125 0.6244106375 0.8231494359375 0.6060961812500001 0.7192829921875 0.617636896875 0.717248053125 0.6248847609375 0.6683719375 0.6094971390625 0.6710851890625 0.6088188265625 0.667238284375 0.51332450625 0.6880430203125 0.5101559140624999 0.6925682375 0.49861519843749996 0.694603178125 0.490243075 0.6921128984375 0.4178301875 0.7088477546874999 0.41940978749999996 0.7403013109375001 0.45018503125000003 0.7348748046875 0.47416775 0.758411575 0.475524375 0.7661053859375 0.46013675468750004 0.7688186390625 0.45810181562499996 0.7572779234375 0.4228013546875 0.7595358359375 0.4153305171875 0.7846522078125 0.399942896875 0.7873654609375 0.4012995234375 0.795059271875 0.4033344625 0.8065999875 0.4110282734375 0.8052433609375 0.42527285 0.886028371875 0.418935665625 0.8950788093750001 0.4202922921875 0.90277261875 0.4048484421875 1 0.5212491359375 1
1373 0 0.2881487328125 0.035695679687499995 0.29628064374999996 0.035017365625000005 0.2924337390625 0.0241643546875 0.2308832546875 0.03819535 0.22047619062499998 0.03299181875 0.21346069375 0.023941381249999998 0.207123509375 0.0219064421875 0.19558279375 0.0128560046875 0.18924560937499998 0.0153462828125 0.1808734859375 0.026208685937499997 0.174991640625 0.024852059375 0.1672978296875 0.0370710890625 0.169109796875 0.049290117187499996 0.1709217625 0.052458709375 0.16639654375 0.04023968125 0.164584578125 0.0388830546875 0.1568907671875 0.0633211125 0.1605146984375 0.074861828125 0.158479759375 0.0773521078125 0.15010763437500002 0.060607859374999996 0.145127078125 0.0585729203125 0.1335863609375 0.023950771875 0.1396911796875 0.0110534296875 0.134032309375 0 0.135981328125 0 0.2881487328125