1939 0.31413253750000003 0.9750383312500001 0.32157485625 0.970466040625 0.2509548546875 0.20809492812500002 0.254846240625 0.207754475 0.7123274734375 0.1481241984375 0.7155379546875 0.140000975 0.7014330046875 0.0235998609375 0.20605927343750002 0.098308815625 0.2833419046875 0.9816533328125001 0.3144729890625 0.9789297171875001 0.31413253750000003 0.9750383312500001
1939 0.2796583203125 1 0.28368235625 0.9855447187499999 0.2833419046875 0.9816533328125001 0.20605927343750002 0.098308815625 0.1589257046875 0.027930215624999997 0 0.0418344125 0 0.5218304703125 0.0418344125 1 0.2796583203125 1
819 0.4770112796875 1 0.7845033234375001 0.9730979328125 0.721512621875 0.8805796234375001 0.7172331562500001 0.78684591875 0.308637675 0.822593390625 0.32157485625 0.970466040625 0.31413253750000003 0.9750383312500001 0.3144729890625 0.9789297171875001 0.2833419046875 0.9816533328125001 0.278959284375 1 0.4770112796875 1
1929 0.5395912296875001 0.8180722578124999 0.541293490625 0.8375291859375 0.615229815625 0.8310605953125 0.605744784375 0.812284571875 0.5395912296875001 0.8180722578124999
1939 0.71505391875 0 0.7049839390625 0.0193680234375 0.7155379546875 0.140000975 0.7123274734375 0.1481241984375 0.6620799140625 0.1564414609375 0.6743361890624999 0.296531340625 0.725744459375 0.88413055625 0.7841628703125 0.969206546875 0.7091169921875 0.1562474203125 0.8256258703125001 0 0.71505391875 0
2001 0.8640815343750001 0 0.9393825843749999 0.7713315328125 1 0.812204634375 1 0.52298871875 0.954244415625 0 0.8640815343750001 0
2001 0.8402016453125001 0.7133488296875 0.910440625 0.7542577703125 0.9046529390625 0.688104215625 0.897843896875 0.6102765046874999 0.8879707859374999 0.497426325 0.8787785781249999 0.39235891562499997 0.8699268234374999 0.29118289062499997 0.8592263953125 0.2136956328125 0.8565027781250001 0.1825645484375 0.8337401140624999 0.012024489062500001 0.7843674984375 0.0751616015625 0.7860697578125 0.094618528125 0.8402016453125001 0.7133488296875
2001 0.7777454374999999 0.671758984375 0.815151071875 0.6959346140625 0.8040625640625001 0.5243731984375 0.792146740625 0.38817470468750004 0.78465679375 0.3025642234375 0.7654450625 0.1277923265625 0.7328057578125 0.15809609375 0.7539137890625 0.399361996875 0.7777454374999999 0.671758984375
1939 0.8256258703125001 0 0.7091169921875 0.1562474203125 0.7845033234375001 0.9730979328125 1 0.954244415625 1 0.5229887203125 0.954244415625 0 0.8256258703125001 0
407 0.478169528125 0 0.1589257046875 0.027930215624999997 0.20605927343750002 0.098308815625 0.7014330046875 0.0235998609375 0.7125666640625 0 0.478169528125 0
412 0.4781695328125 0 0.42918242968750003 0.004285815625 0.4411970390625 0.007155845312500001 0.46454535156250004 0.0051131328125 0.4840022796875 0.003410871875 0.49388785312500005 0 0.4781695328125 0
412 0.532496421875 0.1991479171875 0.5675188921875 0.19608384843749999 0.57851214375 0.1872797203125 0.5661570828125 0.18051830625 0.5385769328125 0.1790100859375 0.52369229375 0.1881546640625 0.524032746875 0.19204605 0.532496421875 0.1991479171875
2001 0.48127513281249995 0.2859737953125 0.5098731109375 0.61285018125 0.6772026890625 0.5982107390625 0.6489451640625 0.27522573906250003 0.48127513281249995 0.2859737953125
2001 0.4738328140625 0.29054608437499996 0.3065032359375 0.3051855265625 0.33476076250000003 0.6281705265624999 0.502090340625 0.613531084375 0.4738328140625 0.29054608437499996
2001 0.294488628125 0.30231549687500003 0.25946615781250004 0.305379565625 0.2880641359375 0.6322559515624999 0.32308660625 0.6291918828124999 0.294488628125 0.30231549687500003
407 0.2540189234375 0.243117396875 0.269584465625 0.2417555890625 0.66684624375 0.2109208578125 0.6617394609375 0.152550075 0.2509548546875 0.20809492812500002 0.2540189234375 0.243117396875
1939 0.2540189234375 0.243117396875 0.308637675 0.822593390625 0.68965300625 0.785337696875 0.69388484375 0.7888886312500001 0.7172331562500001 0.78684591875 0.66684624375 0.2109208578125 0.2540189234375 0.243117396875