423 0.6682880953125 0.21554343125000003 0.639338971875 0.201434146875 0.58885841875 0.1946821546875 0.5536614234375 0.19117878125 0.5267405046875 0.3366197640625 0.4929374125 0.34534661093749996 0.47581178125 0.369552296875 0.45154193437499995 0.4837329515625 0.4442609796875 0.5179871484375 0.463365425 0.5220479234375001 0.46844348125 0.479369528125 0.4759485203125 0.42527306718749996 0.4884442671875 0.404061246875 0.512178596875 0.40512815625 0.48975082499999995 0.4918545015625 0.50503438125 0.495103121875 0.529665053125 0.416800975 0.59844105625 0.431419765625 0.5862187859375 0.5640731265625 0.598490446875 0.5627035703125001 0.637458940625 0.43573529375 0.6463578859375 0.3938690546875 0.64276108125 0.373214634375 0.6895954390625 0.22802840624999998 0.6682880953125 0.21554343125000003
1506 0.6675274984375 1 0.6405202265625001 0.571637275 0.38371166562500003 0.521028909375 0.22190124687499999 0.944102625 0.49634625000000004 1 0.6675274984375 1
676 0.3491304359375 0 0.2368619359375 0.7046259 0.3152964859375 0.5422886250000001 0.407693628125 0 0.3491304359375 0
676 0.7111003499999999 0.7656485984375 0.8941575328125 0.072610471875 0.8331072984375 0.0596338453125 0.6973853921875001 0.6235041296875 0.7111003499999999 0.7656485984375
1939 1 0.0951079828125 0.9017797671875 0.074230628125 0.71411224375 0.7702667734374999 0.7482389296874999 1 0.8283575484375 1 1 0.463232665625 1 0.0951079828125
1146 0.9860447515624999 0.092141703125 0.92028064375 0.08214108906249999 0.9230684515625001 0.10660153125 0.9226202812500001 0.14628605781249998 0.9254080890624999 0.1707465 0.93988265 0.1778011421875 0.9570082828125 0.153595453125 0.9741339140624999 0.1293897671875 0.9860447515624999 0.092141703125
1075 0.2381950109375 0.2474416734375 0.230689971875 0.3015381328125 0.2445796234375 0.2925565328125 0.2550965578125 0.24307825 0.2381950109375 0.2474416734375
1340 0.2548487015625 0 0.2499197203125 0.023189034375 0.30040027187499996 0.0299410296875 0.306764434375 0 0.2548487015625 0
1939 0.41586633125 0 0.33484910156250003 0.506664871875 0.3832141015625 0.4294296328125 0.6804344546875 0.4965837484375 0.6899677 0.6020375546875 0.8255674109375001 0.058031192187500004 0.7873585203125 0.0499096421875 0.5399571359374999 0 0.41586633125 0
1075 0.92411296875 0.42108388750000003 0.8972793984375 0.4909618359375 0.9161597578125 0.5148648765625 0.9454203124999999 0.43356886250000004 0.92411296875 0.42108388750000003
819 0.7458774640625 1 0.7119093453125 0.761842575 0.8102952906249999 0.39291321562500003 0.779728178125 0.38641597499999997 0.71950173125 0.63218308125 0.693564503125 0.6226919750000001 0.6945975828125001 0.5990436875 0.682637353125 0.505007946875 0.6245150234375 0.4966316421875 0.5946695578125001 0.561891415625 0.5862187859375 0.5640731265625 0.5870277796875001 0.5602671046875 0.5947569046875001 0.48632838125 0.513709240625 0.47307914687499997 0.50503438125 0.495103121875 0.4935717140625 0.49266665625000006 0.498425684375 0.46983052656249996 0.47550035 0.46495759531249997 0.467995309375 0.51905405625 0.445069975 0.514181125 0.4572048984375 0.4570908 0.3807871171875 0.44084769843749994 0.32073536406250003 0.5354887359375 0.233850040625 0.7000077234375001 0.1132983640625 0.9289743265625001 0.44744788125 1 0.7458774640625 1
1939 0.178497146875 0 0.0728865734375 0.912428578125 0.072077578125 0.9162345999999999 0.09118202343750001 0.920295375 0.114916353125 0.9213622828125001 0.23928892031250001 0.693207834375 0.34897400625 0 0.178497146875 0
676 0.0991015015625 0 0 0.46623590625 0 0.9009140390624999 0.041510465625 0.9097373609374999 0.072077578125 0.9162345999999999 0.1784683765625 0 0.0991015015625 0