423 0.392913134375 0.546524284375 0.404819465625 0.549796690625 0.41349922968749997 0.41686452812499997 0.48371536875 0.41318465625 0.495793640625 0.494375859375 0.5113972265625 0.49355811093749996 0.5028125671875 0.404391034375 0.5264215890624999 0.40705012656250006 0.535445234375 0.4299555609375 0.5343953234375001 0.4845600515625 0.5327344875 0.5275073875 0.5522389703125 0.5264852 0.55040619375 0.49151373749999994 0.5442969375 0.374942196875 0.5311687546875 0.3483554828125 0.4991470140625 0.33444810937499997 0.4953095203125 0.18658638593750002 0.459997809375 0.1845406046875 0.40908251093750003 0.183312571875 0.378282621875 0.19271950625 0.3552845265625 0.2017175671875 0.3788301453125 0.35244282031249996 0.3720465609375 0.372280284375 0.374286621875 0.41502318281250006 0.392913134375 0.546524284375
1506 0.29811341874999997 1 0.7052019390625001 0.9821392140625 0.6115669859375 0.5389615109375 0.350003271875 0.5487730953125001 0.2490793421875 1 0.29811341874999997 1
676 0.6691465203125 0 0.675814109375 0.570661978125 0.7278878546875001 0.743270478125 0.727201878125 0 0.6691465203125 0
676 0.285724446875 0.5911057109375 0.2398822484375 0.0129460203125 0.177553653125 0.0162125234375 0.24994204999999997 0.7293546531249999 0.285724446875 0.5911057109375
1939 0.1624587328125 1 0.24624479375 0.7334448078125 0.1697718125 0.016620353125 0 0.0255177171875 0 0.307948571875 0.10630364375000001 1 0.1624587328125 1
1146 0.137915928125 0.0845284859375 0.1436813015625 0.045262432812499996 0.15026124375 0.0215392484375 0.08374235937499999 0.021128965625000003 0.089679675 0.059781709375000006 0.10280785781249999 0.086368421875 0.115936040625 0.1129551375 0.1313359859375 0.1082516703125 0.137915928125 0.0845284859375
1075 0.782079690625 0.284552721875 0.7847270359375 0.33506705625 0.79704065 0.3461108984375 0.7980905609375 0.291506409375 0.782079690625 0.284552721875
1340 0.7671669156250001 0 0.7706757468750001 0.0669525125 0.8215910453124999 0.06818054375 0.8180178546875 0 0.7671669156250001 0
1939 0.5364943328125 0 0.286588984375 0.010498225 0.2475800171875 0.0125425984375 0.296408928125 0.5710638078125 0.3223214125 0.46839964062500006 0.6263877078125 0.4485678109375 0.6620750015625 0.532418109375 0.661286465625 0 0.5364943328125 0
1075 0.0704556703125 0.36470765156249996 0.08663848125 0.4495801359375 0.10902565156249999 0.42892492187500003 0.09345376562499999 0.35570959062499996 0.0704556703125 0.36470765156249996
819 0.5130929609375 1 0.814834328125 0.9841864046875 0.7315851109375 0.7391803218749999 0.6715059296875 0.563094978125 0.6269986328125 0.460224965625 0.5489807 0.4643137109375 0.552035328125 0.52259948125 0.5286299484375 0.5238261046875 0.5296798593750001 0.469221615625 0.5062744796875001 0.47044823906250005 0.5074963296874999 0.49376254687500004 0.495793640625 0.494375859375 0.49067089218750004 0.4712659890625 0.40854842187499996 0.47167345625 0.4046158234375 0.5459109734375 0.404819465625 0.549796690625 0.39681403125000003 0.546319846875 0.37754489062499996 0.477194671875 0.3188278 0.4763755140625 0.2923043890625 0.5673825265625 0.28962534375 0.5909012734375 0.262522709375 0.5962180515625 0.24148419531249998 0.3440552546875 0.2102770234375 0.345690753125 0.2497384078125 0.7254689328125 0.1651909640625 1 0.5130929609375 1
1939 0.72738838125 0 0.7272769296875 0.7316133234375 0.81442704375 0.97641496875 0.838036065625 0.9790740640625 0.8575405484375 0.9780518765625 0.8573369078124999 0.9741661578125 0.8981254234374999 0 0.72738838125 0
676 0.8981333375 0 0.8575405484375 0.9780518765625 0.888747721875 0.9764163781249999 1 0.97058589375 1 0.5615450140625 0.9705706718749999 0 0.8981333375 0