1603 0.9199230843749999 0.29078089218750003 0.9291650484374999 0.22502090312499998 0.8639487046875001 0.2119107046875 0.854706740625 0.27767069375000003 0.9199230843749999 0.29078089218750003
1603 0.8266672484375001 0.3368442234375 0.8326473421875 0.2942936421875 0.779035703125 0.282814378125 0.7725119640625 0.32923319375000004 0.8266672484375001 0.3368442234375
1603 0.7030719000000001 0.4023114484375 0.707421059375 0.3713655703125 0.6764751828125 0.3670164109375 0.6721260234375 0.3979622890625 0.7030719000000001 0.4023114484375
1603 0.6324191078125 0.42788359531250003 0.6517602796874999 0.43060182031250005 0.6544785046875 0.411260646875 0.6351373312499999 0.4085424234375 0.6324191078125 0.42788359531250003
1603 0.40576147812499996 0.3565825546875 0.40249960781249994 0.3797919625 0.425709015625 0.38305383125 0.4289708859375 0.3598444234375 0.40576147812499996 0.3565825546875
1075 0.5327022515625 0.5479870296875 0.53487683125 0.5325140921875 0.5194038937500001 0.5303395125 0.5172293140625001 0.54581245 0.5327022515625 0.5479870296875
1939 0.458536709375 0.4862834359375 0.4856143515625 0.4900889515625 0.466524059375 0.5978558765625 0.5593616906250001 0.6109033546875 0.5904121703125 0.4180352671875 0.470496896875 0.40118227500000003 0.47110326249999995 0.42493532656250005 0.4666913828125 0.4282599171875 0.458536709375 0.4862834359375
1995 0.8202897859375 0.6909654359374999 0.8451928484375 0.7102438890625 0.8931590421875001 0.4250818140625 0.7998404875 0.44352385781250003 0.7655281359375 0.659601353125 0.7727209609375 0.664556878125 0.76830908125 0.6678814671875 0.7998613234375 0.6959836796875 0.8147906171875 0.70202649375 0.8202897859375 0.6909654359374999
581 1 0.22192640468749997 0.983863978125 0.22876369687500003 0.9701474156250001 0.2702269890625 0.9511198421874999 0.40561520156249997 0.8235862921875 1 0.93464336875 1 1 0.5349634 1 0.22192640468749997
448 0.3282294609375 0.5153056140625 0.33855871406250004 0.44180915625 0.31534930625 0.43854728749999994 0.3044764078125 0.5159119796875 0.3282294609375 0.5153056140625
1603 0.056177585937499996 0.4021230765625 0.064332259375 0.3440995578125 0.03834190625 0.33255757343750003 0.0285562984375 0.402185796875 0.056177585937499996 0.4021230765625
758 0.050469209375000004 0.8076186296874999 0.0455764046875 0.8424327406250001 0.1168982828125 0.8682349328125 0.12463475156249999 0.8693222234375 0.1273529765625 0.84998105 0.12783390156250002 0.8184915281249999 0.13163941562499998 0.7914138859375 0.13707586562500002 0.7527315390625 0.1392504453125 0.7372586 0.1486178484375 0.7267411859374999 0.148011484375 0.7029881328124999 0.1551415875 0.6803223703125 0.159490746875 0.64937649375 0.1693390765625 0.6073695578125 0.1791874046875 0.5653626203125001 0.18625478906249998 0.5150755703125001 0.194534903125 0.512294625 0.190060303125 0.487997928125 0.1933221734375 0.4647885203125 0.21416884062500002 0.400659465625 0.199239546875 0.3946166515625 0.1954340328125 0.42169429375 0.1876975640625 0.4206070046875 0.185522984375 0.4360799421875 0.1706564109375 0.457658415625 0.1629826609375 0.4841924140625 0.151440678125 0.510182765625 0.12049479999999999 0.50583360625 0.1351732140625 0.401391271875 0.131304978125 0.4008476265625 0.12193757499999999 0.41136504062499996 0.1142011046875 0.41027775 0.0934171578125 0.5020280921875 0.082544259375 0.5793927859375 0.0526437890625 0.7921456906250001 0.0438200296875 0.7987948703125001 0.050469209375000004 0.8076186296874999
1472 0.10861837968750002 0.14125769999999999 0.1014255546875 0.13630217656250002 0.0936890859375 0.1352148859375 0.0826280265625 0.1297157171875 0.0765852125 0.14464501093749998 0.0788225125 0.156793359375 0.09429545 0.1589679390625 0.1059001546875 0.16059887343749998 0.1113993234375 0.149537815625 0.10861837968750002 0.14125769999999999
412 0.7814403265625 0.12536676875 0.6233863515625 0.0992090921875 0.518944015625 0.08453067812500001 0.44985943749999996 0.07087683593750001 0.3951605078125 0.067134040625 0.364758275 0.058916646875 0.3637337046875 0.09427440312499999 0.37098925 0.12685121562499999 0.529043225 0.1530088921875 0.760593659375 0.189495821875 0.7809594015625 0.156856290625 0.7814403265625 0.12536676875
412 0.433131884375 0.246034684375 0.432650959375 0.27752420624999996 0.6520530453125 0.3162484359375 0.665832328125 0.3024064328125 0.6724187875000001 0.2836089046875 0.433131884375 0.246034684375
412 0.4581603875 0.3205557125 0.45931039843750004 0.3404405296875 0.61295249375 0.36992279687499996 0.6261881328125 0.3599490265625 0.6283627125 0.3444760890625 0.4581603875 0.3205557125
412 0.5351068765625 0.3905394203125 0.56218451875 0.39434493437499996 0.5931303953125 0.39869409375 0.601410509375 0.3959131484375 0.607453325 0.3809838546875 0.476476990625 0.35863169375 0.47538970156250004 0.36636816250000004 0.47762700156250004 0.3785165109375 0.4964245296875 0.3851029703125 0.5351068765625 0.3905394203125
1209 0.4318981078125 0.6758269343750001 0.43685363125 0.668634109375 0.43407268749999994 0.6603539953124999 0.423011628125 0.6548548265624999 0.420774328125 0.6427064765625 0.4224052625 0.6311017734375 0.41466879375000004 0.6300144828125 0.41793066406249996 0.606805075 0.43007901249999997 0.604567775 0.43170994687500003 0.5929630718750001 0.42064888749999996 0.587463903125 0.42227982343750003 0.5758591984375 0.424998046875 0.556518025 0.43478365625000004 0.48688980156249995 0.4270471859375 0.4858025125 0.41617428749999996 0.5631672046875 0.41176240937499997 0.56649179375 0.4073505296875 0.5698163843749999 0.40626323906249995 0.577552853125 0.41291241875000007 0.5863766125 0.411281484375 0.5979813171874999 0.4091069046875 0.6134542546875 0.40367045468749996 0.6521366015625001 0.395390340625 0.6549175468749999 0.3909784609375 0.6582421359375 0.389891171875 0.6659786046875 0.3970839953125 0.6709341296875 0.401495875 0.667609540625 0.40590775468749996 0.66428495 0.41255693437499996 0.673108709375 0.42029340312499996 0.674196 0.4318981078125 0.6758269343750001
477 0.5126919937500001 0.49389446562500006 0.514322928125 0.4822897609375 0.5109983390624999 0.47787788124999997 0.4955254 0.47570330156249996 0.490569875 0.48289612656249997 0.48948258593749994 0.49063259531250003 0.49613176562500005 0.4994563546875 0.50773646875 0.501087290625 0.5126919937500001 0.49389446562500006
1075 0.0238516546875 0.5198637703125 0.02765716875 0.492786128125 0.008315995312500001 0.4900679046875 0.0039668359375 0.52101378125 0.0238516546875 0.5198637703125
154 0.7329094406250001 0.8916954328125 0.74323869375 0.8181989734374999 0.736589515625 0.8093752140625 0.7354395046875 0.789490396875 0.706730928125 0.7972895859375 0.704012703125 0.816630759375 0.711268246875 0.849207571875 0.7107873234375 0.8806970937499999 0.7213047375 0.8900644968750001 0.7329094406250001 0.8916954328125
1472 0.8879526375 0.3217894890625 0.918898515625 0.3261386484375 0.9182921500000001 0.3023855953125 0.8906708625 0.302448315625 0.8879526375 0.3217894890625
1472 0.8024332703124999 0.3689401109375 0.8217744437500001 0.371658334375 0.8244926687499999 0.3523171625 0.8051514953125001 0.34959893750000004 0.8024332703124999 0.3689401109375
1472 0.7003536765625 0.42165262031250006 0.7019846109375 0.41004791718750006 0.69037990625 0.4084169828125 0.6892926171875 0.4161534515625 0.7003536765625 0.42165262031250006
819 0.6807289046875 1 0.6784613921875 0.9984377875 0.6756804468750001 0.9901576734375 0.681179615625 0.9790966140625 0.6706622015625 0.9697292109375001 0.6717494921875 0.961992740625 0.6534956078125 0.9515380468749999 0.6534328890625 0.9239167593750001 0.65560746875 0.9084438203125 0.6566947578125 0.9007073515625 0.6450900546875 0.8990764171875 0.6340289953125 0.8935772468750001 0.626292525 0.8924899578125001 0.6311853296875001 0.8576758453125001 0.625623440625 0.8411156171874999 0.61951790625 0.8284236234375 0.6128687265625 0.8195998640625 0.6144996609375 0.8079951609375 0.62223613125 0.80908245 0.6271916546875 0.8018896265625 0.6155869515625 0.800258690625 0.608937771875 0.7914349328125 0.612199640625 0.768225525 0.6011385828125 0.7627263546874999 0.5989012828125 0.75057800625 0.5933393921875 0.734017778125 0.594970328125 0.7224130734374999 0.5916457375 0.7180011937499999 0.5938203171875001 0.70252825625 0.5860838484374999 0.701440965625 0.57943466875 0.69261720625 0.5805219593750001 0.6848807375 0.573329134375 0.6799252124999999 0.576047359375 0.6605840390625 0.5683108890625 0.65949675 0.5704854687500001 0.6440238109374999 0.5671608796875 0.6396119312499999 0.5599680546875 0.6346564078125 0.5610553453125 0.6269199375000001 0.5577307546875 0.6225080578125 0.5588180453125 0.6147715890625001 0.5593616906250001 0.6109033546875 0.474260528125 0.5989431656249999 0.4731732375 0.6066796359375 0.4687613578125 0.6100042250000001 0.46767406874999995 0.61774069375 0.4560693640625 0.616109759375 0.45274477500000004 0.6116978796875 0.448876540625 0.611154234375 0.4483328953125 0.6150224703125 0.44059642656250003 0.6139351796875 0.436184546875 0.61725976875 0.43231631249999997 0.6167161250000001 0.4279044328125 0.6200407140624999 0.4190806734375 0.62668989375 0.42186161875000006 0.6349700078125 0.4202306828125 0.6465747125 0.423011628125 0.6548548265624999 0.43407268749999994 0.6603539953124999 0.43685363125 0.668634109375 0.4318981078125 0.6758269343750001 0.41255693437499996 0.673108709375 0.40590775468749996 0.66428495 0.3970839953125 0.6709341296875 0.389891171875 0.6659786046875 0.384935646875 0.6731714296875 0.37665553281249997 0.6759523749999999 0.3755682421875 0.6836888437499999 0.348009675 0.7113728515625 0.34637874062499996 0.7229775546874999 0.33755498125 0.729626734375 0.325950278125 0.7279958 0.31658287343749997 0.7385132140625 0.3077591140625 0.74516239375 0.306671825 0.7528988625 0.3011726546875 0.763959921875 0.2934361859375 0.76287263125 0.2918052515625 0.7744773359375 0.289630671875 0.789950275 0.204780390625 0.8884752359375 0.1893074515625 0.8863006562500001 0.1920883953125 0.8945807703125 0.18604558124999998 0.9095100640625 0.17335358750000002 0.9156155984375 0.1352148859375 0.9063109140625001 0.1197419484375 0.904136334375 0.1070499546875 0.91024186875 0.103119 0.8820769374999999 0.1168982828125 0.8682349328125 0.0455764046875 0.8424327406250001 0.0325289265625 0.935270371875 0.4931041609375 1 0.6807289046875 1
1809 0.5660099890625 1 0.5633762015625 0.9191493953125001 0.30142353593750004 0.8744450718750001 0.24141359687500002 0.9646271984375 0.49310415937499996 1 0.5660099890625 1
1809 0.3828865078125 0.74388694375 0.3619771203125 0.780394709375 0.5543015625 0.815313425 0.5520015421875 0.7755437890625 0.3828865078125 0.74388694375
1809 0.55133245625 0.7241694484375001 0.550182446875 0.70428463125 0.42253070312499996 0.6863443484375 0.40488318437500004 0.6996427062499999 0.55133245625 0.7241694484375001
1809 0.5429269015625 0.6717078187500001 0.5368213671875 0.659015825 0.4517202046875 0.6470556359375 0.44622103593749995 0.6581166953124999 0.5429269015625 0.6717078187500001
407 0.15239968125 0 0.1268095421875 0.12409110781249999 0.22683999843749997 0.142094109375 0.2481048703125 0.018854246875 0.2630341640625 0.0248970609375 0.2423129375 0.1442686890625 0.30033645625 0.1524233640625 0.30577290625 0.1137410171875 0.3367187828125 0.11809017656250001 0.3866503484375 0.21188965781250002 0.371909215625 0.28871070468750004 0.3835139203125 0.290341640625 0.390581303125 0.240054590625 0.39831777343749997 0.2411418796875 0.39179403437500004 0.2875606953125 0.399530503125 0.2886479859375 0.40279237187500005 0.265438578125 0.4066606078125 0.265982221875 0.432170034375 0.309013728125 0.42727723125 0.343827840625 0.4344700546875 0.3487833640625 0.43610099062499996 0.3371786609375 0.44770569374999997 0.3388095953125 0.46547865312500003 0.3807538109375 0.470496896875 0.40118227500000003 0.5904121703125 0.4180352671875 0.616339803125 0.4019559640625 0.63785555625 0.38920125 0.64057378125 0.36986007656250003 0.652178484375 0.3714910109375 0.6538094203125 0.3598863078125 0.6615458890625 0.36097359687499997 0.6658950484374999 0.3300277203125 0.7084456296874999 0.3360078140625 0.716600303125 0.27798429375 0.7397469906249999 0.2536248765625 0.782297571875 0.25960497031249996 0.78936495625 0.20931792031250002 0.8009696609375 0.21094885468750002 0.7933586312500001 0.265104140625 0.791727696875 0.27670884375 0.8154807500000001 0.276102478125 0.834508321875 0.140714265625 0.915049659375 0.0534176390625 0.5349634046875 0 0.15239968125 0
1939 0.06930126875 0 0 0.4931041578125 0 0.8690883984375001 0.12294130781249998 0.1235474625 0.151156934375 0 0.06930126875 0
1939 0.24271009375000002 0.5624562359375 0.1969812 0.8597666578125001 0.1931756859375 0.8868443015624999 0.204780390625 0.8884752359375 0.289630671875 0.789950275 0.2934361859375 0.76287263125 0.3354222859375 0.5202611390625 0.371909215625 0.28871070468750004 0.3866503484375 0.21188965781250002 0.3367187828125 0.11809017656250001 0.30577290625 0.1137410171875 0.29761823125000003 0.1717645375 0.282333453125 0.25245381875 0.29563181250000004 0.2701013375 0.2929135875 0.2894425109375 0.2738232953125 0.3972094359375 0.26016945156250004 0.46629401406250004 0.24271009375000002 0.5624562359375
1939 0.3733309421875 0.6715404953124999 0.37719917812500003 0.6720841390625 0.42129713593749996 0.38637842031249997 0.425709015625 0.38305383125 0.43060182031250005 0.3482397203125 0.42727723125 0.343827840625 0.432170034375 0.309013728125 0.40279237187500005 0.265438578125 0.399530503125 0.2886479859375 0.39566226875 0.288104340625 0.3918567546875 0.3151819828125 0.3864203046875 0.35386432968750003 0.39693771875 0.3632317328125 0.3953695046875 0.402457725 0.3485533203125 0.7075046171875 0.3717000078125 0.6831451984375 0.3733309421875 0.6715404953124999
581 0 0.933676271875 0.0325289265625 0.935270371875 0.050469209375000004 0.8076186296874999 0.0438200296875 0.7987948703125001 0.0526437890625 0.7921456906250001 0.09009256875 0.4976162125 0.10489642187499999 0.44841645156250004 0.113113815625 0.4180142203125 0.10863921562500001 0.39371752187500003 0.136490546875 0.25168012968750003 0.14566979062500002 0.1582988546875 0.1213103734375 0.13515216562500001 0 0.869225746875 0 0.933676271875
581 0.190060303125 0.487997928125 0.1950785484375 0.5084263906250001 0.18679843437500002 0.5112073359375 0.1786437609375 0.56923085625 0.1605780375 0.6416400234374999 0.1551415875 0.6803223703125 0.148011484375 0.7029881328124999 0.1486178484375 0.7267411859374999 0.1392504453125 0.7372586 0.12729025624999998 0.8223597625 0.127896621875 0.846112815625 0.12463475156249999 0.8693222234375 0.1168982828125 0.8682349328125 0.10366264375 0.8782087015625001 0.1070499546875 0.91024186875 0.12028559218749998 0.9002681000000001 0.17335358750000002 0.9156155984375 0.182177346875 0.9089664187500001 0.1920883953125 0.8945807703125 0.1893074515625 0.8863006562500001 0.29563181250000004 0.2701013375 0.27846521874999997 0.251910175 0.251931221875 0.24423642499999998 0.23652100312500002 0.2696831328125 0.2234108046875 0.3348994765625 0.21416884062500002 0.400659465625 0.19386581875 0.4609202859375 0.190060303125 0.487997928125
581 0.31658287343749997 0.7385132140625 0.325950278125 0.7279958 0.33755498125 0.729626734375 0.34637874062499996 0.7229775546874999 0.3485533203125 0.7075046171875 0.3959131484375 0.398589490625 0.39693771875 0.3632317328125 0.3714910109375 0.347821515625 0.36097359687499997 0.3384541109375 0.2934361859375 0.76287263125 0.3011726546875 0.763959921875 0.306671825 0.7528988625 0.3077591140625 0.74516239375 0.31658287343749997 0.7385132140625
581 0.41291241875000007 0.5863766125 0.40626323906249995 0.577552853125 0.4073505296875 0.5698163843749999 0.41617428749999996 0.5631672046875 0.4270471859375 0.4858025125 0.43478365625000004 0.48688980156249995 0.42064888749999996 0.587463903125 0.424517121875 0.588007546875 0.45121844375000003 0.4260853375 0.42129713593749996 0.38637842031249997 0.37719917812500003 0.6720841390625 0.3860229359375 0.6654349609375 0.3909784609375 0.6582421359375 0.40367045468749996 0.6521366015625001 0.41291241875000007 0.5863766125
422 0.6863363609375 1 0.6987644140625 0.93817696875 0.7107873234375 0.8806970937499999 0.7074627328124999 0.8762852140625 0.711268246875 0.849207571875 0.704012703125 0.816630759375 0.707274571875 0.7934213515625 0.7277030359375 0.78840310625 0.78443026875 0.468970565625 0.805695140625 0.345730703125 0.7163075390625 0.392337678125 0.635597209375 0.85435125625 0.6268361703124999 0.8886217234375 0.64122181875 0.898532771875 0.6566947578125 0.9007073515625 0.6534956078125 0.9515380468749999 0.6717494921875 0.961992740625 0.6706622015625 0.9697292109375001 0.67731138125 0.9785529687500001 0.6762240921875 0.9862894390625 0.67459315625 0.9978941421874999 0.6788288890625 1 0.6863363609375 1
581 0.5955766921875 0.7461661265624999 0.6011385828125 0.7627263546874999 0.612199640625 0.768225525 0.608937771875 0.7914349328125 0.6155869515625 0.800258690625 0.6271916546875 0.8018896265625 0.6511747515625 0.6593085890625 0.696485440625 0.4211089765625 0.6898362625 0.41228521718750005 0.6550848703125001 0.4350137 0.6071186765625 0.7201757734374999 0.5955766921875 0.7461661265624999
581 0.57943466875 0.69261720625 0.5822156140625 0.7008973203125 0.5938203171875001 0.70252825625 0.5916457375 0.7180011937499999 0.594970328125 0.7224130734374999 0.5993822078125 0.7190884843750001 0.6146042656249999 0.6107779140625 0.615628834375 0.5754201578125 0.6341127625 0.4439001796875 0.6131406546875 0.45278665937499996 0.572179125 0.6600403953125 0.576047359375 0.6605840390625 0.573329134375 0.6799252124999999 0.5766537234375 0.6843370921874999 0.57943466875 0.69261720625
1939 1 0.06535663124999999 0.85181295 0.0445303 0.8350519671875001 0.13684603125 0.814393459375 0.2838389484375 0.8138498140625 0.2877071828125 0.779035703125 0.282814378125 0.7725119640625 0.32923319375000004 0.807326075 0.3341259984375 0.805695140625 0.345730703125 0.7277030359375 0.78840310625 0.707274571875 0.7934213515625 0.704012703125 0.816630759375 0.7118118921875001 0.8453393359374999 0.7074627328124999 0.8762852140625 0.710243678125 0.884565328125 0.6865980265625 1 0.8233429750000001 1 0.84998105 0.8726470234375 0.909008303125 0.59298411875 0.9467079625 0.408939790625 0.9701474156250001 0.2702269890625 0.983863978125 0.22876369687500003 1 0.22334428125 1 0.06535663124999999
1939 0.12049479999999999 0.50583360625 0.1475724421875 0.509639121875 0.166788175 0.4571147703125 0.185522984375 0.4360799421875 0.1876975640625 0.4206070046875 0.1954340328125 0.42169429375 0.199239546875 0.3946166515625 0.21471248593749998 0.39679123125000004 0.2370646484375 0.2658148984375 0.251931221875 0.24423642499999998 0.27900886406250003 0.2480419390625 0.29544365156249996 0.18723747500000001 0.276102478125 0.18451925 0.1451261453125 0.1621670890625 0.1091828609375 0.38984928750000003 0.1142011046875 0.41027775 0.118069340625 0.41082139531250006 0.1351732140625 0.401391271875 0.12049479999999999 0.50583360625
171 0.12572225312500002 0.1318275765625 0.12239766249999999 0.127415696875 0.1213103734375 0.13515216562500001 0.14566979062500002 0.1582988546875 0.2342209828125 0.22991349687499998 0.251931221875 0.24423642499999998 0.2679478046875 0.2425427703125 0.16887919843750002 0.1615607234375 0.1478443703125 0.142825915625 0.12572225312500002 0.1318275765625