1331 0.44434813437500004 0.32410069375 0.44154106562499995 0.318335771875 0.43373332500000006 0.318608425 0.42599374687499997 0.32083301249999996 0.4211975640625 0.3327263921875 0.4242772859375 0.3462990546875 0.42742517187500007 0.3618236515625 0.4305048921875 0.37539631406249996 0.43838079687500003 0.37707559687500003 0.4487911171875 0.3767120609375 0.451257371875 0.37271730625 0.45899694999999996 0.37049271875 0.45865613437499997 0.3607330421875 0.46372496874999997 0.356647403125 0.46009994218749994 0.327459259375 0.44434813437500004 0.32410069375
1075 0.8428589656250001 0.4684839453125 0.8558718671875001 0.46802952500000006 0.86881660625 0.4656231703125 0.8792269265625 0.4652596328125 0.878749784375 0.4515960875 0.87834080625 0.43988447500000005 0.8779318281249999 0.42817286406250005 0.8674533453125 0.42658446562499996 0.8544404421875 0.4270388859375 0.8518378625 0.4271297703125 0.8389612859375 0.4314880609375 0.8400518953124999 0.462719025 0.8428589656250001 0.4684839453125
1716 0.2463661734375 0.624161703125 0.2419108078125 0.645814759375 0.562982465625 0.6619631078125 0.5746383515625 0.995744028125 0.605869315625 0.9946534187499999 0.6501131796874999 0.9931083890625001 0.7177244875000001 0.9145290453125 0.712283825 0.6841098062500001 0.73002474375 0.6698100703125001 0.6827817046875 0.5854699515624999 0.4113635609375 0.5734506109375 0.2463661734375 0.624161703125
1073 0.8722503093749999 0 0.8614239796875 0.030068965625 0.845114484375 0.085359340625 0.7347031187499999 0.13220993125 0.7456587453125 0.1474618765625 0.8551716062500001 0.14950055 0.89174405625 0.1521320421875 0.9355789437500001 0.1388754015625 0.9848916421875 0.1332447328125 0.9832557281250001 0.0863982890625 0.9438762078125 0.07800187343750001 0.9060086593750001 0.0382836125 0.881714334375 0 0.8722503093749999 0
103 0.404584403125 0.1554638234375 0.43581536718749997 0.154373215625 0.44753316875 0.116832025 0.40349379374999994 0.1242328609375 0.404584403125 0.1554638234375
1606 0.081151915625 0.7432814125 0.09969840937499999 0.826669321875 0.159285103125 0.816771246875 0.3745618546875 0.71349215625 0.2021780890625 0.701923090625 0.081151915625 0.7432814125
703 0.53069190625 0.8565679546875 0.5196805 0.7650996515624999 0.3948805890625 0.8476303812499999 0.40349390312500005 0.9450453734375 0.53069190625 0.8565679546875
44 0.2821993109375 1 0.2932870296875 0.9977517703125001 0.3334968875 0.9553069859375001 0.3226775890625 0.9439589109375 0.30281122968749996 0.9720130765624999 0.253907509375 0.9893553562499999 0.2496148984375 1 0.2821993109375 1
1809 0.12120681874999999 0.397923134375 0.1836687453125 0.395741915625 0.18060140625 0.30790483125 0.1159458765625 0.3218885453125 0.12120681874999999 0.397923134375
383 0.5936928906250001 0.49672817187499996 0.6495740109375 0.5299544390625 0.7250488390625 0.5273188 0.7579962625000001 0.50076215 0.7621789765625 0.471301353125 0.7458137015624999 0.45037537031249997 0.7218451734375 0.4355778453125 0.6025354609375 0.45147012656249996 0.5936928906250001 0.49672817187499996
1370 0.7618629296874999 0.31301283281250003 0.7411104484375 0.315691840625 0.7526795421875 0.348511203125 0.778705346875 0.3476023625 0.7799446640625 0.3084727734375 0.7618629296874999 0.31301283281250003