407 0.482539609375 0 0 0.033742456250000004 0 0.18062373437499998 0.21186072031249997 0.187306625 0.8241930203125 0.15231975625 0.9756343203125001 0.13409416093749998 0.9662575421874999 0 0.482539609375 0
1536 0.8202962859375 0.1525922421875 0.20796398593749998 0.1875791109375 0.2589474296875 0.524687615625 0.29401804062500003 0.5222352390625 0.34829983750000004 0.514523696875 0.413999353125 0.5020979624999999 0.48414057499999996 0.4971932109375 0.538694859375 0.49337840312500003 0.604939346875 0.4887461375 0.6441791796875 0.489918009375 0.7143204015625 0.4850132578125 0.7966968 0.487084515625 0.8202962859375 0.1525922421875
1939 1 0.48253961875 0.97589999375 0.137893478125 0.8241930203125 0.15231975625 0.8034003234375 0.4709526046875 0.81119379375 0.4704076328125 0.8770838671875 0.516705403125 0.9382597484374999 0.5515854546875001 0.9788620109374999 0.572241 1 0.5707628875 1 0.48253961875
1939 0 0.446336796875 0.016368571874999998 0.6395450984375 0.024162040625 0.639000125 0.14496081249999998 0.630553053125 0.16335454062500002 0.6136036828125 0.25505069375 0.5249601015625001 0.20796398593749998 0.1875791109375 0 0.1806579203125 0 0.446336796875
1690 1 0.5697613953125 0.97079605625 0.5688892375 0.90455156875 0.573521503125 0.89449628125 0.5977193703125 0.9139799546875 0.5963569390625 0.9256701578125 0.5955394796875 0.9451538312500001 0.5941770484375 0.9529472999999999 0.5936320765625 0.9807694140625 0.5995181421875 1 0.598173409375 1 0.5697613953125
1690 0.2476383421875 0.6429520828124999 0.230961459375 0.6284550906249999 0.18782489375 0.6275557046875 0.148857546875 0.630280565625 0.016368571874999998 0.6395450984375 0.02299016875 0.6782399578125 0.112342578125 0.6680760390625 0.2476383421875 0.6429520828124999
819 0.90455156875 0.573521503125 0.9549366312500001 0.5660824484375 0.8848773359375001 0.5161604296875 0.81119379375 0.4704076328125 0.8034003234375 0.4709526046875 0.7966968 0.487084515625 0.729634853125 0.48002657812500005 0.6631178796875 0.48076210937499997 0.6124603296875 0.4843044296875 0.5306289046875 0.490026640625 0.44490074375 0.49602133750000005 0.379201228125 0.5084470734375001 0.31350171250000003 0.5208728078125 0.2628441640625 0.524415128125 0.1563785296875 0.6258388593750001 0.2345857078125 0.62428586875 0.259328546875 0.642134625 0.8672191390625 0.5996267734375 0.8981205296875 0.5935501484375 0.90455156875 0.573521503125
1547 0.3270993203125 0.547332490625 0.2995496921875 0.5453431609375 0.3006396375 0.5609300984375001 0.273090009375 0.5589407671875 0.27390746718750003 0.570630971875 0.24608535312500002 0.56474490625 0.24355105 0.5845010640625 0.2118322 0.5788874859375001 0.2129221453125 0.5944744234375 0.1931659859375 0.5919401203125 0.20286685937499999 0.618672290625 0.23848244218749998 0.6240133828125 0.27101875 0.6413171656250001 0.8705709015625 0.59156081875 0.88534038125 0.5787806703125 0.9193210484375 0.5607413546875 0.92992130625 0.5443369578125 0.9065408984375001 0.545971875 0.905723440625 0.534281671875 0.87482205 0.540358296875 0.8737321046875 0.5247713578125001 0.842830715625 0.5308479828125 0.8420132562499999 0.5191577781250001 0.8113843515625 0.5291311375000001 0.8100219203125001 0.5096474640624999 0.7752237953125001 0.515996575 0.7741338515625 0.5004096375 0.7471291953125 0.506213775 0.6967441328125 0.51365283125 0.6541525375 0.5205469140625001 0.5764903328125001 0.5298933734375 0.4985556421875 0.5353430968749999 0.4164517296875 0.5371685734375 0.36914594218749996 0.5326449390625 0.33380284531250004 0.53120058125 0.3270993203125 0.547332490625
1547 1 0.598173409375 0.9807694140625 0.5995181421875 0.9526748140624999 0.5897353421875 0.89449628125 0.5977193703125 0.251535078125 0.642679596875 0.019093434375000003 0.6785124437500001 0.0379470015625 1 0.40546360468750003 1 1 0.9584259656249999 1 0.598173409375
1050 0.17463692343749998 0.32696216875 0.1704677015625 0.323337921875 0.16766091249999998 0.3391973453125 0.179351115625 0.33837988750000003 0.17463692343749998 0.32696216875
1050 0.1390213390625 0.3216210765625 0.1328627875 0.34554645625 0.144552990625 0.34472899687499997 0.1390213390625 0.3216210765625
1050 0.0969747171875 0.336308628125 0.0944404140625 0.3560647875 0.10585813125000001 0.35135059375 0.0969747171875 0.336308628125
1050 0.046589654687499996 0.343747684375 0.03961364375 0.3559828609375 0.040431103125 0.3676730640625 0.056018040625 0.36658311875 0.046589654687499996 0.343747684375
1050 0.9035987734375001 0.27990397968749997 0.892998515625 0.2963083765625 0.9046887187499999 0.29549091875 0.9035987734375001 0.27990397968749997
1050 0.9425661203125 0.2771791171875 0.93613508125 0.2972077625 0.9480977718749999 0.3002870390625 0.9425661203125 0.2771791171875
1050 0.323040546875 0.09730061250000001 0.32385800468750003 0.10899081562499999 0.3472384125 0.1073558984375 0.34252421875 0.09593818125 0.323040546875 0.09730061250000001
1050 0.3883856484375 0.13580491249999999 0.3889306203125 0.14359838125 0.40089331093749997 0.1466776578125 0.4000758515625 0.1349874546875 0.3883856484375 0.13580491249999999
1050 0.9236826421875 0.06313120312500001 0.9245001015625001 0.07482140625 0.95177724375 0.072914003125 0.9509597843750001 0.0612237984375 0.9236826421875 0.06313120312500001
1050 0.7552236703124999 0.1179846765625 0.7557686421875001 0.1257781453125 0.7716280671875 0.1285849359375 0.7708106078125 0.11689473125000001 0.7552236703124999 0.1179846765625