407 0.451855478125 0 0 0.0878318078125 0 0.2407401375 0.17590072968749998 0.2247527390625 0.779404971875 0.11540212187500001 0.9274963093749999 0.078856325 0.9121681921875 0 0.451855478125 0
1536 0.775570490625 0.11614746875 0.1720662484375 0.22549808593749998 0.26375286249999996 0.553880515625 0.29826319218749997 0.5471723875000001 0.35120058125 0.5329030390625 0.414896065625 0.5125631671875001 0.483916728125 0.499146909375 0.5375994640624999 0.48871204218750003 0.60278564375 0.47604113281249993 0.641875803125 0.4724221375 0.7108964656250001 0.45900587968749995 0.792911265625 0.4510225421875 0.775570490625 0.11614746875
1939 1 0.451855475 0.9282230234375 0.0825949453125 0.779404971875 0.11540212187500001 0.7975988375 0.43419392187500006 0.8052678 0.43270322656250004 0.8763090171875 0.47062592031249995 0.9412797125000001 0.4977905171875 0.984096609375 0.5133439281250001 1 0.510252621875 1 0.451855475
1939 0 0.5210866703125 0.03697975625 0.69744479375 0.04464871875 0.6959540984375 0.1635176359375 0.672848321875 0.1797086515625 0.6537836593749999 0.25991838125 0.5546258640625 0.1720662484375 0.22549808593749998 0 0.2408360015625 0 0.5210866703125
1690 1 0.5087487921875 0.9756823000000001 0.5110001421875 0.91049611875 0.5236710515625 0.9034647625 0.54891398125 0.9226371671875 0.5451872437499999 0.9341406109375001 0.5429512 0.9533130171875 0.5392244625 0.9609819796875 0.5377337671875 0.98931404375 0.5401852953125 1 0.5381081562500001 1 0.5087487921875
1690 0.26694088437499996 0.6726416890625 0.2486215703125 0.66028515625 0.20569692968750003 0.6646494984375 0.1673521171875 0.6721029749999999 0.03697975625 0.69744479375 0.0482677140625 0.7350442593750001 0.135715434375 0.71406678125 0.26694088437499996 0.6726416890625
819 0.91049611875 0.5236710515625 0.9595990265625 0.5101470515625001 0.8839779796875 0.46913522499999993 0.8052678 0.43270322656250004 0.7975988375 0.43419392187500006 0.792911265625 0.4510225421875 0.7254890421875 0.4521900078125 0.6595575140625 0.4610264375 0.609709259375 0.47071595625 0.5291851546874999 0.48636825625 0.44482656875000004 0.5027659046874999 0.38113108281249997 0.5231057765625 0.3174355984375 0.5434456484375 0.26758734375 0.55313516875 0.17427573125 0.6667777984375001 0.251710703125 0.6557053265625 0.27844432812500003 0.670405646875 0.8766233937499999 0.554131415625 0.9065538953125 0.544334153125 0.91049611875 0.5236710515625
1547 0.334156475 0.568050975 0.306569759375 0.5694339265624999 0.30955115 0.5847718515625 0.28196443437499996 0.586154803125 0.2842004765625 0.597658246875 0.2558684140625 0.59520671875 0.2557606703125 0.615124471875 0.22359412500000003 0.6134182906250001 0.226575515625 0.628756215625 0.20665776249999998 0.628648471875 0.2195441578125 0.6539991453125 0.25554518437499996 0.6549599796875001 0.289947771875 0.668169603125 0.8789671796875 0.5457171046875 0.8920690609375 0.531232271875 0.9235980015624999 0.5091862171875 0.9321200546874999 0.49161225000000003 0.9091131671875001 0.49608433593749995 0.906877125 0.4845808921875 0.876946621875 0.4943781546875 0.87396523125 0.47904022968750004 0.8440347296875 0.4888374921875 0.8417986875000001 0.4773340484375 0.8126135328125 0.49096579218749997 0.8088867953125 0.4717933859375 0.7751218109375 0.48233599531250004 0.772140421875 0.466998071875 0.7460443999999999 0.4760499859375 0.6969414921875 0.4895739859375 0.655507546875 0.5016072921875 0.579563271875 0.5203487250000001 0.502873646875 0.535255678125 0.4216041953125 0.5470734968750001 0.374099725 0.54834870625 0.33884404687499997 0.5512223546875 0.334156475 0.568050975
1547 1 0.5381081562500001 0.98931404375 0.5401852953125 0.9602366312499999 0.5338992859375 0.9034647625 0.54891398125 0.270775365625 0.6718963421875 0.0444332328125 0.73578960625 0.092716421875 1 0.5072004375 1 1 0.9042094687500001 1 0.5381081562500001
1050 0.1559741234375 0.3679037515625 0.15139429375 0.36481461875 0.150541203125 0.380897890625 0.162044646875 0.3786618484375 0.1559741234375 0.3679037515625
1050 0.11997309687499999 0.36694291875 0.11677622031249998 0.39144049999999997 0.1282796640625 0.3892044578125 0.11997309687499999 0.36694291875
1050 0.080029846875 0.3866451859375 0.0799221046875 0.4065629390625 0.0906802 0.40049241562500004 0.080029846875 0.3866451859375
1050 0.0309269390625 0.40016918593749995 0.025494020312499997 0.413163325 0.027730062500000003 0.42466676875 0.0430679875 0.421685378125 0.0309269390625 0.40016918593749995
1050 0.873767453125 0.23235822499999997 0.8652454 0.2499321921875 0.8767488437500001 0.24769614999999998 0.873767453125 0.23235822499999997
1050 0.9121122640625 0.22490474843750002 0.9081700406250001 0.24556784999999998 0.9204188312499999 0.24716628749999997 0.9121122640625 0.22490474843750002
1050 0.27528286562500004 0.1218682046875 0.2775189078125 0.1333716484375 0.3005257953125 0.1288995625 0.294455271875 0.1181414671875 0.27528286562500004 0.1218682046875
1050 0.3448333890625 0.1521219359375 0.3463240828125 0.1597908984375 0.358572875 0.1613893359375 0.35633683125000004 0.14988589218749998 0.3448333890625 0.1521219359375
1050 0.8672836625 0.01475363125 0.86951970625 0.026257075 0.8963610750000001 0.021039640625 0.89412503125 0.009536196875 0.8672836625 0.01475363125
1050 0.706765315625 0.0897282203125 0.7082560109375 0.09739718281250001 0.7243392828124999 0.09825027343750001 0.7221032390625 0.0867468296875 0.706765315625 0.0897282203125