300 0.7659487125 0.15689855625 0.7838225000000001 0.14447129375 0.7822521265625 0.12701454843749999 0.745541125 0.11703161875000001 0.705995275 0.125801759375 0.6967296171874999 0.1414299421875 0.7134906671875 0.160867315625 0.7138447203125 0.1507285671875 0.726756915625 0.1555299484375 0.7388092687500001 0.184954 0.7649877125 0.1844180125 0.7659487125 0.15689855625
1754 1 0.21670673749999997 0.792329471875 0.150568996875 0.734047565625 0.13403216093749998 0.708020859375 0.130222971875 0.526342128125 0.1514316265625 0.73673795625 0.3066950046875 0.7495514187500001 0.37675008125 0.7800845062499999 0.3763661609375 0.77344895625 0.3166779328125 1 0.27420306562499996 1 0.21670673749999997
1373 0.8679745234375 0.0444486734375 0.859771025 0.0296606140625 0.8442262984375001 0.0378187328125 0.82615019375 0.056039564062500005 0.798350796875 0.0405672015625 0.7935409421874999 0.053450665625000005 0.7821991203125 0.0661060296875 0.8101502546875 0.07723321718750001 0.8114677328125 0.10193192343749999 0.8245316656250001 0.1023881265625 0.85065953125 0.10330053125000001 0.845088565625 0.075552971875 0.858607709375 0.06297364062500001 0.8872163703125 0.0552717265625 0.8679745234375 0.0444486734375
2001 0.46623146562500006 0 0.463705578125 0.134742721875 0.5643681828125 0.12375635 0.5974326453125001 0.1133097171875 0.6258389906249999 0.1114013703125 0.669183115625 0.11871561562499999 0.6578870218749999 0.0052087640625 0.467468253125 0 0.46623146562500006 0
436 0.8851450562500001 0.17701272968749998 0.9013978921874999 0.1485771171875 0.9062583249999999 0.13424525781250002 0.8936496046875 0.12075352343750001 0.86757231875 0.118392725 0.8388625 0.1289914265625 0.8207863968750001 0.147212259375 0.8010893390625 0.1494247390625 0.8851450562500001 0.17701272968749998
436 1 0.15347053593749999 0.9949721609375001 0.1532949609375 0.96864198125 0.158176125 0.9508693515625 0.1677066015625 0.9371478921874999 0.1860795015625 0.910969446875 0.186615490625 1 0.21907579375 1 0.15347053593749999
423 1 0.301540878125 0.9809520796875001 0.3050720375 0.9551782687499999 0.29402088593750003 0.9336073640624999 0.287466978125 0.8390720937499999 0.310268590625 0.8152732874999999 0.3050870421875 0.8038303078125001 0.320639190625 0.8186669312499999 0.332758565625 0.826617534375 0.3547885890625 0.8417576312499999 0.35821761093750004 0.8714814546874999 0.381007971875 1 0.386899703125 1 0.301540878125
423 0.6643781125 0.256312903125 0.6205787765624999 0.262034190625 0.6144008624999999 0.25166734218750003 0.6107037453124999 0.23268617187500001 0.6001711875 0.22216725624999997 0.5718660015625 0.2211788171875 0.54330791875 0.227432340625 0.5125219359375001 0.2350582234375 0.48684928281250006 0.221110284375 0.465278378125 0.214556378125 0.4562150375 0.2243909890625 0.49252140625 0.2459610578125 0.517233059375 0.2874284546875 0.529487728125 0.3110589375 0.5265011421875 0.3341571828125 0.5329825296874999 0.335833678125 0.5398685484375 0.32592303125 0.567718525 0.3399470015625 0.544984303125 0.36670612187499996 0.5601749796875 0.36868675156249997 0.567212734375 0.35443092656249997 0.5786051359375 0.34032717031250004 0.6025050984375 0.342611934375 0.5995185125 0.36571018125 0.6124307078125 0.3705115609375 0.6177969328125 0.34169577812499996 0.6549631453125 0.33864317499999996 0.7000293796875 0.3590689859375 0.7147648453125 0.37408514843749996 0.7320822640625 0.37759020312499997 0.708789246875 0.357924728125 0.666001490625 0.3346781671875 0.6971415265625 0.3169135375 0.701749065625 0.309823640625 0.7280792453125 0.3049424765625 0.69197519375 0.2775788375 0.6643781125 0.256312903125
436 0.6410296640625 0.1133819984375 0.6127244796875 0.112393559375 0.588521040625 0.11879915156250001 0.5750524765625 0.1299300890625 0.5745466875 0.1444140140625 0.6730825484375 0.13190321562500001 0.6624994125 0.1228326921875 0.6410296640625 0.1133819984375
423 0.457530090625 0.18673278437500002 0.47211381875 0.2060941234375 0.480418475 0.21798539843750003 0.49960974062499997 0.23025684218750003 0.5191044828125 0.23383793125 0.53009225 0.23132131562499997 0.5565235890625 0.22354336406250003 0.5850816703125 0.21728984062499998 0.602550825 0.21644971875 0.5963729125 0.2060828703125 0.585587459375 0.2028059171875 0.5593584375 0.20479029531249998 0.557889221875 0.1844367671875 0.5517113078125 0.1740699203125 0.5386979546874999 0.1721653234375 0.5212287984375 0.173005446875 0.5037090656250001 0.1752939609375 0.4838602703125 0.18185161875 0.47520156093750004 0.1800990921875 0.460314359375 0.1694281078125 0.457530090625 0.18673278437500002
1250 1 0.0171556125 0.93876156875 0.015017118749999999 0.9359772968750001 0.0323217953125 1 0.036804525 1 0.0171556125
300 0.516315359375 0.126428784375 0.5337845156250001 0.1255886625 0.57763443125 0.1184189828125 0.5652786046875 0.097685284375 0.5588477953125001 0.0945603984375 0.557125684375 0.08144883281250001 0.5699873015625 0.08769860625 0.5853802921875 0.0838856640625 0.579101221875 0.0764156 0.5600111125 0.061247371875 0.5466942859375 0.06803313125 0.54411233125 0.0795442375 0.5354030421875 0.079240103125 0.535807675 0.0676529625 0.5162117765625001 0.06696865937499999 0.5136804015624999 0.077031371875 0.5009199421874999 0.06788481406249999 0.5011728375 0.06064285312499999 0.4880583265625 0.0616350421875 0.48765369375 0.07322218281250001 0.4723618625 0.0741383375 0.4639560453125 0.0651438484375 0.46734968906249996 0.0928153734375 0.4846165296875 0.097768821875 0.4968711984375 0.121399303125 0.516315359375 0.126428784375
1636 0.7906579406249999 0.1360090390625 0.796987590625 0.142030709375 0.8119759500000001 0.149804909375 0.81886196875 0.1398942640625 0.8301532109374999 0.1286872921875 0.8784589281249999 0.11877289375 0.876787396875 0.1042129359375 0.8508618484375001 0.0975069609375 0.81167005 0.09613835312499999 0.7897450921875 0.0997231921875 0.7906579406249999 0.1360090390625