1250 0.8021103015625 0.2156344515625 0.774000984375 0.3931097 0.9289383593749999 0.413694428125 0.9550227359375001 0.224033634375 0.8021103015625 0.2156344515625
1250 0.656686559375 0.25983560625 0.632663021875 0.386543734375 0.732364046875 0.4062897671875 0.7576097296875 0.27186532343750003 0.656686559375 0.25983560625
1250 0.4759642265625 0.2272570578125 0.4551877734375 0.358434415625 0.5516417125 0.37371121875 0.571196021875 0.2502501765625 0.4759642265625 0.2272570578125
1250 1 0.2904814609375 0.9844382296875 0.28801671875 0.9614092140625001 0.458386725 1 0.4644989046875 1 0.2904814609375
581 0.105976784375 0.6155652390624999 0.1638491484375 0.6247313203125 0.21828270156250001 0.6056681546875 0.25777476718750003 0.40626610625000004 0.2791622921875 0.271230590625 0.3013526125 0.156096934375 0.19779343124999998 0.1357398296875 0.1729670953125 0.2425460984375 0.1463075453125 0.3609268390625 0.1239254984375 0.4523004765625 0.105976784375 0.6155652390624999
1050 0.9008649390624999 0.516031465625 0.904531371875 0.4928825203125 0.9392547890625 0.4983821703125 0.9366546734375 0.414916571875 0.8787823109374999 0.405750490625 0.8401648375 0.4747779796875 0.8864627281249999 0.48211084531250004 0.878327065625 0.5085068765625 0.8657221734375 0.5381499921875 0.8622474656250001 0.5850589546875 0.88925456875 0.5893364609375 0.8878406999999999 0.5732927578125 0.9043037484375 0.5442607140625 0.9008649390624999 0.516031465625
1050 0.7725512171875 0.4522042078125 0.768117884375 0.3803130828125 0.7262892234375 0.36973313281250003 0.688282821875 0.4349024640625 0.7185370109375 0.44364919843750006 0.72258689375 0.4680202875 0.7091792046875 0.4777615453125 0.7057044953125 0.5246705078125 0.735958684375 0.5334172421875001 0.74451369375 0.4794030359375 0.7404638125 0.455031946875 0.7725512171875 0.4522042078125
1146 0.1445461234375 0.222224890625 0.1469904125 0.206792259375 0.1165444984375 0.17428550781250002 0.0710494046875 0.18685450312500002 0.07571035937500001 0.207367434375 0.0653221328125 0.2729561140625 0.09049602031250001 0.288808090625 0.105317578125 0.2951105375 0.1309108125 0.2833443390625 0.1445461234375 0.222224890625
1754 0.33971880312499997 0.61303691875 0.31970925 0.839254346875 0.3351418796875 0.8416986359375 0.37768930625 0.623005796875 0.62380859375 0.642212553125 0.5977242171875 0.831873346875 0.609298690625 0.8337065640624999 0.6593707078125 0.5924758531250001 0.4666904515625 0.5105440531250001 0.2096077625 0.4856459234375 0.18848375781249999 0.4941650359375 0.195169653125 0.5268635125000001 0.27779655625 0.579499746875 0.31393384375 0.6010430984374999 0.33971880312499997 0.61303691875
423 0.356074159375 0.80941950625 0.3708957171875 0.8157219515625 0.3802535234375 0.78160960625 0.44542285625 0.8196160078125001 0.45615863437500004 0.8766855734375 0.468344178125 0.8746606328125001 0.4704050171875 0.8117079671875 0.5615869296875 0.8103299953124999 0.556890078125 0.8649552734375 0.5717116359375 0.8712577203125 0.5998209546875 0.693782471875 0.6266722296875 0.5991617484375 0.64557956875 0.5546970734375 0.6248749109375 0.5355980109375 0.5702496328125 0.5309011578125 0.518871440625 0.5306735359375 0.481703734375 0.5406065171875001 0.45951341250000005 0.655740171875 0.422956778125 0.6618149953125 0.37807275625000003 0.6705258328125 0.356074159375 0.80941950625
410 0.364305278125 0.15815777343749998 0.3346621625 0.14555288125000002 0.3246932828125 0.1835233859375 0.3340151921875 0.22454925 0.3528866328125 0.2552227859375 0.384362965625 0.2562532046875 0.4018205375 0.2708830375 0.4499516453125 0.26664143125 0.47756982031249995 0.267060778125 0.493421796875 0.2418868921875 0.5021685328125 0.211632703125 0.4948715640625 0.182792384375 0.464617375 0.17404564843749998 0.43558533125 0.1575826 0.45005933750000005 0.0412268 0.46468917187500003 0.023769228125 0.4222494375 0.017047434375 0.43523777968750005 0.034924353125 0.4112142421875 0.16163248125000002 0.38420713906250004 0.1573549765625 0.364305278125 0.15815777343749998
436 0.1493751421875 0.7410871203125 0.16033854218750002 0.74677849375 0.17863480781250002 0.7061719765625 0.20827792500000003 0.71877686875 0.18043212656250002 0.769735715625 0.19788969843749998 0.7843655484375 0.22898258125 0.7378759328125 0.3272697375 0.7415782625 0.33727451406250003 0.6284695484375 0.29789014062499997 0.6024569671875 0.24773409218750003 0.5945130296875 0.24268968906250002 0.5264800625 0.23458992343750001 0.4777378828125 0.20108864999999998 0.46452191875000004 0.1714455328125 0.4519170265625 0.1716372578125 0.47567704375000003 0.1811508921875 0.5404629265625001 0.1660658140625 0.6606768828125 0.1493751421875 0.7410871203125
436 0.28558466718750003 0.43044547031249997 0.254108334375 0.4294150515625 0.23034831718749998 0.429606775 0.22668188437499998 0.452755721875 0.2333677796875 0.48545419843750004 0.35805096718749996 0.49729219062499996 0.361525675 0.45038322812500003 0.3395988734375 0.4390004796875 0.316449928125 0.435334046875 0.28558466718750003 0.43044547031249997
436 0.61475020625 0.47467028593749994 0.6273550984375 0.4450271703125 0.6035950796875 0.4452188953125 0.577810121875 0.433225075 0.5380064015625 0.43483066875 0.5193266859375 0.42791715 0.5038940546874999 0.42547286093750003 0.5124131671875001 0.446596865625 0.5040498828125 0.5243710890625 0.5414093140625 0.5381981265625 0.601725965625 0.531931578125 0.61475020625 0.47467028593749994
301 0.8015473640625 0.54380546875 0.8033805796875001 0.5322309953125 0.7493663734375 0.5236759859375 0.7507802421875 0.5397196890625 0.763768584375 0.5575966078125 0.7869175296875001 0.561263040625 0.8015473640625 0.54380546875
407 0.0729596578125 0 0.069096259375 0.0243925359375 0.643542390625 0.143060459375 1 0.134027396875 1 0.0729596578125 0.5393508546875 0 0.0729596578125 0
581 0.3669894265625 0.49079802031249997 0.40110177187499996 0.5001558265625 0.437155028125 0.27252452968749996 0.3876100515625 0.260722434375 0.3606029484375 0.2564449296875 0.34780633125 0.262328028125 0.3221413015625 0.42437064687500003 0.3479262609375 0.4363644671875 0.364964484375 0.478612475 0.3669894265625 0.49079802031249997
1636 0.6469934375 0.5707407765625 0.699174428125 0.590870259375 0.6792007718749999 0.7419494765625 0.6907752453125 0.7437826921874999 0.718465215625 0.5939256187499999 0.8415069109375001 0.641098103125 0.8455567921875 0.6654691921875 0.8229471234375 0.8082210234374999 0.8383797546875 0.8106653109374999 0.8719528234375 0.6736048546875 0.8878048015625 0.64843096875 0.9225282203124999 0.6539306171875 0.9316584046875 0.6711964640625 0.9255476828125 0.709778040625 0.9131345156249999 0.7631811734375 0.9141290375000001 0.8068430515625 0.9301727390625001 0.8054291828125001 0.931011434375 0.7501928328125 0.9574433625 0.683190284375 0.95583776875 0.6433865640625 0.9658066484375001 0.6054160609375 0.8994151718750001 0.5751259734375 0.7564716171875 0.5287562875 0.6472210609375 0.5193625828124999 0.6469934375 0.5707407765625
1250 0.8813824265625 0.4892160875 0.851739309375 0.47661119531249996 0.859874971875 0.45021516406249995 0.8667884906250001 0.43153544843749997 0.8546029453124999 0.433560390625 0.7928724234375 0.4237832359375 0.7832869953125 0.509273775 0.871413546875 0.5271865921875001 0.8813824265625 0.4892160875
1699 0.8326043484375001 0.5724540625000001 0.8504812671875 0.559465721875 0.8452092406249999 0.542810946875 0.8476535296875 0.5273783171875001 0.8295848859375001 0.516606640625 0.8182021374999999 0.5385334421875 0.8017390875 0.5675654859375 0.8326043484375001 0.5724540625000001
369 0.4742509390625 0.41286796875 0.4588183078125 0.41042368125 0.44109721718749995 0.5223102515625 0.4226092265625 0.53915675 0.43235048281250005 0.5525644390625 0.4632157421875 0.5574530156249999 0.45855478906249997 0.5369400843750001 0.4742509390625 0.41286796875
369 0.336315890625 0.5096694609375 0.3594648359375 0.51333589375 0.370655859375 0.467649075 0.37435818906249996 0.36936191875 0.367252946875 0.36428161718749996 0.359117284375 0.39067764843749997 0.34364875625 0.4633715703125 0.336315890625 0.5096694609375
369 0.3836442 0.48552599374999994 0.37489746562500004 0.5157801828124999 0.38341657812499996 0.5369041859375 0.401293496875 0.5239158453125 0.394188253125 0.5188355421875 0.414353634375 0.3915163421875 0.39506284687500004 0.38846098281249997 0.39403242656250004 0.4199373140625 0.388532778125 0.45466073281249997 0.3836442 0.48552599374999994
2001 0.4497958171875 0.167743203125 0.2047069484375 0.11706011406250001 0.14038854843749998 0.42326843125 0.40782356562500005 0.45771609375000005 0.4497958171875 0.167743203125
1950 0.736725584375 0.6284573124999999 0.7359227875000001 0.6085554531249999 0.7050575265625 0.6036668749999999 0.7147987828125 0.6170745640625 0.736725584375 0.6284573124999999