410 0.63733125625 0.3100743125 0.6219813296875001 0.3259696265625 0.5985473984375 0.3263786671875 0.5911451296875 0.3499489453125 0.5875803421875 0.36954539375 0.599501828125 0.3810578375 0.592031384375 0.4007224609375 0.603884696875 0.40832925 0.6232084515625 0.39627141718750003 0.66240135 0.40340099374999994 0.697347725 0.3910704671875 0.713174865625 0.40251473750000005 0.7287974859374999 0.40224204375 0.7323622734375 0.3826455953125 0.7358588875 0.35914349218749997 0.7393555015625 0.3356413875 0.7157852250000001 0.32823911875 0.69646146875 0.3402969515625 0.6844718109375 0.32487885156249996 0.6839945968750001 0.297539265625 0.6797480734375 0.2780791640625 0.6635800656249999 0.2471066171875 0.6669403328125 0.215793203125 0.6665312921875 0.19235927343749998 0.6470030171875 0.19270014062500002 0.64748023125 0.220039725 0.6482983124999999 0.26690758593749997 0.6369222156250001 0.28664038281250004 0.63733125625 0.3100743125
1146 0.7115871078125 0.535375184375 0.6959842546874999 0.312957365625 0.524067259375 0.3120513421875 0.5246808203125 0.3472022390625 0.525430728125 0.39016444375 0.5437802875 0.546117953125 0.7115871078125 0.535375184375
423 0.37095726875 0.7171289265625 0.39527745312499996 0.7674934015625 0.399728496875 0.7986704687499999 0.434674871875 0.7863399421875 0.5086096234374999 0.769422025 0.5076551953124999 0.7147428546875 0.502931459375 0.6679431671875 0.4791566609375 0.6488239328125001 0.467098828125 0.629500178125 0.43208427968749996 0.63792505 0.388985728125 0.630863646875 0.3485657078125 0.55343228125 0.333352128125 0.5771389046875 0.3541757 0.6510054843749999 0.37095726875 0.7171289265625
1506 0.9923654640624999 0.729723275 0.9015127953125001 0.6727064390625 0.37061640156250003 0.69760065 0.2868053671875 0.8201757734375 0.2968664015625 0.94892604375 0.9979072812500001 0.8233908234375 0.9923654640624999 0.729723275
423 0.8349803124999999 0.666054078125 0.8392950078125001 0.6894198359375 0.8359347406250001 0.7207332484375 0.8364801281249999 0.7519784890625 0.9259011546875 0.7269765703125 0.9284433406250001 0.6487952953125 0.9431115312499999 0.5938434296875 0.949900240625 0.5351222578125 0.9068016875 0.5280608546875001 0.8920653218749999 0.5791070656249999 0.8652029515624999 0.6069238640625 0.8460155421875 0.6267930078124999 0.8349803124999999 0.666054078125
423 0.5706228906249999 0.7409916640625 0.5717818390625 0.8073878015625 0.688678796875 0.7897199765625 0.688698565625 0.567029465625 0.5637857765625001 0.5731166703125 0.5657628078125 0.6863806671875 0.554114015625 0.6904908421875 0.5706228906249999 0.7409916640625
423 0.699714028125 0.75045890625 0.7238978671875 0.7930120703125 0.8330516875 0.7793862484375 0.8408827656250001 0.5565593890625 0.731592596875 0.5623739015625 0.7178106609375 0.6680992828125001 0.7025289078125 0.6879002515625 0.699714028125 0.75045890625
1373 0.29513342656249997 0.40199798906249995 0.3150707421875 0.4250910515625 0.33157961875 0.47559187343750003 0.32054438749999997 0.51485294375 0.30930463750000003 0.54239705 0.372135984375 0.56083455 0.406809665625 0.532881403125 0.382625828125 0.4903282390625 0.4094881984375 0.4625114390625 0.40092698125000004 0.4196855796875 0.4040145546875 0.372749546875 0.403264646875 0.329787340625 0.386960290625 0.291003484375 0.3515367015625 0.27599442500000004 0.3205641546875 0.2921624328125 0.30562327031250003 0.3314916765625 0.29458803906250003 0.3707527484375 0.29513342656249997 0.40199798906249995
1754 0.86554381875 0.626452140625 0.8103874328125 0.6000669828125 0.53329044375 0.6166242640624999 0.4863544109375 0.6135366906249999 0.4674396953125 0.649028453125 0.565081071875 0.6473241171875 0.86554381875 0.626452140625
1050 0.7409916640625 0.429377109375 0.7607244609375 0.44075320781249994 0.7882003921875 0.448087303125 0.807319628125 0.4243125046875 0.8029367578125 0.39704109375 0.7832721359375 0.38957065 0.7786165734375 0.34667661875 0.75511446875 0.3431800046875 0.755523509375 0.366613934375 0.7561370703125 0.40176482968749994 0.7409916640625 0.429377109375
1050 0.4318313546875 0.3996119171875 0.420318909375 0.411533403125 0.42853925937500004 0.4348309859375 0.46032988750000003 0.4655308390625 0.483354778125 0.44168786718749997 0.486646871875 0.40646879843750006 0.4785628671875 0.39098252499999997 0.4705470375 0.3794019078125 0.46609599375000005 0.34822484062500003 0.4308087515625 0.3410270921875 0.415458825 0.35692240625 0.4352597953125 0.3722041578125 0.4318313546875 0.3996119171875
407 0.5912330703124999 0.1311640875 0.4506294890625 0.1336183328125 0.35326080625 0.1509452890625 0.27918970625 0.1600518953125 0.2852769125 0.284964684375 0.922307728125 0.2972863390625 0.9843209953125 0.268855978125 0.9824121375000001 0.15949763749999998 0.7357423078124999 0.1286416703125 0.5912330703124999 0.1311640875
681 0.9813697687499999 0.3236033234375 0.9193565015624999 0.352033684375 0.943793265625 0.63289998125 0.9872326859375 0.6594896578125 0.9813697687499999 0.3236033234375
369 0.7420142671875001 0.4879619359375 0.74140070625 0.4528110390625 0.7218724296875 0.45315190625 0.7185121624999999 0.48446532031249995 0.74687435 0.5425729328125 0.7420142671875001 0.4879619359375
1373 0.5528384875000001 0.393592884375 0.52172959375 0.4019495828125 0.5024058390625 0.414007415625 0.518846540625 0.46060258281250005 0.5036329609375 0.48430920625 0.5117851390625 0.503701134375 0.55474734375 0.5029512265625 0.54234864375 0.464099196875 0.53412829375 0.44080161249999994 0.5528384875000001 0.393592884375
1373 0.726937034375 0.51947986875 0.71110989375 0.5080355984375 0.6952145796875 0.492685671875 0.66376481875 0.48151409375 0.6443728906249999 0.489666271875 0.63703879375 0.5171422046874999 0.613809384375 0.529268209375 0.5866061453125 0.5375567343750001 0.579135703125 0.55722135625 0.7158336296875001 0.5548352859375 0.727346075 0.5429138 0.726937034375 0.51947986875
340 0.493006771875 0.5470042078125 0.4777931921875 0.57071083125 0.762701490625 0.554017203125 0.75845496875 0.5345571015624999 0.493006771875 0.5470042078125
1950 0.071196025 0.5543669421875 0.0049362359375 0.5633372 0.005822490625 0.6141107156250001 0.06831297187499999 0.613019940625 0.071196025 0.5543669421875