410 0.4838879078125 0.11235537656250001 0.46545434375 0.12248990312500001 0.4765409765625 0.14867773281250002 0.4903464875 0.2611146015625 0.48347560781250004 0.3013140921875 0.496535165625 0.3115173359375 0.4983706578125 0.3585189890625 0.46055142812499994 0.3710337765625 0.4275614359375 0.3908267796875 0.451231571875 0.42334072031250003 0.4987092765625 0.4253823609375 0.5423098484375 0.42790005468750003 0.5908083734375 0.40620284375000004 0.6088346015625 0.36069806249999997 0.591421859375 0.3470937375 0.5604047921875 0.3509021546875 0.522109509375 0.359539809375 0.516396884375 0.313014209375 0.5256480234375001 0.29220038593750003 0.510684259375 0.2664886078125 0.490621353125 0.135142125 0.4838879078125 0.11235537656250001
1506 0.769352734375 0.7384830250000001 0.6686159828125 0.7193672609374999 0.5707355421875 0.723514296875 0.4699300734375 0.735891653125 0.3487181171875 0.7743881203125 0.30552488125 0.8072406796875 0.294708153125 0.8794093421875001 0.37599052187500004 0.9323984859375001 0.46944905937500003 0.9563434875000001 0.5968496937500001 0.9682497546875 0.682146628125 0.9577766078125001 0.7902303109375 0.9405700140625 0.8813773046875 0.9136362296874999 0.9240944875 0.8769065375 0.9315101359375 0.8090910609374999 0.8962085999999999 0.7780052765625001 0.83424318125 0.7541289921875001 0.769352734375 0.7384830250000001
1250 0.10038535625 0.4506768765625 0.11942744062499999 0.6057622140625 0.2735606734375 0.5789658609375 0.24866852968750003 0.4403411640625 0.10038535625 0.4506768765625
423 0.7178654250000001 0.5755747062500001 0.6907254921875 0.5789070703125 0.6601844765625 0.586592621875 0.6262423796875 0.5986313578125 0.63195500625 0.6451569578125 0.6303894171875 0.6965117968750001 0.6211382765625 0.7173256203125 0.6022286625 0.7235830140624999 0.568286565625 0.73562175 0.5743378109374999 0.8490107234375 0.58984634375 0.8471065140625 0.5913432171874999 0.8272447953125001 0.6078038546875 0.833094853125 0.6378001015625 0.8530252890625001 0.6571170515625 0.8821381484374999 0.6803798515625 0.879281834375 0.6641253640625 0.77895241875 0.737314846875 0.7660302953125 0.7613236015625 0.8654076078124999 0.7768321359375 0.8635033984374999 0.7486076265625 0.6977387671875 0.7598316921875 0.6609403578124999 0.7589483031250001 0.6216929718750001 0.749834596875 0.57952055625 0.7178654250000001 0.5755747062500001
1354 0.64446979375 0.6829761875 0.651203240625 0.7057629359375001 0.658888790625 0.7363039515625001 0.7204468734375 0.724809984375 0.737997046875 0.6754280703125 0.731739653125 0.6565184546875 0.6973215046875 0.6646800578125001 0.6585501703125 0.6694405796875 0.64446979375 0.6829761875
436 0.3200175578125 0.60474635625 0.3174998640625 0.6483469265624999 0.3372928671875 0.68133691875 0.3444336484375 0.7394939203125 0.3510296625 0.8252669078125001 0.370822665625 0.8582569 0.38680725 0.860229825 0.3907531 0.828260653125 0.47605003593750006 0.81778750625 0.48666061562499996 0.840098203125 0.5021691484375 0.83819399375 0.48979179375 0.737388525 0.4554423609375 0.714057009375 0.42442529375 0.7178654250000001 0.4113657375 0.70766218125 0.38864770625 0.6829025078125001 0.3659296734375 0.6581428359375 0.35872017500000003 0.631478953125 0.34035532968750004 0.6101203609375 0.3200175578125 0.60474635625
1754 0.38239031093750003 0.6639928937499999 0.4191887203125 0.6752169578125 0.45646318125 0.69031815625 0.49761477656249997 0.7049433015625 0.5234590234375001 0.8513222671875 0.5389675578124999 0.8494180578125 0.5315568734375 0.6929045656249999 0.5737292875 0.683790859375 0.6042703031250001 0.676105309375 0.6343352656250001 0.6645426249999999 0.6799087625 0.6510757328125 0.7414668453125 0.639581765625 0.73813448125 0.61244183125 0.6901807234375 0.60652305625 0.599102446875 0.601963721875 0.5176826453125 0.6119608171875 0.46340277656250006 0.6186255468749999 0.3993957171875 0.642226965625 0.38239031093750003 0.6639928937499999
2004 0.8096308671875001 0.265202846875 0.7669824000000001 0.2704394203125 0.6899157828125 0.283837596875 0.6511444484375 0.2885981171875 0.5623777171875 0.33491756875 0.5783623015625 0.33689049375 0.6108075265624999 0.344713478125 0.6000595140625 0.3853890203125 0.5641444921875001 0.41341234218749995 0.55101621875 0.4347022171875 0.5855668374999999 0.5878833453125 0.6088296375 0.5850270328125 0.6393706531250001 0.5773414812500001 0.6669866390625 0.5778862499999999 0.7004526828125 0.56197038125 0.6980724234375 0.5425847140625 0.755753371875 0.5315667984375 0.7891507 0.5471440484375 0.779286075 0.627066978125 0.7898279375 0.6808707921875 0.8959386968749999 0.6796487859375 0.83819895625 0.2735018828125 0.8096308671875001 0.265202846875
436 0.47938736249999997 0.620598471875 0.5099283781249999 0.6129129203125 0.5133981765625 0.577066615625 0.5032636484374999 0.558633053125 0.4761237140625 0.5619654187500001 0.43830448437499997 0.57448020625 0.43871182031249994 0.609850459375 0.4522474296875 0.6239308359375 0.47938736249999997 0.620598471875
1601 0.1002429609375 0.737992084375 0.1170422171875 0.810705515625 0.182477434375 0.7987354953125 0.22172482031250001 0.7978521078125 0.22709882656249997 0.7775143359375 0.33185014375 0.733167809375 0.3209696625 0.612500621875 0.289000490625 0.608554771875 0.10187726562499999 0.6551441265625 0.1002429609375 0.737992084375
407 0 0.24913816875 0.4383781640625 0.3186581171875 0.865545040625 0.17569015937500002 0.855140609375 0.058900104687499996 0 0.167674240625 0 0.24913816875
2001 0.6184930765625001 0.3752544921875 0.6335255578125001 0.36947315000000003 0.8143226718750001 0.3354673 0.8052089640625001 0.2932948859375 0.7582073125 0.295130378125 0.707804578125 0.30131905468750003 0.6733864296875 0.3094806578125 0.6360432515625 0.325872578125 0.6055022359375 0.3335581296875 0.6184930765625001 0.3752544921875
1050 0.1702375109375 0.6349437890625 0.163504065625 0.612157040625 0.1689467875 0.5603261500000001 0.1820750609375 0.5390362734374999 0.17146448125 0.516725578125 0.15500384375 0.5108755203124999 0.15554861250000002 0.483259534375 0.128408678125 0.4865918984375 0.12446282812500001 0.5185610703125 0.1113345546875 0.5398509453125 0.11902010625 0.5703919609375 0.1432350109375 0.5752899140625 0.14309757812499999 0.638276153125 0.1702375109375 0.6349437890625
1050 0.2781200078125 0.487887584375 0.2770991875 0.5116264375 0.2543124390625 0.5183598828125 0.25716875156249996 0.5416226843749999 0.281859709375 0.5503977718749999 0.2866202296875 0.58916910625 0.273968009375 0.6143361140625 0.3083861578125 0.6061745125 0.29832034687500003 0.5562478296875 0.308523590625 0.5431882734375 0.31246944062500004 0.5112191015625001 0.2984577796875 0.49326159062499997 0.29124828125 0.46659770937499995 0.27573974687499997 0.4685019171875 0.2781200078125 0.487887584375
1373 0.8132968875 0.583535121875 0.8181948421874999 0.5593202171875 0.823092796875 0.5351053125 0.8134343203125001 0.5205488828125 0.783845409375 0.5359887 0.7828245890625001 0.559727553125 0.7973123015625 0.581562196875 0.8132968875 0.583535121875
676 0.7207217390625 0.59883750625 0.7617359 0.676448890625 0.8653976812499999 0.6873343359375 0.8273822281250001 0.34567054375 0.684880396875 0.37103873906249996 0.7207217390625 0.59883750625
676 0.608760921875 0.6165201515625001 0.699907915625 0.5895863671875 0.67080001875 0.3845743484375 0.563668440625 0.40953520781249997 0.608760921875 0.6165201515625001
436 0.7179341421875 0.5440815859375 0.7038537640625 0.5576171953125 0.7057579734375 0.5731257296875001 0.709566390625 0.6041427968749999 0.7647983625 0.6052323328125 0.7779266359375 0.5839424578125 0.76928898125 0.5456471765625001 0.752352290625 0.535919984375 0.7179341421875 0.5440815859375
1050 0.47054852187499996 0.452453578125 0.471431909375 0.4917009640625 0.501972925 0.4840154140625 0.49864055937499996 0.4568754796875 0.492383165625 0.437965865625 0.46816826093749997 0.43306791093749997 0.47054852187499996 0.452453578125
681 0.35239406562500003 0.6440624578125 0.4251074953125 0.6272632015624999 0.3703565390625 0.405721828125 0.349542715625 0.3964706890625 0.31077138125000003 0.401231209375 0.35239406562500003 0.6440624578125
407 0 0.2189472890625 0.43504579843749996 0.291518184375 0.8694908890624999 0.1437209875 0.85221558125 0.06713042500000001 0 0.1755655234375 0 0.2189472890625
1950 0.883698775 0.515857078125 0.8977791515625 0.5023214703125001 0.8983239203125001 0.474705484375 0.8798903578124999 0.48484001093750007 0.883698775 0.515857078125
376 0.2285956984375 0.7576526171875 0.247981365625 0.75527235625 0.2702920625 0.744661778125 0.2998809734375 0.7292219609374999 0.2984528171875 0.7175905593749999 0.29607255625 0.6982048921875 0.2752587328125 0.6889537531250001 0.259274146875 0.686980828125 0.23356236875 0.70194459375 0.2180538359375 0.7038488015625 0.2155361421875 0.7474493734375 0.19757863125 0.761461034375 0.2285956984375 0.7576526171875
1917 0.175680234375 0.5831128984375 0.17806049531249998 0.602498565625 0.181392859375 0.6296384984375 0.20465565937500002 0.6267821859375 0.208601509375 0.5948130140625 0.195541953125 0.5846097703125 0.175680234375 0.5831128984375