1373 0.5772543828125001 0.2048294859375 0.53692460625 0.18807067500000002 0.51190928125 0.1663251859375 0.49931969218749994 0.21027921093750002 0.5187214375 0.26374355 0.4967034609375 0.284862140625 0.5066768203125 0.31549104375 0.5249886203125 0.3533684453125 0.5349619796875 0.3839973484375 0.5290759140625 0.41181946406250003 0.5418560625 0.42658894375 0.54321849375 0.446072615625 0.55572615625 0.45694536093749993 0.5874450046875 0.46255894062499997 0.5941485296875 0.44642702968750003 0.6055662468749999 0.4417128359375 0.6000345953124999 0.418604915625 0.6178833499999999 0.3938620765625 0.604830715625 0.3751958625 0.606820046875 0.34764623437500003 0.6321897859375001 0.3184616890625 0.637530878125 0.28284610468750004 0.602732753125 0.289195215625 0.6000078906249999 0.2502278703125 0.6042590390625 0.1990253484375 0.5772543828125001 0.2048294859375
423 0.22376818593749997 0.413589715625 0.168941415625 0.4135077890625 0.126349821875 0.42040187187500005 0.12073624218750001 0.4521207203125 0.1452065953125 0.46607274218750006 0.1795683796875 0.5654804375 0.2241760078125 0.6994137703125001 0.23134257812499998 0.7459021 0.1829735484375 0.894168571875 0.20744390156249998 0.90812059375 0.23959909218750003 0.8079773671874999 0.3286790140625 0.7939167140625 0.3642945984375 0.7992578078125 0.38151645312500004 0.8215482703125 0.39857445468749997 0.9534922734375 0.417785640625 0.9482331078125 0.4074311640625 0.8001571937499999 0.425007434375 0.7715176203125 0.5299467812499999 0.7602637578125 0.550165984375 0.8254182999999999 0.5662978953125 0.832121825 0.54877685 0.6375575828125 0.5162405421875 0.6202538 0.4572445515625 0.6165476234375 0.3737782078125 0.5988894265625 0.3492811515625 0.41656036093750004 0.22376818593749997 0.413589715625
423 0.92327300625 0.337265053125 0.900165084375 0.3427967046875 0.8573010046875 0.3457940546875 0.84634633125 0.41312848593749996 0.8333204015625 0.5628393171875 0.8166435171875 0.548342325 0.7735069515624999 0.5474429375 0.722576915625 0.547088525 0.673281796875 0.57011451875 0.6317801484375 0.5925955390625 0.6113970890625 0.6370945375 0.6212885203125 0.7225502109375 0.6189447765625 0.801029875 0.6311799515625001 0.8080058859375001 0.6484837359375 0.775469578125 0.644668928125 0.72091529375 0.7960966046875 0.7024948625 0.8411405734375 0.730671390625 0.8687988343749999 0.8462109968749999 0.8880100203125 0.84095183125 0.865965340625 0.693693375 0.9127261546875 0.690423540625 0.9410113140625 0.7589298453125 0.9680159703125 0.7531257078125 0.94054826875 0.69630960625 0.9147974140624999 0.6080471421875 0.9457540265625 0.378766703125 0.96052350625 0.36598655468749997 0.97030630625 0.33789195312500003 0.9497326890625001 0.323667446875 0.92327300625 0.337265053125
436 0.731433625 0.3937534453125 0.758983253125 0.3957427765625 0.8449839000000001 0.3936448140625 0.84697323125 0.3660951859375 0.86926369375 0.3488733296875 0.8834882015625001 0.3282997125 0.889646753125 0.30437433281250004 0.8540311703125001 0.2990332390625 0.7293356625 0.30775279843750003 0.7267194328125 0.382335728125 0.731433625 0.3937534453125
436 0.3518973828125 0.34197743125 0.270610928125 0.3554931109375 0.2204983515625 0.36682890156250003 0.2140673140625 0.386857546875 0.2224057546875 0.39410604375 0.23799269375 0.3930160984375 0.2468761078125 0.40805806406249995 0.293909409375 0.4086849640625 0.3328767546875 0.40596010156249995 0.350371096875 0.4321472984375 0.3553577765625 0.4474617515625 0.3742964765625 0.43830585 0.3518973828125 0.34197743125
1369 0.68241099375 0.4206761734375 0.6022144843749999 0.4497787921875 0.7394176531250001 0.451931978125 0.807651471875 0.41975008281250004 0.68241099375 0.4206761734375
1369 0.36334180312500003 0.5056402828125 0.44906996406250005 0.49964558593749997 0.5370599421875 0.4699979953125 0.35699269375 0.4708421578125 0.36334180312500003 0.5056402828125
1754 0.8452563874999999 0.3975415484375 0.817434271875 0.3916554828125 0.719743421875 0.394570903125 0.6381844828125 0.40418984843750005 0.5218274171874999 0.4201579046875 0.45975215 0.42841441874999997 0.3898834140625 0.43721590624999995 0.3520060140625 0.45552770625 0.354185903125 0.4867015828125 0.355548334375 0.50618525625 0.3744051078125 0.551856125 0.39380685312499997 0.6053204640625001 0.433319171875 0.610389071875 0.4923151625 0.6140952468750001 0.5359967015625 0.622788103125 0.5462425468750001 0.657313740625 0.54689615 0.7786574859375001 0.551528415625 0.8449019734375 0.5894058171875 0.8265901734375 0.5813131578124999 0.654861365625 0.6033311343750001 0.633742775 0.620907403125 0.6051032015625 0.6579673453125 0.5751011984375001 0.69974148125 0.5565169109375 0.73426711875 0.5462710656249999 0.745494278125 0.4828333671875 0.7627980609375 0.450297059375 0.8429945703125 0.42119444218749996 0.8452563874999999 0.3975415484375
1373 0 0.3990328828125 0.0027442609375 0.44470836875 0.028849531249999998 0.48204079687499995 0.033481796875 0.5482852859375 0.010918846875 0.56161040625 0.021082765625 0.650962815625 0.0912239875 0.6460580625000001 0.117411184375 0.628563721875 0.1008162296875 0.5592399578125 0.07244914218750001 0.5455604234375 0.0664544453125 0.4598322625 0.0979008078125 0.4615491078125 0.12109065625 0.40119068437500005 0.1261592640625 0.3616783671875 0.11981015312500001 0.3268802421875 0.12152699687499999 0.2954338796875 0.09959094843750001 0.2617257 0.097411059375 0.2305518234375 0.133926028125 0.19275635 0.1751551921875 0.16637859375 0.16074012499999998 0.12822870625 0.1198653765625 0.10367642656250001 0.15357355625 0.081740378125 0.220989915625 0.0378682796875 0.203391090625 0.019519965625 0.1183123859375 0.025469248437499998 0.0954769515625 0.0348976359375 0.08315984843749999 0.0827483953125 0.048634209375 0.092994240625 0.031139867187499996 0.06680704374999999 0.032584225 0.031463945312500005 0 0.0621583953125 0 0.3990328828125
2001 0.3947614625 0.33898008281249997 0.37549686875 0.0074851578125 0.2898582875 0.013473590625 0.32099599218749997 0.34805405624999997 0.3947614625 0.33898008281249997
1506 1 0.687046096875 0.9940126078124999 0.6769078609375 0.949241125 0.6526280671875 0.9208740375 0.6389485328125 0.8930519234375 0.6330624671875 0.8629679921875001 0.6508292953125 0.8281698671875001 0.65717840625 0.7346482375 0.663718075 0.6692212078125 0.6800405453125 0.591559003125 0.6893870046874999 0.480461103125 0.724566246875 0.415579046875 0.7486821859375 0.3293059140625 0.7468834125 0.1558602625 0.7864224359375 0.0681427703125 0.8199667609375 0.1912300640625 0.9562438390624999 0.3075052 0.995102553125 0.5418542468750001 0.9865468484375001 0.638455153125 0.9680444890625 0.7495530515625 0.932865246875 0.843156609375 0.8714988078125 1 0.7184837109375 1 0.687046096875
1950 0.12365166406250001 0.5498115718750001 0.14313533750000001 0.548449140625 0.1367862265625 0.513651015625 0.117302553125 0.5150134468750001 0.12365166406250001 0.5498115718750001
681 0.66083124375 0 0.702275784375 0.5367607515625 1 0.5689752046875001 1 0.48253961875 0.9662575421874999 0 0.66083124375 0
173 0.7108600078125 0.3795289375 0.724812028125 0.3550585859375 0.717645459375 0.30857025625 0.7719272578124999 0.300858715625 0.8262090546874999 0.2931471734375 0.8131564203125 0.274480959375 0.7992863265625 0.24412454218750002 0.7099339171875 0.254288459375 0.7108600078125 0.3795289375
1369 0.5265416109375 0.431575621875 0.490653540625 0.42233779531250004 0.440268478125 0.42977685 0.3829074046875 0.44945108125 0.465011315625 0.44762560625000003 0.5265416109375 0.431575621875