1050 0.517741190625 0.0897624234375 0.45430343906250004 0.15043647031250001 0.5064214781249999 0.1674567921875 0.5026414484374999 0.1826176625 0.4855905640625 0.18641806875 0.48561093906249997 0.218629825 0.4865865109375 0.263157240625 0.516908253125 0.2707173 0.5443644078125 0.24133037812499997 0.5566596921875 0.2081634265625 0.5481240609375 0.1939577515625 0.5547493015625 0.18353210625 0.60402213125 0.1958172015625 0.5774396671875001 0.10867275937500001 0.517741190625 0.0897624234375
1250 0.116840084375 0 0.0932979390625 0.0805568625 0.345352509375 0.15145279375 0.386222446875 0 0.116840084375 0
423 0.691594809375 1 0.6935863671875 0.9991599656249999 0.6973256453125 0.9195755812499999 0.730390715625 0.7708120843749999 0.7910138234375 0.753720446875 0.7777939078125 0.8228893734374999 0.7759752093750001 0.9432109546874999 0.8053519421875001 0.9545612328124999 0.8024659796875 0.88540249375 0.8099750984374999 0.7745513625 0.8506307937500001 0.6437837578125001 0.915917809375 0.5111057640625 0.9461784218749999 0.42203055312500004 0.9452232265625 0.40971489375000003 0.8978505999999999 0.405955240625 0.8391073203125 0.3993605640625 0.8107265328125 0.4647494609375 0.7605800125 0.568995728125 0.7350342484375 0.6230139718750001 0.6724905624999999 0.5993684109374999 0.5123869765625 0.6117859515624999 0.45285151093750003 0.850569665625 0.46233214843750003 0.8609851234375 0.47938303437499996 0.8571847171875 0.5285336078125 0.6761992765625 0.69154353125 0.7651522281250001 0.6660385203125 0.8835939843749999 0.6556841906249999 0.9897098906249999 0.6677046984375 1 0.691594809375 1
423 0.2838353359375 0.252864040625 0.1833894734375 0.2197684046875 0.17302495625 0.30977843437499997 0.17213088906250001 0.3940980421875 0.1608213640625 0.4878982890625 0.1324711421875 0.60160481875 0.1031555359375 0.6868898109375 0.0511088125 0.7826106359375 0.05964444375 0.7968163125000001 0.07480531406249999 0.8005963421875 0.10982152812499998 0.740887678125 0.1401025171875 0.684024225 0.16090286874999998 0.6167453140625 0.22914716249999997 0.665967203125 0.14877059374999999 0.9076063156249999 0.1705668921875 0.9170665781249999 0.19139780625 0.8981053015624999 0.22733865312499998 0.8023946640625 0.27178456406249996 0.6725720671875 0.3201021984375 0.6725415031249999 0.447049021875 0.66393455625 0.4007436578125 0.8496552218750001 0.4140145140625 0.8610156874999999 0.435800625 0.8543700703124999 0.4688656953125 0.7056065734375 0.49912630937499997 0.6165313640625001 0.349377053125 0.5228329984375 0.302004425 0.5190733453124999 0.3066988984375 0.45180462187500003 0.3198984375 0.350423940625 0.32269270781250003 0.274629775 0.2838353359375 0.252864040625
423 1 0.448774546875 0.9888463875 0.4769530515625 0.966135646875 0.5196006421875 0.9235491843749999 0.59352516875 0.9188241484375 0.6124762578125 0.8960828421875 0.6068062125 0.867661303125 0.6077715968749999 0.838345696875 0.6930565875 0.8809932874999999 0.7157673296875 0.852663440625 0.8616856171875 0.8470035843750001 0.9005328015625 0.8631196515624999 0.9166284906250001 0.8830157468750001 0.9175633109374999 0.895249903125 0.787761090625 0.9065798031250001 0.7261726000000001 0.9492070171875 0.7166715859375 0.9350319062500001 0.77352485 0.9357712265625 0.8189998218750001 1 0.5613922812500001 1 0.448774546875
436 0.6628265390625 0.299047146875 0.65054144375 0.3483199765625 0.6486718046875 0.38811216718749997 0.7292011953124999 0.388061228125 0.7405209078125 0.310366859375 0.6628265390625 0.299047146875
436 0.5993378468749999 0.27919180312499997 0.5045824046875 0.2555666171875 0.4970325328125 0.3019942375 0.4932626921875 0.33326098593750003 0.4904378578125 0.36073751718749997 0.584238103125 0.3720470421875 0.5879977578125 0.324674415625 0.5993378468749999 0.27919180312499997
436 0.4344684703125 0.24613692031249998 0.3236071515625 0.2225219234375 0.31131186718750004 0.25568887500000004 0.31040761093749997 0.3239026046875 0.3075827765625 0.3513791359375 0.35684541875 0.34755835468749996 0.4203239234375 0.35130781875 0.4316640125 0.3058252078125 0.4344684703125 0.24613692031249998
1754 1 0.482505125 0.9727303218750001 0.4608573625 0.794579903125 0.4003361359375 0.7661583640625 0.40130151875 0.6098246203125 0.3824523109375 0.3805317328125 0.34943818125 0.119982284375 0.3287600859375 0.11810245781249999 0.3524464 0.3199697546875 0.4631650875 0.493405325 0.5587432796875 0.5161466296875 0.5644133250000001 0.7605698249999999 0.55288985 0.89509708125 0.54617291875 0.9367792890625 0.540462121875 1 0.49688760312499997 1 0.482505125
1250 0.5650832546875 0.0452044421875 0.5490079406249999 0.093532265625 0.571749246875 0.09920230937499999 0.5859752984375 0.12287843437499998 0.593565921875 0.140874328125 0.61720129375 0.06222476406250001 0.5650832546875 0.0452044421875
581 1 0.10935718593749999 0.799101178125 0.059267484375 0.7291400671875 0.29142595937500004 0.7452663203125 0.3236275265625 0.7339160437500001 0.35300426093750004 0.7405718484375 0.39089625 0.78320925 0.3975011140625 0.82015623125 0.3946355265625 0.8713190765625001 0.3993401875 0.93006235625 0.4059348640625 0.974569396875 0.3727475359375 1 0.3766869328125 1 0.10935718593749999
340 0 0.52115919375 0.1485260796875 0.521065240625 0.1645810171875 0.44052566249999997 0.169275490625 0.3732569390625 0.1427439671875 0.36664188750000004 0.1190372765625 0.3325503046875 0.1190270890625 0.3164444265625 0.1654547078125 0.323994296875 0.1767642328125 0.23019405 0.21750143125000002 0.228273471875 0.310356671875 0.2433732140625 0.306556265625 0.22632232812500003 0.2373873390625 0.2131024125 0.0725179640625 0.18004752968749999 0 0.47090120156250004 0 0.52115919375
369 0.43815680781250005 0.08602314531250001 0.4107312171875 0.163727703125 0.3946660921875 0.22816140312500002 0.40982696250000006 0.23194143281250001 0.42495726874999995 0.187403828125 0.4447922359375 0.091703378125 0.43815680781250005 0.08602314531250001
369 0.3983646171875 0.0841535078125 0.37567425 0.159012853125 0.36339934218750003 0.2243915609375 0.3747699953125 0.227226584375 0.39273532499999997 0.17131832656249998 0.4097352703125 0.08698852968750001 0.3983646171875 0.0841535078125
1373 0.1142020625 0 0.0905240453125 0.18856278437500001 0.11322460000000001 0.1298093171875 0.1435259640625 0.1051576203125 0.194678621875 0.09375640156250001 0.23637101562499999 0.10415148437499999 0.186142990625 0.0795507265625 0.1321451234375 0.08621671875 0.20223868125000002 0.0634346609375 0.1264343265625 0.0445345125 0.1625194125 0 0.1142020625 0
676 0.6192237546875 0.26402074375 0.74429075 0.2791001109375 0.7953211484375 0.07442835625000001 0.6692887703125 0.030927451562500003 0.6192237546875 0.26402074375