1050 0.520803803125 0.203442909375 0.524095896875 0.23866197812499998 0.5430106109375 0.274153740625 0.5742558515625 0.274699128125 0.586722725 0.23194144374999998 0.5950794234375001 0.20083255000000003 0.57959315 0.192748546875 0.57986584375 0.17712592656249998 0.6346131875000001 0.1741747 0.5890406234375 0.099149171875 0.52648196875 0.10196405156249999 0.4782506390625 0.1792590703125 0.5290241546875001 0.18014532656249999 0.5327252890625 0.1919304640625 0.520803803125 0.203442909375
1250 1 0.137796796875 0.9970893125 0.0086005625 0.7392349609375 0.0040996984374999995 0.7395886609375 0.20335496874999998 1 0.2001286734375 1 0.137796796875
423 0.10809079218749999 0.7939862671875 0.08740356875000001 0.8600415359375001 0.11871698281250001 0.8566812687500001 0.148101771875 0.73998883125 0.1532345484375 0.6697552124999999 0.2073683328125 0.70195488125 0.2008039125 0.8542072562499999 0.183817821875 0.9320476624999999 0.199235921875 0.944037321875 0.2228743734375 0.9327293984375 0.2403376765625 0.8275494046875 0.246356709375 0.706542271875 0.4268349234375 0.662810390625 0.427468253125 0.85035000625 0.44295452500000004 0.8584340109375 0.45480783750000003 0.8508272203124999 0.45910276562499996 0.6047709515624999 0.30766847343750003 0.551338671875 0.241135990625 0.5579910328125 0.230441628125 0.49920168593750003 0.208984728125 0.3855286484375 0.198494884375 0.31502233749999997 0.14004640625 0.306188425 0.0933148921875 0.2975590328125 0.0892047171875 0.309207825 0.0953798640625 0.40307989375000003 0.1241026859375 0.54813451875 0.12952792500000002 0.6849687921875 0.10809079218749999 0.7939862671875
423 0.6395809796874999 0.5610390703125 0.470683384375 0.6127867828125 0.47685853125 0.7066588515625 0.47029411093749995 0.858911225 0.489617865625 0.8709690578125 0.5053768328125 0.863430440625 0.5087173328125 0.67205334375 0.6291109046875001 0.7132232703125 0.6757742453125 0.7257583171875 0.6851051390625 0.862660765625 0.6950495937500001 0.9644123171875 0.7102631734375 0.9881189406249999 0.733765278125 0.9846223265624999 0.718668278125 0.73041388125 0.7973267671875 0.700532109375 0.8000052984374999 0.7709020734375 0.81453714375 0.8336652484375 0.8329064703125001 0.9004022515625 0.848529090625 0.9006749453125 0.8604505765624999 0.8891625015625 0.8349516749999999 0.7832326000000001 0.8287083531249999 0.6932661875 0.8307535578125 0.5760965359375 0.8441066859375 0.482565334375 0.8650666046875 0.40088744531250003 0.878351559375 0.3112619 0.772762525 0.3172325265625 0.7295958 0.3281995828125 0.7126778828125 0.4021343359375 0.6991884078124999 0.503476846875 0.68631249375 0.5696684624999999 0.6395809796874999 0.5610390703125
423 0 0.6831323078125 0.00899800625 0.651610175 0.0100206078125 0.5930253484375 0.048736290625 0.6132353593750001 0.0437398609375 0.675657665625 0.0219618609375 0.8042034156250001 0.0414219625 0.8084499375 0.0611547578125 0.797073840625 0.06574214843750001 0.7580854625 0.07614404999999999 0.6098069171875 0.12321643125 0.5989080343750001 0.1169731109375 0.5089416203125 0.08976987187499999 0.500653096875 0.0663359421875 0.50024405625 0.066676809375 0.4807157796875 0.044674521875 0.3982879828125 0.0337756375 0.351215603125 0.0269869296875 0.2924944296875 0.0036211718750000003 0.288179734375 0 0.4956365515625 0 0.6831323078125
436 0.394732065625 0.2637518390625 0.3167553125 0.25457705937499997 0.3075805328125 0.3325538140625 0.385352765625 0.353445559375 0.3938458109375 0.3145253546875 0.394732065625 0.2637518390625
436 0.554114015625 0.3095091578125 0.5588377515625 0.2627094703125 0.461196375 0.2610051328125 0.46037829375 0.30787299375 0.45174890312500005 0.3546045078125 0.545280103125 0.36795763593749997 0.5496629734375 0.3406862234375 0.554114015625 0.3095091578125
436 0.72870954375 0.3789730984375 0.7454911140625 0.31284965625 0.7421990187499999 0.27763058749999997 0.6290031968750001 0.2717479015625 0.6162636296875 0.33012820781249996 0.615445546875 0.37699606874999997 0.6777315078124999 0.389803809375 0.724326675 0.4062445109375 0.72870954375 0.3789730984375
1754 0.90707438125 0.456316525 0.9113890765624999 0.4329507671875 0.6543657515625 0.3854891125 0.42434114375 0.3580329484375 0.2684558078125 0.335777734375 0.2412525703125 0.3274892109375 0.05350843281249999 0.3398395046875 0.010205360937500001 0.358617871875 0.0676312375 0.426036609375 0.10641509375 0.44234096406249995 0.23461997656250003 0.48364723906249996 0.46773215781250005 0.5580394375 0.4911660875 0.5584484796875 0.683429440625 0.5110154625 0.90707438125 0.456316525
1250 0.55786355625 0.094698128125 0.5548441562499999 0.0438564390625 0.5000968109375 0.046807665625 0.5025708234375 0.1288945953125 0.5145604828125 0.1134764953125 0.534429625 0.09428908750000001 0.55786355625 0.094698128125
581 0.008651368750000001 0 0.0042432546875 0.25254063125 0.031642492187499996 0.24960039687500002 0.07453652499999999 0.2542559609375 0.10893751250000001 0.2978317265625 0.16738599062499998 0.3066656390625 0.218023159375 0.3153632046875 0.25296953437499997 0.32769373125 0.2958635671875 0.33234929375 0.3120997484375 0.2974710921875 0.30873948125 0.266157678125 0.3326506265625 0.239227134375 0.3252570890625 0 0.008651368750000001 0
340 0.8432006640624999 0.3106483390625 0.8820526937500001 0.32304703749999997 0.868699565625 0.4165782390625 0.915499253125 0.421301975 0.9113209031249999 0.43685642187499996 0.8795984484374999 0.46365062031250004 0.8522588640625001 0.46317340625 0.8393829500000001 0.529365021875 0.8340456515625 0.6113156046875 0.98959011875 0.6530990937500001 0.99572573125 0.30159013749999997 0.8279189109375 0.29084736875 0.7576852921875 0.2857145921875 0.7496012890625 0.301200865625 0.8432006640624999 0.3106483390625
369 0.673260696875 0.1982903640625 0.6668810296875 0.1161352609375 0.659001546875 0.11990456875 0.6533915546875 0.217477771875 0.656479128125 0.26441380625 0.6721017484375 0.2646865 0.673260696875 0.1982903640625
369 0.7083434203125 0.20280958125 0.705801234375 0.12462830625000001 0.69408426875 0.1244237859375 0.688678796875 0.21028002343750002 0.69156185 0.268933021875 0.7032788156249999 0.26913754375 0.7083434203125 0.20280958125
1373 1 0.10643046406250001 0.9876901328125 0.0904802453125 0.952402890625 0.09767799375 0.9787198734375 0.156740034375 0.9006067718749999 0.1553765640625 0.96241551875 0.195523890625 0.9119828703125 0.175109359375 0.8570991796874999 0.185871896875 0.9000613843749999 0.1866218046875 0.9465202046875 0.21087381718749998 0.969408746875 0.2425280984375 0.9761292828125001 0.3051549265625 1 0.131856709375 1 0.10643046406250001
676 0.45788451406249997 0.003095553125 0.32488772187500004 0.0124946203125 0.32120635468750003 0.22339999375000003 0.445914621875 0.2412041640625 0.45788451406249997 0.003095553125