1915 1 0.574938571875 0.9403001124999999 0.111413196875 0.6794426359375 0.1985406609375 0.7189549625 0.520342734375 0.67385751875 0.537686759375 0.7043935703125 0.754330178125 1 0.7652618578125 1 0.574938571875
1146 0.8474500968750001 0.252688059375 0.80582245 0.23418577968749998 0.7844638578125 0.2525506265625 0.7577312593750001 0.29125324375 0.7782015015625 0.45796997968750003 0.8945155031249999 0.44368841718749996 0.8764942390625 0.264864228125 0.8474500968750001 0.252688059375
208 0.5743427734375001 0.6246817546875 0.5486997125 0.6081524 0.5128534078125 0.6046826015625 0.45517245781250004 0.6157005171875001 0.392662271875 0.6194402171875 0.33253234531250003 0.6425655859375 0.2534928046875 0.671948346875 0.1308526921875 0.698813415625 0.047459965625 0.7247950953125 0.10214716875 0.75350061875 0.1291496703125 0.8131544921874999 0.5374756484375001 0.6449508093749999 0.5743427734375001 0.6246817546875
228 0.45734160625 0.9538945109375 0.46659274687499996 0.9330806875000001 0.489855546875 0.9302243750000001 0.4956368890625 0.94525685625 0.502370334375 0.9680436046875001 0.5285581640625 0.9569569734375 0.5184236375 0.9385234109375 0.506860953125 0.908458446875 0.5728409375 0.8688724421874999 0.60433405625 0.8689411578125 0.6290250140625 0.8777162453124999 0.633446915625 0.8496242078125 0.622905053125 0.7958203921875 0.6074652359375 0.76623148125 0.6385510187500001 0.7309299453125 0.5882170015625 0.705625503125 0.5392424234375001 0.72344558125 0.3956510546875 0.8040457484375001 0.44306004374999997 0.837580509375 0.446254975 0.9277066812499999 0.4374798875 0.9523976390625 0.45734160625 0.9538945109375
2001 0 0.49282454218750005 0.00998431875 0.5798442859375 0.30804753749999997 0.5393111390625001 0.2642507421875 0.1826148671875 0 0.10448572812500001 0 0.49282454218750005
2001 0.27588214375 0.181186709375 0.3196789390625 0.5378829828125 0.5019042078125 0.515508534375 0.456610540625 0.1786739796875 0.27588214375 0.181186709375
410 0.33458391249999997 0.1464299421875 0.3210483046875 0.132349565625 0.3055397703125 0.1342537734375 0.2905072890625 0.14003511562499998 0.29628863125 0.155067596875 0.31615034999999997 0.1565644703125 0.33458391249999997 0.1464299421875
208 0.3720428546875 1 0.693238221875 0.75963546875 0.6795014265625 0.6157054796875 0.6266497156249999 0.634001609375 0.59468054375 0.630055759375 0.5777438546875 0.62032856875 0.5603311125 0.60672424375 0.5046230890625 0.6017575734375 0.412523990625 0.620937090625 0.35919622812499996 0.6353560875 0.32525413125 0.6473948234375 0.256417834375 0.663718028125 0.1424840921875 0.6973852593750001 0.0877281734375 0.7001728546875 0.14581645781250002 0.7245251921875 0.1680584375 0.7454077328125 0.19512965468750001 0.7735684875 0.1747231671875 0.7996876 0.1586698640625 0.82920779375 0.1586011484375 0.8607009140624999 0.1881213421875 0.876754215625 0.185127596875 0.9164776546875 0.1541105296875 0.9202860718749999 0.11588396406249998 0.89743060625 0.0795616078125 0.890083675 0.040811384374999995 0.8629633640625001 0.057637368749999994 1 0.3720428546875 1
1373 0.10915051875 0.8746438578125 0.1396228171875 0.8984514265625 0.173496196875 0.9179058109374999 0.170639884375 0.8946430109374999 0.1639064375 0.8718562625 0.1600980203125 0.8408391953125 0.1562896046875 0.809822128125 0.18880354375 0.786151990625 0.1738397796875 0.7604402140625 0.1515978 0.7395576734375 0.1337090046875 0.722076215625 0.0930334625 0.711328203125 0.0940542828125 0.68758935 0.11731708437499999 0.6847330375 0.11881395624999999 0.66487131875 0.095075103125 0.6638504984375 0.0999730578125 0.63963559375 0.082560315625 0.62603126875 0.04378898125 0.6307917890625 0.0127719140625 0.63460020625 0.04861325625 0.8623989734374999 0.0796303234375 0.85859055625 0.10915051875 0.8746438578125
1606 0.8367658375 0.4861994515625 0.81404780625 0.46143977812500003 0.7994913765625 0.471098253125 0.8018716375 0.49048392031250004 0.7252810734375 0.5077592296875 0.6627021703125 0.54299205 0.90838973125 0.524632165625 0.915260609375 0.484432675 0.8367658375 0.4861994515625
351 0.9277704359375001 0.746580875 0.8972343828125 0.52993745625 0.67188459375 0.5536713453125001 0.6874568812499999 0.7446029859375 0.7155489187499999 0.7490248890625 0.9277704359375001 0.746580875
706 1 0.5335242328125 0.9985159031249999 0.521437234375 0.9204971828125 0.52708114375 0.9428029171875 0.7407995328125 1 0.7445828156250001 1 0.5335242328125
1564 0.588904165625 0.390694309375 0.6236609328125 0.4493960796875 0.6342715125 0.471706775 0.6473997859375 0.4504169 0.645019525 0.4310312328125 0.6475372187499999 0.3874306609375 0.66597078125 0.377296134375 0.6684197578125 0.36518868125 0.64325275 0.3525364609375 0.55890791875 0.3707638734375 0.5627163359375 0.40178094062499997 0.588904165625 0.390694309375
351 0.7058217265625 0.765961578125 0.7242552890625 0.7558270515625 0.9049836875 0.7533143203125 0.9068878953124999 0.7688228546875 0.9320549046875 0.781475075 0.9451831765625001 0.7601852 0.9098178875 0.536263565625 0.678210703125 0.541087840625 0.6728366968749999 0.5614256125 0.69425904375 0.735896615625 0.7058217265625 0.765961578125
351 1 0.5609428515625 0.9960669265625001 0.5335446859374999 0.9175721546875 0.5353114625 0.94042265625 0.721413865625 0.955386421875 0.7471256421875 1 0.74464235 1 0.5609428515625
1608 0.8261552578125 0.4638887546875 0.8014643015624999 0.45511366718749996 0.7864318203125 0.460895009375 0.799422659375 0.5025913734375 0.7839141265625 0.5044955812499999 0.78486623125 0.5122498484375 0.8590078171875 0.5070819906249999 0.848873290625 0.488648428125 0.843568 0.4774930796875 0.8261552578125 0.4638887546875
1342 0.95709936875 0.184126628125 0.93383656875 0.186982940625 0.9356720609375 0.23398459374999997 0.9589348609374999 0.23112828125 0.95709936875 0.184126628125
369 0.35341488593750003 0.62032360625 0.3457293359375 0.5897825906249999 0.340016709375 0.5432569890625001 0.30124537500000004 0.5480175109375 0.3147122671875 0.5935910078125 0.3146435515625 0.6250841265625 0.35341488593750003 0.62032360625
369 0.2905660796875 0.557199934375 0.244040478125 0.5629125593750001 0.26321999687500003 0.65501165625 0.30199133125 0.6502511359375001 0.2905660796875 0.557199934375
201 0.5128534078125 0.6046826015625 0.5288379937500001 0.6066555265625 0.5463194515625001 0.5887667328124999 0.5593790078125 0.5989699765625 0.5656364015625 0.6178795906250001 0.586926278125 0.6310078640625 0.605359840625 0.6208733375000001 0.5995784984375 0.6058408546875 0.5836626296875 0.5723748109375 0.547340271875 0.5650278796875 0.522104546875 0.583868778125 0.5128534078125 0.6046826015625
1606 0.790647571875 0.5272823296875 0.8337720921875 0.5259228890625 0.8638370546875 0.51436020625 0.8856716984374999 0.49987249218749996 0.8270386453125 0.503136140625 0.7688816453125 0.5102769234375 0.7499720296875 0.5165343171875 0.7310624156250001 0.5227917109375 0.7363677046875 0.533947059375 0.7596305046875 0.531090746875 0.790647571875 0.5272823296875
544 1 0.512123465625 0.9932793296875 0.47878876718749996 0.7364364218749999 0.5024539406249999 0.7165059859375 0.5324501859375 0.6854889187500001 0.5362586031250001 0.6864410234375 0.5440128703125 1 0.5288769234374999 1 0.512123465625
407 0.501471459375 0 0.38526151249999996 0.0142687875 0.5289853515625 0.09501135000000001 0.752467271875 0 0.501471459375 0
819 1 0.78094195 0.6869121125000001 0.772218971875 0.3678472859375 1 0.43442299687499997 1 1 0.9305558765624999 1 0.78094195