1250 0.0162955515625 0.262888934375 0.083077896875 0.552155046875 0.2552326 0.516419003125 0.2010435390625 0.2643355046875 0.0162955515625 0.262888934375
581 0.5201810671875 0.2748458109375 0.5869634109375 0.5641119234375 0.613897615625 0.5418576703125 0.545061671875 0.2089666640625 0.4273628203125 0.22010358281250003 0.5146468828125 0.580807509375 0.548023365625 0.569092940625 0.48036230625 0.2760206953125 0.5201810671875 0.2748458109375
300 0.4191973875 0.5667627578125 0.4083664296875 0.589308284375 0.4145174359375 0.615951215625 0.44203908125 0.6136063421875 0.459899759375 0.62150988125 0.47337175781249996 0.6624986296875 0.47659534531250003 0.693826409375 0.507044409375 0.6867966890625 0.499135975 0.6525414921875 0.486542690625 0.6153588765625 0.5096707625 0.5939833390625 0.5207929921875001 0.555334565625 0.5076171625 0.5503584453125 0.48712034062500004 0.53103650625 0.457549990625 0.5418723609375 0.4191973875 0.5667627578125
300 0.6876705078125 0.44464584843750005 0.6862092468750001 0.47304620937499997 0.6988025312499999 0.510228825 0.72251804375 0.5087626671875001 0.7491609765625 0.5026116625 0.7643904046875 0.5512126765625001 0.7845910578125 0.5345219875 0.776682621875 0.500266790625 0.790149725 0.4891396640625 0.808301675 0.48093995625 0.814447784375 0.45546701250000005 0.7959996640625 0.4276540921875 0.7716967078125 0.40921086874999996 0.7289505296875001 0.41507060156250003 0.6876705078125 0.44464584843750005
423 0.589604453125 0.627646196875 0.5796620046875 0.75822960625 0.564437471875 0.7617444671875 0.4830474171875 0.80859784375 0.48158615625 0.83699820625 0.50648145 0.9274666843749999 0.5178998499999999 0.9248305390624999 0.49856811875 0.8410956109375001 0.5916727421875 0.8276187171875 0.6279864359375 0.91545105 0.64028355 0.9166210375 0.6098246921875 0.8194190078125001 0.645249878125 0.7992134578125001 0.679806140625 0.8794335249999999 0.6959093890625 0.8797247984375 0.6499298296875 0.7500250015625001 0.6449390187499999 0.60685320625 0.589604453125 0.627646196875
423 0.75560815 0.565267221875 0.7488843921874999 0.6750625343750001 0.691792396875 0.6882432609375 0.6733491734375 0.712546215625 0.678330190625 0.7514862625000001 0.684777365625 0.814141821875 0.6991231828125 0.806820828125 0.6967783109375 0.7792991812500001 0.6862337296875001 0.733625584375 0.764113821875 0.72366355 0.7893003890625 0.79802878125 0.7998400734375 0.791586503125 0.7784596390625 0.71634255625 0.8051025703124999 0.7101915515624999 0.8267742765625 0.7693322499999999 0.8419988093749999 0.7658173890625 0.8138848234375 0.6961370062500001 0.8094912484375 0.677106340625 0.8109427171875 0.5444742296875 0.75560815 0.565267221875
423 0.86247115 0.524559953125 0.85779609375 0.625864284375 0.83408058125 0.6273304421875 0.811831225 0.6525121125 0.8305755140625 0.7163376593749999 0.8276431984375 0.6689066328125 0.8390615984375 0.6662704875000001 0.8645345421874999 0.672416596875 0.8815214015624999 0.728629878125 0.8967459328125 0.7251150171875 0.8835652078124999 0.6680230218750001 0.8932261765625 0.657774609375 0.9178253015625 0.7122304609375 0.9271949968750001 0.718085296875 0.9090381515624999 0.6741691296875 0.8993722859375 0.6323016671875 0.8949689171875 0.5090392515625 0.86247115 0.524559953125
423 0.9617218812500001 0.48561011406250004 0.9406425140625 0.4984946703125 0.936253834375 0.5315798796875 0.91927676875 0.57959835 0.89995483125 0.6000951718749999 0.8996635578125 0.61619841875 0.93831233125 0.6273206484375 0.9591053234375 0.682655215625 0.970523721875 0.6800190703125 0.9535368625 0.6238057890625 0.9670039656249999 0.6126786625 0.9831121093749999 0.6650858109375 0.9945305078125 0.662449665625 0.9693439406250001 0.588084434375 0.9664067296875001 0.48853753125 0.9617218812500001 0.48561011406250004
1754 0.57350120625 0.627354925 0.4189159078125 0.68709775625 0.24120253749999998 0.7682161234375 0.24852353124999998 0.7825619406250001 0.28717230312500003 0.7936841703125 0.377349509375 0.7848921234375 0.37882056406250003 0.8607235125000001 0.3592073515625 0.8973235828125 0.33403057812500003 0.9271901015624999 0.26610762499999996 0.962916353125 0.2889444234375 0.9576440625 0.3548186734375 0.9304087921875001 0.3741406109375 0.90991196875 0.39346255 0.889415146875 0.418056778125 0.8917551218750001 0.44938945468749997 0.9406474093750001 0.4783772578125 0.9620180515625 0.4871595125 0.94796350625 0.4400148625 0.8826766984375001 0.4807123375 0.8853079484374999 0.49593687031250006 0.8817930875 0.460215515625 0.865986009375 0.42478543281250003 0.834075684375 0.41072599218750006 0.7731775546875 0.44234504374999994 0.7538507203125 0.516710275 0.728664153125 0.573802271875 0.715483428125 0.57350120625 0.627354925
804 0.12056157812499999 0.627690265625 0.12525132187500002 0.682733559375 0.11881394062499999 0.72430975 0.1437092359375 0.814778228125 0.21895318125 0.7933977953125 0.2394451078125 0.7606038578125001 0.21630724375 0.6777476453125 0.2859876265625 0.649633659375 0.273685615625 0.5963477968750001 0.12056157812499999 0.627690265625
581 0.6065521390625 0.266932478125 0.6572263406250001 0.50379144375 0.6844616109375 0.56966569375 0.6985112578125 0.526332071875 0.6812282296875 0.4341061640625 0.6498857609375001 0.2809821265625 0.6065521390625 0.266932478125
581 0.7181048828125001 0.281268503125 0.74241763125 0.403943475 0.7576421640625 0.400428615625 0.800975784375 0.4144782625 0.7599723468749999 0.2716026375 0.7181048828125001 0.281268503125
300 0.9011101296874999 0.43145043281250006 0.9005275828125001 0.4636569265625 0.9204369640625 0.46306948437499995 0.9324428046875 0.48034272031249997 0.9514734703125001 0.47594914531250004 0.9470798953124999 0.4569184796875 0.9681592640625001 0.44403392343750003 0.958202125 0.41826970625 0.9289230484375001 0.4130023125 0.9011101296874999 0.43145043281250006
407 0.44303219687500006 0 0.017475128125 0.098247590625 0.5667235859375 0.1638756125 0.9054645328125 0.0335540984375 0.8977179578125 0 0.44303219687500006 0
410 0.6587151718750001 0 0.680023965625 0.081592153125 0.6814901234375 0.1053076671875 0.63640396875 0.13576162812499998 0.60683361875 0.14659748125 0.564383609375 0.188469840625 0.574049475 0.2303373046875 0.597473715625 0.2449743953125 0.6349525015624999 0.2683937390625 0.67184384375 0.271903703125 0.698486775 0.265752696875 0.7306932703125 0.26633524375 0.7678758859375 0.253741959375 0.7860278359375 0.2455422515625 0.8202830343749999 0.23763381562500002 0.8510233703125 0.2145008484375 0.851018475 0.1623849734375 0.82788550625 0.1316446359375 0.7997764171874999 0.11408012812499999 0.7582002265625001 0.1076427453125 0.709890484375 0.1067689265625 0.694957225 0.094180540625 0.6705874406250001 0 0.6587151718750001 0
436 0.213379825 0.68243249375 0.23739640468749998 0.7690948390625 0.3158590421875 0.726926309375 0.29535732187499997 0.655488496875 0.213379825 0.68243249375
436 0.6642609578124999 0.5863563828125 0.6507889578125 0.545367634375 0.5936969624999999 0.5585483609375 0.601314125 0.6089068046875 0.6642609578124999 0.5863563828125
423 1 0.470330490625 0.9912922312499999 0.47477426093749997 0.9889571515625001 0.5514843640625 0.9678777843749999 0.5643689203125 0.9825197703124999 0.5930605546875001 1 0.6229097359375 1 0.470330490625
436 0.4148136046875 0.6519638421875 0.4244794703125 0.69383130625 0.4426314203125 0.6856315984375 0.478935321875 0.6692321812500001 0.46634203750000003 0.632049565625 0.4399903796875 0.6220973234375 0.41246873281249996 0.624442196875 0.4148136046875 0.6519638421875
376 0.261368915625 0.386714309375 0.247610540625 0.4139446828125 0.2569851328125 0.47191539374999997 0.2730883796875 0.4722066671875 0.27748195625 0.4912373328125 0.276899409375 0.5234438265625 0.3102758921875 0.5117292578125 0.29299776093749996 0.471619225 0.29797388125 0.4584433953125 0.2877205734375 0.39666655156249997 0.261368915625 0.386714309375
376 0.0218738046875 0.42597011093750003 0.0356419734375 0.5029714875 0.05643006874999999 0.506190178125 0.05965365625 0.5375179578125 0.061998528124999994 0.565039603125 0.09244759218750001 0.5580098828125 0.0827817265625 0.5161424203125 0.0707758859375 0.498869184375 0.08219428437500001 0.49623303906249994 0.07223225 0.4183529484375 0.0218738046875 0.42597011093750003
423 0.8405081687499999 0.4815225015625 0.8492953203125 0.5195838312500001 0.8779869546875 0.5049418453125 0.8595388343750001 0.47712892656249994 0.8405081687499999 0.4815225015625
2001 0.5079084359375 0.534255196875 0.599843071875 0.5330754171875001 0.540964265625 0.2259486265625 0.4346838125 0.2344494 0.5079084359375 0.534255196875
376 0.8926142515625 0.37728585468750003 0.8967116578125 0.36030389218750003 0.8964154875 0.32429126406250003 0.8636215515625001 0.3037993390625 0.853669309375 0.330150996875 0.85045061875 0.3509390921875 0.8674325812499999 0.35503649843749996 0.8765110046875 0.37699458125 0.8926142515625 0.37728585468750003
376 0.3778977796875 0.3878745046875 0.3664793796875 0.3905106484375 0.36062454375 0.3998803453125 0.3685329796875 0.43413554374999996 0.3579932953125 0.440577821875 0.3547746046875 0.4613659171875 0.3620955984375 0.47571173437500003 0.3781988453125 0.47600300625 0.3822962515625 0.45902104374999997 0.398690771875 0.44320907031249995 0.3975158875 0.40339030937500003 0.38931617812499997 0.385238359375 0.3778977796875 0.3878745046875
1754 0.2862935890625 0.7898780375000001 0.4089685625 0.7655652890625 0.5776084046875 0.7146047125 0.661925878125 0.6630664859375 0.7602978953124999 0.6203105140625 0.8557424953125 0.5822393906250001 0.9207380296875 0.5511979874999999 0.98485485 0.5163504515625 0.97753385625 0.502004634375 0.9224905640625 0.506694378125 0.8396343515625 0.52983224375 0.7872272031249999 0.5459403875 0.74711716875 0.5632185187500001 0.718425534375 0.5778605046874999 0.62678706875 0.6150529140625001 0.577016065625 0.64257945625 0.523730203125 0.6548814671875001 0.401642671875 0.699103596875 0.34630810625 0.7198965890625 0.29653710312500003 0.7474231312499999 0.2564270703125 0.7647012640625 0.217487025 0.7696822812499999 0.2321290109375 0.798373915625 0.2862935890625 0.7898780375000001