410 0.2512146671875 0 0.23662943749999998 0.0140713328125 0.23774822499999998 0.03172125 0.237510384375 0.057064978125 0.251329515625 0.06267487187500001 0.2713036921875 0.0693700671875 0.26367309687499996 0.08865044062500001 0.27338886093750003 0.0935368 0.295414721875 0.10059376093750001 0.3259186390625 0.107559028125 0.344383784375 0.11081493281250002 0.368037596875 0.10863932031250001 0.382942028125 0.108094165625 0.38948731875 0.094968840625 0.384146246875 0.089267253125 0.40369669375 0.0863681078125 0.41585438437500005 0.07740560937499999 0.41953401875 0.068534803125 0.4237563046875 0.05658647343749999 0.4267408828125 0.039660090625 0.4198907765625 0.030519210937500003 0.4048339421875 0.019931264062500002 0.39004843125 0.00780455625 0.3827373625 0 0.2512146671875 0
676 0.1773500140625 0.0623231234375 0.0996573921875 0.047037212499999995 0.0807315953125 0.20236049218750002 0.1592381921875 0.213030115625 0.1773500140625 0.0623231234375
2001 0.4131896453125 0.22448992343750002 0.4324687671875 0.223129540625 0.4468305453125 0.225661909375 0.45503727656250004 0.2271089765625 0.48093209843749996 0.06825471250000001 0.40629102812499995 0.0836523515625 0.383075971875 0.2033140296875 0.398827865625 0.22195755312499998 0.4131896453125 0.22448992343750002
2001 0.6067128328125 0.05076814843750001 0.575547346875 0.059552268750000005 0.5307451890625 0.28964305156250003 0.5619441625 0.304663896875 0.6067128328125 0.05076814843750001
300 0.285899878125 0.238537196875 0.31257175312499996 0.24324016718750002 0.335954240625 0.24260331875 0.34551759843749996 0.23635657656250003 0.333597746875 0.2199753484375 0.3262049921875 0.21391199374999997 0.29748143125 0.20884725468749998 0.2790162859375 0.2055913515625 0.262060171875 0.2057747390625 0.24963115781249998 0.2162760015625 0.2500548875 0.225870340625 0.2638740171875 0.23148023437499998 0.285899878125 0.238537196875
423 0.43872427500000005 0.2956297390625 0.4209541859375 0.3004294125 0.40481204687499994 0.2959965140625 0.41464673124999996 0.288211009375 0.40547361718749997 0.2802471265625 0.3938585765625 0.2861321015625 0.39401098437500004 0.297265203125 0.374289671875 0.3731180078125 0.48508054375 0.392653428125 0.5137371296875 0.350108234375 0.53038843125 0.32765864375 0.5393756515625 0.300684459375 0.5178924421875 0.2905499734375 0.49327224843749995 0.28620876875 0.467295428125 0.289561375 0.43872427500000005 0.2956297390625
436 0.438895140625 0.22267607968749997 0.42221035156250003 0.2213207046875 0.407034596875 0.22340462187500001 0.40033689843750003 0.2253968453125 0.3908070265625 0.25544855312500003 0.44732125 0.28286618125 0.47024651874999995 0.2488300265625 0.4703654390625 0.2361581625 0.456003659375 0.23362579218750001 0.438895140625 0.22267607968749997
436 0.357370478125 0.2051278734375 0.350944103125 0.205581334375 0.34645049375000003 0.21906842656249997 0.342499534375 0.22947799375 0.359879378125 0.2388889453125 0.3813625875 0.24902343125 0.3932154671875 0.21779472812499998 0.38458500624999997 0.2067533203125 0.3684428671875 0.20232042187500002 0.357370478125 0.2051278734375
436 0.2305563875 0.168487690625 0.21948399843750002 0.1712951421875 0.2086829328125 0.17256383125000002 0.20101885312499998 0.1680392390625 0.20898774531250003 0.194830034375 0.2628741484375 0.201158453125 0.26570632031249997 0.17309896875 0.2566856140625 0.1762681859375 0.2410861265625 0.1687577640625 0.2305563875 0.168487690625
437 0.168615659375 0.17184530625 0.1733286484375 0.217101246875 0.17827947500000002 0.2370134609375 0.17095369375 0.2785600375 0.167969115625 0.295486421875 0.17403873125 0.3330485515625 0.1966072421875 0.3370279890625 0.211240346875 0.338021596875 0.2274344296875 0.2821727 0.217718665625 0.277286340625 0.2024424515625 0.207955359375 0.1843675515625 0.1904888296875 0.168615659375 0.17184530625
1754 0.2704343359375 0.3262466375 0.3868041203125 0.326139915625 0.51397496875 0.32476450625000003 0.369323815625 0.24531406718749998 0.31389489375 0.2117413921875 0.1817732171875 0.1932045875 0.23169020156250003 0.2940293359375 0.24581414218750003 0.3219054328125 0.24093028749999998 0.34960315 0.2593954328125 0.352859053125 0.2704343359375 0.3262466375
1250 0.2683526015625 0.110101415625 0.2621121203125 0.14549294375 0.3236626046875 0.15634595625 0.3299030859375 0.1209544265625 0.2683526015625 0.110101415625
1762 0.3855664125 0.3211618625 0.4001995171875 0.32215547031249997 0.390279403125 0.3664178046875 0.42515801093750005 0.37256784375 0.4386388421875 0.33210656875 0.4328740375 0.31681064062500003 0.33541159062500003 0.24568084375 0.32077848593749997 0.2446872359375 0.2976673234375 0.24378532343749998 0.28454325156250004 0.24623100625 0.3629979015625 0.317182425 0.35540079375 0.3602677640625 0.3761889484375 0.3623466734375 0.3855664125 0.3211618625
92 0.4478304140625 0.25598369062500004 0.48790112187499995 0.0647237265625 0.399440921875 0.074511471875 0.3777683859375 0.22141740781250002 0.4478304140625 0.25598369062500004
1373 0.355980365625 0.18901671874999998 0.3669003484375 0.175076165625 0.379600690625 0.163036140625 0.3529288140625 0.1583331703125 0.3341923421875 0.156616028125 0.3171173109375 0.1694712796875 0.31331875625 0.19101395000000002 0.2963291578125 0.167392371875 0.2768976296875 0.15761965312499998 0.300889740625 0.20151521093749997 0.31923596718749997 0.2174429796875 0.350130128125 0.2101976203125 0.355980365625 0.18901671874999998
407 0.0821198625 0 0.0788357515625 0.021153339062500002 0.211652484375 0.047745720312500003 0.2322882328125 0.0386915265625 0.38589311875 0.06736281718750001 0.39530407031250003 0.0499829734375 0.40335839531250006 0.040296939062499995 0.4354902640625 0.038029634374999996 0.5578292031250001 0.004070146875 0.5351859203125 0 0.0821198625 0