1803 0.49698075781249995 0 0.45008505468750004 0.00420596875 0.41849055625 0.01352568125 0.3758198046875 0.026627807812499998 0.31361069375 0.061978276562500004 0.297739078125 0.11353910625000001 0.30877731875 0.1556166359375 0.30754129531249996 0.191011728125 0.287531996875 0.1819745734375 0.269375078125 0.1646636953125 0.26378325 0.1457069953125 0.25633904687500003 0.135024021875 0.258554959375 0.116339975 0.26992204062499997 0.10422930156250002 0.27072182031250003 0.0813265953125 0.2504944015625 0.0785356359375 0.238691078125 0.1031386921875 0.2208596828125 0.1212774359375 0.231063446875 0.142479790625 0.2317525078125 0.1675190921875 0.2423198078125 0.1783111265625 0.25735363125 0.19551294531250002 0.28814835156249996 0.209095940625 0.284879840625 0.21315100625 0.24645748906249998 0.23890911093749997 0.2227434375 0.24641941093750003 0.25259296249999996 0.287069240625 0.2665741890625 0.2896420796875 0.28255320625 0.2797770625 0.3032895765625 0.26799357343749997 0.3296177734375 0.275166784375 0.35354994687499997 0.2614102921875 0.3702180265625 0.2765845765625 0.3927687609375 0.302387303125 0.416264690625 0.301123196875 0.42527044375 0.3118607 0.43983332812500003 0.297777025 0.43743730468750003 0.276847321875 0.439507803125 0.2623274015625 0.4337705625 0.24753483125 0.4151046921875 0.2447984015625 0.4060989390625 0.23406089687499998 0.41568635 0.2281418875 0.4404529984375 0.23526056718750002 0.4949617703125 0.24133326249999998 0.5619629265625 0.2478422 0.6374261890625 0.2358852125 0.6831473296875 0.2249742109375 0.7006151890625001 0.217245790625 0.729377421875 0.1994887609375 0.748770365625 0.1814045484375 0.7607918109375 0.15055529843749998 0.761955128125 0.11724226874999999 0.7548744593750001 0.096148975 0.7323964328125 0.06826418437500001 0.70203795625 0.0421888046875 0.6557004625 0.025978439062499997 0.6078014203125 0.009713545312499999 0.5626619374999999 0.003968034375 0.5045934078125 0 0.49698075781249995 0
343 0.4943801109375 0.25798977500000003 0.49107027187499996 0.39754260937499997 0.7237409484375 0.40566764843750003 0.7317354328125 0.26627840625 0.4943801109375 0.25798977500000003
685 0.0699925953125 0.5016606375 0.189940975 0.5141877390625 0.1979387765625 0.28516067343749996 0.07697581249999999 0.21214464843749997 0.0699925953125 0.5016606375
1939 0.023284728125 0 0.0043001703125 0.4576745421875 0.0695943640625 0.468293078125 0.07425426406249999 0.155765321875 0.7582123609375 0.179649665625 1 0.18408574687499998 1 0.0171556125 0.5087275296875 0 0.023284728125 0
1939 0.747136109375 0.18343208125 0.6830746234375 0.22705627499999997 0.6592151562499999 0.23873070312500003 0.6478761375000001 0.4738949 0.7079767359375 0.49892429531250004 0.9404292906249999 0.5132955265625 0.9393353640625 0.6341643125 0.9735440093750001 0.6395281109375001 0.9955676828125 0.1879382953125 0.747136109375 0.18343208125
1939 0.07425426406249999 0.155765321875 0.076757690625 0.218390840625 0.199282203125 0.291461396875 0.19328219375 0.5080506078125 0.20508551874999997 0.48344755 0.2115250890625 0.1647281328125 0.07425426406249999 0.155765321875
1939 0.5354166078125 0.24691518281249997 0.4745889359375 0.24270642968749997 0.41561364218749997 0.23022395156250003 0.406171646875 0.231978834375 0.4307928796875 0.24326164062500003 0.4429217296875 0.25410820625 0.44048769375 0.279038446875 0.4381990734375 0.29980455781250004 0.4378355359375 0.3102148796875 0.422147346875 0.31175163906250003 0.4102366203125 0.29465888281249997 0.38510643437500003 0.297950521875 0.350136021875 0.2696294875 0.3297631890625 0.2710026546875 0.3047784171875 0.2701301671875 0.2648672265625 0.2937516765625 0.238466321875 0.28866053125 0.22415957187500002 0.2506380703125 0.21315602656250002 0.2523384203125 0.2087902734375 0.466900096875 0.647730721875 0.4780590296875 0.6577990234375 0.23451204531249997 0.5354166078125 0.24691518281249997
855 0.70648789375 0.49678769999999994 0.6827572578125001 0.9524871125000001 0.70494445625 0.9887001609375 0.7253172906249999 0.98732699375 0.7256081203125 0.9789987359375001 0.8695613796874999 0.9756872812499999 0.8692705515625001 0.9840155390625 0.8912049328125 0.9826969015625 0.8914957609374999 0.9743686453124999 0.9165532390625 0.9731590671875001 0.9422816671875 0.5050218 0.70648789375 0.49678769999999994
1694 0.6822483078125 0.9670615625 0.7064185046875 0.40923194062499996 0.3239119109375 0.39378991406249997 0.3005761890625 0.9724947078125 0.6822483078125 0.9670615625
1694 0 0.95809264375 0.2989419328125 0.974522240625 0.316537096875 0.4706626984375 0.2102791140625 0.46903669218750005 0.1900136828125 0.512105675 0.0651625359375 0.5056611734375001 0.0617866234375 0.468020425 0.0040820484375 0.463920734375 0 0.58081530625 0 0.95809264375
1939 1 0.184446340625 0.9957130968750001 0.18377416875000002 0.9797902015625001 0.6397462328125 0.940242546875 0.6529574203124999 0.9198944578124999 0.9670219359375001 0.9636705109375001 1 0.9813298406250001 1 0.996823475 0.5996912859375 1 0.5087275140624999 1 0.184446340625
819 0.9635513781249999 1 0.9182602031249999 0.9690494703124999 0.91804208125 0.9752956625 0.8962531140625 0.9724501703125 0.8958168703125 0.98494255625 0.8708320984375 0.98407006875 0.8709775140625 0.9799059421875 0.7271696671875 0.9790532656250001 0.72680613125 0.9894635875000001 0.7050171640625 0.9866180968749999 0.6869329515625 0.9672251546874999 0 0.9534662921875 0 0.9766203984375 0.6304998296875 1 0.9635513781249999 1
534 0.28649419374999996 0.748950409375 0.3021823828125 0.74741365 0.3118111234375 0.6059968734375001 0.29031298437499997 0.594823125 0.2746247953125 0.5963598859375 0.24317571093749998 0.60151546875 0.2161931484375 0.6130808359375 0.1757383109375 0.607498915625 0.1565634890625 0.6193369359374999 0.14461475 0.648104121875 0.13110446250000002 0.6768167765624999 0.131720815625 0.7039381421875001 0.13560567968749998 0.7270044390625 0.139708665625 0.7438245453125 0.1602269140625 0.7382872484375 0.200754459375 0.7417871046875 0.2194203296875 0.7445235343750001 0.26016599687499997 0.7417771984375 0.28649419374999996 0.748950409375
534 0.2636840078125 0.864891640625 0.262485996875 0.8544267874999999 0.27080268749999997 0.8401249906249999 0.23652133593750002 0.8368432562500001 0.2206877328125 0.84254414375 0.198898765625 0.839698653125 0.17681896875 0.8451814203125 0.132804790625 0.8519828234375 0.126413184375 0.8559288296875 0.10977980000000001 0.8845324250000001 0.107380459375 0.9532405453124999 0.2946935328125 0.9618662640625001 0.3000325421875 0.943291278125 0.2947315453125 0.9160063218750001 0.27410589375 0.8798478031249999 0.2636840078125 0.864891640625