1803 0.468861690625 0 0.4289779578125 0.006142790625 0.38052953437500003 0.0140604625 0.3461043296875 0.0344680046875 0.31912565000000004 0.05802589375 0.308489740625 0.0775691890625 0.30385063749999996 0.110578125 0.3103325359375 0.1430462078125 0.32629056562500003 0.1642232296875 0.351532359375 0.186705 0.3673928171875 0.1973492703125 0.410524675 0.21603390312499998 0.482765171875 0.24091329374999998 0.5498786953125 0.24613787187499997 0.60461386875 0.2496227828125 0.6302404015625 0.246912934375 0.6386543328125 0.2544068578125 0.62792085 0.263417403125 0.6090633796875 0.262870965625 0.600844596875 0.2764425421875 0.6003622828124999 0.29110141093749997 0.59436825625 0.3112970796875 0.60626429375 0.327695609375 0.6169977765625 0.318685065625 0.639917240625 0.32400999375 0.666605975 0.30251516093749997 0.685655815625 0.290465790625 0.706835615625 0.30816906875 0.73400944375 0.305676678125 0.7523846 0.3208819828125 0.7664078187500001 0.33337185625 0.7806234062499999 0.3332659171875 0.8170782187500001 0.2984169671875 0.7950285874999999 0.2869028640625 0.76166280625 0.2548641109375 0.75914810625 0.2503030796875 0.791833646875 0.24227388749999998 0.8096261374999999 0.227944 0.8219069140625 0.21915091250000002 0.8269335359375001 0.19461166875 0.8406640328125 0.175503290625 0.8262532953124999 0.15454372656249998 0.8189015656249999 0.12826481875 0.7984968015625 0.1275009234375 0.79530741875 0.1501945671875 0.8043988109375 0.1640951234375 0.8033366093750001 0.1828801078125 0.7941504203124999 0.1921081109375 0.78535175 0.20980580468749999 0.764464671875 0.2237007765625 0.743190075 0.2291260578125 0.7481191234375 0.19405406249999999 0.766296353125 0.15453255625 0.7596193078125 0.1009989734375 0.7044938375 0.055383059375 0.6647465125 0.0350702859375 0.6352503546875 0.020405834375 0.5866067828125 0.007258003125 0.524425084375 0.0006227421875 0.511442340625 0 0.468861690625 0
343 0.31237047812499996 0.22958872656249998 0.2960388203125 0.3682485609375 0.5265856046875 0.4006497984375 0.54755914375 0.2626423375 0.31237047812499996 0.22958872656249998
685 0.9665830578125 0.289975196875 0.8347786921875 0.34087694687500003 0.8028848562500001 0.5678133796875 0.923186259375 0.576305409375 0.9665830578125 0.289975196875
1939 0.06535663124999999 0 0.06299972968749999 0.016770225 0.052804293749999995 0.1005415515625 0.301338715625 0.1396784015625 0.9790534265625 0.2349249921875 0.92937265625 0.5435139312499999 0.9955187734375001 0.5443949328125 1 0.5109198140625 1 0.06535663124999999 0.5349634062499999 0 0.06535663124999999 0
1939 0.29536969218750003 0.46282585625 0.3589035375 0.4486130734375 0.3885726171875 0.21505255 0.367102871875 0.1994123296875 0.31158988593750003 0.1453267234375 0.06615005 0.10662478906249999 0.0094213859375 0.5551783125 0.0440417390625 0.5558362703124999 0.0639530765625 0.43661379375 0.29536969218750003 0.46282585625
1939 0.965713225 0.296164371875 0.9790534265625 0.2349249921875 0.842311678125 0.2199148078125 0.7933083703125 0.53491038125 0.8006601 0.5611892890625 0.8323615656250001 0.34684866406250003 0.965713225 0.296164371875
1939 0.8149510375 0.3023256265625 0.7942591078125 0.3372860984375 0.7673752234375 0.3377154296875 0.7321722046875 0.307522278125 0.707415503125 0.3040429515625 0.6875906265625 0.29915293906249996 0.648233596875 0.320971165625 0.6240567828125 0.313365721875 0.60935888125 0.328130525 0.5941758859374999 0.3238928875 0.5956256062499999 0.3135775953125 0.5969777515625 0.292729553125 0.5989097859375 0.26775539375 0.61273785625 0.2591797640625 0.638944278125 0.2523438 0.6299504578125 0.24897599218750002 0.569703571875 0.2510278828125 0.5090691671875 0.2446100796875 0.39069979843749997 0.211143890625 0.3583236484375 0.452739190625 0.7925333343750001 0.517970996875 0.82549215 0.305910890625 0.8149510375 0.3023256265625
855 0.0522910828125 0.912539096875 0.053450857812499995 0.9042868625 0.1946421171875 0.9325452296875 0.193482340625 0.9407974640625 0.21330721718749998 0.9456874765625001 0.24144567343749998 0.9138773515624999 0.29720693125 0.4609802546875 0.06356555781249999 0.4281441015625 0.0076119296875 0.89363700625 0.0320786875 0.8991793937500001 0.0309189125 0.9074316265625001 0.0522910828125 0.912539096875
1694 0.6143462703125 0.9999460328125 0.691856103125 0.42598085937499997 0.3124791640625 0.37476671562499997 0.2394160640625 0.9283187609375 0.6143462703125 0.9999460328125
1694 0.9314876578125 1 0.9946489421875 0.5505841078125 0.9371091249999999 0.544601221875 0.927248253125 0.5810839 0.8031748000000001 0.565750321875 0.790696096875 0.5198165984374999 0.685770059375 0.502966396875 0.615916540625 1 0.9314876578125 1
1939 0 0.8897568734375 0.005387175 0.887012915625 0.03988495 0.5741863375 0.0032322109374999996 0.5543084796875 0.0667299375 0.1024986734375 0.0509934140625 0.1021996015625 0 0.465036596875 0 0.8897568734375
819 0.6992028640625 1 0.2347741828125 0.9276663875000001 0.21359716093749997 0.94362441875 0.191645103125 0.9426430640625 0.1930948234375 0.932327771875 0.0513236765625 0.908195521875 0.0507437890625 0.9123216390625 0.025987085937499998 0.9088423109375 0.02772675 0.8964639609375 0.0057746921875000004 0.8954826078125 0.006644523437499999 0.8892934328125 0 0.8923001765624999 0 0.9303627437499999 0.5033725328124999 1 0.6992028640625 1
534 0.8124780109374999 0.8026842359374999 0.81943944375 0.7868321421875 0.827270709375 0.7647908734375 0.8325872750000001 0.7381885703125 0.8242681390625 0.7075660890625 0.817496296875 0.6771610640625 0.8006684343750001 0.6621732171875 0.7598589062500001 0.6606454265624999 0.735294575 0.644570290625 0.7052185296875 0.6340319562500001 0.6900355359375 0.6297943171875 0.6669237015625 0.6370651984375 0.65184939375 0.7780055484374999 0.6670323875 0.7822431859375001 0.694206215625 0.7797507968749999 0.7338559671875 0.789530821875 0.7527134390625 0.7900772578125 0.793233021875 0.79366810625 0.8124780109374999 0.8026842359374999
534 0.809992778125 1 0.8175185234375 0.9464515406249999 0.8061048 0.9153941421875 0.8004955125000001 0.9103981921875001 0.7583310609375 0.8960571359375 0.737538778125 0.8868235484375001 0.7155867203125 0.8858421953125 0.7009836140625 0.8774784390624999 0.6666532046875 0.8747574234375 0.6723600656250001 0.8902861218749999 0.669363053125 0.9003839578124999 0.6565023875 0.9133031609375 0.6299112265625 0.9453307437499999 0.6199527796875001 0.971280671875 0.6219851656250001 0.990500571875 0.6954942609375 1 0.809992778125 1