1250 0.524712003125 0.22214646249999997 0.519640103125 0.3673866515625 0.5821020296875 0.3695678703125 0.5871739296875 0.22432768125 0.524712003125 0.22214646249999997
278 0.39527423281249996 0.20377712812499998 0.47510473906249995 0.2100271890625 0.48050144531249994 0.12712004375 0.40055017812499993 0.1243280828125 0.39527423281249996 0.20377712812499998
278 0.3877788015625 0.20351538281249998 0.39305474687499997 0.1240663375 0.335589775 0.122059615625 0.333053825 0.1946797125 0.3877788015625 0.20351538281249998
247 0.2613600203125 0.09869355625000001 0.2557217953125 0.1885169015625 0.282963525 0.1963928359375 0.320561440625 0.19424346875 0.3263204234375 0.1009620234375 0.28634479062499996 0.09956604375 0.2613600203125 0.09869355625000001
247 0.2057522546875 0.1867719265625 0.24822636406249998 0.1882551546875 0.25160763125 0.0914283609375 0.21175275781249997 0.08657428125 0.2057522546875 0.1867719265625
278 0.20075530000000003 0.186597428125 0.2053066890625 0.12789698124999999 0.1829411546875 0.1236536421875 0.18088824375 0.18244133906249999 0.20075530000000003 0.186597428125
247 0.08356839687499999 0.1755805375 0.16589738125 0.181917846875 0.169640925 0.0747167546875 0.0924296546875 0.06509584375000001 0.08356839687499999 0.1755805375
278 0.053586671875000005 0.17453355312500002 0.07857144218749999 0.175406040625 0.0809866328125 0.10624404531250001 0.0560018625 0.105371559375 0.053586671875000005 0.17453355312500002
278 0.43581619062500004 0.260589953125 0.4132091375 0.2632628140625 0.398663840625 0.3216142671875 0.47124043593750004 0.32068638125 0.4713986671875 0.2445209375 0.4414169421875 0.243473953125 0.43581619062500004 0.260589953125
278 0.3532456890625 0.2611688453125 0.3306386359375 0.26384170625 0.32358876875 0.3224549046875 0.3811745015625 0.32100352499999996 0.3853636109375 0.272677378125 0.352883409375 0.2715431453125 0.3532456890625 0.2611688453125
278 0.265557471875 0.2650313390625 0.2529443265625 0.2680531953125 0.251132934375 0.319924690625 0.3160933390625 0.3221931578125 0.3162515703125 0.246027715625 0.26628202968750003 0.24428274062500002 0.265557471875 0.2650313390625
278 0.18048849218750002 0.26552298125 0.170494584375 0.2651739859375 0.17094015 0.32404893125 0.243637503125 0.3196629453125 0.246173453125 0.24704285 0.1810922890625 0.24823248125 0.18048849218750002 0.26552298125
278 0.10339798124999999 0.2524439703125 0.0946949546875 0.286763221875 0.0959858375 0.32143146875 0.1584477640625 0.3236126875 0.163240671875 0.25799604062500003 0.11838884375 0.2529674625 0.10339798124999999 0.2524439703125
278 0.0959858375 0.32143146875 0.0946949546875 0.286763221875 0.095781790625 0.255640325 0.05294540156250001 0.26453139531250003 0.04972236875 0.2851927453125 0.039728459375000004 0.28484375 0.038641625 0.3159666484375 0.0959858375 0.32143146875
278 0.43183112812499996 0.3747072453125 0.4226450625 0.4228588953125 0.44738831562500003 0.43064758281250004 0.4699953671875 0.42797472187499996 0.46930828281250003 0.3760159765625 0.4443235125 0.3751434890625 0.43183112812499996 0.3747072453125
278 0.3929423296875 0.3421883671875 0.387183346875 0.43546981249999994 0.4200258265625 0.426229746875 0.4228032953125 0.346693453125 0.3929423296875 0.3421883671875
278 0.337251278125 0.36101749375000003 0.3366474796875 0.37830799375 0.32415509375 0.37787175 0.32198142343749997 0.44011754375 0.3771894375 0.4351208171875 0.3773476703125 0.35895537499999997 0.3522421390625 0.3615409859375 0.337251278125 0.36101749375000003
278 0.2467855921875 0.44441628125 0.311987515625 0.43976854843749996 0.311421190625 0.38435170625000004 0.25133698125000004 0.385715834375 0.2467855921875 0.44441628125
278 0.1711441953125 0.389840075 0.16506040625 0.420788475 0.16659280781250002 0.44854052187500004 0.236670925 0.4475253859375 0.23622535937500003 0.3886504421875 0.1811381046875 0.39018906875 0.1711441953125 0.389840075
278 0.10404759374999999 0.377110059375 0.0994129171875 0.3665612625 0.051821093750000005 0.36836163593750004 0.05085501875 0.396026434375 0.0351395984375 0.41625154062499997 0.033690484375 0.4577487359375 0.1539796625 0.45156237812500005 0.157119409375 0.361651784375 0.112146821875 0.36008130625 0.10404759374999999 0.377110059375
278 0.0732663671875 0.5422263593750001 0.06907725625 0.5905525078125 0.13677765625 0.585992025 0.129078178125 0.5199391328125 0.086483309375 0.5219140046875 0.0732663671875 0.5422263593750001
1699 0.0487271609375 0.6002288171875 0.052433234375000005 0.5657350671875 0.056260065625 0.5277832203124999 0.05247070625 0.49302772499999997 0.037359084375000004 0.49596233125 0.026519859375 0.519820034375 0.037683890625 0.5582953765625 0.027086184375 0.5752368796875 0.02386315 0.5958982296875 0.0487271609375 0.6002288171875
1699 0.0563433515625 0.5970324625 0.06883573750000001 0.59746870625 0.0732663671875 0.5422263593750001 0.0664954921875 0.5212160140625001 0.060290943750000006 0.555622515625 0.0563433515625 0.5970324625
278 0.16667609375 0.5177897640625 0.15926395 0.5867772625 0.23220282343749998 0.5754750765625001 0.2348595328125 0.49939688281250005 0.214992475 0.49524079218750006 0.16667609375 0.5177897640625
247 0.25246963125 0.49654952343750003 0.2801943984375 0.4905930609375 0.30614524374999996 0.46380075156249995 0.25605494375000004 0.46551387499999997 0.25246963125 0.49654952343750003
247 0.3908144734375 0.5463907515625 0.463753346875 0.5350885640625 0.4691500515625 0.45218141875000006 0.396452696875 0.45656740625000003 0.3908144734375 0.5463907515625
1939 0.019657137499999998 0 0 0.5629067328125 0 0.868034753125 0.500551759375 0.69910248125 0.522446703125 0.000479084375 0.508727521875 0 0.019657137499999998 0
271 0.0098092328125 0.8550812140625 0.46545232187499996 0.7013390984375001 0.49206522656249996 0.0825137421875 0.0418937890625 0.0079340234375 0.0098092328125 0.8550812140625
1939 1 0.0171556125 0.522483625 0.0004803734375 0.5055487140625 0.6992769796875 0.6993056171875 0.8099126218749999 0.9830076953125 0.9236892187500001 1 0.4370932625 1 0.0171556125
1250 0.5137228875 0.5368335390625 0.5757017765625 0.5528471578125 0.5833929125 0.4042361171875 0.5186740265625 0.39505145 0.5137228875 0.5368335390625
1170 0.482217103125 0.7226984390625 0.4598515703125 0.7184551 0.45437157812500006 0.7321130015625 0.4691209203125 0.73955269375 0.48685177968750004 0.7332472359375 0.482217103125 0.7226984390625
1171 0.4947094890625 0.7231346828125 0.4296283265625 0.7243243140625 0.4412753953125 0.74896725625 0.5064773171875 0.7443195234375 0.4947094890625 0.7231346828125
278 0.6040386828125001 0.7442641265625001 0.5144557859375001 0.730748871875 0.4987403671875 0.750973978125 0.4875388640625 0.7852059812500001 0.4949135359375 0.7889258265625 0.49430973749999996 0.806216325 0.60412196875 0.81351336875 0.6028310875 0.7788451234375 0.6040386828125001 0.7442641265625001
570 0.32433001093749997 0.7310341671875 0.3468163046875 0.73181940625 0.3485069375 0.683406009375 0.32602064375 0.682620771875 0.32433001093749997 0.7310341671875
1161 0.24812228906249997 0.621041115625 0.299986509375 0.6401638375 0.3012773921875 0.674832084375 0.2793574234375 0.729463690625 0.3056705484375 0.6922970796875 0.304462953125 0.726878078125 0.31445686093749997 0.727227071875 0.307481940625 0.6404255828125 0.32247280312500004 0.6409490765625 0.3760276578125 0.6116584015625001 0.31380725 0.6025609828125 0.24812228906249997 0.621041115625
1016 0.4976910046875 0.7093895328125 0.48439077499999994 0.66045264375 0.43691971093750004 0.6587949171874999 0.455096134375 0.7113644046875 0.4976910046875 0.7093895328125
1156 0.28519135156250003 0.49076755937499994 0.24247572343749998 0.496200528125 0.253481521875 0.6108413125000001 0.291200196875 0.60523384375 0.29833335 0.615869890625 0.32545431874999997 0.6272039265625 0.35342060468750003 0.6143312625 0.3390335390625 0.596517271875 0.3793714515625 0.5875389515625 0.37396640312499996 0.4557821671875 0.3137614359375 0.460604396875 0.28519135156250003 0.49076755937499994
271 1 0.262980103125 0.7862067781250001 0.25551427968749996 0.765640190625 0.916098578125 0.9261332718749999 1 0.9803428625 1 1 0.43709324374999997 1 0.262980103125
278 1 0.29844095937500004 0.9847565890625001 0.3005332765625 0.9820998796874999 0.3766114703125 1 0.37415449375 1 0.29844095937500004
278 1 0.40839740625000004 0.9785145671875 0.4076471203125 0.9733593812500001 0.483638065625 0.9983441515625 0.48451055312499997 1 0.4370932625 1 0.40839740625000004
278 0.9944798468749999 0.59516974375 0.996774278125 0.5294658484375 0.9791641796875 0.5323132078125 0.97449203125 0.5944717546875 0.9944798468749999 0.59516974375
278 0.9902532656249999 0.716203234375 0.9935137718749999 0.6228345421875 0.9685290015625 0.6219620546875 0.9651477343750001 0.718788846875 0.9902532656249999 0.716203234375
247 0.8714132015624999 0.680892396875 0.94564295625 0.704258459375 0.9497487796874999 0.5866830671875001 0.8777759828124999 0.5703204546875 0.8714132015624999 0.680892396875
278 0.8195489796875 0.6617696750000001 0.851666903125 0.673278209375 0.8508590593750001 0.6247775625 0.8183788578125 0.6236433296875 0.8195489796875 0.6617696750000001
278 0.8858752109375001 0.5532917015625001 0.9529718140625001 0.5660217171874999 0.9557492828124999 0.48648542343749995 0.8986465875 0.474104403125 0.8858752109375001 0.5532917015625001
278 0.9156903625 0.4158402 0.9556659953125 0.41723617968750004 0.9584434640625 0.337699884375 0.9209663078125001 0.33639115468749997 0.9156903625 0.4158402
278 0.80611965 0.40162695625 0.8610861453125 0.403546428125 0.8580213421874999 0.3480423359375 0.805553325 0.3462101109375 0.80611965 0.40162695625
278 0.8114039375000001 0.5368418421875 0.8561350046875 0.5453285171875 0.8593955125000001 0.451959825 0.814422925 0.45038934687500004 0.8114039375000001 0.5368418421875
587 0.576796953125 0.7363881906249999 0.7639037421875 0.8225553890624999 0.7838290609375 0.2519689296875 0.8264239296874999 0.249994059375 0.8331864625 0.056340473437500004 0.6121128859375 0.08324358125 0.576796953125 0.7363881906249999
2001 0.7655110890625 0.7048927484374999 0.7814513421875 0.24842358125000003 0.8266654484375 0.24307785937499998 0.8258950781250001 0.12186987187500001 0.625533875 0.1287223703125 0.6044384328125 0.661182484375 0.7655110890625 0.7048927484374999
831 0.914028859375 0.176882321875 0.9047595078124999 0.15578472968749998 0.93941338125 0.09467316718749999 0.92490555625 0.0803172765625 0.9078992546875 0.065874134375 0.8790876531249999 0.102953496875 0.8721960187500001 0.08540125 0.8599451531250001 0.078048809375 0.8497097265625 0.0846160125 0.8451958093749999 0.070609115625 0.8273441921875 0.0803726734375 0.7960341125 0.1173647859375 0.8270652000000001 0.159996215625 0.8157429374999999 0.19768631875 0.8281145625 0.2015806625 0.8353684749999999 0.20875860937500001 0.8314208843750001 0.25016855625 0.9016197609375001 0.24569532187499998 0.9025858375 0.2180305234375 0.914028859375 0.176882321875
819 0.9195115140624999 1 0.7606432359374999 0.91592408125 0.7634207046875 0.8363877875 0.6991848578125001 0.813370721875 0.69266761875 1 0.9195115140624999 1
819 0 0.9827014999999999 0.34025781875 0.9912641359375 0.31599760468750004 0.96964305 0.2854120828125 0.9858865625 0.24116405156249998 0.9635674875 0.2004638625 0.9829201062499999 0.19333070937500002 0.9722840609375 0.2018671609375 0.799466321875 0 0.8680124499999999 0 0.9827014999999999
1506 0 0.9822546984375 0.1305065046875 0.9804771406249999 0.0698559703125 0.9264244265625001 0 0.9486590140625 0 0.9822546984375
627 0.692712896875 1 0.701924853125 0.8065417703125 0.70954104375 0.80334541875 0.7102656015625 0.78259681875 0.5009140375000001 0.6887281828125 0.5020008734375 0.6576052859375 0.4330095921875 0.627497521875 0.201096790625 0.6782583343749999 0.1954960390625 0.6953743343750001 0.2075053859375 0.7096429765625001 0.1958291859375 0.9723713093749999 0.2030830984375 0.9795492546875 0.2412848109375 0.9601093875 0.2904090359375 0.9860610609375 0.311121409375 0.9660104515624999 0.3428770546875 0.987893284375 0.61298028125 1 0.692712896875 1
423 0.599961990625 0.5744682437499999 0.5774007515624999 0.7190976906250001 0.538028915625 0.7004112124999999 0.5386327125 0.6831207140625 0.5539858546875001 0.6732699078125 0.5417349875 0.6659174640625001 0.5091340265625 0.6682413296874999 0.5016385953125 0.6679795828125 0.5012763171875 0.6783538828125 0.5186448968749999 0.682422725 0.51828261875 0.6927970234374999 0.65578214375 0.7668449484375001 0.655095059375 0.7148862031250001 0.6782226234375 0.6256736 0.6787056609375 0.6118412015625 0.6444515390625 0.58987111875 0.599961990625 0.5744682437499999