819 0.9245091796875 1 0.975948021875 0.6752279375 0.4304576078125 0.42767712500000005 0 0.498485371875 0 0.9267923937500001 0.4728514640625 1 0.9245091796875 1
1939 0.48825745468750004 0 0.4315402 0.42084191249999997 0.9764893171875 0.67181033125 1 0.5233697203125 1 0.0729596578125 0.5393508515625001 0 0.48825745468750004 0
2001 1 0.0738959046875 0.5647885375 0.0110356125 0.5177625890625001 0.339908028125 0.9942852953125 0.5274886765625 1 0.49266129999999997 1 0.0738959046875
1939 0.0729596578125 0 0 0.46064914375 0 0.4902472515625 0.42907097812500006 0.420450825 0.4858140390625 0 0.0729596578125 0
351 0 0.485170996875 0.2481060828125 0.4443388953125 0.27239761093750003 0.259005959375 0.03650178125 0.2461671078125 0 0.47663028125 0 0.485170996875
808 0.0781520984375 0 0.044992034375 0.24050515312499998 0.27101098125 0.251779659375 0.3086644234375 0.030026310937500002 0.1190857546875 0 0.0781520984375 0
1917 0.3158646921875 0.19232033906249998 0.3059878078125 0.1907559953125 0.30196148125 0.23215836093750003 0.31677680625 0.234504878125 0.328210796875 0.1942757703125 0.3158646921875 0.19232033906249998
1373 0.35168685312500003 0.1419405796875 0.3330824578125 0.163517309375 0.31995779999999996 0.1824586046875 0.3312213125 0.19124924999999998 0.348439078125 0.1624462203125 0.35168685312500003 0.1419405796875
1050 0.4375682875 0.159046203125 0.47900374531249995 0.1691122734375 0.479241003125 0.151633153125 0.575607396875 0.198426146875 0.5697199234375 0.267560453125 0.586262834375 0.17909376562499998 0.4893551453125 0.1357183796875 0.45586864374999997 0.123407959375 0.4375682875 0.159046203125
631 0.42680915312499995 0.25893896875 0.370387890625 0.29554613281250003 0.3334163578125 0.32122047343750004 0.3051723375 0.3237537390625 0.23835570625 0.761598484375 0.57654231875 0.63999500625 0.6142326796875001 0.3061406375 0.578514215625 0.2759600109375 0.5260525015625 0.2396241765625 0.48052393593750004 0.23941983906250003 0.42680915312499995 0.25893896875
1156 0.2696542140625 0.3881950109375 0.28971201875 0.40538521406249994 0.30077519218750004 0.319553959375 0.33094713750000004 0.3208293875 0.3714704828125 0.28871091875 0.3765794015625 0.2404733390625 0.27371745937499997 0.2346916265625 0.2597105515625 0.355090034375 0.27151535937500004 0.36046307187500004 0.2696542140625 0.3881950109375
627 0.10860650937500001 0.6219346875 0.1264323515625 0.6212546828125001 0.159384609375 0.381240040625 0.282675175 0.4498141015625 0.26657691875 0.3596808984375 0.25254014687500004 0.33643765625 0.1535340546875 0.338273328125 0.1167997796875 0.34646855 0.120114334375 0.35750354375 0.14511058125 0.3754759171875 0.10860650937500001 0.6219346875
278 0.1655761203125 0.326167246875 0.1554619796875 0.342082021875 0.1538380921875 0.3523348421875 0.1936496640625 0.3726537328125 0.2591692546875 0.35850764062499996 0.250070925 0.3360465703125 0.2116459828125 0.32295397812500004 0.1655761203125 0.326167246875
423 0.24513248437500001 0.335264396875 0.25433451093750004 0.27716508281249996 0.25365965468749996 0.21750142343749998 0.2010274640625 0.23018534218750003 0.19791324999999999 0.31377224843749996 0.2151977953125 0.3165098515625 0.24513248437500001 0.335264396875
278 0.4119569109375 0.3686934703125 0.40468280781250004 0.43060147656250003 0.45105670781249996 0.4414497203125 0.5179629296875 0.434529928125 0.52361314375 0.38287474062500004 0.48928130937500003 0.359920415625 0.41990586875 0.366449121875 0.4119569109375 0.3686934703125
570 0.5543263859375 0.38073256093749996 0.5492174671875001 0.428970140625 0.5645740875 0.427899053125 0.5808797390625 0.3569114828125 0.5660644140625 0.354564965625 0.5617340484375 0.38190581875 0.5543263859375 0.38073256093749996
1105 0.619505021875 0.464625971875 0.6329337171875 0.45974619062500005 0.676838396875 0.4702033484375 0.6529247421875 0.44539575937500003 0.6026949921875 0.42693013124999996 0.591194221875 0.43561860625 0.5793894125 0.43024556875000003 0.5322369578124999 0.44029405156249996 0.5536813921875 0.46471055312500004 0.595354109375 0.45729750625000004 0.619505021875 0.464625971875
1170 0.71056215625 0.46503464843750003 0.730315921875 0.46816333749999994 0.731939809375 0.4579105171875 0.7047783796875 0.45360856875 0.71056215625 0.46503464843750003
1171 0.680086171875 0.4496977078125 0.69960268125 0.4703055171875 0.75500813125 0.4720741984375 0.737419546875 0.455275084375 0.680086171875 0.4496977078125
1156 0.6256965328125 0.4095531796875 0.6081747296875 0.424294696875 0.672374471875 0.4344629359375 0.657796403125 0.4146373 0.6934480875 0.4132772921875 0.7154039546875001 0.2906345359375 0.615552528125 0.281826303125 0.5985351031249999 0.40525123281250003 0.6256965328125 0.4095531796875
1016 0.7175620828125 0.5327067796875 0.70021075625 0.49842854374999995 0.58006426875 0.48990922656249997 0.5790484578124999 0.5282850734375 0.7175620828125 0.5327067796875
627 0.5601400234375 0.535800290625 0.7296709296875 0.5521413296875 0.72984140625 0.503121578125 0.7940411484375 0.5132898171875 0.7759411328125 0.643549959375 0.7907564578125 0.645896475 0.8137949156250001 0.51641850625 0.8581741109375001 0.491917425 0.653940553125 0.40701991406250004 0.2985730921875 0.44532540468750004 0.2537123265625 0.7605273953125 0.364960825 0.8412075375000001 0.463054803125 0.797187325 0.5032811640625 0.49526467656250006 0.5315251859375001 0.49273141093749995 0.5601400234375 0.535800290625
423 0.6683709515625 0.8752496234375 0.7465406859375 0.8771204734375001 0.7104812671875 0.9449793515625 0.6978979046875 0.9605030421875 0.7045270140625 0.9825730265624999 0.7204249296875 0.9780843296875 0.7534738328125 0.9132519718750001 0.7658199359375 0.915207403125 0.76768108125 0.8874754625 0.8306277546875 0.95349866875 0.8185856890625001 0.96560475 0.82413220625 0.9945099484375 0.843581934375 0.9835771265625001 0.849840225 0.960044965625 0.7920692515625001 0.8773248109375 0.82115860625 0.8854354515624999 0.8256225328125 0.9211758640625 0.8436856328125 0.9030167406249999 0.8480159984375 0.8756758874999999 0.7750219640625 0.8571080875 0.7899409859375 0.7788942203125 0.8069214953125 0.767570309375 0.8179477500000001 0.793840075 0.8615483906250001 0.79023571875 0.89134951875 0.7459089999999999 0.8930103234375 0.6235551609375001 0.9180434875 0.52942651875 0.929477478125 0.489197409375 0.9203791484374999 0.4667363390625 0.8472146359374999 0.49718829375 0.8154486656250001 0.6498073375 0.75919788125 0.6373947484375 0.7638322859375 0.6241154078125 0.783586053125 0.6272440968749999 0.7901483812500001 0.61777345 0.7220927890625 0.5999878234375 0.7086640937500001 0.60486760625 0.741068003125 0.6240132390625 0.7372789328125 0.6479364859375 0.6844094828125 0.6780995234375 0.6836309296875 0.6989962484375 0.7311542015625 0.7345499125 0.7325408312499999 0.7417762125 0.7424177140625 0.74334055625 0.7446496781249999 0.7612107625 0.739473978125 0.7779077109375 0.747726975 0.789724875 0.7726564406249999 0.7761566171875 0.756892084375 0.843726578125 0.737375575 0.8231187703125 0.723405584375 0.831416159375 0.7201578093750001 0.8519218000000001 0.64723055625 0.8648946343749999 0.6434414859375 0.8888178812499999 0.64621474375 0.9032704812500001 0.6656644734375 0.8923376562499999 0.6683709515625 0.8752496234375
299 0.228078140625 0.5707903421875 0.2434347625 0.5697192531249999 0.2455999453125 0.5560488265625 0.24228539062499999 0.545013834375 0.2441465359375 0.51728189375 0.2682974484375 0.5246103625 0.27208651875 0.500687115625 0.2460076796875 0.48954995468750007 0.250338046875 0.46220910000000004 0.23305349999999997 0.459471496875 0.23065105937500002 0.49062104375000004 0.1930714515625 0.4881723578125 0.1878957515625 0.50486930625 0.15995576875 0.521464084375 0.161105140625 0.5461695046874999 0.1753791703125 0.551933628125 0.18410668125000001 0.528792553125 0.22439276874999997 0.5141532046874999 0.225846178125 0.5529201375 0.228078140625 0.5707903421875