2001 0.5227703671875 0.3099128578125 0.47768972187500003 0.40613779843750003 0.82474355 0.4628023109375 0.800739615625 0.35292352656250003 0.7298359421875 0.268010525 0.60496514375 0.25835035624999997 0.5227703671875 0.3099128578125
423 0.7475883796875 1 0.746395959375 0.9922068124999999 0.7634998328125 0.9827766890625 0.76289346875 0.9590236359375 0.8106923374999999 0.843457521875 0.8327517359375 0.826834571875 0.83655725 0.7997569296875 0.823196171875 0.7544881250000001 0.8159406265625 0.7219113125 0.787712975 0.6982209796875 0.74020686875 0.6994337093749999 0.6949380625 0.7127947890625 0.6678604203125 0.708989275 0.65686208125 0.7311113921875 0.6663549265625 0.775836553125 0.67578505 0.7929404265625 0.6539138125 0.8924272375 0.5854356000000001 0.902526446875 0.5440350281249999 0.9164311703125 0.5529215078124999 0.9374032796874999 0.5285908953125 1 0.7475883796875 1
425 0 0.9229750062500001 0.29224429218750003 0.9678263484375 0.2977434609375 0.9567652890625 0.3440995578125 0.935667740625 0.261172975 0.9082346140625001 0.2241215625 0.8911934609375001 0.17981460625 0.8415754953125001 0.1515869546875 0.8178851625 0.0769404859375 0.787671090625 0.042189093750000004 0.8103995734374999 0 0.8197959765625 0 0.9229750062500001
351 0.47718796093750004 0.18516749999999998 0.49701005781249996 0.1563962015625 0.0658796375 0.05241374375 0.0278244921875 0.32319016875 0.4582231078125 0.348177 0.47718796093750004 0.18516749999999998
676 1 0.2152529109375 0.9976432624999999 0.21492169374999998 0.8953125749999999 0.88690723125 0.9500115062500001 0.8906500265625 1 0.5349634109375 1 0.2152529109375
1754 0 0.8018401890625 0.0848023953125 0.84400095625 0.1770963828125 0.8609166687500001 0.254461075 0.8717895671875 0.3555788203125 0.8820561 0.4384426828125 0.8818679406250001 0.5190692453125 0.8695314312500001 0.59413391875 0.8406346921875001 0.6288225890625 0.790284921875 0.6287598703125 0.7626636343750001 0.6044004515625 0.739516946875 0.547945146875 0.69213628125 0.45063291562499996 0.6547921062500001 0.346734225 0.6362454578125 0.22464437187500003 0.6348654046875 0.1246766359375 0.6444836890625 0.043506428125 0.6606884328125 0 0.6885133406249999 0 0.8018401890625
300 0.32829218125000004 0.5429269015625 0.25485844375 0.5602189359375 0.210196003125 0.5973330671875 0.226400746875 0.678503275 0.251303809375 0.6977817281250001 0.283399696875 0.72201570625 0.295610765625 0.74739969375 0.3414859359375 0.7577916671875 0.373519103125 0.7544043578124999 0.37236909375 0.7345195390625 0.3745436734375 0.7190466 0.40929506406250005 0.6963181171875 0.40923234375 0.6686968296875 0.4412655109375 0.6653095203125 0.45498207500000004 0.623846228125 0.44277100625 0.598462240625 0.43829640625 0.5741655437500001 0.404569584375 0.5615362703125 0.3863157015625 0.5510815765625 0.32829218125000004 0.5429269015625
1387 0.2459300796875 0.7640853625 0.21335326875 0.7713409062500001 0.1990303390625 0.7890511453125 0.20350493906249997 0.8133478421874999 0.24496823124999997 0.8270644062500001 0.28806245625 0.829176265625 0.32396385781250003 0.8263326 0.355997025 0.822945290625 0.363670775 0.7964112937500001 0.3310312421875 0.77604555 0.28461242656249996 0.7695218109375 0.2459300796875 0.7640853625
1387 0.5060636515625 0.737530528125 0.4773550734375 0.7453297171875 0.471312259375 0.7602590109375 0.49289073281249995 0.775125584375 0.533810378125 0.7927103828125001 0.561431665625 0.7926476625000001 0.6022885921875 0.7826111734375 0.61328693125 0.7604890546874999 0.5839719890625 0.7445351921875 0.5375531734375001 0.738011453125 0.5060636515625 0.737530528125
884 0.189600215625 0.771947271875 0.20935959375 0.7155546875 0.1513360734375 0.7074000125000001 0.15369881406250002 0.7747909359375 0.189600215625 0.771947271875
1387 0.0225343203125 0.6695749125 0.0314208 0.6905470203124999 0.0656912671875 0.6993080593750001 0.1010490234375 0.700332628125 0.1325385453125 0.7008135531249999 0.14740511875 0.67923508125 0.11476558750000002 0.6588693375 0.06780312656250001 0.6562138328125 0.0225343203125 0.6695749125
884 0.1882620453125 0.669198590625 0.202522253125 0.623867065625 0.1610589625 0.6101505015625001 0.161184403125 0.6653930765625 0.1882620453125 0.669198590625
884 0.470831334375 0.7917485328125 0.4883534125 0.7232076000000001 0.45408294531250004 0.7144465609374999 0.45149016093750005 0.7890303078125 0.470831334375 0.7917485328125
183 0.509743725 0.6552103109375 0.48768432656250005 0.6718332593749999 0.5005017609375 0.7209703000000001 0.52371116875 0.72423216875 0.554657046875 0.728581328125 0.5817346890625 0.7323868421874999 0.6010131421875 0.7074837796875 0.61751065 0.6743006031250001 0.57991559375 0.661127684375 0.5373650125 0.655147590625 0.509743725 0.6552103109375
351 0 0.6758415265625 0.0021058578125 0.67459315625 0.033595379687499996 0.67507408125 0.055654776562499994 0.6584511328125 0.0882315890625 0.6511955890625 0.11252828749999999 0.6467209890625 0.151754278125 0.6482892031249999 0.16854455156249998 0.5007526421875 0.03708729375 0.5098900015625001 0.00777235 0.4939361390625 0 0.507506653125 0 0.6758415265625
351 0.77278368125 0.692178165625 0.8075977921874999 0.6970709703125 0.8225898062500001 0.7307350718750001 0.8315390062500001 0.7793284671875 0.8382509062500001 0.8157735140625 0.8603103031250001 0.799150565625 0.8874298296875001 0.5781175453125 0.826144440625 0.5931722796875001 0.748779746875 0.58229938125 0.723646640625 0.7049956 0.77278368125 0.692178165625
665 0.610924190625 0.69309813125 0.5993822078125 0.7190884843750001 0.6170924453125 0.7334114125 0.6426018734375 0.77644291875 0.6647239921875 0.7874412578125 0.6629676156250001 0.7438033859375001 0.6877452390625 0.7078392640625 0.7114982921874999 0.7072328999999999 0.7335576890625 0.6906099515624999 0.7415869234375 0.57734385625 0.5967685859375 0.5412124109375 0.58263381875 0.6417865109374999 0.5943012421875 0.6710387328125 0.610924190625 0.69309813125
865 0.6568412453125 0.47865157031249994 0.646930196875 0.49303722031249997 0.6525548062500001 0.5372187359375 0.6757642140625 0.5404806046874999 0.6950426671875001 0.5155775421875 0.70108548125 0.5006482484375 0.6960672359375 0.48021978593750003 0.6805942984375 0.47804520625 0.6568412453125 0.47865157031249994
186 0.40371233906250004 0.42729806718749996 0.3844338859375 0.45220112968750004 0.3889084859375 0.476497828125 0.458536709375 0.4862834359375 0.47285963750000004 0.4685731984375 0.479446096875 0.4497756703125 0.45345574375000003 0.4382336859375 0.43078998124999995 0.43110358125000003 0.40371233906250004 0.42729806718749996
1228 0.205240478125 0.6045258921875 0.230624465625 0.5923148234375 0.24881562812500002 0.5751482296875 0.2885225453125 0.545226921875 0.31668747656249996 0.5412959671875 0.33101040625 0.523585728125 0.33257862031249996 0.4843597375 0.1812365453125 0.4946471078125 0.1637771875 0.590809328125 0.1842683703125 0.613412371875 0.205240478125 0.6045258921875
1387 0.0861616140625 0.4694512796875 0.10719644218749999 0.4881860890625 0.1386859640625 0.4886670125 0.1485970125 0.4742813640625 0.122063015625 0.46660761562499997 0.1027218421875 0.463889390625 0.0861616140625 0.4694512796875
1387 0.013815165625 0.47900684531250004 0.0370245734375 0.4822687140625 0.060777625 0.48166235 0.0740132640625 0.4716885796875 0.039742796875 0.46292754062499997 0.0126651546875 0.4591220265625 0.013815165625 0.47900684531250004
407 0.07631537499999999 0 0.0746406765625 0.018143278125000002 0.43559922812499996 0.1162083609375 1 0.12043546406250001 1 0.06535663124999999 0.534963409375 0 0.07631537499999999 0
1369 0.094650725 0.80199401875 0.1648853125 0.8355326812499999 0.4157769203125 0.8747378359375 0.422781584375 0.7968294984375001 0.4034404109375 0.7941112734375 0.13707586562500002 0.7527315390625 0.094650725 0.80199401875
351 0.1458579515625 0.24116271562499997 0.297262746875 0.25849663437500003 0.28693349375 0.3319930921875 0.4620913421875 0.34872064375 0.482143484375 0.177974675 0.49701005781249996 0.1563962015625 0.06255504843750001 0.048001864062499996 0.0283681375 0.319321934375 0.1344414078125 0.32239564375 0.1458579515625 0.24116271562499997
1142 0.27532879062500004 0.3303621578125 0.284570753125 0.26460216875000003 0.1607872453125 0.24720553125000003 0.1504579921875 0.32070198906249997 0.27532879062500004 0.3303621578125
1373 0.8352609640624999 0.47216971562500004 0.8374355437500001 0.45669677656249996 0.831330009375 0.44400478281250005 0.8197253046874999 0.4423738484375 0.8218998843750001 0.426900909375 0.8301799984375 0.424119965625 0.8406346921875001 0.40586608125 0.8345291578125 0.3931740875 0.8190562203124999 0.39099950781250004 0.8069078703124999 0.39323680781250003 0.8003214109375 0.4120343359375 0.8058833015625 0.4285945640625 0.8031650765625 0.44793573750000004 0.793254028125 0.46232138593750005 0.8070960312500001 0.47610067031250003 0.7988786375 0.506502903125 0.777362884375 0.5192576171875001 0.781837484375 0.5435543140625 0.7835311390624999 0.5595708984375001 0.8161079515624999 0.552315353125 0.8210007546875 0.5175012406249999 0.818157090625 0.48159983906250003 0.8264372046874999 0.4788188953125 0.8352609640624999 0.47216971562500004
1910 0.1443941296875 0.8129296374999999 0.1670598921875 0.8200597421875001 0.186401065625 0.8227779671875 0.1973994046875 0.8006558484375 0.191837515625 0.7840956203125 0.18077645625 0.7785964515625 0.169171753125 0.7769655156249999 0.15593611406250002 0.7869392859375 0.1443941296875 0.8129296374999999
1369 0.4498592265625 0.8006350125000001 0.6045886125 0.822380809375 0.6149178656250001 0.7488843515625 0.5126501109375 0.7187330000000001 0.4498592265625 0.8006350125000001
1369 0 0.7144225796875 0.127645740625 0.735627665625 0.17502640625000002 0.6791723609375 0.077714175 0.641828184375 0 0.6926556546875 0 0.7144225796875
436 0.453351140625 0.6354509328125 0.4726923140625 0.6381691578125 0.478254203125 0.6547293859375001 0.4799478578125 0.67074596875 0.5025508999999999 0.6502547859375001 0.5544688859375 0.645717465625 0.5527752312499999 0.6297008828124999 0.5339149828124999 0.5954931359375 0.5090119203125 0.5762146828125 0.4786096875 0.5679972890625 0.45872486874999996 0.5691472984375 0.4449455859375 0.582989303125 0.4571566546875 0.608373290625 0.453351140625 0.6354509328125
653 0.7128783453125 0.5851430453125 0.7586907968750001 0.5679137328125 0.719402084375 0.5387242296875 0.6884562078124999 0.5343750703125 0.6891252921875 0.5857494109375 0.7128783453125 0.5851430453125
1373 0.7898667171875 0.43028822031249997 0.7743937796875 0.428113640625 0.7622454296875001 0.430350940625 0.7606144953125 0.44195564374999996 0.766176384375 0.458515871875 0.756934421875 0.5242758609375 0.7453297171875 0.5226449265625 0.7459360828125 0.5463979796875 0.771926434375 0.5579399625 0.7757319500000001 0.5308623203125 0.7652145359375 0.521494915625 0.77723744375 0.4640150421875 0.791016728125 0.45017303750000004 0.7898667171875 0.43028822031249997
351 0.3376595859375 0.5324094875000001 0.3730173421875 0.5334340578125001 0.395139459375 0.544432396875 0.41176240937499997 0.56649179375 0.4277789921875 0.5647981390625 0.4476638109375 0.5636481296875 0.47087321875 0.5669099984375 0.502906384375 0.5635226890625 0.5272658031249999 0.5866693765625 0.5510815765625 0.6136842984374999 0.569941825 0.6478920453125 0.59011940625 0.5323886515625 0.4027504890625 0.49027711093750004 0.335359565625 0.4926398515625 0.3376595859375 0.5324094875000001
544 0.341339659375 0.4500892703125 0.2524329828125 0.465206725 0.3276230953125 0.4915525625 0.4154424828125 0.4841715765625 0.3756101265625 0.458850309375 0.341339659375 0.4500892703125
544 0.8145397359375 0.5915413453125 0.8769124156249999 0.568750140625 0.6690523140625 0.5040355578125 0.5829265828125 0.5274331265625001 0.8145397359375 0.5915413453125
1416 0.1329359140625 0.389242921875 0.1202439203125 0.3953484578125 0.1302176890625 0.40858409531250006 0.1281058296875 0.45167832187499996 0.16183265156249999 0.4643075953125 0.18667299375 0.45596476093750005 0.193740378125 0.4056777109375 0.183766609375 0.392442071875 0.1605572015625 0.389180203125 0.1329359140625 0.389242921875
1606 0.5109983390624999 0.47787788124999997 0.4480192953125 0.47691603281250006 0.5806892828125 0.5152847781250001 0.6138097390625 0.5041609984375001 0.5109983390624999 0.47787788124999997
1608 0.4976999796875 0.4602303640625 0.4911135203125 0.4790278921875 0.5369886921875 0.48941986562500006 0.56074174375 0.4888135 0.5656972687499999 0.4816206765625 0.559591734375 0.4689286828125 0.546899740625 0.47503421718750005 0.5485306750000001 0.46342951250000003 0.5534862 0.45623668906250003 0.56841549375 0.462279503125 0.5705900734375 0.4468065640625 0.547380665625 0.4435446953125 0.5445997203124999 0.43526458124999995 0.524777621875 0.46403587812499997 0.50543645 0.46131765312499995 0.4976999796875 0.4602303640625
884 0.3711355265625 0.43455361249999996 0.34792611875 0.43129174218750005 0.343576959375 0.46223761874999997 0.3629181328125 0.46495584375 0.3711355265625 0.43455361249999996
1416 0.21490064687500002 0.47965509375000004 0.22203075 0.45698933124999996 0.1888475734375 0.44049182187499997 0.18395476875 0.475305934375 0.21490064687500002 0.47965509375000004
503 0.3176493265625 0.47831692343750004 0.3224794109375 0.4158815234375 0.2528511875 0.406095915625 0.2585385171875 0.47789871875 0.3176493265625 0.47831692343750004
1532 0.739286903125 0.5375742203125 0.7668454703124999 0.5098902125 0.762914515625 0.48172527968749995 0.72423216875 0.47628883125000004 0.71927664375 0.48348165468750004 0.7050164359375 0.52881318125 0.739286903125 0.5375742203125
1008 0.5534234796875 0.4286154015625 0.55444805 0.39325764531249996 0.4914690046875 0.39229579531250003 0.4882071359375 0.41550520312500006 0.5534234796875 0.4286154015625
683 0.97857380625 0.575148440625 0.9553643984375 0.5718865703125 0.9411669093749999 0.644839384375 0.968244553125 0.6486448984375001 0.97857380625 0.575148440625
1716 0.3204929921875 0.5142183250000001 0.3198866265625 0.49046527187500005 0.24028463437499997 0.467444025 0.2445710734375 0.408876859375 0.0964908671875 0.39595482187500003 0.08833619375 0.4539783421875 0.179061965625 0.5101200453125 0.176343740625 0.5294612187500001 0.3204929921875 0.5142183250000001