423 0.1158702375 0.58226984375 0.09724413125 0.6012478484375 0.079317028125 0.617533875 0.088683028125 0.6505901125 0.10059806093749998 0.7265838703124999 0.116125734375 0.7995794140625 0.1202273578125 0.8292611953125 0.1308065703125 0.9486007859375001 0.1492596140625 0.9466612937500001 0.14851690312500002 0.9022246671874999 0.1421569375 0.8230285374999999 0.1893195703125 0.8233085656249999 0.2013454796875 0.8443019375 0.208750575 0.8867290640625001 0.216508546875 0.9605412359375001 0.23286457968750002 0.96667768125 0.2323755984375 0.933997684375 0.22609629999999997 0.8835966984375 0.2294115046875 0.8217132453125 0.29022655468749997 0.79306398125 0.29285625312499997 0.8647966453124999 0.3009603515625 0.90453179375 0.3166358609375 0.9041934859375 0.3227907859375 0.878670721875 0.308432615625 0.8448299265625 0.31211917499999997 0.8051647859375001 0.3028086125 0.7446083531250001 0.28132430625 0.7363924 0.245989290625 0.7178489156250001 0.23829350468750002 0.68199861875 0.20796913749999998 0.6550729609375 0.1867755203125 0.6402801765625 0.1847339484375 0.6208559203124999 0.194736765625 0.6132583046875 0.1875669203125 0.591754540625 0.16079975625 0.5893308609375 0.1376637125 0.574742234375 0.1158702375 0.58226984375
423 0.35432705000000003 1 0.35959274375 0.9952541921875 0.34753485781250004 0.8525034140625 0.455457103125 0.8516343734375 0.466945340625 0.9329100125 0.49334115 0.9131153781249999 0.483857525 0.869597459375 0.479495421875 0.7626969765625 0.4592545375 0.7569688453125 0.4458608328125 0.657563903125 0.4562719640625 0.6538511375 0.470741009375 0.6326915453125 0.4549663546875 0.613401440625 0.4248587578125 0.6165658765625001 0.3874267328125 0.6060983281250001 0.3595337703125 0.6116485078125 0.33121401562499997 0.62248056875 0.3030488453125 0.625440846875 0.282634896875 0.636751228125 0.2915925828125 0.665922615625 0.3075403015625 0.6681742093749999 0.3211138203125 0.8160027109374999 0.33047982187499997 0.8490589484375001 0.3492114234375 1 0.35432705000000003 1
423 0.53451340625 0.6508646515625001 0.540774225 0.7104323703125 0.537632084375 0.7552773125 0.5455076828125 0.8395511656249999 0.557787321875 0.8723011671875 0.5742979390625 0.8705658312500001 0.5714582187499999 0.83420514375 0.6646946453125 0.8244056000000001 0.68175643125 0.8933121343750001 0.694382196875 0.8919851124999999 0.6722895171875 0.6350745437499999 0.6932478843750001 0.6289439640625 0.6926043187500001 0.60413575 0.6797248234375 0.5937061390625 0.6489367015624999 0.5903958234375 0.6291041328125 0.58855254375 0.599986228125 0.5824481703125 0.5726376859375 0.5931781515625 0.5394618671875 0.604520603125 0.53451340625 0.6508646515625001
423 0.796987840625 0.5695979999999999 0.7675607671875 0.5792371859375 0.7456311875 0.5854698453125 0.7432250093749999 0.6092893453125 0.7705181140625 0.6260595578125 0.7753254875 0.718511428125 0.752833009375 0.7287310171875 0.7599104578125 0.7960684359375 0.7674701374999999 0.8306237812499999 0.7687572671875 0.8802402109375 0.773830103125 0.9098199140625001 0.7942070921875 0.9168429937499999 0.8069689640625001 0.916810921875 0.8006644359375 0.8101145984375 0.8993198265625001 0.7958177328125 0.9179039921875001 0.9352640593749999 0.9364931406249999 0.9346195171874999 0.9242437109375 0.8180739828125001 0.9078859109374999 0.6063845984375 0.9269203312500001 0.5912914453125 0.9215568062499999 0.5682885734374999 0.8913131062499999 0.5701580578125001 0.8698287984374999 0.56194210625 0.8383601546874999 0.5521570375 0.796987840625 0.5695979999999999
423 1 0.5537462125 0.98122758125 0.5567799 0.9585989984375001 0.5657045375 0.964506940625 0.593887209375 0.9800278656250001 0.6014206843750001 0.9900996187500001 0.6972470125 0.9556803781250001 0.7061016437500001 0.9514678796875 0.73142025 0.9555325421875001 0.77943549375 0.9636551203125 0.810003909375 0.9691547500000001 0.8343017312500001 0.96160181875 0.8652084546875001 0.9709863000000001 0.8890979625 0.9834759609375 0.8864759890625 0.971381115625 0.7620586734375 0.9897971999999999 0.77845264375 1 0.8649363140625 1 0.5537462125
1407 0.49497443125 1 0.9819670781250001 0.9468603375000001 0.63975903125 0.87677815 0.5923241875 0.8739082203124999 0.5365567453125 0.8758418484374999 0.502082065625 0.9121966718750001 0.358994434375 1 0.49497443125 1
369 0.561488825 0.41236341875000004 0.560425215625 0.458299153125 0.566178575 0.49435360624999997 0.574963196875 0.54056350625 0.565467840625 0.5716743875 0.5812424953125 0.5909644921874999 0.594839475 0.5895353921875001 0.6015572984374999 0.5600256984375 0.5909109156250001 0.5428151 0.589679225 0.46569847812500004 0.5816557921875 0.45475847500000005 0.5763292265625 0.413422140625 0.561488825 0.41236341875000004
369 0.758508915625 0.3903465171875 0.7609033640625 0.44115581718749997 0.7682093140624999 0.46395453125 0.7727629578124999 0.5446497703125 0.778534796875 0.5715374921875 0.8038417671874999 0.54138325625 0.789075284375 0.503657609375 0.7849736609375 0.47397582812500005 0.7839402609375 0.43611603125 0.777506378125 0.393586825 0.758508915625 0.3903465171875
183 0.7843333109375 0.1035238046875 0.7853851890625 0.1322168703125 0.7933901421875 0.1523236046875 0.8179426718749999 0.152361540625 0.8451366296874999 0.14950334062499998 0.8438494999999999 0.09988691093749999 0.8241899937499999 0.0810051203125 0.8015798890625 0.08076302656249999 0.7843333109375 0.1035238046875
183 0.718600009375 0.09472158593749999 0.6966889078125 0.0917875125 0.6719817953125 0.0996213578125 0.6659814546875 0.1172723421875 0.6745123468750001 0.151725609375 0.6833708875 0.161268584375 0.7252691421875 0.1581741546875 0.7271493812500001 0.12000812187500001 0.718600009375 0.09472158593749999
1678 0.67398319375 0.48302288437499996 0.6783570265625001 0.5152945671875 0.71318458125 0.5103247859375 0.7255566171875001 0.49724113281250004 0.7235150453125 0.4778168765625 0.67398319375 0.48302288437499996
570 0.713777690625 0.42254232500000005 0.7091938359375 0.42564261875 0.709719775 0.43998915156249996 0.71038181875 0.455630634375 0.7159184078124999 0.46159499375 0.7238242140625 0.462073315625 0.732429025 0.4598596578125 0.730505078125 0.45089708437500003 0.7270654999999999 0.4368567875 0.7213928078125 0.429597478125 0.713777690625 0.42254232500000005
1406 0.7381120015625 0.9436869140624999 0.7192321640625 0.9509082890625 0.70932849375 0.9781343171874999 0.760802771875 0.9727241515625 0.7529339234375 0.9539123671875 0.7381120015625 0.9436869140624999
135 0.312676771875 0.1845190390625 0.3463937953125 0.524000196875 0.3583390375 0.516198421875 0.4804396390625 0.5007466218750001 0.44302930781249994 0.135468534375 0.36989765937499997 0.14970125781250002 0.3342349953125 0.156068065625 0.3198213875 0.14972746406249998 0.312676771875 0.1845190390625
135 0.27038868125 0.174561884375 0.26990645 0.20734395781249998 0.28839821875 0.3926239421875 0.299967125 0.5026947234375 0.305411315625 0.554492740625 0.3212229296875 0.5554493828125 0.32523713593750003 0.49087395 0.31646424375 0.37003525000000004 0.30053998593750003 0.2185260546875 0.28858799375 0.160865759375 0.2764075015625 0.14774416875000002 0.27038868125 0.174561884375
575 0.11700101562500001 0.4342051140625 0.190114184375 0.42913912187500003 0.17939886562500001 0.3085045796875 0.1033905390625 0.30471007656250004 0.11700101562500001 0.4342051140625
575 0.2201713234375 0.313384009375 0.188411990625 0.310175771875 0.20603169375000002 0.515186246875 0.24072314375 0.5089215171875 0.2201713234375 0.313384009375
353 0.177261684375 0.6805577875 0.190957809375 0.6987571 0.21787955781249999 0.693309 0.2291627546875 0.66986574375 0.25472345625 0.6514681390625 0.243562865625 0.5452822078125 0.1568342375 0.5609440296875 0.177261684375 0.6805577875
1050 0.11758914218750001 0.48651352187499997 0.127555 0.49724936875000003 0.1251673015625 0.5119021375 0.1406882265625 0.5194356109375 0.150146625 0.5066581921875 0.1444924109375 0.490232153125 0.1567098640625 0.4850202796875 0.14594585625 0.457348 0.1216655359375 0.459899965625 0.11758914218750001 0.48651352187499997
1 0.158887540625 0.5057394859375 0.1631252671875 0.536716215625 0.19517528906249998 0.5333476234375001 0.1919457328125 0.48393535312499997 0.1657229890625 0.4866914734375 0.158887540625 0.5057394859375
301 0.7314276015625001 0.5437572687500001 0.7071657625000001 0.5371425015625 0.6762230578125 0.541703965625 0.6490291 0.544562165625 0.627934628125 0.549397796875 0.609054790625 0.55661916875 0.6182846875 0.5883804578125 0.6591747703124999 0.6037215703125 0.6739966921875 0.6139470234375 0.703832078125 0.6081926875 0.720515759375 0.5894188390624999 0.738479821875 0.5547993499999999 0.7314276015625001 0.5437572687500001
423 0.357078903125 0.7284302703125001 0.3612981515625 0.7685737328125 0.4684037671875 0.7599349890625 0.4727776 0.792206671875 0.485880615625 0.8981884453125 0.49782585937499996 0.8903866718750001 0.48285433437499997 0.7479421296875 0.4820746640625 0.721838965625 0.357078903125 0.7284302703125001
1009 0.8919616515625 0.45487540312499997 0.8744798218750001 0.4567128171875 0.88522535 0.4935518296875 0.8799240125000001 0.5085108328125 0.8754393046875 0.531239540625 0.8831535687500001 0.5579231046875 0.9014335484375 0.5730221234374999 0.911145675 0.5720013374999999 0.92588693125 0.5534316484375 0.9341203859375 0.5289996765625 0.929455865625 0.5033048250000001 0.928168734375 0.45368839687499996 0.912647809375 0.446154921875 0.8919616515625 0.45487540312499997
1009 0.5988469328125 0.45949789062499996 0.5792496140625001 0.478577975 0.5811550796875 0.49670727968749995 0.5895683484375 0.520698865625 0.5975917796875 0.53163886875 0.6170160359375 0.5295972984375 0.626202225 0.514229978125 0.6237523390625 0.49092087187500005 0.6200405515625 0.47429067500000005 0.608812790625 0.4702337359375 0.5988469328125 0.45949789062499996
676 0 0.45652776875 0.0556333515625 0.9434092546875 0.0901517390625 0.9541830390625 0.0091694 0.18368755781249999 0 0.1858739609375 0 0.45652776875
100 0.491230321875 0.033517490625 0.4944598765625 0.0829297640625 0.5685442578125001 0.077761690625 0.5642073859375001 0.027156546875 0.491230321875 0.033517490625
1075 0.2619100125 0.45825223125000003 0.2650404234375 0.488036090625 0.2807159328125 0.487697784375 0.2757792015625 0.4594130328125 0.2619100125 0.45825223125000003
979 1 0.527423409375 0.9964880265625 0.4870946734375 0.9798782640624999 0.4692015953125 0.9705307421875 0.4269786265625 0.9372103015625 0.1660111203125 0.9436374359374999 0.14307825624999998 0.51395306875 0.1843121359375 0.5147327390624999 0.21041530156250002 0.5565723421875 0.580464875 1 0.541692496875 1 0.527423409375
407 0.5095795437499999 0 0 0.054910264062500005 0 0.13690347187500002 0.05774851875 0.16941689843750002 0.9505837609375 0.0690298546875 0.9445026265625 0 0.5095795437499999 0
1754 1 0.5630506015625001 0.9963586703124999 0.551261790625 0.29112208125 0.6240758890625 0.236796353125 0.6677541640625 0.28125215625 0.9786122640625001 0.2938594421875 0.9864519734374999 0.30498805625 0.9708804984375 0.27728487031250004 0.7446724953125 1 0.65970324375 1 0.5630506015625001
570 0.6675677906249999 0.43132694843749997 0.6659967203125 0.4537494203125 0.6762347875 0.467075165625 0.6884522390625001 0.4618632921875 0.685983875 0.44772091875 0.676871603125 0.4264213109375 0.6675677906249999 0.43132694843749997
570 0.7508820671875001 0.45792016562500004 0.761002509375 0.46078423125 0.760649634375 0.4293991859375 0.75470473125 0.41954997499999996 0.7478692828125 0.4385979875 0.7508820671875001 0.45792016562500004
1901 0.8135034390625 0.42777179375 0.8013229453124999 0.414650203125 0.7933801796875 0.4325053453125 0.79458664375 0.45332662968750004 0.8101260484375 0.45169337187499997 0.8135034390625 0.42777179375
570 0.8516159875 0.4447140921875 0.8555193187500001 0.435139046875 0.8471060515625 0.4111474609375 0.8343072218750001 0.4295129953125 0.8360765828125001 0.4463473484375 0.8516159875 0.4447140921875
570 0.8969907796875001 0.4373264984375 0.8950853125 0.41919719375 0.8856823531250001 0.4044744171875 0.8776034828125001 0.4210346078125 0.8788099468749999 0.44185589218750004 0.8969907796875001 0.4373264984375
570 0.9311193328125 0.43504869843750005 0.9406953546875 0.4327329625 0.9379547796875001 0.41600068593749995 0.9321644625 0.39827969531249996 0.9193656328124999 0.416645228125 0.9216794140625 0.4386593859375 0.9311193328125 0.43504869843750005
570 0.6360621875 0.4398753421875 0.630253390625 0.43132108281250003 0.6238447359375 0.445087215625 0.6287999453124999 0.46420523437499994 0.6418340265625 0.4667630640625 0.6360621875 0.4398753421875
1678 0.7890937625000001 0.49449087656249996 0.7883325734375 0.45922097968750003 0.7293608015624999 0.468037675 0.7363760625 0.4974132203125 0.7489833499999999 0.5052529296875 0.7704861359375 0.50430215 0.7890937625000001 0.49449087656249996
1678 0.8439084734375 0.483492596875 0.839788371875 0.4629775484375 0.793034053125 0.46658236875 0.796319046875 0.488494446875 0.81016975625 0.49882197812499995 0.8354212875 0.4961679359375 0.8439084734375 0.483492596875
1678 0.8922960484375 0.4954271796875 0.911738784375 0.4842188765625 0.9057132156250001 0.44557452187499996 0.8392439515625 0.45779774531250006 0.842646571875 0.49017150625 0.8601099218750001 0.497500821875 0.8777278578125 0.49695835781250003 0.8922960484375 0.4954271796875
349 0.9644564843750001 0.48129653437500003 0.9591921062500001 0.4779220765625 0.948817934375 0.46330137968749996 0.9409121265625 0.46282305625 0.9403677078125 0.45764325625 0.93551164375 0.45815364843750006 0.9364643765625 0.46721830000000003 0.9316083125000001 0.46772869375 0.9297650328125 0.48756126406250005 0.9562599875 0.48739504375 0.9644564843750001 0.48129653437500003
1406 0.64906959375 0.93733458125 0.6314516578125 0.937877046875 0.6143596625 0.9527660421874999 0.6148671234374999 0.97627930625 0.6266393015625 0.9855160453125 0.6649433953125 0.9762531015624999 0.66373693125 0.955431815625 0.64906959375 0.93733458125
1406 0.6217832375000001 0.9860264390625 0.606843690625 0.9653393031249999 0.58825454375 0.9659838468749999 0.5772805140624999 0.9736835421875 0.570445065625 0.992731553125 0.6217832375000001 0.9860264390625
183 0.7445690234375 0.08020883281249999 0.7369354265625 0.0823204109375 0.7308174609375 0.0895097140625 0.725652228125 0.10576366875000001 0.727811425 0.1356496046875 0.7313871078124999 0.150984853125 0.737894909375 0.1568471328125 0.7527353109375 0.15790585625 0.7750732046875 0.1555580484375 0.781599484375 0.152253596875 0.7873091359375 0.14117944375 0.7839065171875 0.108805684375 0.77809771875 0.10025142499999999 0.769239178125 0.09070845 0.7494250874999999 0.079698440625 0.7445690234375 0.08020883281249999
183 0.7653358484375 0.1002834953125 0.755369990625 0.08954765 0.748299290625 0.08767230000000001 0.7360818390625 0.092884171875 0.7302176031250001 0.11183010468750001 0.7330942828125 0.1298573328125 0.7394475 0.14359139375000002 0.7473348265624999 0.153236446875 0.7535704187500001 0.1565088265625 0.7748009953125 0.152968146875 0.781055065625 0.147073796875 0.7823169671875 0.1403948875 0.7788773890625 0.1263545890625 0.7716890640625 0.1140175578125 0.7653358484375 0.1002834953125
183 0.9072875 0.07750824218749999 0.8992640671875 0.0665682390625 0.8906777359375001 0.059615165625 0.87513833125 0.061248421875 0.86332919375 0.070345146875 0.8557947421875 0.0920851390625 0.8497944015625001 0.109736121875 0.8528071859375 0.12905830000000001 0.8592965078124999 0.1440873109375 0.8713593749999999 0.14674721875000002 0.9042445046875001 0.1419815984375 0.9099541562500001 0.13090744375000002 0.914983284375 0.1133585390625 0.912669503125 0.0913443828125 0.9072875 0.07750824218749999
183 0.8644734703125 0.05320455625 0.8501590078125 0.0664923671875 0.8405460265625001 0.087141565625 0.8450374843749999 0.129874928125 0.8501472781249999 0.1411211671875 0.8556838656249999 0.1470855265625 0.9092366734375 0.1427661546875 0.9189488015625 0.14174536875 0.9260379796875 0.13445398749999998 0.9323105296875 0.11939290625000001 0.9342899140625001 0.1008552859375 0.92962539375 0.075160434375 0.9153663703125 0.06094805156250001 0.9015156609374999 0.05062052031249999 0.8843245203125001 0.0458811046875 0.8644734703125 0.05320455625
161 0.6183181109375 0.158941115625 0.6217761687500001 0.1638146828125 0.6264776484375 0.171176071875 0.65270039375 0.16841995 0.6524281828125 0.1658300484375 0.653826190625 0.16044609062499998 0.6527373515625 0.1500864859375 0.65537878125 0.14719035 0.651085615625 0.14371381249999998 0.6487348749999999 0.14003311875 0.6480543515625 0.1335583671875 0.6441879796875 0.12479994999999999 0.6363006515625 0.1151548984375 0.6303372703125001 0.11447241718750001 0.6242193046875 0.1216617203125 0.6232111328125 0.1400972625 0.6191716984375 0.1483773578125 0.6177736921875 0.153761315625 0.6183181109375 0.158941115625
183 0.59906691875 0.1439441765625 0.5979780796874999 0.133584571875 0.59717993125 0.1166481390625 0.5887297046875 0.110990015625 0.5754049359375 0.1150090171875 0.5614987874999999 0.1321816796875 0.559401778125 0.14025761718750002 0.568532528125 0.1523904921875 0.595318171875 0.14564744062499999 0.59906691875 0.1439441765625
183 0.606972725 0.144422496875 0.60003813125 0.143842096875 0.567561315625 0.15249257031250002 0.5719536265625 0.1755975203125 0.609830925 0.17161645625 0.6111297859375 0.146604084375 0.606972725 0.144422496875
183 0.54634921875 0.14686651875 0.5416477390625001 0.1395051296875 0.536383359375 0.136130671875 0.5305560828125 0.13674314375000002 0.524029803125 0.1400475953125 0.5248464328125 0.147817296875 0.5279768421875 0.17760115625 0.551422053125 0.17644622031249999 0.5572493296875 0.1758337484375 0.556723390625 0.16148721562499999 0.5503516953124999 0.1569198859375 0.54634921875 0.14686651875
183 0.54737586875 0.11926424531249999 0.5403051703124999 0.1173888953125 0.5298940390625 0.12110165937499999 0.5235038640624999 0.1257010609375 0.526535128125 0.1358565078125 0.529875559375 0.1302683921875 0.5344594140625001 0.12716809843750002 0.5415301125 0.12904345 0.5486008124999999 0.1309187984375 0.550388653125 0.1385864234375 0.549961859375 0.1438683046875 0.5513413875000001 0.1476510765625 0.5520219109375 0.154125828125 0.55839360625 0.158693159375 0.55822054375 0.1757316703125 0.56210539375 0.17532335625 0.5650190328125 0.1750171203125 0.5657180359375 0.17232514062499998 0.5671160421875 0.1669411828125 0.566163309375 0.1578765296875 0.5652105749999999 0.1488118765625 0.5618886234375 0.1452332609375 0.5595563625 0.1323858359375 0.5527763515624999 0.12393365468749999 0.54737586875 0.11926424531249999
444 0.544059553125 0 0.5438673546875 0.001800003125 0.5460635109374999 0.013352478125000001 0.5542415265625 0.0164207015625 0.5568644765624999 0.022691296875 0.565314703125 0.028349420312500002 0.5741917234375 0.0287256625 0.5743093484374999 0.039187345312499997 0.5713772296874999 0.048660312500000004 0.573709490625 0.061507735937499995 0.57520664375 0.07575219062500001 0.5704682046875 0.08672426562499999 0.5646224484375 0.09650346875 0.5587766921874999 0.10628267031250001 0.5540567328125 0.10808801562499999 0.5474128281249999 0.100930784375 0.5450805671875 0.0880833578125 0.5479942062500001 0.087777121875 0.5514707421875 0.08348395625 0.5513531171875 0.0730222765625 0.54622484375 0.0709427671875 0.5437564781249999 0.05680039218750001 0.5424323890625 0.025517425 0.541634240625 0.0085809921875 0.536097653125 0.0026166328125 0.5266392546875001 0.015394050000000001 0.524950559375 0.027354839062500004 0.523979346875 0.027456918749999996 0.519222428125 0.0475957234375 0.521146375 0.0565582984375 0.5232064265624999 0.066815821875 0.5223158796875 0.095713046875 0.5168969171875 0.10021036875 0.525192559375 0.11374027187499999 0.529331140625 0.1250885890625 0.5362472546875 0.13483572187499998 0.5486008124999999 0.1309187984375 0.5619255812499999 0.1268998 0.5679074421875 0.118415546875 0.577365840625 0.1056381296875 0.5806693140625 0.11838347499999999 0.5749781421875 0.12029089687500001 0.5736977609375 0.13613653750000002 0.57727344375 0.151471784375 0.5793150140625001 0.170896040625 0.5762467921875001 0.17907405625 0.5698381375 0.192840190625 0.5634294828125 0.206606321875 0.5574291421875001 0.2242573046875 0.5522639109374999 0.240511259375 0.5435229953125 0.24142996718749998 0.5345468296875 0.2214253109375 0.5334764703125 0.20189897812500002 0.5373798015625 0.1923239328125 0.53531975 0.1820664078125 0.530482165625 0.17341006875 0.52363996875 0.1269960125 0.5229594453125 0.1205212609375 0.5172867515624999 0.1132619515625 0.5138102156250001 0.11755511562500001 0.5101790937499999 0.1297200625 0.5120845609375 0.14784936875000002 0.5146705515625001 0.172453425 0.5150603859375 0.18550500781249998 0.511466225 0.1793364921875 0.509424653125 0.15991223593749998 0.5062757640625 0.1392951078125 0.5017103890625 0.133228671875 0.49934116875 0.1387147078125 0.49668126093750004 0.150777575 0.49928573125 0.16621490156250002 0.5033688749999999 0.20506341250000001 0.495599171875 0.2058800421875 0.4950362734375 0.209866971875 0.49585290156250006 0.2176366734375 0.5058372390625 0.21920578906250002 0.5114729734375 0.2447985609375 0.5136691296875 0.25635103593749997 0.524333990625 0.264394903125 0.539310496875 0.266748575 0.5518001578125 0.26412660312499997 0.5626380828124999 0.25513195781250003 0.5691828421875 0.242660775 0.572114959375 0.233187809375 0.5750655578125 0.21454811093749998 0.5815918375 0.2112436609375 0.5828167796875 0.2228982140625 0.5877719906250001 0.242016234375 0.5945335203125001 0.2596351453125 0.600614528125 0.27077930625 0.6073945375 0.27923148750000004 0.6147189671875 0.29286347031250004 0.6187399234375001 0.29375010625 0.6220803546875 0.28816199062500003 0.624041259375 0.27879110156250003 0.624894846875 0.2682273421875 0.6219996890624999 0.259366846875 0.62298938125 0.25009803750000004 0.6219005421875 0.23973843281249999 0.6217829171875 0.2292767515625 0.6265213562499999 0.21830467812499998 0.6302516218750001 0.22576814375 0.6364502546875 0.2473739859375 0.6461254234375 0.2646866625 0.6593140890625 0.25937271093750003 0.6615656828125 0.24342499218749997 0.6754163921874999 0.253752525 0.6880421578125 0.252425503125 0.70443515 0.24022848593749999 0.7088829 0.23583324062500002 0.7122418109375 0.2210783953125 0.7087215671875 0.178242953125 0.7079049375 0.17047325156249998 0.705436571875 0.156330875 0.7039394203125 0.14208642031250002 0.7029866859375 0.13302176875 0.7014895343750001 0.1187773140625 0.69665195 0.1101209765625 0.694981734375 0.11291503437499999 0.6935837265625 0.1182989921875 0.6914682375 0.1355416609375 0.68995260625 0.1304639390625 0.68538723125 0.12439750000000001 0.6820467984375 0.12998561718749999 0.6821644250000001 0.14044729843749998 0.6846327890625 0.154589675 0.6847319359374999 0.1742180875 0.6858207734375 0.184577690625 0.6888520375 0.1947331359375 0.6940979359375 0.20727432656250003 0.6943331875000001 0.22819768906250001 0.6916732796875 0.24026055624999998 0.6822333609375 0.24387124375 0.6711601843749999 0.231942525 0.6699352421875 0.22028797187500002 0.669953721875 0.21112124062499998 0.6689018421874999 0.182428175 0.6707266421875 0.1717623359375 0.678224134375 0.16835580625 0.6736587593750001 0.1622893703125 0.670745121875 0.1625956046875 0.6692479687499999 0.14835115000000001 0.6670702937499999 0.1276319453125 0.6666989375 0.10541363125 0.6674164203124999 0.0935549203125 0.667162690625 0.0817982875 0.6739611796875 0.0810837375 0.6796708312499999 0.070009584375 0.6762127734375001 0.06513601875 0.669414284375 0.06585056875 0.6666552296875 0.05828502343750001 0.6648858671875 0.0414506703125 0.6642238234375 0.0258091859375 0.6626090453125 0.00110305 0.6619045625 0 0.6553563125 0 0.654004234375 0.0033167078125 0.6525877484375 0.017867396875 0.653948796875 0.0308169015625 0.6563986828124999 0.05412600937499999 0.6577597296875 0.0670755125 0.653039771875 0.0688808546875 0.65263145625 0.06499600312500001 0.6482576250000001 0.0327243234375 0.6461975734375 0.022466798437499998 0.64149609375 0.0151054109375 0.639825878125 0.01789946875 0.6357864421875 0.0261795640625 0.6385270171874999 0.0429118390625 0.6401602750000001 0.058451243750000006 0.642746265625 0.08305530312500001 0.63899751875 0.0847585671875 0.6398141484375001 0.09252826875 0.6479921640625 0.0955964921875 0.648944896875 0.10466114374999999 0.6385522453125 0.09920717812499999 0.6355209828125 0.08905173281249999 0.624720015625 0.0797129140625 0.613764465625 0.07824587968749999 0.61349225625 0.075655978125 0.6161336859375 0.072759840625 0.61696879375 0.0713628125 0.622659965625 0.069455390625 0.624057971875 0.06407143125 0.6231052390625 0.05500677968749999 0.6139560093750001 0.0520406359375 0.6117783328125 0.0313214296875 0.6145558656250001 0.029720242187500003 0.6212182515625 0.027710742187499998 0.62677331875 0.0245083703125 0.6309488578125 0.0175232265625 0.6320746546875 0.009549367187500001 0.638056515625 0.0010651140625 0.6379445671874999 0 0.544059553125 0
1365 0.468494396875 0.50854839375 0.466242803125 0.5244961125 0.4695462765625 0.5372414609375 0.47716139531249996 0.5442966124999999 0.477415125 0.5560532453125 0.47739664531250003 0.5652199765625 0.47403773437499996 0.5799748234375001 0.473184146875 0.5905385828124999 0.4763330359375 0.6111557109375 0.48851352812500004 0.6242772999999999 0.494885225 0.62884463125 0.501547609375 0.6268351296875 0.5129484328125 0.6138535546874999 0.5212810328125 0.6090499968749999 0.5235141484375 0.6022690093749999 0.5243677359375 0.5917052484374999 0.5245407984375 0.5746667375000001 0.5187320015625 0.5661124765625 0.5154100484375 0.5625338609375 0.512941684375 0.5483914859375 0.5130962671875 0.54051970625 0.512143534375 0.5314550515625001 0.5028582 0.5271939578125 0.49621429531250005 0.5200367265625 0.49582445937499997 0.5069851453124999 0.474457778125 0.5092308734375 0.468494396875 0.50854839375
1387 0.893240265625 0.23347682500000003 0.8786720734375001 0.235008003125 0.8728263171874999 0.24478720625 0.8675249812500001 0.2597462109375 0.8695665531250001 0.279170465625 0.873705134375 0.290518784375 0.8796500359375001 0.30036799375 0.8878280515625001 0.303436215625 0.8968411765625 0.305107409375 0.9172366453125 0.302963759375 0.9245980328125001 0.29826227968749996 0.9175021062500001 0.240091590625 0.90697335 0.233342675 0.893240265625 0.23347682500000003
1782 0.8600711953125 0.3102813453125 0.8707545359375001 0.30915848125 0.8793593468750001 0.30694482343749996 0.881184146875 0.296278984375 0.87494855625 0.2930066046875 0.8634301078125001 0.29552649999999997 0.851775553125 0.2967514421875 0.8492702296875001 0.3009425296875 0.8521653890625001 0.3098030234375 0.8600711953125 0.3102813453125
1387 0.812221290625 0.2380644953125 0.7957106734375 0.23979983124999998 0.7852995421875 0.2435125953125 0.7759957281250001 0.24841823281250003 0.7729090265624999 0.26576298125000003 0.7702491171875 0.27782584843749997 0.7727174828125001 0.2919682234375 0.7806048109375 0.30161327656250003 0.7886282437500001 0.31255328125 0.7979135765625001 0.316814375 0.8116466609374999 0.316680225 0.8303719140625001 0.31733063281249996 0.8403747312500001 0.3097330171875 0.849134125 0.299647578125 0.855406675 0.2845864953125 0.85528905 0.2741248140625 0.8542002109375 0.263765209375 0.8440982484375 0.2517344140625 0.8309465421875 0.2387149015625 0.812221290625 0.2380644953125
1782 0.7707196187500001 0.319672575 0.7823741734375 0.31844763125000003 0.7859868140625 0.3154494171875 0.788219928125 0.3086684296875 0.7828194453124999 0.303999021875 0.7577040187499999 0.3079480140625 0.756578221875 0.3159218734375 0.7639211296874999 0.320387125 0.7707196187500001 0.319672575
1387 0.73840911875 0.2458224671875 0.7296682031249999 0.246741175 0.7094088390625 0.250179775 0.69122800625 0.25470916875 0.67856528125 0.2743696515625 0.678101528125 0.29798499375 0.6875044875 0.31270777031249997 0.6985776640625 0.32463648906250003 0.706619575 0.32640976093749996 0.7154965953125 0.3267860046875 0.740748128125 0.3241319625 0.7471383031250001 0.31953256093750004 0.7564421171875 0.3146269234375 0.7623063515624999 0.2956809890625 0.7610998890625 0.2748597046875 0.7536393546875 0.259932771875 0.743673496875 0.24919692499999999 0.73840911875 0.2458224671875
1782 0.6917791734375001 0.32535103906249996 0.69109865 0.3188762875 0.6876405921875001 0.314002721875 0.682784528125 0.31451311406250004 0.6701587625000001 0.3158401359375 0.6646036953125 0.3190425078125 0.66625543125 0.32541518125 0.6697134890625 0.330288746875 0.6774831921875 0.3294721171875 0.68927385 0.3295421265625 0.6917791734375001 0.32535103906249996
1387 0.6408493156249999 0.3359410046875 0.65444629375 0.3345119046875 0.6647213203125 0.3295041890625 0.6688968609375 0.32251904374999996 0.67101235 0.305276375 0.6724288359374999 0.290725684375 0.671339996875 0.2803660828125 0.667881940625 0.275492515625 0.660266821875 0.2684373640625 0.64849464375 0.2592006265625 0.6385103062499999 0.2576315109375 0.627826965625 0.258754375 0.6144652359375 0.2811068375 0.6088916906249999 0.293475940625 0.6102527375 0.306425446875 0.6156347421875 0.32026158437499996 0.629893765625 0.33447396875 0.6408493156249999 0.3359410046875
1782 0.621734228125 0.322239015625 0.6149357375 0.322953565625 0.5973178031249999 0.3234960296875 0.586906671875 0.32720879375 0.5918803609375 0.3371600828125 0.5979798484375001 0.3391375125 0.6172679984375 0.3358009890625 0.621734228125 0.322239015625
1387 0.5787034265625 0.267845234375 0.5688551953125 0.26757106875000003 0.553588 0.2717942265625 0.54871345625 0.28147135156249997 0.5559454875000001 0.340936990625 0.5728644203125 0.34308650625000003 0.5899379359375 0.33736424062500003 0.59607438125 0.32100820625000004 0.5983259750000001 0.3050604875 0.5932346609375 0.28464751875 0.5839678046875 0.27121969218749997 0.5787034265625 0.267845234375
570 0.9055518828125001 0.387984234375 0.9101357374999999 0.38488394062500003 0.9100181109375001 0.374422259375 0.9022484093750001 0.3752388875 0.8753266609375 0.3806869890625 0.8816798765625 0.39442105 0.9001329203124999 0.39248155625000003 0.9055518828125001 0.387984234375
570 0.8649155296875 0.38439975312499997 0.8614574718749999 0.3795261875 0.8536877703125001 0.380342815625 0.8392556828125001 0.3831689453125 0.8295435546875 0.38418973125 0.8280094437500001 0.3882787390625 0.8304962874999999 0.393254384375 0.8377030921875 0.3964246859375 0.8439386828125001 0.39969706562499996 0.8593419828125001 0.39676885624999997 0.8649155296875 0.38439975312499997
570 0.8271558562499999 0.3988425 0.8271743359375 0.38967576875 0.8231718593749999 0.3796224015625 0.8037476031249999 0.38166397343749997 0.799299853125 0.3860592171875 0.799417478125 0.3965208984375 0.8068964921875 0.4022811 0.8216007890625001 0.402044871875 0.8271558562499999 0.3988425
570 0.7769250000000001 0.4067404875 0.7913570875 0.40391435624999994 0.7976111578125 0.39802000625 0.7961140062500001 0.3837755515625 0.7708624734375 0.38642959375 0.7769250000000001 0.4067404875
570 0.7584719578125 0.4086799796875 0.757537703125 0.3904485953125 0.7439407250000001 0.3918776953125 0.7476525125 0.40850789374999996 0.7584719578125 0.4086799796875
570 0.7153487593750001 0.4001198546875 0.7190790265625 0.4075833203125 0.7244795093749999 0.4122527296875 0.739882809375 0.409324521875 0.7422520296874999 0.40383848437500003 0.740191978125 0.39358095937500004 0.739647559375 0.38840115937499997 0.7182808781250001 0.3906468875 0.7153487593750001 0.4001198546875
570 0.7109194890625 0.3953483671875 0.6895528078125001 0.3975940953125 0.69450801875 0.41671211562500005 0.7089401046875 0.41388598749999994 0.7109194890625 0.3953483671875
570 0.654725253125 0.40256387499999996 0.6491701859375001 0.405766246875 0.65012291875 0.4148309 0.659408253125 0.4190919953125 0.677861296875 0.4171525015625 0.6841338453125 0.40209141875 0.654725253125 0.40256387499999996
570 0.6124002046875 0.4109401828125 0.6144602546875 0.4211977078125 0.6225021671875 0.42297098125000004 0.637070359375 0.4214398015625 0.6426254265625 0.41823742968750005 0.6473638640625 0.4072653546875 0.6448770203125 0.4022897109375 0.614905528125 0.40674909687499994 0.6124002046875 0.4109401828125
1554 0.5800157859375 0.373757 0.57348950625 0.37706145156250004 0.5682066484375 0.38285372500000003 0.5633321046875001 0.39253084843749997 0.568033584375 0.3998922359375 0.570229740625 0.4114447109375 0.57646533125 0.41471709062500006 0.5796327 0.4261674875 0.6041852296875 0.4262054234375 0.6089051875 0.42440008125000006 0.61086609375 0.41502919218749995 0.613389896875 0.40167137343750003 0.6152146968750001 0.39100553437499996 0.613989753125 0.37935098125 0.6066468453125 0.3748857296875 0.5947200828125 0.373520771875 0.58626985625 0.36786265 0.5800157859375 0.373757
1387 0.562187828125 0.40967143906250003 0.5691224218750001 0.41025183906249996 0.5645755265625 0.3950186703125 0.5654291140625001 0.384454909375 0.5725182921874999 0.3771635296875 0.5827933187500001 0.372155815625 0.5730996703125 0.36400986875 0.5602016953125 0.362746990625 0.562187828125 0.40967143906250003
1387 0.6266709578125 0.350523765625 0.6086262296875 0.356348109375 0.600002940625 0.3677285 0.6115466171875 0.42150394375 0.644431746875 0.41673832187500004 0.64818049375 0.41503505625 0.65445304375 0.399973975 0.6537909984375 0.3843324921875 0.6500792109375 0.3677022921875 0.63789871875 0.35458070468749997 0.6266709578125 0.350523765625
1387 0.6684331078125 0.3461343875 0.6600820281249999 0.360104678125 0.6570138062499999 0.36828269375 0.6587831671875 0.3851170484375 0.65987200625 0.3954766515625 0.6659345328125 0.41578754375000004 0.6900787484375 0.4119406296875 0.6997908765624999 0.41091984375 0.713406334375 0.4003240109375 0.712335975 0.38079767656249996 0.7102944046874999 0.36137342031249997 0.7019987624999999 0.3478435171875 0.6950641671875 0.34726311718749997 0.6818939828125 0.3434103375 0.6684331078125 0.3461343875
1387 0.7259883921875 0.3518683828125 0.7188992140625 0.3591597640625 0.7161032015625 0.36992768125 0.715657928125 0.38437629218749997 0.7167467671875001 0.39473589531250003 0.7217019765625 0.413853915625 0.7333565296875 0.4126289734375 0.750838359375 0.4107915578125 0.7605504875 0.40977077343749996 0.7708255140625 0.4047630578125 0.771969790625 0.38762246718750004 0.772278959375 0.3718789046875 0.7680042734375 0.3592356359375 0.762467684375 0.353271278125 0.7538813546875 0.3463182046875 0.740284375 0.34774730468750004 0.7259883921875 0.3518683828125
1387 0.8034316859375 0.33194546406250003 0.7938556625000001 0.3342612015625 0.78441574375 0.3378718875 0.77565635 0.3479573265625 0.7725696484375 0.365302075 0.777388753125 0.38312514375 0.7824800671875 0.40353811406249995 0.790385875 0.4040164359375 0.8098101312500001 0.4019748640625 0.824378321875 0.40044368593749996 0.8278733390624999 0.38698378906249997 0.8284547171875 0.373830128125 0.827792671875 0.3581886453125 0.8183897124999999 0.34346586874999996 0.807588746875 0.3341270515625 0.8034316859375 0.33194546406250003
1387 0.8471362609374999 0.327351928125 0.834492015625 0.3378456828125 0.831114625 0.3617672609375 0.8371771515624999 0.38207815156249997 0.862119515625 0.3951676703125 0.876551603125 0.3923415421875 0.8886514296874999 0.37666798749999997 0.8889605984375001 0.3609244265625 0.88414149375 0.34310135625 0.8730683171875 0.33117263750000003 0.860733240625 0.325922828125 0.8471362609374999 0.327351928125
1387 0.903039809375 0.326713253125 0.8951155234374999 0.3354016625 0.888979078125 0.3517576953125 0.8918557578125 0.3697849203125 0.905415778125 0.386689284375 0.9145650062499999 0.389655428125 0.9357955828125 0.38611475 0.9281367578124999 0.331930990625 0.915665575 0.32538623125 0.903039809375 0.326713253125
1553 0.9186414015625 0.3630418703125 0.9140575468750001 0.3661421640625 0.9082302703125 0.3667546359375 0.90793958125 0.373331465625 0.9098635265624999 0.3822940390625 0.915400115625 0.3882584 0.9241410296874999 0.3873396921875 0.9326097359375 0.383831084375 0.932900425 0.377254253125 0.9297330562499999 0.36580385625 0.92254473125 0.35346682500000004 0.9186414015625 0.3630418703125
1365 0.675597971875 0.507729021875 0.6742369234375001 0.49477951718749996 0.67398319375 0.48302288437499996 0.6752450953125 0.4763439765625 0.668174396875 0.474468625 0.6633183328125 0.47497901875000004 0.664580234375 0.4683001078125 0.6594519609375 0.4662206015625 0.6457188765625 0.46635475 0.6360067484374999 0.4673755359375 0.62948046875 0.47067998749999995 0.6291713015625 0.4864235484375 0.638283571875 0.50772315625 0.6445006828125 0.5201622671874999 0.6658673640624999 0.5179165375 0.675597971875 0.507729021875
423 0.3937547203125 0.5635370515625 0.3807021609375 0.5701459546875001 0.36516275625 0.5717792109375 0.3528091984375 0.5756961328125 0.3468273375 0.584180384375 0.347353278125 0.59852691875 0.3567747171875 0.6040829640625 0.369808796875 0.60664079375 0.4086388296875 0.61172438125 0.47066034375 0.6038964015625 0.4726212484375 0.5945255125 0.4754542203125 0.5654241328125 0.46935473281249995 0.563446703125 0.45964260625 0.5644674890625 0.44258756874999994 0.5610230234375 0.42941738437500004 0.55717024375 0.40777849218749995 0.556826071875 0.3937547203125 0.5635370515625