1250 0.2375734890625 0.391276484375 0.0665924109375 0.4104473421875 0.0965349453125 0.5994970640624999 0.26304679375 0.5770791203125001 0.2375734890625 0.391276484375
410 0.141922346875 0.38665142656249996 0.12202048593749999 0.3858486296875 0.102957321875 0.440282184375 0.1190010234375 0.441696053125 0.12186465937499999 0.48474685781250004 0.1358834203125 0.498346271875 0.16674868125 0.4934576953125 0.20005822968750003 0.5040017484375 0.2250403921875 0.5119097890625001 0.24960320625 0.49219965312499997 0.2715300078125 0.48081690468750005 0.2883765078125 0.46232891406250004 0.2879571609375 0.4347107390625 0.2875378125 0.4070925640625 0.27432184843749996 0.37359129062499996 0.24731474531250003 0.3778687953125 0.2387956328125 0.3989927984375 0.22194913437500002 0.417480790625 0.2117885296875 0.40327030468749997 0.21461626875 0.37118289843749996 0.1914673234375 0.37484933125 0.17950939999999999 0.42420258281249995 0.1569715265625 0.4317271734375 0.141922346875 0.38665142656249996
300 0.30731974375000004 0.5819318 0.2534972625 0.5667267921875 0.22202092968749998 0.5677572109375 0.1852725703125 0.5854424046875 0.1536045125 0.6102328421875 0.1578820171875 0.6372399453125001 0.2013521703125 0.661994484375 0.2210623046875 0.6865572984375 0.2551746515625 0.6771994921875 0.2728239484375 0.638809640625 0.289670446875 0.62032165 0.30731974375000004 0.5819318
1050 0.2865791890625 0.5258926515625 0.2924981859375 0.5882342453125 0.3227523734375 0.5794875109375 0.3046478328125 0.5151209765625 0.31438908906249996 0.5017132875 0.2979260390625 0.47268124218749996 0.27294387656249997 0.46477320312500003 0.276418584375 0.511682165625 0.2865791890625 0.5258926515625
1050 0.0705582625 0.6352509015625001 0.0853798203125 0.6289484562500001 0.082707909375 0.5621376328125 0.0790414765625 0.5389886875000001 0.069072596875 0.5010181828125 0.049781809375 0.50407354375 0.039848828125 0.54124125 0.056503603125 0.5465132765625 0.0705582625 0.6352509015625001
300 0.37749758125 0.4007542203125 0.3710034109375 0.40969267968749995 0.35679292500000004 0.4198532828125 0.36248429843749996 0.430816684375 0.37711413125000004 0.44827425468750004 0.40087415000000004 0.4484659796875 0.4055351046875 0.4279530484375 0.394763428125 0.4098844046875 0.37749758125 0.4007542203125
1564 0.4167261265625 0.47363986718750006 0.42077600937500004 0.44926877656249997 0.3795584203125 0.4637068859375 0.390330096875 0.48177552968750004 0.410651303125 0.5101965015625 0.4167261265625 0.47363986718750006
581 0.4611067703125 0.7039071781249999 0.48670000468749997 0.715673375 0.51939848125 0.7223592703125 0.548430525 0.7058962203125 0.45645805156249997 0.3249690390625 0.4197096921875 0.342654234375 0.4470521109375 0.615169553125 0.4611067703125 0.7039071781249999
581 0.646945303125 0.7535720828125 0.6778105640625001 0.74868350625 0.7310219734375 0.7600303562499999 0.6537992625 0.22252430781250002 0.6093345875 0.24143164687500002 0.666164296875 0.6002403015625 0.6720832921875 0.6625818953125 0.646945303125 0.7535720828125
676 0.66658364375 0.6278584765625 0.6549732734375 0.5545534828124999 0.6362217625000001 0.4111905796875 0.62380859375 0.357787446875 0.549700803125 0.3892996765625 0.5933145468750001 0.7146070578125 0.6639835281249999 0.7113240750000001 0.66658364375 0.6278584765625
683 0.604817225 0.5624974203125 0.5843042921875 0.557836465625 0.5751741078125 0.5751023125 0.59507596875 0.5759051093750001 0.604817225 0.5624974203125
2001 0.538078196875 0.715445753125 0.5862093046875 0.7196873593750001 0.5985865734375 0.6979522828125 0.555200453125 0.4240230953125 0.5413734156250001 0.38666366406249997 0.4731487234375 0.40537927656250006 0.5061107218750001 0.5385815765624999 0.530134259375 0.665289703125 0.538078196875 0.715445753125
340 0.34448745000000003 0.5918647796875 0.3203080859375 0.5640548796875 0.0474093171875 0.638917334375 0.06876094375 0.6988146390625001 0.35120924375 0.6343045140625 0.34448745000000003 0.5918647796875
436 0.46714569531250005 0.5922123328125 0.4575961640625 0.581860003125 0.426730903125 0.58674858125 0.40602624687500005 0.60584764375 0.41618685 0.6200581296875 0.47203427343750004 0.6230775921875 0.46714569531250005 0.5922123328125
423 0.326945846875 0.8556692625 0.352119734375 0.839817284375 0.3736630859375 0.8759545718749999 0.3789351125 0.8592997984374999 0.382565646875 0.8073105328124999 0.437190925 0.8026136812500001 0.46320350625 0.841998053125 0.481883221875 0.8350845343750001 0.43696330312500004 0.7512354875 0.4332968703125 0.7280865421875 0.448693603125 0.65050404375 0.43994686875 0.6202498546874999 0.39567391875 0.615397175 0.380852359375 0.621699621875 0.34857322968750004 0.6426319015625 0.3290907171875 0.6694472796875 0.33275715 0.6925962250000001 0.338867871875 0.7311778 0.3080026109375 0.7360663781250001 0.2968474859375 0.76551776875 0.3039886265625 0.8355756781249999 0.326945846875 0.8556692625
423 0.21942081406249997 0.651222809375 0.180036440625 0.677235390625 0.160553928125 0.70405076875 0.150620946875 0.7412184749999999 0.1689172140625 0.7818249921875 0.1431322546875 0.7938188125 0.1268968265625 0.8161649609375001 0.12853831875 0.8514994515625001 0.11596932499999998 0.8969945453125 0.13667398125000002 0.87789548125 0.15940357968750002 0.8466108734375 0.1858355078125 0.9136134218749999 0.187477 0.9489479125000001 0.215095175 0.9485285640625 0.2048986734375 0.8591798687500001 0.282061825 0.8469584250000001 0.3206792984375 0.9159859156250001 0.3452421125 0.8962757796874999 0.29971112187500004 0.808568575 0.2871062296875 0.7789254578125 0.29256998125 0.738510665625 0.3010890921875 0.7173866624999999 0.30330575937500004 0.6814411 0.2907008671875 0.6517979828125 0.25414423125 0.645723159375 0.21942081406249997 0.651222809375
436 0.18511674218750002 0.6843406328125 0.17961709374999998 0.6496172140625001 0.1412272421875 0.63196791875 0.10975090937500001 0.6329983375 0.0768607078125 0.650072459375 0.06956374062500001 0.6789127796875001 0.095768046875 0.694537134375 0.1298803921875 0.685179328125 0.18511674218750002 0.6843406328125
1754 0.233667196875 0.716200415625 0.376610753125 0.6698307296875 0.4828059484375 0.6411462359375 0.49823857968749996 0.6387019484375001 0.45721271406249997 0.6293800390625 0.40522345 0.6257495046875 0.3648086578125 0.620285753125 0.33069631093749996 0.629643559375 0.3081584375 0.63716815 0.2752682359375 0.6542422718750001 0.23221743125 0.6571059078125 0.1639927390625 0.6758215203125 0.115058834375 0.6914817734375001 0.08033541562499999 0.6969814234375 0.053939384374999996 0.7051170859375 0.034037525 0.7043142890625 0.048283909375 0.7692918953125 0.0817851828125 0.75607593125 0.233667196875 0.716200415625
407 0 0.3181372421875 0.34292999062499996 0.307355640625 0.6326393609375 0.1388669859375 0.611096009375 0.10272969843749999 0.6246954234375 0.0887109375 0.352947003125 0.0210132859375 0 0.0769146 0 0.3181372421875