1146 0.739258803125 0.47110481875000004 0.9411418734374999 0.4672537125 0.880781690625 0.0808274671875 0.6865107312500001 0.148720684375 0.739258803125 0.47110481875000004
1050 1 0.47565680468749993 0.9988490406249999 0.4693634078125 0.9766823859375 0.3187545703125 0.963819996875 0.2375446390625 0.9412953828124999 0.244487071875 0.9231877640624999 0.24735503749999999 0.9157647265625 0.3070287140625 0.9026159703125 0.35185980156249996 0.9268787453125 0.3558916828125 0.9655632046875 0.3497646671875 0.9657012249999999 0.366617225 0.9706498781249999 0.3872077 0.9760381765625 0.42122807656249994 0.9771270796874999 0.43343018437499997 0.9816002906250001 0.45634588281250005 0.9741568328125 0.4732742703125 0.9804500062500001 0.49702667500000003 0.9804142109375 0.512781803125 0.970327715625 0.5290038421875 0.9734103968750001 0.543140090625 0.994984128125 0.5408481093749999 1 0.5400536734375 1 0.47565680468749993
423 0.5902262625 0.467710184375 0.5681310828125 0.466709871875 0.5659021078124999 0.5165612015625001 0.5716840453125 0.5583939609375 0.5720776828125 0.56620634375 0.5536684390625 0.5724969640625 0.5328359796875 0.5847961921875 0.5337612765624999 0.617273515625 0.5771643562500001 0.603649375 0.609867478125 0.5917199421875 0.6403212015624999 0.586896546875 0.634840890625 0.54164113125 0.6330005046875 0.49805913124999995 0.63319990625 0.4620287875 0.61097691875 0.4655485640625 0.5902262625 0.467710184375
423 0.4705891734375 0.5114079859375 0.4472414859375 0.5184807796875 0.4232445421875 0.526781365625 0.4000706703125 0.5349515921875 0.4035469921875 0.556900221875 0.417907296875 0.5996242234375 0.42633227187499995 0.6421633265625 0.4303300421875 0.6674042499999999 0.4833083796875 0.6556384234375 0.49032240156249995 0.64665278125 0.4963549109375 0.5781996515625 0.48403439062500003 0.543027309375 0.4705891734375 0.5114079859375
423 0.2663953234375 0.5752480281250001 0.2320000484375 0.581820665625 0.22949503125 0.597966878125 0.242510815625 0.6375289484375 0.25141123125 0.677742828125 0.266395209375 0.7563668078125 0.3006984703125 0.73855913125 0.3673572234375 0.7066271578125 0.35150416562500003 0.6225160203125 0.3276862 0.552040971875 0.2968030421875 0.5648071125 0.2663953234375 0.5752480281250001
423 0.0462614515625 0.64498760625 0.018276946875 0.6494199171874999 0.053423590624999996 0.8553459515625 0.11185160624999999 0.8247175984374999 0.15979948906250002 0.8024989046875 0.1840980578125 0.7907756609375001 0.167851359375 0.6988521390625 0.1415999703125 0.6130130515625 0.096422934375 0.6314180031250001 0.0462614515625 0.64498760625
423 0.8438248328125001 0.6199124890625 0.8061372640625001 0.627006575 0.7899620421875 0.68469158125 0.7905959265625 0.74196420625 0.7736590125 0.7468966734375 0.7794409484375 0.7887294328125 0.75340421875 0.7894783624999999 0.7577700421875 0.8596594421875 0.771031234375 0.8688086875 0.7621666140625 0.8128396812500001 0.7925385359375 0.8181538937499999 0.8005084890624999 0.9057635156250001 0.73192755 0.9042510953124999 0.7318201625 0.9515164765625 0.7790011890625 0.9564183093749999 0.8887255984375001 0.93003998125 0.8942110734375 0.895422328125 0.8854640515625001 0.8135605890625 0.8822587234375 0.7240713624999999 0.878925584375 0.639102225 0.8950190031249999 0.591554828125 0.8884702109375 0.576842596875 0.8737468984375001 0.5904241531250001 0.8438248328125001 0.6199124890625
1762 0.1617700703125 1 0.28423688281250004 0.9222851515625001 0.4773525109375 0.7938270125 0.68116809375 0.6636741671874999 0.775709125 0.5947021984374999 0.683039228125 0.5902553265625 0.55228295625 0.6649632249999999 0.3252014890625 0.7920512578125 0.06281986875 0.9359798984375001 0.07295965625 1 0.1617700703125 1
444 0.4497161015625 0.075979065625 0.46146916562499996 0.10224159531250002 0.47391749375 0.13289385 0.4651755203125 0.15227782343750002 0.446280621875 0.1395210234375 0.43475759218750004 0.1413460921875 0.4195844234375 0.12012509843750001 0.409257684375 0.0868868953125 0.41504478437500003 0.0488465875 0.4160314625 0.0284410109375 0.4228256640625 0.01274041875 0.4147227375 0.0095239515625 0.3511722515625 0.018464398437499998 0.36287931093750003 0.03910940625 0.3778888734375 0.080605615625 0.37815470156250003 0.0929380859375 0.360742346875 0.1001957765625 0.34285455 0.1097786921875 0.3512233078125 0.12532763125 0.3559061296875 0.13358563437499998 0.3169200453125 0.1431353078125 0.2915785796875 0.1482739625 0.270873928125 0.15605310156250002 0.2591310765625 0.1511632203125 0.25665164375 0.13018165937499998 0.26357365312500003 0.1099609796875 0.2390092546875 0.109351753125 0.236437809375 0.077135153125 0.2441368859375 0.051166592187500005 0.2279310328125 0.0447336578125 0.20653111875 0.0481230703125 0.18166509375 0.0509365015625 0.172355665625 0.061410659374999996 0.18388890625 0.0809582375 0.19464508125 0.1062536953125 0.20682758125 0.12457347968750002 0.20926100625 0.139937521875 0.2256508859375 0.168840534375 0.23830882656250002 0.18483509375 0.2561710390625 0.2123799515625 0.2696418421875 0.2068715 0.29551496718750003 0.2263977875 0.3275790421875 0.23706879375 0.34157129375 0.2348526390625 0.35405541875 0.24974976718750003 0.365241028125 0.26710248124999997 0.36887074375 0.24740325 0.378134165625 0.231311571875 0.415382090625 0.2107875828125 0.43775847187499994 0.16561994687499998 0.450406203125 0.160241859375 0.4643166515625 0.1681633125 0.4837227859375 0.162839759375 0.49289419375000004 0.1355130421875 0.496733521875 0.101156115625 0.497802003125 0.07061293125 0.5039009390625 0.050522612499999994 0.4774705703125 0.043459160937500005 0.4434689328125 0.0578441796875 0.4497161015625 0.075979065625
423 0.6492470859374999 0.77110143125 0.5950622484375 0.7965578859375 0.556249978125 0.8072049890624999 0.544977403125 0.8798629484375 0.5470682453125 0.9942778406249999 0.7245045140624999 0.9639247734374999 0.7304705921875 0.8471088312499999 0.733180175 0.715059209375 0.7193515265625 0.6970001484374999 0.7001754265625 0.7304112984375 0.6492470859374999 0.77110143125
1754 0.387768865625 1 0.440268075 0.975194565625 0.5339400249999999 0.9007354390625 0.7620797640625 0.7217315765625 0.8566463796875 0.615631834375 0.8514421078125001 0.6040815359375 0.6220397671875 0.58866708125 0.5619195953125 0.6139386375 0.2133810765625 0.7838877640625 0.0946130671875 0.833072721875 0.061306695312500006 0.8518474671874999 0.0562506546875 0.8785223734375001 0.07341243750000001 0.9815505734375 0.075620646875 1 0.387768865625 1
1754 1 0.5101463203125001 0.947746884375 0.508956109375 0.79646494375 0.5126675125 0.740925371875 0.5135893874999999 0.668530690625 0.509306121875 0.6337519859375 0.5294390234375 0.6410522624999999 0.5755311453124999 0.6607702328125 0.5881575828125001 0.6572939109375 0.5662089531250001 0.66617390625 0.5636775390625 0.6728607171875 0.595242328125 0.6988514421875001 0.5888758796875 0.6955029296874999 0.5624071609375 1 0.5787586546875 1 0.5101463203125001
1875 0.5641999734375001 0.1275942 0.544098575 0.1285280265625 0.5301063218750001 0.13074418125 0.509401671875 0.1385233203125 0.4952816109375 0.1452595640625 0.47400950625 0.14412888906250002 0.47660653750000004 0.13921771562500002 0.4750421921875 0.12934083125 0.4621644296875 0.10663132187499999 0.45921976718749996 0.1093476328125 0.4570163765625 0.1220711890625 0.45687835625 0.1052186296875 0.454271115625 0.088757159375 0.4429116890625 0.0703070125 0.4319919078125 0.06528676875 0.4286996140625 0.065808215625 0.4193901859375 0.076282375 0.4141041125 0.074869684375 0.40239189062499997 0.134097740625 0.43523303281250003 0.1390208671875 0.4383259265625 0.1745297609375 0.42811162343750003 0.19527188906249998 0.42326519375 0.20728909999999998 0.41113891406249997 0.2159594828125 0.3789572390625 0.2311812109375 0.37034307499999997 0.24604509375 0.3688809546875 0.268775896875 0.3631194390625 0.26968843124999997 0.3521076453125 0.253433146875 0.340932246875 0.2574530796875 0.329976671875 0.2681879609375 0.32218558124999996 0.282921484375 0.3331513671875 0.2935592484375 0.3311217921875 0.3073802359375 0.329613665625 0.32449351875 0.3342964890625 0.3327515234375 0.34309467968749996 0.34035771718749996 0.3651438515625 0.335740509375 0.346351178125 0.3555913953125 0.3525063328125 0.36249124374999997 0.363507915625 0.3573738796875 0.3602616265625 0.363512846875 0.3565398984375 0.371977040625 0.3481353453125 0.3721832296875 0.334526521875 0.3608391203125 0.3193635640625 0.3609907734375 0.3038989828125 0.3645650859375 0.30000343749999997 0.3719318453125 0.301046334375 0.378516434375 0.30859201718749996 0.3941957359375 0.3236731703125 0.4041816890625 0.35392749375 0.435388634375 0.36541472812500003 0.44931869375 0.36697907343749997 0.45919557656250004 0.374780375 0.4658347 0.3917274984375 0.48227488125000006 0.4007455140625 0.496596025 0.39537763593749997 0.5053209421875 0.39659434843749997 0.5130029625 0.39868014218750003 0.5261721406250001 0.40236607500000005 0.533463075 0.4105968125 0.5321594546874999 0.4219460265625 0.5292369546875 0.4301767640625 0.5279333328125 0.4365875359375 0.52579300625 0.44382138125 0.5235223140625 0.455472221875 0.5171771578125 0.46036465781249997 0.510777465625 0.4710646140625 0.509082759375 0.4940134984375 0.57407065 0.49882413124999997 0.577808565625 0.5128163828125001 0.5755924109375 0.5144625296875 0.5753316875000001 0.5197844 0.56098925 0.5223354234375 0.55046055625 0.5293034390625 0.535857396875 0.5309035796875 0.5299791515625001 0.5381374265625001 0.5277084624999999 0.5445482 0.525568134375 0.5513066046875 0.52562266875 0.5460563281249999 0.508454853125 0.5408980624999999 0.5025220734375 0.5411996875 0.4990994171875 0.54531505625 0.49844760781249997 0.550253496875 0.497665434375 0.5540672390625 0.5004362812500001 0.560871653125 0.5061083359375 0.5660299156249999 0.5120411140625001 0.574608284375 0.5129323546875 0.5795467265625 0.5121501828125 0.582015946875 0.511759096875 0.5859574984375 0.5100098546875 0.587859265625 0.5007089546875 0.5872918109375 0.4917991421875 0.5814842875 0.48709415624999997 0.5780999796875 0.476380565625 0.5706003046875 0.46631878593750004 0.54694078125 0.4554415890625 0.53424704375 0.4552021578125 0.533204146875 0.4486175671875 0.521195465625 0.431395215625 0.5352337234375 0.4347965796875 0.544762975 0.43103737343750004 0.5561581953125 0.433732390625 0.560922821875 0.4318527875 0.56022755625 0.42746306250000005 0.5530295062499999 0.41397862500000004 0.559961728125 0.41513059218750004 0.570569671875 0.4022008453125 0.5763311859375 0.4012883109375 0.5919695859375 0.39881143125 0.604315690625 0.3968560015625 0.6029251625 0.38807654999999996 0.6030069640625 0.3779389421875 0.5971994406250001 0.3732339578125 0.5847613234375 0.36395434843749996 0.5733661031249999 0.361259328125 0.5716739484375 0.355902534375 0.5651251562499999 0.341190303125 0.572359003125 0.33891961249999997 0.584960725 0.32792400625 0.5899809687500001 0.3170042265625 0.595696478125 0.3104741734375 0.5939583171875 0.2994998578125 0.589147684375 0.2957619421875 0.5809169484375001 0.2970655625 0.5633307765625 0.3032258234375 0.5490369 0.308864634375 0.5610711671875 0.2889592125 0.5812339484375 0.23514248593749998 0.5723897499999999 0.22191877343750002 0.5603452703125 0.220451546875 0.544405246875 0.22635108437499998 0.533010025 0.2236560640625 0.5162827234375 0.213930834375 0.5148921953125 0.2051513828125 0.5296615140625 0.197187346875 0.5390987515625 0.1821931 0.5393543703125 0.1731529234375 0.5404330625 0.16398238437499998 0.5431118953125 0.14893360312499998 0.55225771875 0.158734659375 0.5589701171875 0.1531716765625 0.5787596796875001 0.134287859375 0.5641999734375001 0.1275942
1075 0.33289563437499997 0.48371820468750004 0.3458909953125 0.48053497968750003 0.3398534390625 0.447742396875 0.3278549671875 0.4518926921875 0.33289563437499997 0.48371820468750004
444 0.03642575625 0.1886862 0.038823385937499996 0.2198053671875 0.0368296078125 0.217871228125 0.029294134375000003 0.22356457500000002 0.026001840625 0.22408602187499999 0.0235786265625 0.23009462812499998 0.023021382812499998 0.2425574609375 0.0257564328125 0.2544988453125 0.020168734375 0.2565088109375 0.019299653125 0.25102165468750004 0.0156495171875 0.22797559375 0.011186515625 0.2264325390625 0.0077664109375 0.2314740765625 0.0115903640625 0.25561756875 0.008645703125 0.2583338796875 0.0119482078125 0.2791850796875 0.016411209375 0.28072813124999996 0.0235172453125 0.2829775296875 0.0246419453125 0.2794245109375 0.030449467187500003 0.2841294953125 0.031144731250000002 0.288519221875 0.0317121875 0.2974290359375 0.036650628125 0.2966468640625 0.0420645109375 0.293539465625 0.0598807171875 0.315466803125 0.0643897234375 0.32262737656249996 0.0709743125 0.3215844796875 0.0712759375 0.31816182187500003 0.07070848125 0.3092520078125 0.075125475 0.3051775421875 0.077978125 0.2912261921875 0.0884122515625 0.277199015625 0.09239981093750001 0.28106729218750004 0.097338253125 0.28028512031249997 0.10556898906250001 0.2789815 0.10417846093750001 0.270202046875 0.10308955625 0.25799993906249996 0.0992758140625 0.25522909375 0.0959375125 0.25013302187500003 0.094546984375 0.2413535703125 0.092982640625 0.2314766859375 0.0902935953125 0.2251528203125 0.08647985312499999 0.222381975 0.08470589687499999 0.22716278750000002 0.0887036671875 0.2524037109375 0.08519155 0.2462102078125 0.08163342500000001 0.2343991859375 0.080590528125 0.22781459843750002 0.0783769265625 0.21916550781250002 0.0740877421875 0.2187198875 0.0724415953125 0.21898061093750001 0.0711430796875 0.2214361984375 0.0717105359375 0.2303460125 0.0660768296875 0.22673845781250002 0.0610463734375 0.2162855921875 0.055054824999999995 0.189110528125 0.03642575625 0.1886862
1075 0.2444535390625 0.5325998546874999 0.2587934234375 0.5325785609375 0.25457583125 0.5006226875 0.23976050624999998 0.5029692031249999 0.2444535390625 0.5325998546874999
1075 0.1976815265625 0.47700998281249996 0.2072567859375 0.47886829531249997 0.20386226562499998 0.4467820578125 0.1941591984375 0.44944383437499996 0.1976815265625 0.47700998281249996
451 0.2144240875 0.609353571875 0.20033982187500002 0.6003346875 0.1725751421875 0.6114819484375 0.1722735171875 0.6149046046875 0.1790779296875 0.6205766609375 0.1945425109375 0.61700235 0.211479425 0.612069884375 0.2144240875 0.609353571875
1539 0.23946404375000002 0.42651879375 0.238165528125 0.42897438125000004 0.23773609375000002 0.4369171265625 0.2393004375 0.446794009375 0.24116640937499997 0.45324823593749997 0.2418616734375 0.45763796250000005 0.24238312187500002 0.46093025625 0.24177987031249998 0.46777557031250006 0.2421275015625 0.46997043281249995 0.2447705390625 0.470676778125 0.2464626921875 0.4760335734375 0.25205039375 0.4740236078125 0.24231669218750002 0.41256744375 0.237250440625 0.41786970468750007 0.23946404375000002 0.42651879375
1539 0.2146696109375 0.39782196875000003 0.21788010156249998 0.407438128125 0.2172768515625 0.4142834421875 0.21403056406249998 0.4204224109375 0.21372893906249998 0.42384506718750004 0.21828395312499999 0.43662315781250005 0.21737907656250002 0.446891128125 0.22041575156249998 0.45540985625 0.2198125015625 0.46225516874999995 0.2221539125 0.46638417031249996 0.2231968078125 0.47296875937499994 0.2214228515625 0.477749571875 0.222593559375 0.4798140734375 0.24199969375000002 0.47449052031249994 0.2389988125 0.450216665625 0.23661139531250003 0.44047014375 0.2356963078125 0.4293654671875 0.236647190625 0.4247150171875 0.2362535515625 0.4169026359375 0.23226599375 0.41303435625 0.2274553609375 0.4092964421875 0.227061721875 0.401484059375 0.2254973765625 0.391607175 0.2180897140625 0.392780434375 0.2146696109375 0.39782196875000003
2001 0.173520978125 0.5055857859375 0.1990822671875 0.50716208125 0.1663230421875 0.31098256874999997 0.14033231875000002 0.3173490171875 0.173520978125 0.5055857859375
1050 0.1824571890625 0.5300445375 0.18106666093749998 0.5212650859375 0.179548321875 0.5170057234375001 0.17521313125 0.5109425812499999 0.174170234375 0.5043579921875 0.17277970625 0.49557853906249993 0.1710415453125 0.484604225 0.169605009375 0.47020725468749996 0.1886635125 0.4626888390625 0.16803045625 0.438957725 0.164088903125 0.440706965625 0.1635674546875 0.43741467187499994 0.159927528125 0.43574125625000004 0.1549890875 0.436523428125 0.1555105359375 0.4398157234375 0.150919725 0.44279275937499996 0.139974359375 0.47490028906250004 0.158905053125 0.4719019609375 0.161246465625 0.4760309625 0.158649434375 0.48094213750000003 0.160990846875 0.48507113906250005 0.1653362484375 0.5125069265625 0.164732996875 0.5193522390624999 0.1681633125 0.5356833484375 0.183152453125 0.5344342625 0.1824571890625 0.5300445375
1337 0.10088604999999999 0.451842275 0.0886319609375 0.46503274531249994 0.0645532125 0.483470940625 0.045239090625 0.5000295328125001 0.0426420609375 0.50494070625 0.0589501390625 0.5439813265625 0.035300828125 0.5544767765625 0.0389049578125 0.5719053187500001 0.0461848109375 0.5752521484375 0.047621346875 0.5896491203124999 0.0581474875 0.5868569828125 0.0560156875 0.568070284375 0.10188798750000001 0.5540550578125 0.1438187359375 0.541789075 0.16517264375000001 0.532782140625 0.15883346250000002 0.5034122156249999 0.16125667500000002 0.49740360937499994 0.1549737125 0.4950238484375 0.1500352703125 0.495806021875 0.1246273765625 0.4525818640625 0.1396523140625 0.4355776515625 0.13549093750000002 0.4306119421875 0.1165602453125 0.43361026875 0.10088604999999999 0.451842275
1050 0.011053428125 0.49194447500000005 0.0015241765625 0.4957036828125 0.0112578765625 0.5571598453125 0.021134759375 0.5555955 0.022653098437499998 0.5598548640625001 0.023522178125 0.565342021875 0.0242174421875 0.569731746875 0.024784896875 0.5786415609375 0.0218402359375 0.5813578734375 0.018246314062499998 0.5853019781250001 0.0212011875 0.6039583140625 0.0243656734375 0.607956953125 0.033859128125 0.6199528734374999 0.033255878125 0.626798184375 0.03048503125 0.630611928125 0.0245957078125 0.63604455 0.0234710078125 0.63959756875 0.025336978125 0.6460517953125 0.058086107812499996 0.6397398828124999 0.0585615484375 0.6374146578125 0.057866284375 0.63302493125 0.053704909375 0.628059221875 0.047595760937499995 0.6267768921875 0.0419620546875 0.6231693390624999 0.039446828125 0.6179429062499999 0.0432145640625 0.6150962328125 0.0449425140625 0.6046979015625 0.047621346875 0.5896491203124999 0.04388940625 0.576740665625 0.0390787734375 0.57300275 0.038035878125 0.5664181609375001 0.03659934375 0.552021190625 0.056307103125 0.54327498125 0.056956359375 0.5420471874999999 0.05760561875 0.54081939375 0.0324533421875 0.48855506093749995 0.0201072375 0.4905104921875 0.019064340625000002 0.483925903125 0.013952082812499999 0.48361064374999996 0.011053428125 0.49194447500000005
1806 0.10764950312499999 0.5531425234375 0.10271106249999999 0.5539246953125 0.09392308125 0.5676911484375 0.0843938296875 0.5714503578125 0.08027846250000001 0.5721021671875001 0.08049828437499999 0.5788171171875 0.0820166234375 0.5830764828125 0.09371346875 0.5823488453125 0.09969480625 0.5881512609375 0.1030331078125 0.5932473328125 0.11165748281250001 0.5997560953125001 0.11716338125 0.6078837375 0.12054768906249999 0.6185973265625 0.12833877968750002 0.603863803125 0.1197502 0.581599915625 0.1191367375 0.5670725828125 0.1240751796875 0.5662904109375 0.1261967671875 0.563704459375 0.1119386875 0.5535881453125 0.10764950312499999 0.5531425234375
1354 0.13312898906249998 0.5648564281249999 0.127193659375 0.5646715312499999 0.11896292187499999 0.5659751515625 0.12039945781250001 0.580372121875 0.1288142203125 0.6015385796875 0.1269124546875 0.6108394796875001 0.139432375 0.6099814796875 0.1448462578125 0.6068740828125 0.1530309875 0.5999529421875 0.1612617234375 0.598649321875 0.1600450109375 0.590967303125 0.15583762968749998 0.5803840734375 0.147990321875 0.5681274296875001 0.1475966828125 0.560315046875 0.1426122328125 0.5554797 0.13312898906249998 0.5648564281249999
849 0.12064486562500001 0.5499593 0.13199407968750002 0.5470368 0.12709143437499998 0.53206384375 0.115266778125 0.5373115703125 0.12064486562500001 0.5499593
849 0.1012745265625 0.539527725 0.1015403546875 0.5518601953125 0.11899871718749999 0.5502200234375 0.1196479765625 0.5489922296875 0.11362063124999999 0.53757229375 0.1130991828125 0.5342799984375 0.1017499671875 0.5372024984375 0.1012745265625 0.539527725
607 0.1497540671875 0.541973971875 0.156210846875 0.5454511625 0.15863406093750002 0.5394425578125001 0.1633986875 0.537562953125 0.1632248703125 0.5364655203125 0.1601421875 0.5223292749999999 0.15602682031249998 0.522981084375 0.155505371875 0.519688790625 0.15238689218749998 0.5213076703125 0.152734525 0.5235025328125 0.146973009375 0.5244150671875001 0.1497540671875 0.541973971875
507 0.2072106640625 0.65436955625 0.210896596875 0.6616604890625 0.2161008671875 0.6732107890625 0.217839028125 0.684185103125 0.216065071875 0.6889659140625 0.21676033593750002 0.693355640625 0.21728178437499998 0.6966479359375 0.22564032968749997 0.6908242265625 0.22377435937499998 0.68437 0.220124221875 0.6613239390625 0.219730584375 0.65351155625 0.22384595156249998 0.652859746875 0.21467970625000002 0.6003133953125 0.16945666406249998 0.613100828125 0.155336603125 0.6198370718749999 0.161317940625 0.6256394875 0.16236083750000002 0.6322240781249999 0.169942315625 0.63214825 0.1732346109375 0.6316268015625 0.1765729125 0.636722871875 0.20417398750000001 0.645850828125 0.2072106640625 0.65436955625
299 0.18883205 0.724778115625 0.18878604375000002 0.719160596875 0.187523325 0.7058610562500001 0.1889036421875 0.6932678625 0.1883361875 0.6843580484375 0.185473328125 0.676936753125 0.183131915625 0.67280775 0.18226283593749998 0.66732059375 0.18087230781250002 0.6585411421875 0.172074115625 0.6509349484375 0.170857403125 0.6432529265625 0.1761434765625 0.6446656171875 0.1769205453125 0.6389177375 0.1732346109375 0.6316268015625 0.1658269484375 0.6328000609375 0.1520085125 0.6361136468749999 0.16676245781250001 0.6866500296875 0.1715270828125 0.6847704265625 0.1768591625 0.6918006375 0.1770789859375 0.6985155890625 0.178515521875 0.7129125593750001 0.18246728437499998 0.7325359640625 0.19096385 0.7435648140625 0.1973286171875 0.7358069671874999 0.18883205 0.724778115625
1841 0.0822568671875 0.6325367265625 0.09936759687499999 0.628701690625 0.1087230328125 0.6238450515625 0.10854921718749999 0.6227476203125 0.10511890156249999 0.606416509375 0.1010393296875 0.59131319375 0.0967041375 0.585250053125 0.0920673234375 0.5826095687499999 0.0879519546875 0.5832613796875 0.0811935484375 0.5832068453125 0.0779012546875 0.5837282921875 0.07343825312499999 0.5821852390625 0.0672012984375 0.585423 0.067247303125 0.5910405187500001 0.0696347234375 0.6007870390625001 0.07471118437499999 0.6168574265625 0.0822568671875 0.6325367265625
1650 0.19597399843750002 0.5301536078125 0.18527404218750002 0.5318483140625 0.1691602015625 0.5366504187500001 0.162401796875 0.5365958828124999 0.15521395625 0.5444840937500001 0.15075095624999998 0.5429410406249999 0.1456386984375 0.54262578125 0.128052528125 0.548786040625 0.0737756765625 0.56300745625 0.0711786453125 0.5679186296875 0.0649416890625 0.5711563890625 0.061695401562499995 0.5772953578125 0.060964340625 0.588660759375 0.07019196718750001 0.5883242078124999 0.08732311875 0.627234465625 0.10066611249999999 0.6262461046875 0.11413691562499999 0.6207376546875001 0.143895375 0.6115245328125 0.1580818640625 0.653151103125 0.17723238125000002 0.656867725 0.2024000296875 0.6506316390625 0.20545207968749998 0.6006499468750001 0.214505890625 0.5992159640625 0.213335184375 0.5971514640625 0.20420473437500003 0.5288499875 0.19597399843750002 0.5301536078125
901 0.3776329078125 0.6330021296874999 0.377724921875 0.6442371687499999 0.3802401484375 0.6494636015624999 0.3809354125 0.6538533281250001 0.378987640625 0.657536709375 0.3737475734375 0.6617415375 0.363661078125 0.6779635765625 0.36470397499999996 0.684548165625 0.3659206875 0.6922301875 0.36908517343749997 0.6962288265625001 0.37134478125000003 0.7104954359375 0.37490290625 0.7223064578125 0.380756434375 0.7326289625 0.3885577359375 0.7392680875 0.39471289062500003 0.7461679359375 0.396277234375 0.75604481875 0.38826632031249997 0.7640633890624999 0.3888337765625 0.7729732031250001 0.391487025 0.7950521953125 0.3912774125 0.8097098921875 0.3930615796875 0.8263017265625001 0.3962260640625 0.8303003656250001 0.3992167328125 0.8332015734375 0.4181474265625 0.8302032468749999 0.43044752500000005 0.822630296875 0.4292308125 0.8149482765625 0.4261481296875 0.8008120296874999 0.421235271875 0.764466428125 0.41872004531250007 0.75923999375 0.41091874375000004 0.7526008703125 0.40640973750000003 0.7454402984375 0.4120792390625 0.733292725 0.418178175 0.71320240625 0.4166956328125 0.693187915625 0.41508528125 0.6776935125 0.4171608640625 0.66949004375 0.41499326875 0.6664584734375001 0.4060212609375 0.6577548484375 0.3918091875 0.6532560515625 0.38799544375 0.6504852062500001 0.38959558437499997 0.6446069640625 0.3880312390625 0.6347300796875001 0.38252534374999997 0.6266024375 0.3776329078125 0.6330021296874999
901 0.2907448328125 0.8515067953125 0.28822960625 0.8462803640625 0.283071340625 0.840347584375 0.277913075 0.8344148062500001 0.27361368124999996 0.8125965374999999 0.270311175 0.7917453390625 0.2722589484375 0.788061959375 0.2679237578125 0.78199881875 0.26246386718750003 0.779488696875 0.25700397812500003 0.776978575 0.255787265625 0.7692965546874999 0.2577350375 0.765613171875 0.262279840625 0.75701861875 0.266998459375 0.7495214953125 0.2699789171875 0.73105005625 0.2705361625 0.7185872234375 0.2681027375 0.7032231828125 0.2690076125 0.6929552125 0.26831234843749996 0.6885654875 0.26267864375 0.6849579343750001 0.2539264578125 0.682969259375 0.23746498593749998 0.6855765015624999 0.2271126609375 0.6894660703125 0.2138156734375 0.6960719515625 0.2100939453125 0.7045361453125001 0.214081503125 0.708404421875 0.21542602500000002 0.7115663546875 0.216816553125 0.72034580625 0.2182530890625 0.734742778125 0.2238049921875 0.7484879390625 0.23147848437500002 0.7596471499999999 0.240102859375 0.7661559125 0.2430935296875 0.769057121875 0.2450873078125 0.7709912609375 0.24578257187500002 0.7753809859375 0.2466516515625 0.78086814375 0.24535313749999998 0.78332373125 0.2422346578125 0.7849426109375 0.23881455625 0.789984146875 0.2370406 0.7947649593749999 0.23738823125000003 0.796959821875 0.24020508437500002 0.7987635984375 0.2471577265625 0.8426608578125 0.246682284375 0.8449860828125001 0.24391143906249999 0.8487998250000001 0.2406651515625 0.85493879375 0.23906501093750002 0.8608170375 0.238160134375 0.8710850078125001 0.2411968109375 0.879603734375 0.25371673125 0.8787457359375 0.27165053437500003 0.8747803375000001 0.286419853125 0.866816303125 0.2953816484375 0.8541472812500001 0.2907448328125 0.8515067953125
1377 0.08510446875 0.5173396625 0.08311068906249999 0.5154055234375 0.079644578125 0.514829540625 0.0742306953125 0.5179369375 0.07492596093750001 0.5223266640625 0.07514578125 0.5290416140625 0.0720273046875 0.53066049375 0.067262678125 0.5325400984375 0.0677841265625 0.53583239375 0.0709486109375 0.5398310328125 0.07411309687499999 0.5438296734375 0.072165325 0.547513053125 0.0687452203125 0.5525545890625 0.0610819390625 0.5627680234375 0.0621248359375 0.5693526125 0.07182790312500001 0.5666908375 0.073903484375 0.5584873671875 0.0967757296875 0.5537397984375 0.097251171875 0.551414575 0.09768060625 0.5434718296875001 0.09629007656250001 0.534692378125 0.1015301453125 0.5304875484375 0.10066106562499999 0.525000390625 0.098018028125 0.5242940453125 0.09485354375 0.52029540625 0.09615205624999999 0.51783981875 0.093810646875 0.5137108171875 0.0893476453125 0.5121677640625 0.08510446875 0.5173396625
1115 0.33784921875 0.786673171875 0.341790771875 0.7849239296875 0.34555850625 0.7820772546875 0.3478539109375 0.7805887375 0.352792353125 0.7798065656250001 0.3669584203125 0.7786878421875 0.3737628328125 0.7843598968750001 0.379222721875 0.78687001875 0.383164275 0.7851207765625 0.3827706359375 0.7773083953125 0.3842429671875 0.7759502390625 0.386839996875 0.771039065625 0.39103716875 0.760249646875 0.389994271875 0.7536650578125 0.3932405578125 0.747526090625 0.389079184375 0.74256038125 0.384917809375 0.7375946734375 0.3771165078125 0.7309555484375 0.37134478125000003 0.7104954359375 0.3629402296875 0.710701625 0.352240271875 0.7123963328125 0.3381202109375 0.7191325749999999 0.3275940703125 0.7219247125 0.31187386875 0.7345392000000001 0.3099721046875 0.7438401 0.314225490625 0.7600408484375001 0.316219271875 0.7619749875 0.3240205734375 0.7686141109375 0.3344189046875 0.7703420609375 0.33784921875 0.786673171875
1906 0.5270795109375 0.6869544390625 0.5210981734375 0.681152021875 0.5198814609375 0.6734700015625 0.5229539328125 0.666233603125 0.528669440625 0.6597035484375 0.530397390625 0.6493052171875 0.5297379234374999 0.6291603640625001 0.5268648515625001 0.600366421875 0.527468103125 0.593521109375 0.5330558015625 0.59151114375 0.5368235375 0.58866446875 0.534308309375 0.5834380375 0.5319668984375 0.579309034375 0.5275038984375 0.57776598125 0.5148101625 0.57752655 0.49405950625 0.5796881703125 0.47777185 0.5833928421875 0.4692394875 0.58811911875 0.46581938437500003 0.59316065625 0.4666884640625 0.5986478125 0.4695053171875 0.6004515890625 0.47578828125 0.60283135 0.4769589859375 0.60489585 0.47847732499999995 0.6091552140625 0.48307834375 0.6275508249999999 0.486462653125 0.6382644156249999 0.4908898578125 0.6555625953125 0.4940543421875 0.6595612359375 0.5006849375 0.664135859375 0.501078578125 0.6719482421875 0.5008229578125001 0.6809884171875 0.500914971875 0.69222345625 0.49337949999999997 0.697916803125 0.49616055625 0.71547570625 0.508772490625 0.7258527453125 0.5467616859375 0.7153360046875 0.5439806296875 0.6977770999999999 0.5270795109375 0.6869544390625
1706 0.48479596875000003 0.7768986265625 0.5053268015625 0.7680220578125 0.49630878906250003 0.7537009125 0.502371928125 0.7493657218750001 0.5054444 0.742129321875 0.5016306578124999 0.7393584765625001 0.49582313593749994 0.734653490625 0.48919253906250004 0.7300788687499999 0.48623766718750006 0.7114225328125 0.49220879531249995 0.6958523015625 0.5011705906249999 0.6831832796875 0.49886497343749997 0.6632991515625 0.4938805265625 0.6584638046875 0.48612523124999996 0.6574422 0.478543753125 0.6575180265625 0.4587899859375 0.660646715625 0.43938385156250004 0.6659702671875001 0.4305038578125 0.6685016828125 0.42219131875000004 0.6799429109374999 0.4232802234375 0.69214501875 0.43142915468750004 0.70097900625 0.4420473109375 0.7094219078124999 0.442742575 0.7138116328125 0.44443472812499996 0.7191684281249999 0.45076369843749997 0.7271657078125 0.45120334531250006 0.740595609375 0.446484725 0.748092734375 0.444235328125 0.7551987703124999 0.4418121140625 0.7612073765625 0.4435042671875 0.7665641703125 0.45125956250000004 0.7675857765625 0.46806866718749995 0.7671733984375 0.481156040625 0.7752252125 0.48479596875000003 0.7768986265625
1050 0.64174259375 0.297556378125 0.6302195625 0.299381446875 0.63108864375 0.3048686046875 0.61332865625 0.3099314328125 0.6128532140625 0.3122566578125 0.6140699265625 0.319938678125 0.6039220515625 0.3890436203125 0.605266571875 0.3922055515625 0.6451217375 0.3881430359375 0.6448201124999999 0.39156569375 0.642872340625 0.3952490734375 0.6452137515625 0.399378075 0.6488996859375 0.406669009375 0.6492933234375 0.4144813921875 0.653464909375 0.4408197484375 0.6531632843749999 0.4442424046875 0.652907665625 0.45328257968749996 0.6558165328125 0.4663213953125 0.6594564593750001 0.46799480937500004 0.6595024656249999 0.4736123296875 0.6585515828124999 0.47826277968750003 0.6508422953124999 0.4828586953125 0.6565220078125 0.49208376875 0.6588736296875 0.5175854156249999 0.6528104890625 0.5219206078124999 0.654850275 0.529472265625 0.6777685265625 0.5303422171875 0.6941839921875 0.52211745625 0.6933149125 0.5166302984375 0.6868581328125 0.51315310625 0.6841690890625001 0.5068292421875 0.6811222031249999 0.47693786875 0.67237001875 0.47494919375 0.6688579015625 0.4687556921875 0.671281115625 0.4627470859375 0.6705398437500001 0.4527398390625 0.670667653125 0.44821975312499995 0.6658570203124999 0.44448183593749996 0.6661586453125 0.44105917968749997 0.6619410546875 0.4091033046875 0.6583011265625001 0.4074298890625 0.65795349375 0.4052350265625 0.660422715625 0.404843940625 0.66172123125 0.402388353125 0.66085215 0.3969011953125 0.661803034375 0.39225074531250004 0.6569924015625 0.3885128296875 0.6576416578125001 0.3872850359375 0.699142971875 0.382961796875 0.70109074375 0.37927841562500003 0.6627130734375 0.302109709375 0.6450808953125 0.30265244999999996 0.64174259375 0.297556378125
1905 0.9095838734375 0.5183754203125 0.9085869828125 0.51740835 0.8984442703125 0.506640225 0.8941090796875001 0.5005770843749999 0.8976569921875001 0.49101545937499996 0.8992111265625 0.479519696875 0.9002438109374999 0.4647316390625 0.8988072765625 0.4503346671875 0.898239821875 0.441424853125 0.86167695 0.4449659203125 0.8614213312500001 0.454006096875 0.8646318234375 0.46362225625000003 0.8671930578125 0.47446620937499995 0.873915665625 0.49027587187500005 0.8800708203125 0.49717572031249996 0.883409121875 0.5022717906249999 0.8822844234374999 0.505824809375 0.8805104671875 0.510605621875 0.87358845625 0.5308263015625 0.9086789968750001 0.5286433890625 0.9095838734375 0.5183754203125
1905 0.8581034515624999 0.49165531875 0.8572803796875 0.49178568125 0.852168121875 0.491470421875 0.8441469953125 0.478116346875 0.84721946875 0.4708799484375 0.8509411968749999 0.46241575468749996 0.8524953312499999 0.4509199921875 0.8535740234375 0.4417494546875 0.8521834937499999 0.4329700015625 0.8524851203124999 0.4295473453125 0.8575973781249999 0.42986260468750004 0.8630112609375 0.42675520625 0.863788328125 0.421007325 0.8617025359375001 0.4078381484375 0.8576689703125 0.3983523515625 0.8531599625 0.391191778125 0.8493462203125001 0.38842093125 0.8432370734375001 0.38713860312500004 0.8381248156250001 0.38682334375 0.8360032265624999 0.3894092921875 0.8355277843750001 0.39173451875 0.837092128125 0.401611403125 0.829684465625 0.4027846609375 0.8058153328125 0.4065651609375 0.805293884375 0.403272865625 0.803254096875 0.39572120625 0.7997419796874999 0.3895277046875 0.7956266125 0.3901795140625 0.7890880296875 0.3968399296875 0.7856679265625 0.4018814671875 0.7842416015625 0.408857140625 0.78511068125 0.4143442984375 0.7859797625 0.41983145781250003 0.7857241421875 0.4288716328125 0.7908824078125 0.43480441093750005 0.7966439234375 0.43389187656250006 0.8008513046875001 0.4444751046875 0.807619921875 0.4659022859375 0.8201040453124999 0.48079941406250004 0.8269084578125 0.48647147031250004 0.821668390625 0.4906762984375 0.8108406234375 0.49689109374999996 0.8141431296875 0.5177422921875 0.8112444734375 0.526076121875 0.8432625421875001 0.531129609375 0.8680825593750001 0.522698659375 0.8581034515624999 0.49165531875
570 0.798678546875 0.5213166015625 0.7921757609375 0.512221890625 0.7877945625 0.5005412312499999 0.7888732546874999 0.49137069218749996 0.7912964687499999 0.48536208593749997 0.7920735359375 0.47961420625000006 0.79302441875 0.4749637546875 0.7913322640625 0.4696069609375 0.7873447062500001 0.46573868125000006 0.7851771109375 0.46270711249999996 0.7810157359375001 0.4577414015625 0.7786743234375 0.4536124015625 0.775857471875 0.45180862499999996 0.77338825 0.45219971093750005 0.7737358828125 0.4543945734375 0.7734342578125 0.45781722968749994 0.770663409375 0.461630971875 0.7674171234375 0.46776993906250003 0.7636493875 0.47061661250000003 0.763521578125 0.4751367015625 0.76521373125 0.480493496875 0.7760517078125 0.4956513484375 0.7772684203125 0.50333336875 0.7775342515625 0.5156658390625 0.7738125218749999 0.5241300328125 0.7723861984375 0.53110570625 0.776199940625 0.533876553125 0.7823090875 0.5351588828125 0.7936583015625 0.5322363828125 0.8030137375 0.5273797421875 0.798678546875 0.5213166015625
306 0.7729894484375001 0.5242603953125 0.7745895875000001 0.51838215 0.7751928390625 0.5115368375 0.7687360609375 0.5080596453124999 0.7640532359375001 0.49980164218749995 0.7704180015625 0.49204379375 0.771138853125 0.459305746875 0.7654591390625 0.45008067343749997 0.7573562125 0.44686420625 0.7519423296875 0.449971603125 0.7425408874999999 0.4492107234375 0.7325361953125 0.45529515624999994 0.72864065 0.46266191718750005 0.717291434375 0.4655844171875 0.7173374421875 0.47120193749999995 0.72461729375 0.4745487671875 0.7307724484375 0.481448615625 0.7361505375 0.49409634375 0.74542416875 0.49937731249999995 0.7497593593749999 0.5054404531250001 0.7439160421875 0.5164905953125001 0.743834240625 0.5266282015625 0.7729894484375001 0.5242603953125
423 1 0.9075557375000001 0.9807514015625 0.8558415796875 0.9784253640625 0.79321215625 0.9802351171874999 0.7726762171875 0.9813496046875001 0.747750553125 0.97555745625 0.6845451484375 0.968896228125 0.615852584375 0.966928034375 0.576790671875 0.971462625 0.546823471875 0.979764953125 0.514009596875 0.9762528359375 0.50781609375 0.9722652765625 0.503947815625 0.965205246875 0.5073159375 0.9613557078125 0.5203002171875 0.9487539843749999 0.531295825 0.932987778125 0.5382927921875 0.9191693421875 0.5416063796875 0.9127585687499999 0.54374670625 0.9089908328125 0.5465933796875 0.90219663125 0.5622939703125 0.899216175 0.580765409375 0.8969309796875 0.6036265734375 0.8968235921875 0.6508919546875 0.8990474046875001 0.680913690625 0.8964043687500001 0.680207346875 0.8828875593750001 0.6800982765625 0.8833732109374999 0.6991456984375 0.8884342984375 0.773716503125 0.8916907984375 0.7889501828125 0.8952693437500001 0.843506496875 0.9048036421875001 0.9409930031249999 1 0.92380961875 1 0.9075557375000001