423 1 0.5585625921874999 0.986545884375 0.45600201875 0.9574330249999999 0.47531896875 0.9409036703125 0.5009620296875 0.91607528125 0.55517318125 0.8574422281249999 0.5584368296875 0.8244522359375 0.5782298328125 0.7977883546875 0.58543933125 0.8064260093750001 0.6237346125000001 0.7997563171875 0.7937837140624999 0.7154114859375 0.8120111265625001 0.6548055078125 0.8312593609375 0.5846097703125 0.804458046875 0.562299075 0.8150686265625 0.5641345671875 0.8620702796874999 0.53937489375 0.8847883109374999 0.5146152203125001 0.90750634375 0.50910378125 0.990830353125 1 0.9305558765624999 1 0.5585625921874999
423 0.3723588625 1 0.39292721249999996 0.9421256781249999 0.3492628859375 0.746772134375 0.3299459359375 0.7176592765625001 0.293623578125 0.7103123453125 0.2718576515625 0.6933069390625 0.254989678125 0.652086628125 0.1105836375 0.6619462890625 0.057123404687500004 0.51502255625 0.0329085 0.5101246015625 0.014474935937499999 0.5202591296875 0 0.4939308515625 0 0.5305813109375 0.0231498515625 0.7191217140624999 0.0477985859375 0.7916584671875 0.0722146765625 0.9264060328125 0.06904998125 1 0.3723588625 1
1146 0.2257493125 0.2857318796875 0.25384134999999997 0.29015378125 0.29016370625 0.2975007125 0.3318600703125 0.284509871875 0.36144898125 0.2690700546875 0.3658708828125 0.2409780171875 0.3698167328125 0.2090088453125 0.36070302656250003 0.1668364296875 0.33798499375 0.14207675625 0.304587665625 0.12649950625 0.2571099609375 0.12445786562500001 0.23479926562500003 0.1350684453125 0.2177938578125 0.156834371875 0.19786342343750002 0.18683061875 0.19779470625 0.2183237390625 0.205956309375 0.2527418875 0.2257493125 0.2857318796875
300 0.39742775625000004 0.4338825828125 0.41246023750000005 0.42810124062500005 0.4357230375 0.425244928125 0.436606425 0.4644923140625 0.443339871875 0.4872790625 0.45980050937500005 0.4931291203125 0.46796211249999997 0.5275472703124999 0.45095670625000006 0.549313196875 0.45673804687499997 0.564345678125 0.5265264484375 0.555776740625 0.5241461875 0.5363910734374999 0.5028563125 0.5232628 0.5004760515625 0.5038771328125 0.5179575109375001 0.4859883390625 0.5107480125 0.4593244578125 0.509864625 0.42007707187500004 0.52346895 0.4026643296875 0.5472078015624999 0.40368515 0.5695184984375 0.3930745703125 0.571015371875 0.3732128515625 0.5754372734375 0.3451208125 0.58951765 0.33158520468749997 0.559521403125 0.31165476875000003 0.5401357375 0.31403502968749997 0.49707993437500003 0.28390135 0.4825235046875 0.293559825 0.455859621875 0.3007693234375 0.4248425546875 0.304577740625 0.4001515984375 0.295802653125 0.3768887984375 0.298658965625 0.35450938593750003 0.3407626640625 0.3452582453125 0.3615764875 0.3703565390625 0.405721828125 0.39742775625000004 0.4338825828125
436 0.8971656671874999 0.5614305749999999 0.9181856390625001 0.47620235624999996 0.914921990625 0.41756930312499996 0.9077124921875 0.390905421875 0.8975779656249999 0.372471859375 0.8743151640625 0.375328171875 0.8505763125 0.3743073515625 0.806430971875 0.39940564375 0.78071919375 0.414369409375 0.7709232859374999 0.46279921875 0.7533731109375 0.51218113125 0.775615090625 0.533063671875 0.8167666859375 0.5476888171875001 0.8971656671874999 0.5614305749999999
1387 0.6276018203125 0.6417558765625 0.678956659375 0.6433214656249999 0.733712578125 0.6405338703125001 0.75942435625 0.6255701046875 0.7720765765625 0.6004030953124999 0.7507867015625 0.5872748234375 0.7236467671875 0.5906071875000001 0.6800461953125 0.58808949375 0.64950518125 0.59577504375 0.6184881140625 0.5995834609374999 0.603931684375 0.6092419375 0.6276018203125 0.6417558765625
1387 0.266282459375 0.5837951 0.2846473046875 0.605153690625 0.3326010625 0.6110724656250001 0.3704202921875 0.5985576781249999 0.4004852546875 0.5869949937500001 0.39810499374999997 0.5676093265625 0.382120409375 0.5656364015625 0.3627347421875 0.5680166625 0.334642703125 0.5635947609375 0.3075027703125 0.5669271250000001 0.27260856875 0.5712115953125 0.266282459375 0.5837951
301 0.6219579109375 0.56373715625 0.638487265625 0.5380940953125 0.6399841375 0.5182323765625 0.6099878921874999 0.49830194062500005 0.5857729875000001 0.4934039859375 0.5663873203125 0.495784246875 0.53632235625 0.5073469312500001 0.51788879375 0.5174814578125 0.508161603125 0.5344181484375 0.5400620578125 0.5698571171875 0.5613519328125001 0.582985390625 0.5962461343750001 0.578700921875 0.6219579109375 0.56373715625
410 0.50147145625 0 0.3813843796875 0.014744839062500001 0.40015656093749996 0.071473684375 0.42090166875 0.11221794375000001 0.46742726875 0.1065053171875 0.4969474640625 0.1225586203125 0.5395959312499999 0.117322046875 0.5744901312499999 0.11303757656249999 0.5958487234375001 0.09467273125 0.620608396875 0.07195469843749999 0.6318324609375 0.035156290624999996 0.638096478125 0 0.50147145625 0
581 0 0.3484936328125 0.015976771875 0.27606844062499997 0.052505278125 0.1889360140625 0.075090840625 0.0523529578125 0 0.061572953124999996 0 0.3484936328125
2001 0 0.4982147671875 0.13908797343749998 0.47740947499999997 0.095835946875 0.093097215625 0.07257314687500001 0.09595352812499999 0.04420624375 0.2175041046875 0.01393513125 0.323546146875 0 0.382389753125 0 0.4982147671875
581 0.6443268953125 0 0.6289074328125001 0.043386609375 0.6070040718749999 0.089367440625 0.56285873125 0.114465734375 0.5202102640625 0.11970230781249999 0.487765040625 0.1118793234375 0.4819149828125 0.1283399609375 0.550407696875 0.269482353125 0.6325047374999999 0.39321200312500004 0.67168340625 0.423821734375 0.6565134921875 0.49258931562499997 0.737388525 0.51020820625 0.748067821875 0.5010257828125 0.7163048 0.402600575 0.6818014640625 0 0.6443268953125 0
581 0.7527138124999999 0 0.7904463859375 0.39743271875 0.8219395046875 0.39750143437499996 0.8714588515624999 0.35206537187500003 0.898804934375 0.2542536484375 0.906358015625 0.1234519328125 0.9018292796875 0 0.7527138124999999 0
1754 1 0.579876715625 0.6294422749999999 0.4644285609375 0.3260050484375 0.5252994796875 0.18302716562500002 0.546790540625 0.2130234109375 0.5667209765625 0.2294153328125 0.6040641546875001 0.2690700546875 0.6385510187500001 0.3237572578125 0.6672565421875001 0.3619838234375 0.69011200625 0.38272893125 0.7308562656250001 0.4350358734375 0.740176121875 0.43149735937499994 0.8075155453124999 0.451233325 1 0.45961718281249997 1 0.48971811406250004 0.9932106140625001 0.49801715 0.9646425234375 0.4976098140625 0.9292722703124999 0.4576851890625 0.7964289140624999 0.4872053828125 0.8124822171874999 0.522099584375 0.8081977468750001 0.5594427625 0.7918058265625 0.5987588640625 0.75942931875 0.6626972078125 0.7673210187499999 0.7082707046875 0.7538541265625 0.7465659859375 0.745216471875 0.7814601859375 0.740932003125 0.792615534375 0.7356267125 0.8131594546875001 0.6465213609375 1 0.5862256234375 1 0.579876715625
2001 0.9181574640625 0 0.9032318 0.001832640625 0.900645390625 0.0769263328125 0.9013226281250001 0.2106530765625 0.882682915625 0.3152669625 0.8349990625 0.4077046796875 0.9604954875 0.4041024109375 0.9187477265625 0 0.9181574640625 0
1180 0.5984202453125 0.6925659468750001 0.6352873703124999 0.6722968921875 0.673582653125 0.6636592375 0.6508646203125 0.6388995640624999 0.5912794625 0.6344089453125 0.56658850625 0.6256338578125 0.5331911781249999 0.6100566078125 0.52006290625 0.6313464843750001 0.5199941890625001 0.662839603125 0.5524394125 0.6706625859375 0.5984202453125 0.6925659468750001
1180 0.76248681875 0.554353546875 0.79255178125 0.5427908625 0.797449734375 0.5185759578125 0.6859649703125 0.5401357375 0.6888212828125 0.5633985375 0.723715484375 0.55911406875 0.76248681875 0.554353546875
436 0.4177655265625 0.4392565890625 0.387293228125 0.41544902031250003 0.3417884484375 0.39742279375 0.3146485140625 0.4007551578125 0.293765975 0.4229971375 0.2651291671875 0.44619122187500004 0.2790033953125 0.5271349703125 0.4452440796875 0.502787596875 0.4332740609375 0.43735238125000003 0.4177655265625 0.4392565890625
1387 0.431163703125 0.5163232046874999 0.4253823609375 0.5012907234374999 0.397766375 0.5007459546875 0.370626440625 0.5040783203125 0.34736364062499997 0.5069346328125001 0.32457689218749997 0.513668078125 0.335187471875 0.535978775 0.358926325 0.5369995953125 0.3860662578125 0.53366723125 0.42048440625000005 0.525505628125 0.431163703125 0.5163232046874999
2001 0.5976297749999999 0 0.41382960312500006 0.022567823437500002 0.4832007421875 0.42728657031250006 0.6920898953125 0.397702621875 0.66255283125 0 0.5976297749999999 0
369 0.5282294703125 0.4414356625 0.53060973125 0.4608213296875 0.540744259375 0.47925489375 0.560605978125 0.480751765625 0.5582257171875 0.4613660984375 0.5718300421875 0.44395335625000004 0.5553694046875 0.43810329843750007 0.5525130921875 0.41484049843750004 0.5326513734375 0.413343625 0.539860871875 0.44000750625 0.5282294703125 0.4414356625