410 0.22117800937499998 0.0687153296875 0.23395666249999997 0.11398375624999998 0.23384892031249999 0.133901509375 0.242900834375 0.15999753125 0.22745516718749997 0.182896675 0.2325648578125 0.229655796875 0.24310746718749998 0.2634207796875 0.2270241953125 0.2625676890625 0.20955797031249998 0.23412788281250002 0.19656383125000002 0.22869496250000002 0.18516813125 0.2110132515625 0.16216124375000002 0.2154853375 0.15821901875 0.2361484390625 0.17036006718750002 0.25766463125 0.17014458125 0.29750013750000004 0.1730182296875 0.33275581718749997 0.202095640625 0.33904182656250004 0.22968235625000002 0.33765887499999997 0.253434590625 0.3370212703125 0.2779321734375 0.34021814687499996 0.2877294359375 0.3701486484375 0.31382545624999997 0.3610967328125 0.30402819375 0.33116623125 0.33470404375 0.32520345 0.3638891984375 0.31157170624999997 0.37858951875 0.28483808125 0.37422517499999997 0.241913440625 0.36826239374999997 0.2112375921875 0.35079616874999997 0.182797784375 0.327043934375 0.1834353890625 0.32459240624999997 0.211767453125 0.33598810625 0.2294491640625 0.34344158281250003 0.267793975 0.3272505671875 0.2868586390625 0.312128128125 0.250004521875 0.3130889625 0.2140034953125 0.29785877968749996 0.1970671328125 0.2933866953125 0.1740602453125 0.27048755 0.158614578125 0.263779421875 0.12410424687499999 0.25866973125000003 0.077345125 0.263357303125 0.060516506250000004 0.255796084375 0.042089446875 0.24546453281249997 0.0401183359375 0.2269312078125 0.0437208484375 0.2105276578125 0.054868099999999996 0.22117800937499998 0.0687153296875
423 1 0.847907840625 0.9789692125 0.75310231875 0.9561866640625001 0.574480140625 0.9407498500000001 0.454120528125 0.920832096875 0.45401278593749994 0.878652803125 0.462211609375 0.8187918 0.48180613437500003 0.7973833515625001 0.47402942968749995 0.7751218109375 0.48233599531250004 0.7534978765625 0.5143947984375 0.7166437609375 0.5295172359375 0.7466642984375 0.7863197328125 0.5361988046875 0.7476428390625001 0.533001928125 0.772140421875 0.562079340625 0.77842643125 0.5977482843749999 0.98239928125 0.6276787859375 0.97260201875 0.6194799609375 0.9304227265625 0.7657201078125 0.9457695046874999 1 0.9002301078125001 1 0.847907840625
435 0.094371525 0.9926998453125 0.1327163375 0.98524636875 0.19790251718750002 0.972575459375 0.2931269421875 0.930189534375 0.284820375 0.9079279937500001 0.26735414999999996 0.8794881875 0.2230465578125 0.8562658140625 0.1940768890625 0.8300620515625001 0.076590925 0.88075454375 0.094371525 0.9926998453125
435 0.069775053125 0.8661619671875 0.1580758625 0.8291012171875 0.13517671874999998 0.81365555 0.1100415328125 0.7867064390625 0.0585948390625 0.8086447484375 0.069775053125 0.8661619671875
1754 0.43245896406249995 1 0.4521457421875 0.9908047390625001 0.5395934609374999 0.9698272609374999 0.5392790859375001 0.8863217656250001 0.56484524375 0.8335998625000001 0.5443976296875 0.78982213125 0.5292751906250001 0.752968015625 0.5691106984375 0.7531835015625 0.6448394875 0.7742775749999999 0.74442825625 0.7748162890625 0.7209003593750001 0.59235963125 0.39156595 0.5767885140625 0.21283602968749998 0.6194888140625 0.09620315625 0.654098034375 0.12388876093750001 0.7760560859375001 0.176502921875 0.8215399984375 0.2459457015625 0.8717114828125 0.329020225 0.9510681203125 0.34946784062499997 0.9948458515624999 0.3545665265625 1 0.43245896406249995 1
425 0.7048170875 0.591506540625 0.7332568937499999 0.574040315625 0.73666925625 0.5097072265625 0.7407192234375 0.469126371875 0.679367525 0.4810519328125 0.6744644671875 0.5377160609375 0.6795741578125 0.5844751828125 0.7048170875 0.591506540625
425 0.588938415625 0.4866914859375 0.558262565625 0.49265426718749994 0.54590603125 0.51097358125 0.5502703734375001 0.553898221875 0.5509079781249999 0.5776504578125 0.5960686625 0.5847895578125 0.593087271875 0.5694516328125 0.5894682765625 0.5303614734375001 0.588938415625 0.4866914859375
1250 0.4531508421875 0.23850993125 0.3694298609375 0.2786598140625 0.4301262484375 0.5294995296875 0.5389824171875001 0.5162987578125 0.546759121875 0.494890309375 0.49618322499999995 0.2142278359375 0.4531508421875 0.23850993125
1050 0.196977096875 0.4355414609375 0.183659728125 0.4898618015625 0.21891540781250002 0.4869881546875 0.21806231718750002 0.5030714265625 0.22945801718749997 0.5207531375000001 0.2555540375 0.5117012234375 0.24575677499999998 0.4817707203125 0.28026710625 0.47506259218749997 0.24299087031250002 0.4265972890625 0.196977096875 0.4355414609375
869 0.3989205375 0.4917923234375 0.3828372640625 0.49093923124999994 0.369843125 0.4855063125 0.346090890625 0.48614391718750005 0.3077460796875 0.49359739375 0.2846314484375 0.5179872328124999 0.27834543906250003 0.54706464375 0.3018821875 0.586262546875 0.33245029375 0.60021751875 0.358330828125 0.6310011109375 0.38059236875 0.6226945453125 0.3722858015625 0.6004330046875 0.4016864421875 0.5469657546875 0.4163867609375 0.5202321296875 0.41574915625 0.49647989375 0.3989205375 0.4917923234375
1387 0.6234398921875 0.6232421125000001 0.5766807703125 0.6283518031249999 0.5383359578125 0.6358052796875 0.5159666765625001 0.6640296 0.5434456484375 0.6825644015625 0.5894594234375 0.6736202296875 0.639307678125 0.6639307109375 0.6562440421875 0.6487005296875 0.6510266078125 0.6218591609375 0.6234398921875 0.6232421125000001
1180 0.41318103125 0.6879884671875 0.49806947968750004 0.7152608078125 0.56794323125 0.685761278125 0.47996565 0.6630687671875 0.41318103125 0.6879884671875
1387 0.2877117296875 0.6566661609375 0.2493669171875 0.6641196359375 0.2201817625 0.6777513796875 0.23999177343749997 0.6977768765625 0.2668331421875 0.69255944375 0.2975089921875 0.6865966625000001 0.324350359375 0.681379228125 0.3352161984375 0.6553909515624999 0.2877117296875 0.6566661609375
1387 0.1928105328125 0.639298825 0.1521219359375 0.6551666109375 0.1750210796875 0.6706122796875 0.22486933437499998 0.660922759375 0.2395696546875 0.634189134375 0.1928105328125 0.639298825
466 0.8928409687500001 0.10529048437499999 0.8723933531249999 0.061512753125 0.8226528406250001 0.051284518749999994 0.626771071875 0.1490505078125 0.6332637140624999 0.22339634687499998 0.59566425 0.23468430312500002 0.6387866703125 0.47700196562499997 0.8472316062499999 0.464339909375 0.9989565140625001 0.446487209375 0.9639810765625001 0.2665541796875 0.92511525625 0.0870789109375 0.8928409687500001 0.10529048437499999
300 0.10122280937499999 0.4342573984375 0.0667124796875 0.4409655265625 0.039978854687499996 0.42626520625 0.018462662499999997 0.43840625468749994 0.036674234374999996 0.4706805421875 0.0258083953125 0.4966688203125 0.041783925 0.5174396640625 0.0654284171875 0.5367198140625 0.09141669375 0.547585653125 0.1228378921875 0.545457353125 0.142118040625 0.5218128609375 0.162888884375 0.50583733125 0.172264028125 0.4721800921875 0.1686450328125 0.43308993124999995 0.10122280937499999 0.4342573984375
1340 0.1206107015625 0.39069515312499997 0.1295548734375 0.43670892656250004 0.1571415890625 0.43532597500000003 0.1649182953125 0.4139175265625 0.1589555140625 0.3832416765625 0.1206107015625 0.39069515312499997
436 0.19675275781249998 0.6186357234375001 0.2312630875 0.6119275953125001 0.2366960078125 0.5989334562499999 0.255230809375 0.571454484375 0.243197503125 0.5300205375 0.1473354734375 0.5486542296875 0.16224242656250001 0.625343853125 0.19675275781249998 0.6186357234375001
1369 0.54462196875 0.60672786875 0.55985215 0.62366423125 0.58669351875 0.6184467984375 0.6894791625 0.59448793125 0.6205662453125 0.5879864343750001 0.54462196875 0.60672786875
884 0.4496130296875 0.6092782875 0.4189371796875 0.61524106875 0.43800184375000006 0.631432084375 0.440983234375 0.6467700078124999 0.45312428125000004 0.6682862 0.46846220625 0.665304809375 0.46931529687499995 0.6492215375 0.462499425 0.634628959375 0.46867769218750005 0.625469303125 0.4771997453125 0.607895334375 0.4496130296875 0.6092782875
1601 0.0287809328125 0.6552655015625 0.051033618749999995 0.790217690625 0.0793656828125 0.79266921875 0.110149275 0.766788684375 0.09013263125 0.6433399390625001 0.094820203125 0.62651131875 0.036557637500000004 0.6338570531250001 0.0287809328125 0.6552655015625
884 0.48274040781250005 0.5749834421875 0.5078755953125 0.6019325531249999 0.5177806 0.6119453015625 0.5176728578125 0.63186305625 0.5506924921875 0.6174859640625 0.533971615625 0.5928806390625 0.5363154015625 0.5844663296875 0.54409210625 0.5630578796875 0.48274040781250005 0.5749834421875
884 0.307099621875 0.613103915625 0.3238204984375 0.637709240625 0.33745224218750003 0.6668943953124999 0.3635482625 0.6578424796875 0.3429929046875 0.6339825015625 0.3407568609375 0.622479059375 0.354604090625 0.6118287062500001 0.3592916625 0.5950000859375 0.307099621875 0.613103915625
1250 0.0669191125 0.5443887765625 0.30540229375 0.502011703125 0.27878526406250004 0.32413487343749997 0.0403020828125 0.366511946875 0.0669191125 0.5443887765625
407 0.45185547656249997 0 0 0.08783180625 0 0.2981471328125 0.26377056875 0.267363003125 0.705977365625 0 0.45185547656249997 0
1917 0.060417615625 0.61330169375 0.0641443546875 0.6324741 0.08193380781250001 0.601160646875 0.073734984375 0.558981353125 0.0614861921875 0.5573829140625 0.0500904921875 0.5397012046875 0.031555690625 0.5671801765625 0.0406076046875 0.5932761984375 0.060417615625 0.61330169375