1250 0.084493759375 0.506187071875 0.251780859375 0.5218007140625 0.2687569328125 0.335029940625 0.097845584375 0.3152470765625 0.084493759375 0.506187071875
410 0.20477426250000003 0.35405056875 0.18112136875 0.35631238593750003 0.17659773437499998 0.3090065984375 0.1573865484375 0.3037474328125 0.126567084375 0.35249757812500004 0.14188153750000002 0.35748425781250004 0.1349874546875 0.4000758515625 0.1455877125 0.4164802484375 0.1767615890625 0.41866013906250005 0.2068455203125 0.4364269671875 0.22940847031249997 0.4497520875 0.25777555625000004 0.436072553125 0.2817009359375 0.42991400156250004 0.3022745546875 0.41568949374999997 0.3080786921875 0.3886848375 0.31388283125 0.3616801828125 0.3085417375 0.3260645984375 0.28126459531250003 0.3241571953125 0.2682119609375 0.342823409375 0.2476383421875 0.3570479171875 0.24093481875 0.34091600624999996 0.250908178125 0.3102871015625 0.2275277703125 0.30865218437499997 0.20477426250000003 0.35405056875
300 0.2474210796875 0.5841484671875 0.2679946984375 0.569923959375 0.29382748125 0.536488265625 0.24480485000000002 0.5095655375 0.213903459375 0.5034889125 0.1741186546875 0.5124542546875 0.1376856125 0.5294855515625 0.13577820937500001 0.55676269375 0.1725656640625 0.5906614328125 0.1862452 0.61902851875 0.22158829687499998 0.6175841609375 0.2474210796875 0.5841484671875
1050 0.286687615625 0.41459954843749997 0.279521046875 0.461087878125 0.28622457031250004 0.47721978906249996 0.27796805625 0.5392950546875 0.3094144203125 0.5375782109375 0.306253215625 0.47078875 0.318760878125 0.45991600468750005 0.3092505640625 0.4279246703125 0.286687615625 0.41459954843749997
1050 0.042365210937499995 0.4366727484375 0.057407176562499995 0.44555616249999996 0.05113999375 0.5351810578125 0.0669994171875 0.53237426875 0.07942515312500001 0.46667475312500006 0.0810600703125 0.44329434531249995 0.079888196875 0.40405451406250004 0.060404525 0.4026920828125 0.042365210937499995 0.4366727484375
300 0.4241632703125 0.408549628125 0.41773223281250005 0.38852098281249997 0.402962753125 0.375740834375 0.3946243125 0.38298933125 0.3784924015625 0.38969285625 0.3815716765625 0.40165554531250003 0.39189945000000004 0.4219566765625 0.4150073703125 0.4274883296875 0.4241632703125 0.408549628125
1564 0.3972405421875 0.45757226093750003 0.410647590625 0.4898360828125 0.4247901703125 0.4555829296875 0.4342185578125 0.4327474953125 0.39080950468750003 0.437543615625 0.3972405421875 0.45757226093750003
581 0.45716262343749997 0.32862560625000004 0.42250164999999995 0.60030708125 0.4162344671875 0.6899319765625 0.4385249296875 0.7071538328125 0.46888134687500005 0.721023925 0.5008726828125 0.7115136125 0.49694742812500003 0.31966026406250003 0.45716262343749997 0.32862560625000004
581 0.6393563546875 0.6350499828125 0.631099840625 0.69712525 0.586137796875 0.7801285484375 0.6173116734375 0.7823084375 0.6666067921875001 0.80533443125 0.712275846875 0.2642332984375 0.6646975734375 0.2726536671875 0.6393563546875 0.6350499828125
676 0.5426468171875001 0.7300978984375 0.6122430671875 0.7427961203125 0.633552215625 0.6620546390625 0.6387294546875 0.58801668125 0.6527081796875 0.4441099890625 0.6526262515625 0.38928321875 0.5733291296874999 0.40331716718750005 0.5426468171875001 0.7300978984375
683 0.5563530562500001 0.5900879406249999 0.5755642421875 0.59534710625 0.5880719046875 0.5844743609374999 0.5691332046875 0.5753184609375 0.5563530562500001 0.5900879406249999
2001 0.49727513749999996 0.5389673453125 0.49217982656250003 0.6678320734375001 0.48863750625 0.718489621875 0.5345808625 0.7334496609375 0.55153023125 0.7150559328125 0.5708767531250001 0.43838777812499996 0.565808146875 0.398875459375 0.49512195156249994 0.4017641765625 0.49727513749999996 0.5389673453125
340 0.035090009374999995 0.596711353125 0.3248107984375 0.5973916609375001 0.327808146875 0.5545275796875 0.3105043640625 0.5219912718749999 0.027759585937499998 0.533546140625 0.035090009374999995 0.596711353125
436 0.39132777343749997 0.5981271921875 0.4450645984375 0.613632203125 0.4472444875 0.5824583265625 0.440268478125 0.57022315 0.4090946015625 0.568043259375 0.3846242484375 0.58199528125 0.39132777343749997 0.5981271921875
423 0.24232576875 0.7130131937499999 0.2335242828125 0.7828819296875 0.2513730375 0.80762476875 0.2794676390625 0.79784196875 0.292329715625 0.8378992593750001 0.301213128125 0.8228572937499999 0.316445653125 0.7730172015625 0.3707274515625 0.78072874375 0.387213775 0.8249552546875 0.406969934375 0.8224209515625001 0.382063240625 0.7306161671875 0.383698159375 0.7072357593749999 0.4161525390625 0.63510520625 0.41443569374999994 0.60365884375 0.372389071875 0.588971290625 0.3565296484375 0.59177808125 0.3203690921875 0.60491264375 0.2953537671875 0.6266581328124999 0.29371885 0.650038540625 0.2909939875 0.6890058859375 0.2598201109375 0.686825996875 0.24232576875 0.7130131937499999
423 0.2619180734375 0.60082535 0.2276649203125 0.5866827703124999 0.192594309375 0.58423039375 0.1483677984375 0.60071671875 0.1233524734375 0.6224622078125 0.105313159375 0.656442875 0.1140060140625 0.7001244140625 0.08618390000000001 0.7060104796875 0.06533779687499999 0.7241317203125 0.05898868593749999 0.7589298453125 0.0365076640625 0.8004314953125 0.0609780171875 0.7864794734375 0.0901625625 0.7611097359375 0.10084474843749999 0.832340903125 0.0944956375 0.867139028125 0.12150029375 0.872943165625 0.1316642109375 0.7835907578125 0.20959890312499999 0.78904048125 0.23169880625 0.8649858421875001 0.26006589375 0.8513063078125 0.2354316859375 0.7556047875 0.22981810625 0.7238859390625 0.2442331734375 0.6857360515625001 0.2572858078125 0.6670698374999999 0.267531653125 0.6325441984375 0.2619180734375 0.60082535
436 0.0623671515625 0.5986187562499999 0.09771024843750001 0.5971743968750001 0.1517195609375 0.6087826734374999 0.1541719359375 0.5737120625000001 0.12073624218750001 0.5478792796875 0.089834853125 0.5418026546875 0.0539467828125 0.5510404828125 0.040349175 0.577500165625 0.0623671515625 0.5986187562499999
1754 0 0.6606685546875 0.0348994515625 0.6554348578125 0.19185877812500002 0.65074736875 0.34156960937499997 0.6377214375 0.4514956359375 0.6336608484374999 0.46708257499999994 0.6347507921875 0.4292051734375 0.6164389921875 0.37936508281250003 0.6012064671874999 0.3412151953125 0.5867914015625 0.30587209843749996 0.5882357593750001 0.2822192046875 0.5904975765625 0.2463311359375 0.5997354046875001 0.203739540625 0.592841321875 0.13305334687499998 0.5957300390625 0.081850825 0.5999811875 0.0467802140625 0.5975288109375 0.0192305859375 0.5995181421875 0.0000193984375 0.5942589765624999 0 0.596013253125 0 0.6606685546875
407 0.0479598671875 0 0.0233712859375 0.20431303281250002 0.39029123593750004 0.2769600390625 0.710477075 0.177960165625 0.6976149984375 0.137902875 0.7140193953125 0.127302615625 0.464464528125 0.0002099578125 0.46146199218749995 0 0.0479598671875 0