436 0.5644540765625 0.5482768828125 0.5445681687499999 0.5634479406249999 0.5322626968749999 0.5805090140625 0.5768003015625001 0.5956393203125 0.606146471875 0.5586719640625 0.5852951796875 0.545421484375 0.5644540765625 0.5482768828125
436 0.6544641062500001 0.5586414000000001 0.6251281234375 0.611714634375 0.6961972515625 0.6334599937500001 0.7170179796875 0.5983928390625 0.7425943078125 0.5926922296875 0.6544641062500001 0.5586414000000001
436 0.7435800671874999 0.653325525 0.8525615609375 0.7006268359375001 0.8951582109375 0.6428081875 0.785231709375 0.59929709375 0.7435800671874999 0.653325525
423 0.7961216234374999 1 0.8063173265625 0.9829827703125 0.8849261374999999 0.9421946312499999 0.9596122875 0.69108506875 0.9311907484375 0.692050453125 0.911304840625 0.7072215109375 0.8705880171875 0.7413538468749999 0.8526023125 0.7650503484375 0.8213253765624999 0.745174628125 0.791003634375 0.73761456875 0.7881788000000001 0.7650911 0.7512420078125001 0.7840625640625001 0.68680830625 0.7679974390625001 0.633745259375 0.7547673359375 0.614824734375 0.7983599328125 0.598759609375 0.8627936328124999 0.6347819593749999 0.8959300203125 0.7058714640625 0.9498871359375001 0.7551646703125 0.9943839875 0.7553990234375 1 0.7961216234374999 1
423 0.229310171875 0.9236612531249999 0.26342213124999997 0.9321663203125 0.3202040796875 0.833600284375 0.364751871875 0.8648364687500001 0.3288110265625 0.96054710625 0.3676582109375 0.9662069625 0.40455425156249997 0.8828119859375001 0.5608778078125 0.885555315625 0.598779984375 0.8950053890625 0.6139102921874999 0.850467784375 0.6091546906249999 0.8211012390624999 0.5399552 0.7595636890625 0.5020428359375 0.7340077359375 0.4679308765625 0.7255026703125 0.4253036625 0.735003684375 0.40820183749999994 0.6582747 0.4043810546875 0.6090120578125 0.3986702578125 0.5673298515625 0.37307355468750003 0.540818703125 0.2972590125 0.5058126765625001 0.3067498390625 0.5323340125 0.319126628125 0.6280140859375 0.3040472609375 0.7530810812500001 0.3002774203125 0.7843478312500001 0.229310171875 0.9236612531249999
423 0.2272877125 0.7218652734375001 0.182801046875 0.7872643578125 0.20743236875 0.7853539656249999 0.224462878125 0.7493418046875 0.2509638375 0.707639221875 0.27656054218750004 0.7341503687500001 0.2140983609375 0.8393518328124999 0.23589465937499998 0.8488120953125 0.2907662171875 0.7256147390625001 0.3182427484375 0.7284395734375 0.3191673796875 0.6924375984375 0.3115563796875 0.64222995 0.31342601875 0.6024377578125 0.30107979375 0.5550753187499999 0.281153134375 0.505822865625 0.22428968125 0.4755418765625 0.2337805078125 0.5020632125 0.25180696406249997 0.5427902234374999 0.25185790468749997 0.6233196140625 0.23957280781249998 0.6725924437499999 0.2272877125 0.7218652734375001
423 0.14578275000000002 0.6773887968750001 0.147693140625 0.7020201171875 0.17609430312500002 0.668842978125 0.188399775 0.6517819046875 0.199770428125 0.6546169265625 0.1808499046875 0.6982095234375 0.1496137203125 0.7427573171875 0.16667479375 0.7550627890625 0.2177866984375 0.679238059375 0.22819196718749998 0.65365154375 0.2404974390625 0.6365904687499999 0.2347866421875 0.5949082625 0.2309760484375 0.5617515 0.22526525312499998 0.5200692921875001 0.22145465937500003 0.4869125296875 0.20628359999999998 0.467026621875 0.1702714375 0.44999611249999993 0.1863976921875 0.4821976796875 0.187363075 0.5106192187499999 0.185503625 0.5665172890625 0.17700874687499998 0.6167351265625001 0.14578275000000002 0.6773887968750001
436 0.289688765625 0.520028540625 0.3901244390625 0.5370182984375 0.4024095359375 0.4877454671875 0.29818364375 0.469810703125 0.289688765625 0.520028540625
407 0.248631228125 0 0.6135231453125 0.238444415625 1 0.1843039734375 1 0.11701866875 0.5384432859375 0 0.248631228125 0
410 0.5973153859375 0.077395821875 0.5783642984374999 0.07267078593750001 0.5622686078125 0.0887868515625 0.558488578125 0.10394772187500001 0.5566087515625 0.1276340359375 0.548103684375 0.1617459953125 0.5310426109375 0.1494405234375 0.5329224375 0.12575420937499998 0.5130263421875 0.124819390625 0.5007208703125 0.1418804640625 0.48652538281249996 0.166521971875 0.4751649171875 0.179792828125 0.481810534375 0.20157893906250002 0.474250475 0.2319006796875 0.47427085 0.2641124359375 0.5102830125 0.281142946875 0.54155995 0.301018665625 0.5614662328125 0.3180593625 0.55485118125 0.3445908875 0.5918083515625 0.357831178125 0.5936881781250001 0.334144865625 0.6154742890625 0.32749925 0.6571666828125 0.33789433125 0.6827430109375 0.332193721875 0.6941034765625 0.318922865625 0.7177694140625 0.28859093593749996 0.7348101109375 0.268684653125 0.74521538125 0.24309813593750002 0.7167836546874999 0.22795764218749998 0.7148732625 0.20332632031250003 0.7101176625 0.17395977499999998 0.6873763562499999 0.16828973125 0.6958916109375 0.15028365 0.7043966765625 0.11617169062499999 0.6740749359375 0.10861163125 0.6683743265625 0.083035303125 0.670243965625 0.0432431109375 0.633296984375 0.046108696875 0.635207375 0.07074001875 0.6191320609375001 0.119067840625 0.6039813781250001 0.13139368906249999 0.5982807703125 0.10581736093750001 0.5973153859375 0.077395821875
681 0.6753153968750001 0.5718918796875 0.730268459375 0.577541546875 0.7756288140625001 0.3956110984375 0.7528875078125 0.3899410546875 0.7140505125 0.4003870765625 0.7083804671875 0.4231283828125 0.6951605515625 0.4922973078125 0.676250215625 0.5519957828125001 0.6753153968750001 0.5718918796875
1250 1 0.47206490624999997 0.8912559234374999 0.46469852031250003 0.8619810703124999 0.614407025 0.968107165625 0.64086723125 1 0.48265988593750003 1 0.47206490624999997
1601 0.182678790625 0.5939938203125 0.1854934375 0.5504114109375 0.19587832968750002 0.49261313749999996 0.2498863859375 0.5020530234375 0.30673965000000003 0.516228134375 0.29345860625000003 0.4887617921875 0.1513305375 0.461376953125 0.1380698703125 0.466122365625 0.10878482812500001 0.5997249921875001 0.1182654671875 0.6101404500000001 0.1419517796875 0.6120202765625 0.1883794 0.6195701484375 0.182678790625 0.5939938203125
369 0.1598356046875 0.42726499375 0.181631903125 0.43672525625 0.19863184843749998 0.352395459375 0.1825259703125 0.3524056484375 0.1598356046875 0.42726499375
369 0.1797418875 0.4443056921875 0.199637984375 0.44524051093750006 0.21758293593750003 0.357120496875 0.2062122828125 0.354285475 0.1797418875 0.4443056921875
369 0.1939577515625 0.4518759390625 0.217644065625 0.453755765625 0.25072951250000003 0.337204025 0.2317784234375 0.3324789875 0.1939577515625 0.4518759390625
369 0.22901471718750002 0.4565907875 0.24797599374999998 0.477421703125 0.28295145625 0.3532895265625 0.262100165625 0.340039046875 0.22901471718750002 0.4565907875
369 0.2650268796875 0.47362129687500004 0.282087953125 0.4859267703125 0.3132731984375 0.3608495859375 0.2933771015625 0.3599147671875 0.2650268796875 0.47362129687500004
300 0.5160345609375 0.387248665625 0.4999286828125 0.38725885312499997 0.4715071453125 0.3882242359375 0.4582362890625 0.376863771875 0.44593081718749994 0.3939248453125 0.4431059828125 0.42140137656250004 0.43269052500000005 0.43088201406250004 0.415649828125 0.45078829843749996 0.41092479062500004 0.46973938750000005 0.42894105937499993 0.4943605203125 0.44314673437499996 0.4858248890625 0.45640740312499994 0.48107947656250005 0.46020780781250004 0.49813036093749996 0.4810489109375 0.4952749625 0.48485950468750005 0.5284317265625 0.49814055 0.5558980703125 0.47446442343750006 0.570124121875 0.4488880953125 0.5758247296875 0.47922002499999994 0.5994906671875 0.54744394375 0.6165008000000001 0.5663848437500001 0.605119959375 0.550268778125 0.58902426875 0.5455233640625 0.5757636015625 0.560674046875 0.563437753125 0.5919407953125 0.56720759375 0.6213175296875 0.578557871875 0.641213625 0.579492690625 0.6525537140625 0.534010078125 0.6563337437500001 0.5188492078125 0.65632355625 0.5027433296875 0.657258375 0.482847234375 0.6638734281249999 0.456315709375 0.6496575640625 0.44874546249999997 0.6505923828125 0.4288493671875 0.6316412953125 0.4241243296875 0.60794479375 0.406138625 0.5937187421875 0.38246250000000004 0.573822646875 0.3815276796875 0.5596169703125 0.3900633109375 0.5425762734374999 0.4099695953125 0.522680178125 0.409034775 0.5160345609375 0.387248665625
1754 0.43086163906249997 0.53509771875 0.248951565625 0.5219491203125 0.40533625000000006 0.62132771875 0.4868514015625 0.681910071875 0.5446598609375 0.70840084375 0.58255185 0.701745040625 0.6318144921875 0.6979242578125 0.701928425 0.70735395625 0.7597266984375 0.71773885 0.8108793546875 0.7063376328125 0.8412010953125 0.7138976921875 0.8705676421874999 0.709142090625 0.7758020109375 0.6694110265625 0.7142033328124999 0.6419752484375 0.6620852937499999 0.6249549265625001 0.591961171875 0.59941935 0.43086163906249997 0.53509771875
1373 0 0.509698228125 0.0073430171875 0.489890184375 0.0329091578125 0.46808369687500007 0.0660455453125 0.43206134687500003 0.0802308453125 0.3913139609375 0.07547524375 0.3619474140625 0.105796984375 0.3695074734375 0.0773448828125 0.32215522343749997 0.1010311953125 0.32403505 0.0583734171875 0.2852184296875 0.080159528125 0.2785728140625 0.048882592187500004 0.25869709375 0 0.46469890156250004 0 0.509698228125
581 0.1096279546875 0.43487599374999997 0.1427134015625 0.318324253125 0.156919078125 0.309788621875 0.2003792296875 0.11933273124999999 0.2316561671875 0.13920844999999998 0.28566422187499996 0.1486483359375 0.32165600781250003 0.1334670890625 0.3425174875 0.162823446875 0.3643341625 0.20449546562499998 0.42497764531250004 0.219615584375 0.4533889953125 0.202544321875 0.4514786046875 0.1779130015625 0.1643059390625 0.0056669531250000005 0.0177788515625 0.5126213015625 0.059491621875 0.5552281406249999 0.060395878125 0.48701440937499996 0.1039579109375 0.4576173 0.1096279546875 0.43487599374999997
2011 0.564260503125 0.2422651984375 0.1728415703125 0.019872628125 0.0414549765625 0.4983952515625 0.1257847734375 0.515395196875 0.1484751390625 0.44053585 0.498089609375 0.47536867968749996 0.564260503125 0.2422651984375