133 0.8266890703125 0 0.8204103359375001 0.03246688125 0.8931257109375 0.6246860859375001 0.8883001281249999 0.6571830703125 0.8828651984375 0.684717325 0.8700521406249999 0.6829322046875 0.8853957546875 0.7566114828125 0.9000588421875 0.7632069968749999 0.8995646531249999 0.8002097031250001 0.9132121640624999 0.798534 0.923022465625 0.75534986875 0.935407303125 0.7639043 0.969383146875 0.8252207296874999 0.989662290625 0.8160140312499999 0.995278346875 0.80021181875 1 0.8027666234374999 1 0.4957416421875 0.9397723359375 0 0.8266890703125 0
423 0.1757316078125 0.5566069828125 0.18268151562499998 0.5926956671875 0.18895610937500001 0.6540550171875 0.1843776203125 0.6680506484375 0.19234310625 0.712410553125 0.25392703125 0.721640828125 0.2646869453125 0.7169613109374999 0.2784496125 0.75725104375 0.28634913125 0.8318443406249999 0.2987559578125 0.830320975 0.29367806875 0.7889648859375 0.29335979375 0.7453452046875 0.2866130015625 0.7109107625 0.28442270937499997 0.6725584875 0.2753976671875 0.6400829625 0.265104740625 0.5254831453125 0.238869278125 0.5169501734375 0.21301805625 0.5218034874999999 0.1803320859375 0.5325335515625 0.1757316078125 0.5566069828125
436 0.68402726875 0.48076265781250005 0.6521977390625 0.4779541015625 0.6184961921875 0.48041294843750004 0.5975857125 0.4947347140625 0.5977228593749999 0.5266223515624999 0.6075603640625 0.56571485 0.6542780859375 0.56669536875 0.688792096875 0.5708534953125 0.691564534375 0.5318918734375 0.68402726875 0.48076265781250005
581 0.09905230312499999 0.07570056875 0.0825391875 0.0642946609375 0.0637038421875 0.07500326562500001 0.06341798125 0.20601464218749999 0.0829662671875 0.4370208578125 0.11916481718750001 0.7113206187500001 0.14022286875 0.913595346875 0.2111888765625 0.8864108015625 0.2112768328125 0.846099609375 0.1923211171875 0.72248835 0.122268234375 0.14169651562500002 0.128131384375 0.10739295 0.09905230312499999 0.07570056875
581 0.12153321718750001 1 0.11888416875 0.9346864234375 0.109947084375 0.8618997046875 0.0859406796875 0.7792089859375 0.0289635859375 0.45876419999999996 0 0.2228747234375 0 0.49402398124999997 0.061477653125 1 0.12153321718750001 1
2001 0 0.2457158734375 0.0407882671875 0.53455473125 0.092693825 0.5265023484375 0.072673340625 0.322421040625 0.053487307812499996 0.11487890781250001 0 0.08289912499999999 0 0.2457158734375
610 0.8096209406250001 0.713860784375 0.791680803125 0.59852074375 0.77884054375 0.51445899375 0.76645570625 0.5059045625 0.7438983125 0.517070178125 0.743854334375 0.537225775 0.7807721765625 0.766099275 0.7918943421875 0.7848838421875 0.798190925 0.83616539375 0.8004251968749999 0.854362071875 0.8256890609375 0.83446823125 0.8096209406250001 0.713860784375
610 0.409673628125 1 0.40886886718750004 0.957852184375 0.41425981875 0.950473528125 0.40936305624999997 0.9208494796875 0.40103531718749996 0.8530254921875 0.38738259531249997 0.76234676875 0.3745863140625 0.6581294234375 0.3693932671875 0.574807896875 0.34376715 0.57123765625 0.33341346875 0.579225659375 0.34156008125000004 0.63531760625 0.3412250296875 0.6941301515625 0.3436896171875 0.796257703125 0.355668225 0.8015036484375001 0.364358215625 0.8927917171875001 0.3707427546875 0.9037620765625001 0.39156527812499997 0.9297515031250001 0.399146521875 0.9607251218749999 0.402941090625 1 0.409673628125 1
610 0.6619200859375 0.4750811640625 0.655875809375 0.4976526875 0.652290909375 0.5299973359375 0.6553376421875 0.5548109890624999 0.6785043828124999 0.54860810625 0.6759518375 0.4867917453125 0.6619200859375 0.4750811640625
1387 0.563911365625 0.5794701890625 0.5484138265625 0.5763354984375 0.5029147984375 0.5852804421875 0.4710632796875 0.5925496828125 0.470635059375 0.5993189953125 0.47972606874999996 0.601561125 0.498539425 0.6009303187499999 0.5380381546875 0.5944013015625 0.5541670296875 0.5924209234375 0.5713334718749999 0.5886339671874999 0.5742430578125 0.5815599828125 0.563911365625 0.5794701890625
832 0.48512858437500006 0.3993958140625 0.48077519999999996 0.40496789218749996 0.47685003750000005 0.403770659375 0.47563134375000005 0.39384519687499997 0.4708937171875 0.3860309890625 0.462840275 0.381982278125 0.45952445781250006 0.38574777656250003 0.45641175624999997 0.3911675171875 0.4565928828125 0.40289955781250003 0.4576084609375 0.4111707765625 0.463789884375 0.42048689218749996 0.464602346875 0.4271038640625 0.459639615625 0.4277132109375 0.4561426734375 0.41974666718750003 0.44869857656249995 0.4206606875 0.4451796453125 0.4227719421875 0.4389542421875 0.4336114234375 0.428803675 0.44325367031249996 0.43230061875 0.4512202140625 0.43412865937499995 0.46610840781249996 0.4353473515625 0.47603386875 0.432662871875 0.4746843 0.427700140625 0.475293646875 0.42106850625 0.4828246390625 0.422490315625 0.49440434531250005 0.4297093078125 0.5019138796875 0.4422972609375 0.5121225546875 0.448072453125 0.5181301828125 0.451569396875 0.5260967265625001 0.45777280937500003 0.52533504375 0.46377310781250003 0.5229191156249999 0.46275752968750006 0.5146478984375 0.4679233765625 0.5156927953125 0.47078898437500005 0.5287744078125 0.47906753125 0.5243995640625 0.48093955 0.519132159375 0.484233378125 0.525444459375 0.48998658125 0.5415298859375001 0.49797405625 0.5758119921875 0.5072461921875 0.5897861640625 0.5090962218749999 0.5945965578125 0.5485949531250001 0.588067540625 0.548188721875 0.584759053125 0.547579375 0.579796321875 0.5478044796875 0.57137276875 0.5519547484375 0.5641464468749999 0.5507360546875 0.5542209859375 0.548748878125 0.5175229531250001 0.552674040625 0.5187201859374999 0.55743365625 0.5164565953125 0.561583925 0.509230275 0.5616059140624999 0.49915247812499997 0.564718615625 0.49373273749999996 0.5719595953125001 0.491164471875 0.5717784703125 0.4794324296875 0.5639281421875 0.47703796406250004 0.569522209375 0.47131354999999997 0.5701535453125001 0.4661984828125 0.5771694203125 0.4720537734375 0.583372834375 0.471292090625 0.5873199875 0.462411525 0.5900264578125001 0.453683296875 0.5888077640625 0.4437578359375 0.577257378125 0.43174258125 0.5704446171875001 0.42754153281249996 0.56588811875 0.43145936718750005 0.5648725406249999 0.42318815 0.564060078125 0.41657117499999996 0.5597286828125 0.412065453125 0.55726930625 0.40229232968749995 0.545493815625 0.39870062812499996 0.543621796875 0.4039680328125 0.537418384375 0.404729715625 0.527492921875 0.405948409375 0.5246053265625 0.40294459531250004 0.518605028125 0.40536052187499994 0.5122204890625001 0.3943901640625 0.503129478125 0.3921480328125 0.498979209375 0.39937435468750004 0.49751342187500003 0.4079502453125 0.4892568640625 0.4022472921875 0.48512858437500006 0.3993958140625
1545 0.63793453125 0.7618081546875 0.6579665796875 0.7711028093750001 0.6775923984375 0.777088978125 0.7230474484375 0.788299628125 0.737732525 0.7848173453125 0.7391323453124999 0.8064748484375001 0.7486295859375 0.8120254656249999 0.7571112484375 0.8093048656249999 0.7591424046874999 0.8258473015625001 0.7758586375000001 0.8389074531249999 0.7820620500000001 0.8381457703124999 0.7697651703124999 0.789280146875 0.7765999203125 0.7834033953125 0.8243991875000001 0.7624217359375 0.831459040625 0.74812143125 0.84199385 0.7518654687499999 0.846034171875 0.7950281375 0.8569972 0.7920028640625 0.8547409390625 0.7838839828124999 0.8562067265625 0.7753080921875 0.8551911499999999 0.7670368734374999 0.8630194875000001 0.7795091390625 0.8690197859375 0.7770932125 0.8678010921875 0.76716775 0.8573102625000001 0.7432681171875 0.8428722796875 0.728249046875 0.8331719234375001 0.7210441859375 0.8181026046875 0.711140184375 0.76973796875 0.7070035171875 0.7540373140625001 0.7022145828124999 0.7360364203125 0.7094623640625 0.7294047859375 0.7169933578125 0.7021097671875001 0.7203447640625 0.6845151046875 0.730901034375 0.6576263171875001 0.737560928125 0.6373251843750001 0.7568454234375 0.63793453125 0.7618081546875
1545 0.4899310375 0.7564721343749999 0.467801865625 0.7608684390625 0.44713847968750003 0.7566888515625 0.42976892187500004 0.7588215640625 0.3929766625 0.7566223546875 0.38801393125 0.7572317015625 0.332342346875 0.7858966921875 0.31576326250000003 0.804724178125 0.3126505609375 0.81014391875 0.2985968203125 0.8085111359375 0.2944465515625 0.8157374562499999 0.29401833125 0.8225067671874999 0.303740678125 0.8196338296875 0.30971898593749997 0.8272957015625 0.31299082500000003 0.8436858 0.31872203906249996 0.869849025 0.3264624203125 0.9226324828125 0.3270717671875 0.9275952125 0.3357565453125 0.92652885625 0.3298881828125 0.86847799375 0.3258038828125 0.8454709218750001 0.328510353125 0.8367426921875 0.3285323421875 0.82666489375 0.3363826703125 0.8290593625 0.3551740359375 0.8385063531249999 0.4120203359375 0.839922421875 0.42090822968749997 0.8405103078125 0.424630278125 0.840053296875 0.42208294375 0.8705913656250001 0.4247454359375 0.882018734375 0.43505513906250004 0.8941863250000001 0.44249923593749996 0.8932723046875 0.44416813906249997 0.8863506593749999 0.44522769531249995 0.8744662796875 0.4538684953125 0.89355551875 0.45655297656249993 0.8949050906249999 0.46257526406249994 0.8824113640625001 0.4391122390625 0.8349167703125 0.45296286406249997 0.8348953109374999 0.5096940046875 0.794345940625 0.5196414546875 0.78304945 0.524016828125 0.7673995734375 0.509353740625 0.7608040593750001 0.4899310375 0.7564721343749999
1545 0.2350916859375 0.7323494328125 0.22579756093749997 0.7284530578124999 0.140821790625 0.733849221875 0.102294659375 0.768805053125 0.09568501562500001 0.76625825 0.0888722546875 0.762057203125 0.08494709218749999 0.76085996875 0.086978246875 0.7774024046875 0.10053780000000001 0.8160378953125 0.10732857031250001 0.8303167406249999 0.1050943 0.8121200609375 0.1012131140625 0.79076723125 0.10288201718750001 0.7838455828125 0.1227109515625 0.7914859937500001 0.2004677296875 0.778580296875 0.2085431625 0.772551209375 0.236941715625 0.7371598265625 0.2350916859375 0.7323494328125
1545 0.278806653125 0.6883606999999999 0.280678671875 0.6830932953125 0.28606962343750003 0.6757146374999999 0.28112888125 0.6662461859375 0.261931284375 0.6534907078125001 0.21045394687500002 0.6547737812500001 0.188709015625 0.6725563703125 0.18663388125 0.67616953125 0.19527468125 0.6952587703125 0.251105403125 0.6884036203125 0.278806653125 0.6883606999999999
423 0.057482510937499995 0.55769268125 0.0580918578125 0.5626554125000001 0.0570323015625 0.574539790625 0.0557696296875 0.584769925 0.0571914390625 0.5963496312500001 0.06540401875 0.62220818125 0.0741819671875 0.673185059375 0.0794849609375 0.7061175937499999 0.09685973125 0.7963393078125 0.1056596671875 0.8372383890625 0.1078939390625 0.8554350671875 0.12166181875 0.9880792265625 0.12703078125 0.99077836875 0.127277875 0.9722770140625 0.127750075 0.9453521078125 0.126575359375 0.91527105 0.12375373125 0.882033840625 0.1203227546875 0.8438339015625 0.121179196875 0.83029528125 0.1284201765625 0.8277270171875 0.1358422828125 0.8368907953125 0.1401297 0.8615521125000001 0.1425231078125 0.90155863125 0.139119334375 0.9456353203125 0.1523386234375 0.950728928125 0.157729575 0.9433502703125001 0.1598486875 0.9195815140624999 0.1564177125 0.881381575 0.1550178921875 0.8597240718749999 0.14971489843750002 0.8267915374999999 0.1515869171875 0.8215241328125 0.1575872140625 0.8191082062499999 0.1691595890625 0.8210456625000001 0.1772130328125 0.8250943734374999 0.1852884640625 0.8190652859374999 0.1983046390625 0.8225046484374999 0.2003577828125 0.8289692875 0.200132678125 0.8373928421875 0.2061109875 0.8450547140625 0.20606700937500003 0.865210309375 0.210354425 0.8898716265625 0.2176006171875 0.979657790625 0.2283385421875 0.9850560703125 0.23289504062500002 0.9811382375000001 0.23147323281249998 0.96955853125 0.22698269999999998 0.9432429718750001 0.2258079859375 0.9131619140625 0.2267084046875 0.8794676953125 0.225308584375 0.8578101921875 0.2183366875 0.8317993046875 0.21939624375000003 0.819914925 0.220658915625 0.809684790625 0.22460606875 0.8008042265625 0.23080948281250002 0.8000425437500001 0.23534399218750002 0.8062025078125 0.24046586093750003 0.827403 0.24247502656250003 0.854023234375 0.2403559140625 0.877791990625 0.24545579218750002 0.9090702828125 0.24872763125000003 0.9254603828124999 0.25409659375000004 0.9281595234375001 0.2640220546875 0.9269408296874999 0.2632095921875 0.9203238546874999 0.2580657359375 0.9092011609374999 0.25314698281250003 0.8896549109375 0.254453634375 0.8592691796875 0.25449761249999997 0.8391135828125 0.251857109375 0.8176084156250001 0.247772809375 0.79460134375 0.24348539218749998 0.7699400265625 0.24001043906250003 0.7518956828125 0.2346414765625 0.7491965421875 0.13358081093750002 0.7364174859375 0.1331745796875 0.733109 0.1305340765625 0.7116038328125 0.1200872265625 0.6675486015625001 0.11706248125 0.63265715 0.11444396875 0.601074184375 0.10663762031249999 0.578524121875 0.0919745328125 0.5719286078125 0.07419874374999999 0.5707528328125 0.0711300203125 0.556016978125 0.063685925 0.5569309984374999 0.057482510937499995 0.55769268125
423 0.8013979359375 0.5032933796875 0.7997730125 0.49005943125 0.79440405 0.487360290625 0.786959953125 0.48827430937500005 0.7863286171875 0.493389378125 0.7795158578125 0.48918832968750003 0.773718675 0.49325850156250006 0.7706059734374999 0.49867824218749995 0.7741029171875 0.5066447859375 0.7426576296875 0.517222515625 0.7316726124999999 0.5303255859375 0.7300256984375 0.5271694359375 0.72736320625 0.5157420671875 0.7149563796875 0.5172654343749999 0.71759688125 0.5387706015625 0.7159279781250001 0.54569225 0.7150715375 0.5592308703125 0.7193369656249999 0.5939699859375 0.7287682390625 0.6297539984375 0.7297618265625 0.6481030140625 0.7360364203125 0.7094623640625 0.737030009375 0.7278113796875 0.742986328125 0.7455510484375 0.7464612828125 0.7635953921875 0.7389732078125 0.784665009375 0.65031936875 0.7703625859375001 0.6374843218749999 0.7786552625 0.6370561015625 0.785424575 0.6390872562500001 0.8019670109374999 0.6457460921875 0.8767126453125 0.648408584375 0.8881400125000001 0.6554024703125 0.9040731031250001 0.664224396875 0.9348943843749999 0.6705649578124999 0.9660203390625 0.6674302671875 0.9815178765624999 0.6860405078125 0.9792328265625001 0.686468728125 0.9724635171875 0.6848657921875 0.94915176875 0.679947040625 0.9296055187500001 0.6760658562499999 0.9082526906249999 0.6645594484374999 0.8760818374999999 0.6606782625000001 0.854729009375 0.664466278125 0.8240386046875001 0.669429009375 0.8234292578125 0.6731510578125001 0.8229722484374999 0.6886705859375 0.816029140625 0.6960926921875 0.82519291875 0.7159216265625 0.8328333296875 0.7204781265625 0.8289154953125 0.7316442703125 0.8275444640625 0.73577255 0.8303959421875 0.7419759625 0.8296342593749999 0.751473203125 0.8351848765625001 0.7537294640625001 0.8433037578125001 0.7569793140625001 0.8697716546875001 0.774128978125 0.9684169234375 0.7890171703125 0.9665888828125 0.788407825 0.9616261515625 0.784954859375 0.9335040109375001 0.7792676234375 0.8871851906250001 0.773377271875 0.8392121265625001 0.7812715781249999 0.8214509968750001 0.7934752890625 0.8182733875 0.8224612 0.7979225343749999 0.8251456812500001 0.7992721046875 0.8294770765624999 0.8037778265625001 0.8333802499999999 0.81505285625 0.8384801296875001 0.8463311484375 0.8466267421874999 0.9024230937500001 0.8540048703125 0.9317424687500001 0.8634581328125 0.95744868125 0.8808276906250001 0.9553159687500001 0.8719837734375 0.9345724859375 0.8648087609375 0.9069073546875 0.8554214671875 0.8509677468750001 0.8486966640625001 0.8064555062500001 0.8406160187499999 0.720130165625 0.8371190765625001 0.712163621875 0.838200621875 0.6902014453125 0.8349727609375 0.6536557484375 0.8346324984375 0.6201138671875001 0.8305921765625 0.5769511984375 0.8239113515625001 0.5122833625000001 0.8220833109375001 0.49739516874999995 0.8109171671875 0.49876620000000005 0.8013979359375 0.5032933796875
1757 0.516905459375 1 0.5917486234375 0.9908104140624999 0.6050118906249999 0.9757484265624999 0.6155467 0.9794924640625 0.6442855171875 0.9776429640625001 0.68976255625 0.9787758171875 0.7455932765625 0.9719206671875 0.7532844671875 0.95250529375 0.7509130484375001 0.9024209765625001 0.7600480359375 0.8845075093749999 0.7375022078125 0.700886471875 0.72671509375 0.6232893609375 0.717871178125 0.6025458765625 0.698898684375 0.5813668437499999 0.6906421265625 0.5756638890625 0.6509622687500001 0.5704608640625 0.6102448453125 0.567064421875 0.5744681625 0.5731364296875 0.493620671875 0.58138406875 0.45143746093750003 0.586563515625 0.4195859421875 0.59383275625 0.3858624046875 0.606369403125 0.3751024921875 0.61104891875 0.38740458437499997 0.752268971875 0.3507326953125 0.8843896234375 0.3529669671875 0.9025863031249999 0.3417331265625 1 0.35006461093749996 1 0.36310075625 0.9953762812500001 0.3775827171875 0.9902397531249999 0.4119156015625 0.9826658390624999 0.434022784375 0.988347334375 0.4539607765625 1 0.516905459375 1
423 0.3813006921875 0.5179328078125 0.37281902968749997 0.520653409375 0.373450365625 0.515538340625 0.370359653125 0.510880284375 0.36415624062499996 0.5116419671875 0.3608404234375 0.5154074640624999 0.354230778125 0.5128606609374999 0.3496742796875 0.51677849375 0.35068985625 0.5250497125 0.3372454625 0.528379659375 0.32835756875 0.5277917734375001 0.330119640625 0.572913359375 0.34108266875000004 0.5698880859375001 0.34336091875 0.56792916875 0.370430834375 0.5730013171875 0.3773807421875 0.6090900015625 0.418345259375 0.59398509375 0.4214579609375 0.5885653515625 0.42253950625 0.5666031765625 0.42215526406250004 0.553216890625 0.420124109375 0.5366744546875 0.416627165625 0.528707909375 0.413536453125 0.524049853125 0.412723990625 0.5174328796875 0.40983639531250005 0.5144290640625 0.404648559375 0.5234619671875 0.3813006921875 0.5179328078125
423 0.46183024375 1 0.4468526203125 0.887700228125 0.46733487812499996 0.8801477734375001 0.46961312812499995 0.8781888578125001 0.4807792734375 0.876817828125 0.488020253125 0.8742495640625 0.5004710593749999 0.8525706 0.512043434375 0.85450805625 0.5170061640625 0.853898709375 0.5262563124999999 0.8779506796875 0.5318064 0.8923818625 0.5342217984375 0.922310584375 0.5300055609375 0.9597703 0.5342709890624999 0.9945094156250001 0.5493622968749999 0.9943356187499999 0.5455031 0.962904990625 0.550103578125 0.9388315609375001 0.5497413265625 0.9153674765625001 0.5489728421875 0.88859490625 0.5471448015625 0.8737067140624999 0.5364728453125001 0.8380750375 0.535501246875 0.8096482249999999 0.5328387546875 0.79822085625 0.5123784859375 0.7956955109375 0.456888028125 0.8360925437500001 0.44075915312499997 0.8380729203125 0.43358413906250004 0.810407790625 0.4313718578125 0.7821333125 0.42995004843749995 0.7705536078125 0.425031296875 0.7510073578124999 0.41950319687500004 0.7264983765624999 0.41200991093750006 0.655213565625 0.408985165625 0.6203221140624999 0.40738223125 0.5970103671875 0.3999601234375 0.5878465890625 0.395041371875 0.5683003390625 0.392356890625 0.5669507687500001 0.3822283140625 0.5665152203125 0.3830187875 0.583209990625 0.3764091421875 0.5806631875 0.33260100625 0.5726086875 0.33075097656249997 0.5677982921875 0.3297353984375 0.5595270734375 0.3220881875 0.5587868515625 0.31712545625 0.5593961984375 0.3111251578125 0.5618121234375 0.3018310328125 0.55791575 0.29479316875 0.5621382578125 0.30158393906250003 0.576417103125 0.2802892171875 0.5773525828125 0.279273640625 0.569081365625 0.26955129375000003 0.5719543015624999 0.270973103125 0.5835340078125 0.27381672031250004 0.6066934171875 0.2772696859375 0.634815559375 0.281172859375 0.6460905890624999 0.289160334375 0.6803726953125 0.29735092500000004 0.71630904375 0.2997883125 0.7361599671875 0.307166440625 0.7654793421874999 0.3190790796875 0.80095868125 0.330947740625 0.856593615625 0.3364318609375 0.9012581921875 0.3443426 1 0.36247598124999997 1 0.3627165140625 0.9819899953125001 0.3594666640625 0.9555220984374999 0.3540485125 0.8806241265624999 0.35901124218749997 0.8800147796875001 0.40509762812499994 0.886110365625 0.42156533749999997 1 0.4330963078125 1 0.4340007953125 0.9984251328125 0.41791068750000004 0.887895484375 0.42267030156249996 0.88563189375 0.429686178125 0.8914871859375 0.4441749296875 1 0.46183024375 1
610 0.35296810624999997 0.5230907953124999 0.3384861453125 0.528227321875 0.339073503125 0.5432678515625 0.343157803125 0.5662749265625 0.359896025 0.5692572796875 0.35829309062500003 0.54594553125 0.35296810624999997 0.5230907953124999
372 0.8563450156249999 0.427700221875 0.8598639484374999 0.42558896874999996 0.8617359656250001 0.42032156406250004 0.8621641875 0.41355225312500005 0.8609454937500001 0.403626790625 0.8650737718749999 0.40647826875000004 0.828534959375 0.098636625 0.8243846906250001 0.1058629453125 0.8239564703125 0.1126322578125 0.8200093171875 0.12151282187500001 0.8170997312500001 0.12858680625000002 0.8166715109375 0.1353561171875 0.818318425 0.1385122671875 0.8245218375000001 0.137750584375 0.8282218968749999 0.147371371875 0.8300499374999999 0.162259565625 0.8330966703125 0.18707321875 0.8355340578125 0.20692414218750002 0.8307524531249999 0.21926553124999998 0.8204207609375 0.2171757359375 0.8175111749999999 0.2242497203125 0.8267833109374999 0.23822389375 0.83470481875 0.3027393921875 0.8324045796874999 0.3147761078125 0.8354513125 0.3395897625 0.838542025 0.3442478203125 0.8467985828125 0.3499507734375 0.8484235078125 0.36318472343749997 0.845920153125 0.37356719374999997 0.8403260859374999 0.37929160781250004 0.835407334375 0.359745359375 0.8240328625 0.2671077171875 0.81679188125 0.26967598125 0.8178074593750001 0.27794719843750004 0.8234067390625001 0.3645772125 0.8219409515624999 0.373153103125 0.8155124328125 0.3823383421875 0.8142497609375001 0.3925684765625 0.8096932609374999 0.3964863109375 0.8093090187499999 0.383100025 0.8070747484374999 0.3649033453125 0.7983627671875 0.2836930734375 0.78843730625 0.2849117671875 0.7863841609375 0.278447128125 0.783946775 0.25859620625 0.7777433609375 0.2593578890625 0.7767277828125 0.251086671875 0.766802321875 0.252305365625 0.768608371875 0.27727135625 0.7713860218749999 0.33066415937500004 0.7723356328125 0.36916877187499997 0.7637608 0.3198461375 0.7579856078125 0.31383851093750004 0.7563167046875 0.3207601578125 0.763562896875 0.41054632187499995 0.7701505515625 0.423170925 0.775497525 0.43594786250000006 0.782716515625 0.44345739687499997 0.7903417390625 0.45427541875 0.798192065625 0.4566698859375 0.8054330468750001 0.45410162343750005 0.8087488640625 0.45033612500000003 0.8079364015625 0.44371915156249997 0.8127180062500001 0.43137776250000004 0.8189214187499999 0.430616078125 0.8218310046875 0.42354209374999996 0.8234999078125 0.416620446875 0.8204531749999999 0.39180679375 0.826453471875 0.38939086562499997 0.832634896875 0.39870698125000004 0.8427634734374999 0.39914253125 0.8390194359375001 0.4096773390625 0.8406443609375 0.4229112875 0.8501416015625001 0.42846190625 0.8563450156249999 0.427700221875
446 0.46941869374999995 0 0.446509425 0.0028129046875000003 0.43863710781250004 0.010496235937499999 0.4348930703125 0.02103104375 0.437352446875 0.03080416875 0.439383603125 0.047346603125 0.434420871875 0.047955950000000004 0.426976775 0.0488699703125 0.424901640625 0.05248313125 0.42571410312499997 0.0591001046875 0.4271579015625 0.0606020125 0.4321206328125 0.059992665625 0.436452028125 0.0644983859375 0.43706137343749996 0.0694611171875 0.43559558593750003 0.0780370078125 0.43250487499999996 0.0733789515625 0.42672968125 0.06737132500000001 0.4234138640625 0.0711368203125 0.425467009375 0.077601459375 0.43000152031249994 0.08376142187499999 0.431648434375 0.08691757343749999 0.42894196406249996 0.0956458015625 0.42461056875000003 0.09114008125 0.41800092343750006 0.088593278125 0.41572267500000004 0.09055219375 0.41901650156250003 0.09686449531249999 0.4219040984375 0.0998683078125 0.42704795625 0.11099100312500002 0.42001009062500005 0.11521351093750001 0.4127911 0.1077039765625 0.4043094359375 0.1104245765625 0.40185005937499996 0.10065145312499998 0.3996157890625 0.082454771875 0.3924187859375 0.0648674390625 0.38826851875 0.0720937609375 0.3855620484375 0.0808219890625 0.38637451093749997 0.0874389640625 0.387999434375 0.10067291249999999 0.38486474375 0.11617045156250001 0.380917590625 0.125051015625 0.3817080640625 0.1417457875 0.3888830765625 0.16941091875 0.3952676171875 0.1803812765625 0.40165215625000006 0.1913516359375 0.41340565781249994 0.205021134375 0.42867809218749997 0.21657937968750002 0.4348595171875 0.22589549375 0.44106292968750005 0.22513381093749998 0.441288034375 0.21671025781250003 0.4499728140625 0.21564390000000003 0.45078527656249995 0.2222608734375 0.456763584375 0.22992274531249998 0.465223259375 0.23727994375 0.4652452484375 0.2272021453125 0.4840366140625 0.2366491375 0.488571125 0.24280910000000003 0.4945494328125 0.250470971875 0.4955650109375 0.258742190625 0.5003026375 0.266556396875 0.5079498484375 0.26729662187500003 0.516634628125 0.2662302640625 0.5224318109375 0.2621600953125 0.5208068859375 0.2489261453125 0.5193850765625 0.23734644062500002 0.5282949593749999 0.227856528125 0.5343172468749999 0.21536280468750002 0.5390768625 0.21309921406250001 0.5427989109375 0.212642203125 0.5490023234375 0.2118805203125 0.5508743421875 0.206613115625 0.5541901593749999 0.20284761874999999 0.5560401890625 0.2076580140625 0.5612060359375 0.208702909375 0.56596565 0.20643932031249998 0.5672283218749999 0.19620918437499998 0.5744912921875 0.18356312187499998 0.5867169921875 0.1703077140625 0.58777655 0.1584233359375 0.5886329906250001 0.14488471249999998 0.58639871875 0.126688034375 0.5882707375 0.1214206296875 0.592624121875 0.115848553125 0.5895553984374999 0.10111269687499999 0.585042878125 0.084874934375 0.5788394640625001 0.0856366171875 0.5774176546875001 0.0740569125 0.574777153125 0.052551745312499995 0.5700395265625 0.0447375390625 0.5677612765625 0.0466964546875 0.5660923734375001 0.053618103125000004 0.5675141828125 0.0651978078125 0.567898425 0.07858409375 0.56374815625 0.085810415625 0.5616950109375 0.0793457765625 0.559235634375 0.0695726515625 0.5576107109375 0.056338703125 0.553729525 0.034985873437499995 0.54711988125 0.0324390703125 0.5468947765625 0.0408626234375 0.547910353125 0.0491338421875 0.5493321625 0.060713546875 0.5497164046874999 0.07409983125 0.54680681875 0.0811738171875 0.547822396875 0.089445034375 0.5471910609374999 0.0945601015625 0.543265896875 0.09336286875000001 0.5410096359375001 0.08524398749999999 0.5447536734375 0.074709178125 0.5412567312500001 0.066742634375 0.5371284515625 0.0638911578125 0.5352564328125 0.06915856249999999 0.5313092796875 0.0780391265625 0.5284216828125 0.07503531249999999 0.524518509375 0.06376028125 0.5230967 0.05218057499999999 0.5222842375 0.0455636015625 0.527043853125 0.0433000109375 0.5330441515625 0.0408840828125 0.5359537359375001 0.033810099999999996 0.5359757265625 0.0237323015625 0.5328850140625 0.01907424375 0.5221470906250001 0.0136759625 0.5113651875 0.028433278125 0.5070557828125 0.013849759375000001 0.50240555 0 0.46941869374999995 0
301 0.45299120625 0.5376764328125 0.4565101375 0.5355651781249999 0.458585271875 0.53195201875 0.46625447343750004 0.5226144421875001 0.47060785781250003 0.5170423656249999 0.4720736453125 0.508466475 0.46442643281249996 0.5077262499999999 0.447056875 0.5098589640625 0.43340936562500004 0.5115346671875 0.41355844218750004 0.5139720546875 0.4139646734375 0.5172805421875 0.41498025156249996 0.525551759375 0.41951476249999997 0.531711725 0.4246806078125 0.5327566203125 0.4304558015625 0.5387642484375 0.43789989843750005 0.537850228125 0.45299120625 0.5376764328125
1949 0.1318534328125 0.106935940625 0.13101898125 0.11039676406250001 0.12414025312500002 0.13642911093750001 0.191486665625 0.725949175 0.2239747328125 0.80591929375 0.3182666171875 0.79434170625 0.3091703953125 0.6997451484375 0.2961270203125 0.6140291546875 0.288908028125 0.6065196203125 0.2807174375 0.570583271875 0.2792956296875 0.5590035671875 0.29316824375 0.5489043078125 0.38229428125 0.536281825 0.46458557031250003 0.529536090625 0.743739175 0.4952603375 0.772049771875 0.5001801484375 0.7837592953125 0.53400524375 0.8132990109374999 0.733559371875 0.8490756921875 0.7274873640624999 0.8778145109375 0.7256378640625 0.8688114578125001 0.6830845421875 0.8824589671874999 0.6814088375 0.8905563890625 0.6653019515625 0.8897879046874999 0.6385293812499999 0.8131913453124999 0.0249573484375 0.1318534328125 0.106935940625
1601 0.723256915625 0.5028127921875 0.5727280796875001 0.51793704375 0.4833989265625 0.5289052843750001 0.29316824375 0.5489043078125 0.28033319687499997 0.5571969875 0.28297369843750003 0.5787021546875 0.2901487109375 0.606367284375 0.297773934375 0.61718530625 0.305108084375 0.666660278125 0.3144733890625 0.7326776828125 0.330470328125 0.7911640953125 0.34080202187499997 0.793253890625 0.34074761875 0.62870063125 0.37512448125 0.6009711203125 0.4241424421875 0.5899149234375 0.551932759375 0.5742242453124999 0.6135606625000001 0.563298925 0.6503529218749999 0.5654981343750001 0.6902358953125 0.572355403125 0.7189087453125 0.6007392984375 0.7240526015625 0.6118619921875 0.7350208421875 0.7011911453125 0.769128621875 0.7020407859375 0.7416200625 0.5190290937500001 0.76873395625 0.503945646875 0.7668839265625 0.49913525312499996 0.7532364171875 0.5008109562499999 0.73110724375 0.505207259375 0.723256915625 0.5028127921875
379 0.7030165390625001 0.3995094671875 0.6984600390625 0.4034273 0.6943097703125 0.410653621875 0.6907908390624999 0.412764875 0.683324753125 0.42375669374999997 0.6924429640625 0.508275453125 0.7307010125 0.501898771875 0.7215828015625 0.41738001249999995 0.7174765109375 0.40445073750000005 0.7081823859374999 0.40055436406249995 0.7030165390625001 0.3995094671875
379 0.6622111578125 0.43642421562499994 0.659707803125 0.44680668749999997 0.662551421875 0.469966096875 0.662957653125 0.4732745828125 0.6644014515625 0.47477649062499994 0.6848617203125 0.47730183437499996 0.6816338609375 0.4407561390625 0.6758586671875 0.4347485125 0.6665645421875 0.43085213749999995 0.6622111578125 0.43642421562499994