423 0.7436902609375 1 0.765773228125 0.9137830328125001 0.8535176171875 0.5647375015625 0.8228417671875 0.5587747203125 0.8100631140625 0.6040431468749999 0.7633039921875 0.5989334562499999 0.6851236734375 0.591695465625 0.573178371875 0.573914865625 0.5706190999999999 0.5256650484375001 0.54377773125 0.520447615625 0.489367353125 0.8003647421875 0.4663604671875 0.79589265625 0.4395190984375 0.7906752218750001 0.4089509921875 0.8046301953125001 0.37220461875 0.809425509375 0.36400579375 0.851604803125 0.4564643140625 0.9491641609375 0.4566798 0.9889996671875 0.49502461249999996 0.9964531437499999 0.504821875 0.9665226421875 0.7078338921875 0.966190559375 0.7031904484375 1 0.7436902609375 1
423 0 0.9002301062500001 0.15375578750000002 0.9301172046874999 0.18038166875 0.8954991296875001 0.2242494375 0.6493469875 0.20507703125 0.6456202484375 0.16662447656249998 0.61824901875 0.12135605000000001 0.605470365625 0.0830112375 0.5980168890625001 0.016334362499999998 0.5930149421875 0.0640366109375 0.34760814687499997 0.0220728046875 0.3792448296875 0 0.48334807968750004 0 0.9002301062500001
423 0.725704528125 0.5876454984375 0.752545896875 0.5928629328125 0.7808691062500001 0.44715264687499995 0.7616967015625 0.443425909375 0.7510463484375001 0.4572731390625 0.7088670546875 0.4490743140625 0.6643439765625 0.43246118125 0.66498158125 0.4087089453125 0.645809175 0.40498220781249994 0.615249921875 0.5621959359375001 0.63527541875 0.5820059468750001 0.6697857484374999 0.5887140750000001 0.725704528125 0.5876454984375
436 0.2957039203125 0.40457779531250004 0.316681396875 0.3171300765625 0.300598125 0.3179831671875 0.249259175 0.315962609375 0.17640403124999998 0.30180100468750004 0.16713663125 0.28806151875 0.1602130171875 0.2827363421875 0.136999496875 0.3816875046875 0.1645862125 0.38307045781250004 0.21059998750000003 0.392014628125 0.2957039203125 0.40457779531250004
1050 0.40466783125 0.43769632031250005 0.3815620546875 0.5565652375 0.3624973921875 0.572756253125 0.4062751234375 0.5932038687500001 0.427683571875 0.5854271625 0.41223790468750005 0.5625280187499999 0.4291654140625 0.43449944374999994 0.4636757453125 0.44120757343749994 0.451849071875 0.37921826875 0.4524866765625 0.355466034375 0.4279890953125 0.3586629109375 0.37313889218749996 0.4156502671875 0.40466783125 0.43769632031250005
340 0.5404554046875 0.1895147671875 0.509258546875 0.3704807296875 0.517035253125 0.39188917968750003 0.503403509375 0.4210743328125 0.4712369640625 0.42278051406249995 0.468471059375 0.47795394687500004 0.5322742875 0.518211571875 0.5636954843749999 0.520339871875 0.5822302859375 0.5478188453125 0.6121607874999999 0.5576161078124999 0.64197469375 0.404236859375 0.66870831875 0.389536540625 0.6969237859375 0.22390850156250003 0.6761529421875 0.20793297187499998 0.6140558953124999 0.199841890625 0.5404554046875 0.1895147671875
300 0.41562370781249997 0.19708483906250002 0.38729164374999997 0.19953636875 0.37898507656249997 0.2217979078125 0.357468884375 0.20965685937499998 0.3321182125 0.1967704640625 0.30836597656250003 0.196132859375 0.3014423625 0.1908076828125 0.281416865625 0.17099767187499998 0.2554285875 0.1818635109375 0.23647166875 0.21797227968750002 0.2634207796875 0.24310746718749998 0.29036989062499996 0.26824265468749997 0.31422986875 0.2887980125 0.31987827343749997 0.34162765781250004 0.3215844546875 0.373794203125 0.304549203125 0.4819050234375 0.32446695625 0.48179728125 0.32968438906249997 0.4549559125 0.3548195765625 0.4280068015625 0.38453459218749997 0.39796855625 0.3859175453125 0.370381840625 0.42457673281249997 0.294329821875 0.4309704859375 0.3433249859375 0.459940153125 0.3171212234375 0.4737873828125 0.327771575 0.4818784640625 0.2656745296875 0.49167572656249997 0.23574402656250001 0.48847885 0.21124644531249998 0.4715424875 0.19601626249999998 0.44470111875 0.1907988296875 0.41562370781249997 0.19708483906250002
300 0.8723579406249999 0.3654522234375 0.8508417484375 0.35331117500000003 0.8240003796875 0.348093740625 0.8196360374999999 0.39101838125 0.800571375 0.407209396875 0.7999337703125 0.43096163125000003 0.7994039078124999 0.47463162031249995 0.8110150953125 0.49678541718749997 0.8113383234375 0.556538678125 0.84733935 0.55557784375 0.8518114359375 0.5325709562500001 0.8668261312500001 0.4757990859375 0.9027194140624999 0.45492049999999995 0.9439378734374999 0.42711829687499997 0.910065146875 0.39665793437499997 0.8848222171875 0.40368929218750005 0.8723579406249999 0.3654522234375
1354 0.45794615624999996 0.7982364421875 0.4250342640625 0.8037771046875 0.4153447453125 0.8536253593750001 0.4599755671875 0.8901562468750001 0.5351744953125 0.9127321625 0.58118826875 0.921676334375 0.649355840625 0.91900931875 0.7091091015625001 0.9186860906250001 0.7234861921875 0.8856664546875 0.708785871875 0.8589328296875 0.68492589375 0.8383774718750001 0.6495624734375001 0.8155860703125001 0.6104723140625 0.8119670749999999 0.5522097484375 0.8046213421875 0.45794615624999996 0.7982364421875
1754 0.0523353875 0.5920541078125 0.06234813593750001 0.6019591140625 0.0958976328125 0.5726662171875 0.113148371875 0.504390903125 0.3097843421875 0.74158116875 0.27954831874999997 0.9585481578125 0.3431360609375 0.9589702765625001 0.381148790625 0.7634117359375 0.4922410015625 0.7651090640625 0.511512296875 0.6454947984375 0.5333428640625 0.5741303515625 0.5877709484375 0.5807307374999999 0.666696615625 0.5841342468749999 0.38773146875000003 0.4224661390625 0.0726664078125 0.3850998671875 0.0674489734375 0.4119412359375 0.07842255625 0.45784726718749996 0.0523353875 0.5920541078125
865 0.405520921875 0.45377959375000004 0.39167369375 0.443129240625 0.3785718109375 0.42864440625 0.337245609375 0.4365288546875 0.325320046875 0.497880553125 0.35301450624999997 0.519181259375 0.389868621875 0.5343036984375 0.4182006859375 0.53185216875 0.438010696875 0.511826671875 0.4631458828125 0.4848775609375 0.456114525 0.45963463125 0.43310763906250005 0.4551625453125 0.405520921875 0.45377959375000004
1354 0.841699796875 0.6460069546875 0.8335009734375 0.688186246875 0.8750426625 0.72013730625 0.927234703125 0.7382411359375001 0.965471771875 0.7257768578125 0.9766519859375 0.668259640625 0.9482121796874999 0.650793415625 0.9213708125 0.6455759828125001 0.9021984062499999 0.6418492437500001 0.841699796875 0.6460069546875
1601 0.7936566125 0.5451429765625 0.7753372984375 0.5574995109375 0.8037771046875 0.5749657359375 0.8612943218750001 0.5861459499999999 0.888135690625 0.5913633843749999 0.9272258499999999 0.5949823796875 0.9132708781250001 0.564414271875 0.871091584375 0.5562154484375 0.7936566125 0.5451429765625
2001 0.09620633125 0 0.0288886765625 0.36465225156250003 0.04039211875 0.3668882953125 0.0471002484375 0.33237796406250003 0.0547692109375 0.333868659375 0.062653659375 0.3751948625 0.12783983906250002 0.387865771875 0.140726234375 0.36251509843749996 0.154887840625 0.28965995625 0.2216724578125 0.3145796578125 0.28282054843750004 0 0.09620633125 0
2001 0.31752563437500003 0.1899545921875 0.34671078906249997 0.2035863359375 0.3636471515625 0.2188165171875 0.3773866390625 0.2095491171875 0.40028578281250005 0.1941034484375 0.43010854062500004 0.18398295781250001 0.46078439062500004 0.1899457390625 0.48688041093749995 0.198997653125 0.51978345 0.050198234375 0.3165559484375 0.0106948109375 0.283652909375 0.159494228125 0.2952640953125 0.181648025 0.31752563437500003 0.1899545921875
2001 1 0.2944257625 0.9506548562500001 0.5358667234375 0.999012415625 0.5532252046874999 1 0.5481445234375 1 0.2944257625
1354 0 0.6813651921874999 0.029867215625 0.687170790625 0.075880990625 0.6961149625 0.1218947640625 0.705059134375 0.16098492343749998 0.7086781296875 0.188463896875 0.690143328125 0.20667546875 0.657869040625 0.18814066875 0.6303900671875 0.15128655156249998 0.615267628125 0.1129417390625 0.6078141515625 0.07459692812499999 0.600360675 0.032417634375 0.5921618515625 0 0.5923372109375 0 0.6813651921874999
300 0.6031000203125 0.440453371875 0.5907434859375 0.42213405625 0.6051205765625001 0.389114421875 0.6264212828125 0.36141996249999997 0.6017082140625 0.32478133124999997 0.5919109515625001 0.354711834375 0.5859481703125 0.3853876828125 0.5528207921875 0.3510928390625 0.5457894343749999 0.3258499078125 0.5311968578124999 0.3190340359375 0.5028647937499999 0.321485565625 0.5106415 0.3428940140625 0.5429157874999999 0.3611055859375 0.5621959359375001 0.384750078125 0.5699726421875 0.4061585265625 0.5539971125 0.426929371875 0.5542125984374999 0.46676487812499995 0.592557409375 0.4742183546875 0.6031000203125 0.440453371875
1050 0.2630075140625 0.44995396562499995 0.2732268953125 0.356435721875 0.3092279203125 0.3554748875 0.2858978046875 0.291249540625 0.2736490140625 0.2928479796875 0.23711812656250003 0.3374788015625 0.2624687984375 0.350365196875 0.251396328125 0.42780016875 0.2430897609375 0.4500617078125 0.2255157921875 0.4585837609375 0.224025096875 0.4662527234375 0.2830330109375 0.4697639765625 0.2630075140625 0.44995396562499995
1146 0.6352488578125 0.152229678125 0.66603245 0.1781102125 0.6995819484375 0.148817315625 0.7184311250000001 0.09279079375 0.7105466765624999 0.051464590624999994 0.681361521875 0.037832846875 0.650793415625 0.051787820312499996 0.625658228125 0.07873693125 0.6174594046874999 0.12091622500000002 0.6352488578125 0.152229678125
1699 0.5649529875 0.18631789062499998 0.59946331875 0.19302601875 0.5970117890625 0.16469395625 0.6074466562499999 0.11101121875 0.61117339375 0.0918388125 0.5874211593750001 0.09120120781249999 0.5752801109375001 0.1127174 0.567826634375 0.15106221250000001 0.5649529875 0.18631789062499998
1699 0.6430255640625 0.1736381265625 0.634718996875 0.19589966718750002 0.6837141609375 0.1895059140625 0.6848816281250001 0.12208369062499999 0.6840285374999999 0.10600041874999999 0.664003040625 0.08619040781250001 0.6518619921875 0.10770660000000001 0.6382302484375 0.136891753125 0.6430255640625 0.1736381265625
351 0.9120726343750001 1 0.94502415625 0.7695545890625 0.73604050625 0.657303765625 0.67767905 0.773299034375 0.6634097015625 0.8262364234374999 0.90917670625 1 0.9120726343750001 1
376 1 0.3678261171875 0.9872846328125 0.3678948984375 0.973868375 0.43691555937500004 0.953950621875 0.437023303125 0.9659839265624999 0.3955893578125 0.95139135 0.3887734859375 0.9476646125 0.4079458921875 0.93616116875 0.4057098484375 0.946596034375 0.35202711249999996 0.9266782812500001 0.3521348546875 0.9207155 0.3828107046875 0.8993070515625 0.390587409375 0.884714475 0.38377153750000004 0.8914226031249999 0.34926120781250003 0.878320721875 0.3347763734375 0.8640513734375 0.3877137625 0.856705640625 0.445976328125 0.867679221875 0.491882359375 0.8907938515625 0.5162721984374999 0.872690021875 0.5684642390625 0.9033658718750001 0.5744270203124999 0.90464108125 0.5269225515625 0.926794878125 0.5153113640625 0.9489486749999999 0.503700178125 0.97184781875 0.4882545109375 0.9885686953124999 0.463649184375 0.9945314765625 0.4329733359375 1 0.40484022187499996 1 0.3678261171875