423 1 0.5434781921875 0.985703909375 0.4475173234375 0.9569326125 0.46733942031250003 0.940853309375 0.493267053125 0.9169748156249999 0.5479032625 0.8584076515625 0.552189703125 0.8257681187499999 0.5725554453125 0.799234121875 0.5802291937499999 0.80853880625 0.6183678953125 0.8048378953125 0.7885074999999999 0.720824021875 0.8082041578125001 0.6605632031249999 0.8285071796875 0.589910409375 0.8029350328125 0.5677882921874999 0.813933371875 0.570443796875 0.86089583125 0.546084378125 0.8840425203125 0.5217249609375 0.9071892078125 0.517668565625 0.9905967140625 1 0.922809453125 1 0.5434781921875
423 0.381827103125 1 0.4006596765625 0.94392701875 0.3535926125 0.7493652765625 0.33377051406249997 0.7205939781249999 0.29732546718749997 0.7138820781249999 0.2752660703125 0.6972591296874999 0.257681271875 0.656339484375 0.1134693 0.6687178765625 0.057453035937499994 0.5227495296875 0.0331563390625 0.5182749296875 0.0149024546875 0.528729625 0 0.50270995625 0 0.5349634062499999 0.027046678125 0.7274105234375 0.05295760000000001 0.79950605 0.0797216421875 0.9338069718750001 0.0780318734375 1 0.381827103125 1
1146 0.22205158749999998 0.2905508484375 0.25021651875 0.294481803125 0.286661565625 0.3011937015625 0.3281248578125 0.2874771390625 0.3574398 0.271523275 0.3613707546875 0.24335834374999998 0.3647580640625 0.2113251765625 0.3549097359375 0.169318240625 0.3317630484375 0.144958821875 0.2980989453125 0.1299668078125 0.250592840625 0.128754078125 0.228470721875 0.1397524171875 0.2118477734375 0.1618118140625 0.19244388125 0.1921513265625 0.1929248046875 0.2236408484375 0.20168584374999998 0.257911315625 0.22205158749999998 0.2905508484375
300 0.3962894703125 0.4356827859375 0.41121876406249996 0.4296399703125 0.43442817187499994 0.4263781015625 0.4359963859375 0.46560409218750004 0.443126490625 0.48826985624999997 0.45968671875 0.4938317453125 0.4684477578125 0.5281022125 0.45182480937499997 0.550161609375 0.4578676234375 0.565090903125 0.5274958468750001 0.5553052953125001 0.524777621875 0.535964121875 0.5032618703125 0.5232094078125 0.5005436453125001 0.503868234375 0.5177102390625 0.485677071875 0.5100364890625 0.4591430734375 0.508468275 0.4199170828125 0.5217666328125 0.4022695640625 0.5455196859375 0.4028759296875 0.5676418046875 0.391877590625 0.5687918140625 0.371992771875 0.57272276875 0.343827840625 0.5865647734375 0.33004855625 0.5562252609375 0.3106446625 0.5368840875 0.31336288749999996 0.4933089375 0.283985225 0.47892328749999996 0.2938962734375 0.45238929062500005 0.3015700234375 0.4214434140625 0.30591918281249997 0.3966030703125 0.29757634843749997 0.3733936625 0.30083821718750003 0.3517524703125 0.343326078125 0.342865990625 0.36429818593749996 0.368730903125 0.40799877812499996 0.3962894703125 0.4356827859375
436 0.8981772875 0.554489721875 0.917706621875 0.4689076359375 0.9134201828125 0.41034047031250004 0.9057464328125 0.3838064734375 0.8952917390625 0.365552590625 0.87208233125 0.368814459375 0.848329278125 0.36820809374999997 0.8046286874999999 0.39407300625 0.7791819796875 0.40948322499999995 0.7702327796875 0.4580766203125 0.7535471109375 0.50775730625 0.7761501546875 0.5282484890625 0.817550725 0.5421532124999999 0.8981772875 0.554489721875
1387 0.6300563671875 0.639507328125 0.6814307078125 0.6401764125 0.7361296375 0.63643361875 0.7615763453125 0.6210234 0.7737874140625001 0.5956394125 0.7522716609375 0.5828846984375 0.72519401875 0.5866902140625 0.681556146875 0.5849338375 0.6511539156249999 0.5931512328124999 0.6202080375000001 0.5975003921875001 0.6058223890625001 0.607411440625 0.6300563671875 0.639507328125
1387 0.26778048125 0.5878612703125 0.2865152890625 0.6088960984375 0.3345650390625 0.6139770640625 0.37216009687499996 0.6008041453125 0.40201868281250003 0.588718515625 0.39930045937499997 0.5693773421875 0.383283875 0.5676836875 0.36394270156249997 0.5704019125 0.3357777703125 0.5664709578125 0.30870012812500003 0.570276471875 0.273886015625 0.5751692765625 0.26778048125 0.5878612703125
301 0.623051703125 0.5615989906250001 0.63913100625 0.5356713578125001 0.6402810171875 0.5157865390625 0.6099415046875001 0.4963826453125 0.5856448078125001 0.491908046875 0.566303634375 0.4946262703125 0.536445046875 0.5067119 0.5181911625 0.5171665937500001 0.5087610390624999 0.5342704671875 0.54127513125 0.5691472984375 0.562790884375 0.5819020125 0.5976049953125 0.5770092078125 0.623051703125 0.5615989906250001
410 0.4931041546875 0 0.372933575 0.0168888734375 0.39269295312499997 0.073281459375 0.41414598593749996 0.1136574609375 0.4605648015625 0.107133721875 0.49036066875 0.1226693796875 0.53291125 0.11668928593750001 0.5677253609374999 0.11179648125 0.5887601890624999 0.0930616734375 0.6131196078125 0.0699149859375 0.623699740625 0.03292629375 0.6289752875 0 0.4931041546875 0
581 0 0.3445528296875 0.012142346875 0.2845499171875 0.04714461875 0.19679325 0.06734303750000001 0.0598368234375 0 0.0693012703125 0 0.3445528296875
2001 0 0.506948778125 0.13874868437500001 0.4837117 0.0887960703125 0.10021282499999999 0.0655866625 0.10347469375 0.0393454296875 0.225501828125 0.0109296171875 0.332056021875 0 0.3820866984375 0 0.506948778125
581 0.634758309375 0 0.6209187968750001 0.0412064078125 0.5998212484375001 0.0875625046875 0.5561206578125 0.113427415625 0.5135700765625 0.11940751093749999 0.4809932640625 0.112151965625 0.475431375 0.12871219375 0.5463769328125 0.2686377265625 0.6306208484375 0.390915740625 0.6703277640625 0.4208370484375 0.6563603203125 0.48985890625 0.737530528125 0.5060636515625 0.7480479421874999 0.496696246875 0.714572 0.39884037031249997 0.673367496875 0 0.634758309375 0
581 0.7444370874999999 0 0.788612103125 0.3923793515625 0.8201016265625001 0.39189842656249996 0.8688204609374999 0.3456050515625 0.8944553296875 0.2473309703125 0.8997244546875001 0.1164173578125 0.8934176656249999 0 0.7444370874999999 0
1754 1 0.5707528578125001 0.6288017531250001 0.46217490000000006 0.3264730859375 0.52833225625 0.1838920484375 0.552315353125 0.2142315609375 0.5717192468750001 0.2312727140625 0.6087706578125001 0.271523275 0.6425601999999999 0.3267031296875 0.670306928125 0.36532275625 0.692491765625 0.3867757890625 0.7328677671875 0.43923741875 0.741273321875 0.43687467968749993 0.8086642453125 0.4598738046875 1 0.4709261890625 1 0.4983273921875 0.9933149390624999 0.50612658125 0.9646063625 0.5051020125 0.9292486046875 0.46286503124999995 0.7971222625000001 0.4926608984375 0.8126579203125001 0.5274750109374999 0.8077651171875001 0.564526421875 0.7907239640625 0.6032714890624999 0.7576662265625 0.6673378234375 0.764440846875 0.7126693484375 0.7501806375 0.7508080500000001 0.7408759546875 0.7856221624999999 0.73598315 0.7966832203124999 0.7304839796875 0.815668909375 0.641033659375 1 0.5779750375 1 0.5707528578125001
2001 0.8943890937500001 0 0.893200715625 0.0699985421875 0.8962117046875001 0.20369310000000002 0.8794005953124999 0.308616359375 0.8333372640625001 0.40187219687500003 0.9587517078125 0.3960802625 0.9108326968749999 0 0.8943890937500001 0
1180 0.6017659937500001 0.6908189484375 0.6382737609375 0.669909559375 0.6764124625 0.6606048765625 0.653265775 0.6362454578125 0.5936113203125 0.632795428125 0.568770978125 0.62445259375 0.5351068765625 0.6094605796875 0.5223521625 0.6309763328125 0.5228330875 0.6624658546875 0.5554098984375 0.6697214 0.6017659937500001 0.6908189484375
1180 0.763395440625 0.5497642421875 0.793254028125 0.5376786140625 0.7977286265625 0.513381915625 0.6866371124999999 0.5368840875 0.68989898125 0.5600934953125 0.7247130937499999 0.555200690625 0.763395440625 0.5497642421875
436 0.4167179328125 0.44070102968749997 0.3858347765625 0.4174289015625 0.34002232499999996 0.4001995890625 0.3129446828125 0.404005103125 0.29245350000000003 0.4266081453125 0.264225846875 0.450298478125 0.279510625 0.5309877609375 0.4453010703125 0.5037427937500001 0.43219087187499994 0.43852645 0.4167179328125 0.44070102968749997
1387 0.431459065625 0.5175220781250001 0.42541625156249996 0.502592784375 0.3977949640625 0.5025300640625 0.370717321875 0.5063355781250001 0.34750791406250003 0.5095974484375 0.3248421515625 0.516727553125 0.335840490625 0.5388496703125 0.3595935421875 0.5394560359375 0.3866711859375 0.5356505203124999 0.42094165156249996 0.52688948125 0.431459065625 0.5175220781250001
2001 0.577306853125 0 0.40551038593750005 0.02414441875 0.4819342765625 0.42759083125 0.690275303125 0.3943657703125 0.6540554296875001 0 0.577306853125 0
369 0.5272030828125 0.4409519109375 0.5299213078125 0.46029308437500005 0.5403760015625 0.4785469671875 0.56026081875 0.4796969765625 0.5575425953125001 0.46035580468750004 0.570840953125 0.4427082859375 0.554280725 0.43714639687499995 0.55101885625 0.4139369890625 0.5311340375 0.41278697812500004 0.5388077874999999 0.4393209765625 0.5272030828125 0.4409519109375