676 0.50695369375 0.101623184375 0.467419928125 0.128281034375 0.46135249062500006 0.475884334375 0.5004772140625 0.4726604140625 0.50695369375 0.101623184375
301 0.5742756203125 0.49738964062499996 0.6299773921875 0.43975924375000003 0.5637857765625001 0.4268833296875 0.52452470625 0.437918559375 0.477588671875 0.4410061328125 0.5352872421875 0.4928022515625 0.507265921875 0.5313815875000001 0.6012061640625 0.5213007859375 0.5742756203125 0.49738964062499996
1707 0.442642296875 0.42867560625 0.44393759218750006 0.3544681609375 0.43256149375 0.334735365625 0.39350494375 0.33405363125 0.3916642609375 0.4395063171875 0.4190038453125 0.43998353124999995 0.442642296875 0.42867560625
2001 0.389511346875 0.11520060000000001 0.2762473515625 0.11322357031250001 0.27011173906249997 0.46473252499999995 0.38330756250000003 0.47061521093750003 0.389511346875 0.11520060000000001
2001 0.600348546875 0.122787621875 0.49893786249999994 0.11320380156250001 0.4849227671875 0.46848206562500005 0.5981867640625 0.47045909531249996 0.600348546875 0.122787621875
1050 0.08193879375 0.2778262375 0.1090056859375 0.293926071875 0.112687053125 0.0830206984375 0.08198720000000001 0.0512300703125 0.022925159375 0.0775470546875 0.030142676562499998 0.335524809375 0.08193879375 0.2778262375
1050 0.8511967265625 0.0763772078125 0.7494451734375 0.0863216640625 0.7571399046875 0.3169598328125 0.8513528406249999 0.29125640937499997 0.8511967265625 0.0763772078125
2001 1 0.1063224953125 0.9757004734375 0.10589834375 0.9682013921875001 0.5355204015624999 0.9993102859375 0.5438770984375 1 0.5043634078125 1 0.1063224953125
1754 0.352062321875 0.47006982343750003 0.21522804843749999 0.4754950625 0.16034435625000001 0.4862575984375 0.064972471875 0.57835715625 0.091971190625 0.598362646875 0.9938366421874999 0.6336389921875 0.998287684375 0.602461925 0.9988691640624999 0.569148984375 0.9369561531249999 0.5349750125 0.882958715625 0.494964034375 0.8012126531250001 0.477909771875 0.352062321875 0.47006982343750003
423 0.027824778124999998 0.46831708125000004 0.00404998125 0.487436315625 0.014812517187499999 0.54232000625 0.025370534374999996 0.6089206625 0.024552453125000002 0.6557885234375 0.0020245453125 0.827296478125 0.0096995078125 0.8352441359375 0.026344729687500002 0.776932003125 0.12350889218750001 0.8059759265625001 0.126187425 0.8763458906249999 0.14962135468749999 0.87675493125 0.1595460421875 0.7558159718749999 0.1952423265625 0.7251842921875 0.22641939375 0.7296353343749999 0.22532861718750002 0.7921258156250001 0.2526000296875 0.796508684375 0.2439508703125 0.6205496875 0.146445840625 0.611034040625 0.068537259375 0.59795360625 0.053460028125 0.566435671875 0.081208653125 0.5434789546875 0.112590240625 0.5362130328125 0.124716246875 0.5129836234375 0.10586970625 0.4735862046875 0.0983992640625 0.4539215828125 0.0592745390625 0.457145503125 0.027824778124999998 0.46831708125000004
436 0.461079796875 0.49150695468750005 0.46559901249999996 0.4564242328125 0.4621023984375 0.4329221296875 0.407695921875 0.41634508124999997 0.384261990625 0.415936040625 0.3645291953125 0.42731213749999997 0.352607709375 0.43882458281250003 0.34061805 0.4542426828125 0.3363033546875 0.4776084390625 0.3949563546875 0.4747253859375 0.461079796875 0.49150695468750005
436 0.641898878125 0.42824679843749996 0.6140139046875001 0.459014825 0.609699209375 0.48238058125 0.7348165171875001 0.47675082187499995 0.73145625 0.4454374078125 0.7160381499999999 0.43344775 0.700483703125 0.4292694 0.641898878125 0.42824679843749996
423 1 0.4818291453125 0.9725160890625 0.51215464375 0.9678605250000001 0.5550486765625 0.9625914015625 0.6330936046875 0.8102026812500001 0.63434049375 0.795690603125 0.79426783125 0.815218878125 0.7946086984375 0.8201471359375001 0.7360920453124999 0.8512560296875 0.74444874375 0.8968285937499999 0.819474271875 0.99453814375 0.817272953125 0.9966515218750001 0.6961976453125 1 0.504363471875 1 0.4818291453125
423 0.28057294375 0.9845255156249999 0.29612739062500004 0.9887038640625001 0.31722365625000004 0.899214665625 0.46947602968749996 0.9057790859375 0.48366700781249994 0.9880705359374999 0.49928962656250003 0.9883432296875 0.49722465624999995 0.88282236875 0.5125745828125 0.8987176828125 0.5095551828125 0.84787599375 0.5029028203125 0.7813435109375 0.49995159375 0.7265961671875 0.4850788828125 0.6833612671875 0.48541975 0.6638329921875 0.486374178125 0.609153821875 0.48280939062500006 0.589557371875 0.45574249843750003 0.5734575375000001 0.40894281093749996 0.5687338015625001 0.358101121875 0.5717532015625 0.3150707421875 0.5749089484375001 0.28745846406250003 0.5900543546875 0.2978801328125 0.6644663203125 0.2959712765625 0.7738246625 0.28057294375 0.9845255156249999
423 0.8035144078125 1 0.7859022625 0.90739548125 0.7757532874999999 0.8173608937499999 0.7778666640624999 0.6962855875 0.8028004109375001 0.6107702171875 0.7876550046874999 0.5831579375 0.7721005578125 0.5789795890625 0.7525722828125 0.578638721875 0.713447559375 0.5818626421875 0.6782966640625 0.5812490796875001 0.6468469031249999 0.5924206578125 0.6268414124999999 0.6194193765625 0.6141018453125 0.67779968125 0.516051428125 0.699529275 0.5153015203125 0.74249148125 0.5098960499999999 0.8283477187500001 0.529015284375 0.8521225171875001 0.6055603953124999 0.9433160515625 0.6086479687499999 0.9902520859375 0.6320819 0.9906611265624999 0.6335135421875 0.9086423703125 0.7276583046875 0.886844603125 0.7546570218750001 0.9068500937499999 0.7762244453125 1 0.8035144078125 1