676 0.4545834 0.1296302078125 0.41037106406249996 0.1117744265625 0.4938489953125 0.47335706875000005 0.532789040625 0.4683760515625 0.4545834 0.1296302078125
301 0.3603381671875 0.4680994671875 0.42680475625 0.512889453125 0.405434115625 0.54187725625 0.4994174546875 0.5322064953125001 0.46398737187499994 0.50029616875 0.5096560718750001 0.4376357140625 0.46310376093750005 0.44437416093750004 0.42240628437499994 0.4417429125 0.3603381671875 0.4680994671875
1707 0.5667480687500001 0.4244549875 0.593391 0.4183039828125 0.56966569375 0.3155383890625 0.5316043625 0.32432554062499996 0.5245795390625 0.34599235 0.5412751250000001 0.4183088796875 0.5667480687500001 0.4244549875
2001 0.638447775 0.075154771875 0.5280699171875 0.1006375078125 0.6080329859375 0.4469956171875 0.7175321296875 0.417706746875 0.638447775 0.075154771875
2001 0.42061947499999996 0.121435396875 0.3234174453125 0.1518942546875 0.397816953125 0.4915188125 0.5081948125 0.466036075 0.42061947499999996 0.121435396875
1050 0.7994064734374999 0 0.792154359375 0.0116058078125 0.8396049718749999 0.21713699375 0.8627330437499999 0.1957614546875 0.9253934984375001 0.24143015625 0.881093934375 0 0.7994064734374999 0
1050 0.1699972390625 0.1472240953125 0.06840163437499999 0.1586522875 0.11292482968749999 0.368868321875 0.210423028125 0.3744220921875 0.1699972390625 0.1472240953125
2001 0 0.5569678046875 0.020723403125 0.6467307250000001 0.049415037499999995 0.6320887374999999 0 0.41804869531250005 0 0.5569678046875
1754 0.9195631453124999 0.5113792265625 0.9418125015625 0.48619755624999994 0.829376146875 0.4159395234375 0.7734541390625 0.4168231359375 0.6384820515625 0.439965896875 0.20077674843749999 0.5410181281249999 0.12436281406250001 0.5746956765625 0.0798641015625 0.6250590171875 0.02640920625 0.6713586453125 0.0339041296875 0.7038227203125 0.0447399828125 0.7333930703125 0.9195631453124999 0.5113792265625
423 1 0.5607460890625 0.9974481328125 0.5535330671875001 0.9869035531250001 0.5078594703125 0.9833837953125 0.44051906250000006 0.982500184375 0.3845970546875 0.9552698109375 0.3708386796875 0.9221846015624999 0.36645000156249996 0.8832445546875001 0.37143101875 0.8800258640624999 0.3922191140625 0.86978235 0.4346740203125 0.8864730390625001 0.45487467343750004 0.9186795343749999 0.45545721875 0.9505947562499999 0.4721430125 0.9423999437499999 0.5061069359375 0.868913428125 0.5350996375 0.77551753125 0.5646797796875 0.8036413093749999 0.7385919125 0.8294055265625 0.7286347734375 0.815346084375 0.6677366453125 0.8449164343750001 0.6569007921875001 0.8862013531249999 0.6794414203125 0.9210537859375 0.795674115625 0.943890584375 0.790401825 0.9318798453125 0.7210127156249999 1 0.6838072171875 1 0.5607460890625
436 0.572894178125 0.39898204375 0.523123175 0.4265085875 0.52458933125 0.45022409999999996 0.5363039 0.48360058281249996 0.597493303125 0.45343789531249995 0.6554640140625 0.4440633015625 0.646385590625 0.42210521874999996 0.63145233125 0.40951683125000005 0.6173977859375 0.40073457812499996 0.5957309765625001 0.3937097546875 0.572894178125 0.39898204375
436 0.3462836234375 0.4593172140625 0.289191628125 0.47249793906250004 0.2748458109375 0.4798189328125 0.2622574234375 0.49475219218750005 0.2654810109375 0.526079971875 0.3890346984375 0.50557335625 0.379956275 0.4836152734375 0.3462836234375 0.4593172140625
423 0.20724350937499997 0.8121371875 0.23593514375 0.7974952 0.252922003125 0.85370848125 0.27195266875 0.8493149062500001 0.2245069515625 0.6958995953125 0.075189046875 0.72636335 0.0538086125 0.6511194031249999 0.0403366140625 0.6101306546874999 0.0066639625 0.5858325953125 0.054993290625 0.7951699140625 0.0822334578125 0.9131600390625 0.1782654984375 0.8949982953125 0.20724350937499997 0.8121371875
423 0.55856305 0.5626506625000001 0.535434978125 0.5840262 0.5360224203125 0.60393558125 0.54832443125 0.6572214437499999 0.55271800625 0.676252109375 0.547159340625 0.7216344328125001 0.5556552171875 0.7757990109375 0.5629811078125 0.8422607031249999 0.5705982703125 0.8926191484375 0.5823079421874999 0.87387975625 0.6022271156250001 0.9775240640625 0.6174516484375 0.9740092031250001 0.6142231640625 0.8905655484375 0.7617836390625 0.852489528125 0.8010247500000001 0.9356370140625 0.8153705671875 0.9283160203125 0.7565015546875 0.7254209796875 0.731897534375 0.6188492546875 0.726620346875 0.5438965812500001 0.6964625546875001 0.534823053125 0.6537163765625 0.5406827859375001 0.6033579312499999 0.5482999484375 0.55856305 0.5626506625000001
423 0.49534735 1 0.4889169421875 0.9555757734375 0.5448291578125 0.8504604109375 0.5585875328125 0.8232300374999999 0.53544966875 0.740373825 0.5257838031250001 0.6985063609375 0.4253581859375 0.6976374390625 0.40075906093749997 0.6431815890625 0.3755773890625 0.6209322328125 0.3424921796875 0.616543553125 0.3082369828125 0.6244519890625 0.2692969375 0.62943300625 0.250266271875 0.6338265828125 0.2359204546875 0.641147575 0.22684692812499999 0.6713053671875 0.26901545625 0.7497680046874999 0.2962556234375 0.8677581296874999 0.3050476703125 0.957935334375 0.30595209218749997 1 0.334608725 1 0.33549673593749996 0.9509056140625001 0.35774609218750003 0.9257239437499999 0.454365575 0.9274715812500001 0.47111008125 1 0.49534735 1