410 0.3202100921875 0 0.3094014484375 0.004410615625 0.3169400640625 0.0201695828125 0.3200276375 0.0671056171875 0.315781115625 0.08656571874999999 0.31920955625 0.113973478125 0.2993404140625 0.1331608859375 0.2946166765625 0.1799605734375 0.297908771875 0.2151796421875 0.282354325 0.21100129375 0.271182746875 0.1795515328125 0.259602128125 0.1715357015625 0.2521316859375 0.1518710796875 0.22869775625000002 0.1514620390625 0.220545578125 0.1708539671875 0.22794784687499997 0.1944242453125 0.21945480312500001 0.23334444843750002 0.2149355859375 0.26842717031249996 0.24207065156250002 0.28062135 0.2693420640625 0.28500421875000004 0.29270782031250003 0.289318915625 0.31600540312500003 0.297539265625 0.319365671875 0.3288526796875 0.34677342968749997 0.3254242390625 0.3434131625 0.294110825 0.374658403125 0.29465621249999996 0.40603999062499996 0.287390290625 0.42597730624999997 0.2642972265625 0.43063287031249997 0.22140319531250002 0.4311782578125 0.19015795468750002 0.42000667968750005 0.15870819375 0.3966409234375 0.1543934984375 0.3883523984375 0.1815967359375 0.39582284218749997 0.20126135781249999 0.39514110625 0.240317909375 0.3753401375 0.2555996625 0.3682105625 0.21640676406249998 0.3766354328125 0.18139221562500002 0.3652593359375 0.1616594203125 0.3656683765625 0.138225490625 0.34648096875 0.118356346875 0.3470945296875 0.0832054515625 0.351818265625 0.0364057640625 0.3599022703125 0.020919490625000002 0.3563374828125 0.0013230421875 0.35319030625000003 0 0.3202100921875 0
423 0.9211971859375 0.5425136296875 0.8782349796875 0.541763721875 0.8156081515625001 0.54848425625 0.796284396875 0.5364264234375 0.77278229375 0.5399230375 0.74496549375 0.566785409375 0.7057725953125 0.573914984375 0.681744871875 0.8313473515625001 0.4839199328125 0.749757403125 0.4756995828125 0.7730549875 0.502834646875 0.785249165625 0.4953157984375 0.9921807109375 0.5266292124999999 0.9888204437500001 0.5273791203125 0.9458582375000001 0.6672327953125 0.9912746875 0.91719471875 0.9956377890624999 0.9158796546874999 0.8471547234375001 0.9307326 0.6676991125 0.9406572875 0.5467601515625 0.9211971859375 0.5425136296875
435 0.000797421875 0.8975982703125001 0.0398539734375 0.8982800046875001 0.10625010937499998 0.899438953125 0.20820618125 0.8777775328124999 0.20470956718750002 0.8542754296874999 0.1935379890625 0.82282566875 0.1550268265625 0.79089869375 0.132138284375 0.7592444125 0.0066801078125 0.7844024468749999 0.000797421875 0.8975982703125001
435 0.003047146875 0.768711653125 0.0971237359375 0.750819540625 0.077936328125 0.7309503984375 0.058953440625 0.6993642906249999 0.0040697484375 0.7101268265625 0.003047146875 0.768711653125
1754 0.07471240625 0.6918256734375 0.11672018437500001 0.747254753125 0.174214234375 0.8107678359375001 0.23897420781249998 0.90566250625 0.24987309062500002 0.9527348874999999 0.2726934609375 0.9882948234375 0.351147428125 0.9701300171874999 0.44104566875 0.9677923515625 0.45809993125000004 0.8860462890624999 0.494068909375 0.839791990625 0.483170025 0.792719609375 0.47604045 0.7535267109375 0.514960653125 0.76201975625 0.5846488828124999 0.7983977734375001 0.6819493921875 0.8196303859375 0.6968705109375 0.63626911875 0.3779702640625 0.55256579375 0.1942681296875 0.5571729515625 0.072988303125 0.5667765390625 0.07471240625 0.6918256734375
425 0.6813160640625 0.6320907703125 0.712765825 0.6209191921875 0.7294792203125 0.5587014046875 0.7418779203125 0.519849375 0.6793874390625 0.5187586 0.662810390625 0.5731650765625 0.658086653125 0.6199647640625 0.6813160640625 0.6320907703125
425 0.5897618921875 0.5054736453124999 0.558516653125 0.50492825625 0.5426213390625 0.5202781828124999 0.537965775 0.5631722156250001 0.5336510796875 0.586537971875 0.576340590625 0.6029105015625 0.576613284375 0.58728788125 0.581200675 0.548299503125 0.5897618921875 0.5054736453124999
1250 0.50854145 0.2344836296875 0.41830234375 0.2563495703125 0.42551985937500003 0.514327325 0.5347418546875 0.5240474921875 0.5467996875 0.5047237359375 0.5556820046875 0.219679090625 0.50854145 0.2344836296875
1050 0.2170005578125 0.3739480296875 0.192680371875 0.4243125046875 0.2277630953125 0.42883172187499996 0.2235847453125 0.44438616875000003 0.23105518906250003 0.464050790625 0.25846294687500004 0.46062234999999996 0.2551026796875 0.4293089359375 0.29025357500000004 0.429922496875 0.26386841875 0.3747661125 0.2170005578125 0.3739480296875
869 0.40283583749999996 0.47095607812500007 0.387281390625 0.46677772968750003 0.3757007734375 0.45876189843750004 0.35233501562499997 0.454447203125 0.313278465625 0.45376546875 0.2855980125 0.4728165296875 0.2734038328125 0.49995159375 0.2882765453125 0.54318649375 0.3152752640625 0.5631919828124999 0.334189978125 0.598683746875 0.35769208125 0.59518713125 0.3541954671875 0.571685028125 0.39407009843749996 0.5254989015625 0.414007415625 0.5024058390625 0.41832211093750005 0.47904008124999997 0.40283583749999996 0.47095607812500007
1387 0.5951189578125 0.6462135734375 0.548319271875 0.6414898375 0.5092627203125 0.640808103125 0.48151409375 0.66376481875 0.504538984375 0.6876077890625 0.5514068453125 0.688425871875 0.6021803609374999 0.6893121265625 0.62191315625 0.677936028125 0.6223903703125 0.65059644375 0.5951189578125 0.6462135734375
1180 0.375993234375 0.6658297906249999 0.45335642812500004 0.710155465625 0.5278365671875 0.695828140625 0.44649954531249997 0.6553399468750001 0.375993234375 0.6658297906249999
1387 0.25977801093749997 0.609105415625 0.22072146093749997 0.60842368125 0.1893398734375 0.615689603125 0.204553453125 0.6393962281250001 0.23189303749999998 0.6398734421875 0.263138278125 0.6404188296875 0.2904778640625 0.64089604375 0.306509525 0.6177348078125 0.25977801093749997 0.609105415625
1387 0.17056150625 0.5723865296875 0.127462953125 0.5794479328125 0.1466503609375 0.599317075 0.1974238765625 0.6002033296875 0.21736119375000001 0.5771102671875 0.17056150625 0.5723865296875
466 1 0.18501519375 0.9663211734375 0.19559206406250002 0.9554222906250001 0.1485196828125 0.908895296875 0.1281733265625 0.696967321875 0.183076784375 0.6878607156250001 0.257147884375 0.6487359921875 0.2603718046875 0.640535409375 0.5063599 0.8470579125000001 0.5373126781249999 0.999179053125 0.551395484375 1 0.504363459375 1 0.18501519375
300 0.12360570468750001 0.3527835921875 0.08845480781250001 0.35217003125 0.0653617453125 0.3322327140625 0.04179146875 0.339634984375 0.052894871875000006 0.3749904 0.0368632109375 0.3981516359375 0.0481711359375 0.42179008749999997 0.0672903703125 0.44556488437499997 0.09045160625000001 0.4615965453125 0.12162867343749999 0.46604758906250005 0.145403471875 0.44692835468750003 0.169041921875 0.43562042968750003 0.1852099296875 0.4046478828125 0.18979731875 0.36565950625 0.12360570468750001 0.3527835921875
1340 0.1516270234375 0.31420425625 0.15080894218750002 0.36107211562499997 0.1780803546875 0.3654549859375 0.1901381875 0.34613123125 0.190683575 0.314885990625 0.1516270234375 0.31420425625
436 0.1787136828125 0.5529946015625 0.213864578125 0.5536081625 0.22188040937500003 0.5420275453125 0.24572337968750002 0.5190026546875 0.2425676328125 0.47597227656249996 0.14492625625 0.4742679390625 0.1435627875 0.552381040625 0.1787136828125 0.5529946015625
1369 0.5214569 0.6136730375 0.5328329984375 0.6334058328125 0.5601725828124999 0.6338830468750001 0.6656934437500001 0.6318180765625 0.599638175 0.6111308515625 0.5214569 0.6136730375
884 0.42799387187500004 0.5964142546875 0.39674863125000004 0.5958688671875 0.41203038437500006 0.6156698359375 0.411757690625 0.63129245625 0.4191599609375 0.6548627328125 0.43478258125 0.6551354265625 0.4389609296875 0.6395809796874999 0.43532796874999996 0.6238901859375 0.44327562499999995 0.6162152234375 0.45526528437499997 0.6007971234375 0.42799387187500004 0.5964142546875
1601 0.0067966875 0.553900625 0.0005049609375 0.690530378125 0.0277082 0.6988189031250001 0.0631999625 0.6799041890625 0.06928716875 0.5549914 0.077371171875 0.5395051265624999 0.0188545203125 0.5345768703125 0.0067966875 0.553900625
884 0.46752763750000004 0.569756403125 0.486510525 0.6013425109375 0.4941173140625 0.6131958234375 0.4898707921875 0.632655925 0.525158034375 0.6254581765625 0.513918284375 0.5979140703125 0.5179602859375 0.590170934375 0.5300181187499999 0.570847178125 0.46752763750000004 0.569756403125
884 0.28779933125 0.5705260796875 0.29903908125 0.598070184375 0.3063050046875 0.629451771875 0.3337127625 0.62602333125 0.3185673578125 0.5984110515625 0.318771878125 0.5866940875 0.3345308453125 0.5791554703124999 0.3426148484375 0.5636691968750001 0.28779933125 0.5705260796875
1250 0.0671540234375 0.45337619531250006 0.30923646250000003 0.4615086046875 0.32018375312499997 0.28198481875 0.07810131249999999 0.273852409375 0.0671540234375 0.45337619531250006
407 0.0200467578125 0 0.009162990625 0.1945121859375 0.3173007 0.2233318203125 0.9383482593749999 0.007575232812500001 0.5043634296875 0 0.0200467578125 0
1917 0.0464667984375 0.5194314640625 0.04612593125 0.5389597390625 0.0700370765625 0.51202919375 0.070786984375 0.4690669890625 0.05913819218750001 0.4649568140625 0.05166775 0.44529219062500003 0.027824778124999998 0.46831708125000004 0.03125321875 0.4957248390625 0.0464667984375 0.5194314640625