410 0.30148625625 0.097933640625 0.290906121875 0.1349223328125 0.3107282203125 0.1636936296875 0.329943953125 0.21621797968749998 0.34094229062500003 0.2383400984375 0.3613707546875 0.24335834374999998 0.3631271296875 0.199720471875 0.386942903125 0.17270555 0.39902853125000004 0.20256413750000002 0.4233252296875 0.20703873750000001 0.41788877968750004 0.16835639062500002 0.4317307828125 0.15457710625 0.4423109171875 0.117588415625 0.46763218437500004 0.157420771875 0.500208996875 0.164676315625 0.51948745 0.1895793796875 0.5498896828125 0.181361984375 0.5461468875 0.1266630546875 0.5434913828125 0.07970059375 0.5479659828125001 0.055403896875000004 0.5358803546875001 0.025545309375000002 0.51877648125 0.016115184375 0.495023428125 0.0155088203125 0.47344495468750003 0.03037539375 0.47718775 0.0850743234375 0.4997907921875 0.10556550625000001 0.5052272421875 0.144247853125 0.48093054375 0.139773253125 0.45887114687499997 0.12315030468749999 0.45343469687500004 0.08446795781250001 0.44908553749999996 0.05352208125 0.4464300328125 0.0065596203125 0.434281684375 0.0043223203125 0.2718158296875 0.027155407812499997 0.2767086328125 0.061969518749999994 0.30148625625 0.097933640625
1250 0.62526795625 0.0721522859375 0.5395604281249999 0.1078655265625 0.57447914375 0.30018996875 0.638064553125 0.27547506718750003 0.6950007828125 0.25958392343750003 0.7602171281250001 0.24647372500000003 0.729710290625 0.057473871875000006 0.7131500625 0.0519119828125 0.7032390140625 0.037526334375 0.62526795625 0.0721522859375
1250 0.6053623015625 0.323462096875 0.5926075875000001 0.34497785 0.5798528734375 0.366493603125 0.598817725 0.5295031031249999 0.761827225 0.51053825 0.7966413375 0.505645446875 0.7672217906250001 0.3243820625 0.7457060390625 0.3116273484375 0.7280585203125 0.298328990625 0.6053623015625 0.323462096875
804 0.064248703125 0.9359815515625 0.129465046875 0.9228713531249999 0.11351118281250001 0.8935564109374999 0.10426922031250001 0.827796421875 0.094420890625 0.7857894859375001 0.093939965625 0.7542999640625 0.13866512656250002 0.7637928078125 0.158487225 0.79256410625 0.180964828125 0.8682978640625001 0.2218844734375 0.850713065625 0.2209226234375 0.787734021875 0.16574276875 0.75998729375 0.2697041796875 0.713819359375 0.3371578234375 0.6885608109375 0.32864766562500003 0.5438051953125 0.0109087796875 0.58451584375 0.064248703125 0.9359815515625
423 0.9474816515625 0.736903115625 0.9248158890625 0.7440332203125 0.8794216421875 0.7859147156249999 0.846238465625 0.8024122234375 0.8312464515625001 0.836076325 0.7792030265625 0.88678158125 0.781252165625 0.95749709375 0.8934309703125001 0.941731390625 0.9702520187499999 0.9269902578125 0.9973296609375 0.92318474375 0.986101278125 0.759087953125 0.9729283593750001 0.721492896875 0.9474816515625 0.736903115625
423 0.22108648125000002 1 0.21885264843750002 0.9694783296875 0.238193821875 0.9667601046875 0.28630629218750003 0.9442197828125 0.33109417343750003 0.9260913390625 0.33115689375 0.8984700515625 0.3162903203125 0.876891578125 0.2820825734375 0.8580313296875 0.2423129375 0.8557313109375 0.2041742359375 0.86503599375 0.1820521171875 0.8760343328125 0.171053778125 0.8539122156250001 0.165073684375 0.811361634375 0.151900765625 0.7737665781249999 0.126516778125 0.7615555078125 0.11382478437500002 0.7554499734375 0.09224631093749999 0.770316546875 0.0982264046875 0.812867128125 0.105837434375 0.8670224140625 0.1145984734375 0.9012928796875 0.13876973125 0.9610100546875 0.1389295375 1 0.1678915546875 1 0.157567259375 0.9544235953125 0.1961868859375 0.976608434375 0.197898878125 1 0.22108648125000002 1
1387 0.767368278125 0.74643784375 0.7209494624999999 0.7529615828125 0.6861353515624999 0.7578543875 0.6568204093750001 0.77380825 0.6567576890625 0.8014295375 0.68159803125 0.8097723718750001 0.713087553125 0.8092914468749999 0.755638134375 0.803311353125 0.7921459015625001 0.782401965625 0.792208621875 0.754780678125 0.767368278125 0.74643784375
1180 0.5722628921874999 0.7896366734375 0.5540090078125 0.8000913671875001 0.5202821859375 0.812720640625 0.47936254062500006 0.8303054390625 0.44672300781249996 0.8506711828125001 0.462676871875 0.879986125 0.4991846375 0.8590767359375 0.5334551046875 0.850315696875 0.565007346875 0.8222134859375 0.5954723000000001 0.7863748046875 0.5722628921874999 0.7896366734375
1387 0.49109268437500003 0.7734319296875001 0.4490857484375 0.7832802578125 0.41535892656250006 0.79590953125 0.40592880156250005 0.8130134046874999 0.424119965625 0.8301799984375 0.46334595624999997 0.828611784375 0.5053528921875 0.8187634546875 0.534667834375 0.8028095921875 0.5314059656250001 0.779600184375 0.5109775015625 0.7745819390625 0.49109268437500003 0.7734319296875001
1387 0.40605424218749997 0.7577708296875 0.382844834375 0.7610327 0.35739812656250003 0.77644291875 0.355704471875 0.7924595015625 0.38278211406249996 0.7886539875 0.41759622656250006 0.7837611828125 0.4226144703125 0.7633327203125 0.40605424218749997 0.7577708296875
1180 0.365197315625 0.747734340625 0.3458561421875 0.7504525656250001 0.3121293203125 0.7630818390624999 0.2667977953125 0.7773420484375 0.263410484375 0.8093752140625 0.3048737765625 0.7956586515625 0.3347323640625 0.783573021875 0.3712401296875 0.7626636343750001 0.3878630796875 0.7406042375 0.365197315625 0.747734340625
1387 0.28287709843750003 0.751414415625 0.2475193421875 0.752438984375 0.23808921718749998 0.7695428578125 0.2469129765625 0.7761920375 0.2894635578125 0.77021194375 0.327602259375 0.7609072593749999 0.3331641484375 0.74434703125 0.317147565625 0.7426533765625 0.28287709843750003 0.751414415625
1754 0.42890816562499995 0.6677768640624999 0.1624181796875 0.7643991734375 0.569231065625 0.9084019375000001 0.5911650234375 0.9802674609375 0.67185430625 0.9649826828125001 0.6653932874999999 0.8909425796875 0.8994319015625001 0.7318221515625 0.7381787765625 0.7071491328125 0.42890816562499995 0.6677768640624999
300 0.5084055546874999 0.4475383703125 0.490695315625 0.4618612984375 0.473528721875 0.4800524609375 0.4586621484375 0.45847398906250003 0.44433922031249995 0.44076375 0.41563064375 0.4329645609375 0.37803558593750003 0.4461374796875 0.3613499171875 0.4958181640625 0.366242721875 0.5306322765625 0.37059188125000003 0.5615781531249999 0.395432225 0.5699209875 0.4032314140625 0.5412124109375 0.41816070781250003 0.535169596875 0.4341145703125 0.5644845390625 0.44728748906250004 0.6020795953125 0.45272393906249997 0.6407619421875 0.4580976671875 0.707065575 0.45579764687499996 0.7468352125 0.5060846984375 0.739767828125 0.4840880203125 0.6955235921875 0.4781079265625 0.6529730109375 0.47545242187500003 0.6060105499999999 0.47612150625 0.554636209375 0.5192157328125 0.55252435 0.53088315625 0.523272128125 0.5249030625 0.480721546875 0.5084055546874999 0.4475383703125
436 0.6926799265625 0.55181338125 0.611447 0.563229925 0.6332555171875 0.6903380234375 0.6763497421875 0.6882261640625 0.71720666875 0.698262653125 0.8083506453125 0.7012317578125 0.7937349515625 0.5691681359375 0.8070333109375 0.5515206171875 0.778324734375 0.543721428125 0.6926799265625 0.55181338125
1387 0.7856848828125 0.7083618625 0.7436779453125 0.718210190625 0.745852525 0.7336831296875 0.7778856921874999 0.7370704390625 0.81602439375 0.72776575625 0.82545451875 0.7106618828125 0.7856848828125 0.7083618625
1387 0.6142071078125 0.8074096328125 0.5793929953125 0.8123024359375 0.555033578125 0.8354491234375001 0.5815048546875 0.8553966624999999 0.6279236703125 0.8488729234375001 0.653370378125 0.8334627046875 0.6501085093750001 0.8102532968749999 0.6142071078125 0.8074096328125
1180 0.832040978125 0.7294594109375 0.8049633359374999 0.7332649250000001 0.7502644046875 0.7370077187499999 0.779516628125 0.74867514375 0.8021196703125 0.7691663265625001 0.8485384859374999 0.7626425875 0.8452766171875 0.7394331796875 0.832040978125 0.7294594109375
581 0.76901333125 0 0.7132127828125 0.0242906953125 0.73575310625 0.072403165625 0.7986277562499999 0.603982246875 0.820143509375 0.6167369609375 0.8753860843749999 0.6168624015625 0.9074192515625 0.6202497109375 0.9737228859375 0.6148759828125 0.97209195 0.603271278125 0.9194482203125001 0 0.76901333125 0
676 0.3244658296875 0.6824552765624999 0.47091510156250005 0.657928534375 0.412682375 0.271648715625 0.300566290625 0.25979313125000003 0.3244658296875 0.6824552765624999
884 0.2940635984375 0.6906726703125 0.3028246375 0.7249431375000001 0.3188412203125 0.7266367921875 0.3222285296875 0.6946036265625 0.3178793703125 0.6636577484374999 0.290801728125 0.6674632625 0.2940635984375 0.6906726703125
291 0.3580672125 0.7250685781249999 0.3851448546875 0.7212630640625 0.370947365625 0.64831025 0.3666609265625 0.5897430859374999 0.3478633984375 0.5963295453125 0.3580672125 0.7250685781249999
291 0.56042814375 0.6492929359375 0.5504543749999999 0.662528575 0.55915269375 0.7244203296875 0.6011596296875 0.714572 0.5940922453125 0.66428495 0.5797693171875 0.6465747125 0.578263821875 0.5797274328124999 0.5522734703125 0.5912694171874999 0.56042814375 0.6492929359375
369 0.6960672359375 0.5197802140625 0.7154084093749999 0.5170619890625 0.7012736421875 0.4164878890625 0.6863443484375 0.42253070312499996 0.6960672359375 0.5197802140625
369 0.62589536875 0.5256975890625 0.6491047765625 0.5224357187499999 0.6393818875 0.4251862078125 0.61725976875 0.436184546875 0.62589536875 0.5256975890625
1917 0.653161171875 0.4390282109375 0.6448183375000001 0.4638685546875 0.65127935625 0.5379086578125001 0.6761824187500001 0.5186302046875 0.676307859375 0.4633876296875 0.6653095203125 0.4412655109375 0.6625912953124999 0.42192433749999997 0.653161171875 0.4390282109375
376 0.1492660984375 0.4743442953125 0.10949646093750001 0.472044275 0.07963787343749999 0.48412990312500004 0.0910544171875 0.5653628312500001 0.1944094625 0.5429479484375 0.180211975 0.46999513593750003 0.161414446875 0.4765815953125 0.1492660984375 0.4743442953125
436 0.2249162984375 0.7319478015625001 0.336551459375 0.7123138640625 0.3322650203125 0.6537467 0.28808350312500003 0.648122090625 0.235559153125 0.6673378234375 0.2062442109375 0.6832916859375 0.2249162984375 0.7319478015625001
369 0.5072347078125 0.7198830093749999 0.53431235 0.7160774953125 0.5141974874999999 0.5729528140625 0.49153172500000003 0.5800829171874999 0.5072347078125 0.7198830093749999
369 0.41832803125 0.7047655546875 0.442081084375 0.7053719203125 0.421966221875 0.5622472390625 0.40038774843749997 0.5771138125 0.41832803125 0.7047655546875
1146 0 0.499430559375 0.007646910937499999 0.5613064359375 0.2972208640625 0.5166648328125001 0.2394690609375 0.161874534375 0.1920256765625 0.1330405171875 0.044070909375 0.0907199796875 0 0.09321198124999999 0 0.499430559375