421 0.38823540625 0.871861225 0.3684055640625 0.9667822765625 0.5700165015625 0.942027565625 0.571515028125 0.847389525 0.38823540625 0.871861225
31 0.604586971875 0.19789281875 0.6231463875000001 0.6482063124999999 0.6403546343750001 0.6815136734375 0.6322716734375 0.1669444671875 0.604586971875 0.19789281875
1311 0.463679296875 0.4178767453125 0.459699915625 0.42820431562500005 0.463746359375 0.46115995 0.472248234375 0.48766514687500007 0.47061558437500006 0.49573678125000004 0.5145564296875 0.490341525 0.5152369765625 0.4745156234375 0.47949291875 0.4611943078125 0.5079252296875 0.457703259375 0.52979340625 0.464857146875 0.5636332546875 0.4626699296875 0.541527053125 0.4535774734375 0.52693709375 0.441594346875 0.52292418125 0.430280315625 0.5334676984375 0.4093078078125 0.5139462531250001 0.399897984375 0.463679296875 0.4178767453125
342 0.47562405781250006 0.0877887453125 0.47824234375 0.10911297812500001 0.48905741718750007 0.1117206390625 0.4991584140625 0.1085126 0.4937173453125 0.08556716875 0.47562405781250006 0.0877887453125
1747 0.2374746890625 0.6483338203125 0.239583390625 0.64413931875 0.23604653281250002 0.6367024203125 0.2348564015625 0.6270095859375 0.2313195421875 0.6195726875 0.221661065625 0.6050162578125 0.20992741874999998 0.6162959328125 0.2238703640625 0.6657465625000001 0.2374746890625 0.6483338203125
2023 0.663617434375 0.6786573609375 0.7749933343750001 0.9660543921875 0.8318579578125 0.95907229375 0.8501892734375 0.958789284375 0.8865836546875 0.78509045 0.8799859874999999 0.7740937859375 0.673926234375 0.506193640625 0.663617434375 0.6786573609375
407 0.46941869374999995 0 0.229700125 0.0294337390625 0.40338502343749993 0.1832414578125 0.561055115625 0.16388200625 0.5624497421875 0.15387180312499998 0.588297296875 0.1506981234375 0.6578003203125 0 0.46941869374999995 0
924 0.49852853750000004 1 0.7775780906249999 0.9657370234375 0.6020626609375 0.54059868125 0.4704781515625 0.5587230203125 0.3606119953125 1 0.49852853750000004 1
693 0.33312057031250003 0.1879332640625 0.26891067031250004 0.1564613953125 0.3935758828125 0.8298818515624999 0.42490134687500003 0.721742559375 0.33312057031250003 0.1879332640625
693 0.5700665765624999 0.2159059390625 0.42038877656249996 0.23625185312500002 0.47282487968750003 0.5564670859375 0.6067561203125 0.5360868125 0.5700665765624999 0.2159059390625
1939 0.358903309375 1 0.4704781515625 0.5587230203125 0.40338502343749993 0.1832414578125 0.22993815 0.031372306249999996 0 0.058015096875000005 0 0.5092127890625 0.0602610921875 1 0.358903309375 1
1939 0.6566621828125 0 0.588297296875 0.1506981234375 0.5601030125 0.1561277390625 0.6117211375 0.5551551109374999 0.6352219640625 0.5542373656249999 0.8269264734374999 0.961645596875 1 0.938895975 1 0.49078720625 0.939738909375 0 0.6566621828125 0