58 0.3274242890625 0 0.2660324796875 0.37984474375 0.8902423453124999 0.647111440625 1 0.24903655468750002 1 0.1050483296875 0.517908978125 0 0.3274242890625 0
92 0.1045600171875 0 0 0.46522279843750003 0 0.46654965 0.099130090625 0.45078472812500003 0.15716720312500002 0 0.1045600171875 0
81 0.677801115625 1 0.8461276421875 0.8307842000000001 0.8585006453125 0.7697818109375001 0.25215701562500004 0.47699107500000004 0.23766295624999997 0.5101356703125 0.0364090625 0.5594609312500001 0.64362318125 1 0.677801115625 1
182 0.49399294843749997 0.614927628125 0.4743812703125 0.6035578890625 0.4493978515625 0.593228659375 0.42341464999999995 0.587229965625 0.39693155625 0.5833965359375 0.359205090625 0.5838093984375 0.3380937375 0.578935459375 0.3267260875 0.5763110296875 0.31610688124999997 0.585262771875 0.2843735375 0.6189887171875 0.270130815625 0.6362266078125 0.2682555265625 0.65175839375 0.2706279203125 0.6637094828125 0.27362448281249996 0.680366025 0.27637249062499997 0.683281128125 0.2798689453125 0.697772403125 0.28673757499999997 0.7198842328125 0.3014774015625 0.7301292187499999 0.309721428125 0.7388745296875 0.3259609296875 0.7426237140625 0.3427003234375 0.7442076296875 0.3556919234375 0.747206978125 0.3686835234375 0.750206325 0.3821750171875 0.75104040625 0.3891707078125 0.7503748125 0.403910534375 0.7606197984375 0.41415412656250006 0.7607040406250001 0.42227387656250004 0.7625786328124999 0.4378892109375 0.761622365625 0.4481328015625 0.761706609375 0.46374813593750003 0.760750340625 0.4733675609375 0.756129134375 0.4931063 0.74472145 0.50534945625 0.7361446265625 0.518716671875 0.7301079875 0.5247153671875 0.7041247859374999 0.527966053125 0.6752264796875 0.51572568125 0.6541551625 0.504733646875 0.6424947484375 0.5007373015625001 0.6301687406250001 0.49399294843749997 0.614927628125
1777 0.4412781 0.5913540671875 0.4598955671875 0.5477580578125 0.4611355453125 0.6461133875 0.4842576046875 0.5237336921875 0.4516543265625 0.509364603125 0.42204203749999997 0.5709483421875 0.4412781 0.5913540671875
199 0.7088709671875 0.48436274062500007 0.61904825 0.5252037781250001 0.88199831875 0.638366128125 0.9018669062500001 0.5745328796875 0.7088709671875 0.48436274062500007
1645 0.2268063375 0.38675340625 0.2154386875 0.3841289765625 0.20581926250000002 0.3887501859375 0.1999476296875 0.39195596250000003 0.1920764328125 0.403822809375 0.18907708437499998 0.41681441093749994 0.1870775203125 0.425475478125 0.187825965625 0.4370516484375 0.19606999218750001 0.44579695937499997 0.20643785937499998 0.452751921875 0.2163058359375 0.46187215156250006 0.2374171890625 0.46674609062499994 0.2567803125 0.46437439375 0.2640301296875 0.41815395312500003 0.249541640625 0.3920022640625 0.2381739890625 0.389377834375 0.2268063375 0.38675340625
935 0.6704350546875 0.058125440625000004 0.63196014375 0.04696213125 0.62183525625 0.113044890625 0.6643092984375001 0.106886065625 0.6704350546875 0.058125440625000004
703 0.1569486265625 0.6671133359375 0.049773492187500004 0.5830724359375 0.017026437499999998 0.7693696250000001 0.1291977 0.861406 0.1569486265625 0.6671133359375
1809 0.204209240625 0.2401345546875 0.1330039890625 0.2373795828125 0.1172504515625 0.37970584375 0.1929547234375 0.362973415625 0.204209240625 0.2401345546875
1227 0.4886323484375 0.49737557031249996 0.44453714375000003 0.4735113359375 0.43678743593749997 0.52189704375 0.480258475 0.541055825 0.4886323484375 0.49737557031249996
935 0.664806403125 0.134368940625 0.6508150203125 0.1357001265625 0.6493153453125 0.14219592812499998 0.667178796875 0.1463200296875 0.6817943484375 0.1496942953125 0.6879173187500001 0.1305818125 0.67654966875 0.12795738437499998 0.6800489062499999 0.112800515625 0.669805315625 0.112716271875 0.664806403125 0.134368940625