1606 0.6599902328125 0.5580063 0.77057390625 0.6419395906250001 0.9667202187499999 0.6948701921875 0.9696991593750001 0.6613933328125 0.8821853765625001 0.6033411859375 0.8548629515625 0.594516021875 0.6599902328125 0.5580063
703 0.5789679624999999 0.52774059375 0.5268295453125 0.478508515625 0.5120176390625 0.527151340625 0.5508851984375001 0.565022953125 0.5789679624999999 0.52774059375
2001 0.5115260421875 0.2492461921875 0.533877634375 0.1380698703125 0.26192696875 0.06623911875 0.22505130312500002 0.1818458515625 0.5115260421875 0.2492461921875
86 0.6282700718750001 0.835931825 0.636466928125 0.8138205234375 0.6475191828125 0.8125503265624999 0.6683093453125 0.7291655375 0.681087321875 0.7102093546875 0.6622699625 0.6672722328125 0.6258056734374999 0.6843485874999999 0.6035776234375 0.741206946875 0.5739334296874999 0.8062808406249999 0.6080555765625 0.8308917859375 0.6165810203125 0.8289915828125001 0.6282700718750001 0.835931825
14 0.614939371875 0.480347590625 0.6579155484375 0.5232694312499999 0.7316655937500001 0.5396444640625 0.78265395625 0.5181376984375 0.78407146875 0.512452371875 0.7753817328125 0.504247025 0.6258273328125 0.46897184375 0.614939371875 0.480347590625
575 0.718273765625 0.08742496093749999 0.6732827484375 0.35399002031250004 0.7866810703125 0.3943409015625 0.865116684375 0.0797528328125 0.718273765625 0.08742496093749999
1610 0.8786524296874999 0.5098661296875 0.8871778718750001 0.5079659265625 0.8947583078125 0.5098559421875 0.9048655546875001 0.5123759609375 0.9140277937500001 0.5186861984375 0.9146645921875001 0.5268966390625 0.918300703125 0.533841975 0.9203550125 0.5363670890625001 0.9269904406249999 0.5420473218749999 0.9326808609375 0.5515177718750001 0.935371965625 0.5622533265625 0.9380630703125 0.5729888796875 0.9407541765625 0.583724434375 0.9429727765625 0.596355096875 0.946136384375 0.6051955421875 0.942828859375 0.6184613046874999 0.9414113484375 0.62414663125 0.9368302281249999 0.6209915125000001 0.9322491093749999 0.61783639375 0.9281404921874999 0.612786165625 0.9295580031249999 0.6071008390625 0.9309755140625 0.6014155125 0.9314480187499999 0.599520403125 0.9268668984374999 0.596365284375 0.9192864640625 0.5944752703125 0.916287146875 0.5957403734375 0.9153421406250001 0.5995305921875 0.9143971328125 0.603320809375 0.9083985015625 0.6058510171875 0.9074534953125 0.609641234375 0.906035984375 0.6153265609374999 0.9211968546874999 0.6191065906250001 0.9660630453125 0.6544479953125 0.9786767296875001 0.6253862640625 0.9736231046875 0.6241262546875 0.9641526546874999 0.629816675 0.9597358281249999 0.63676710625 0.9556272109374999 0.631716878125 0.9524636031249999 0.6228764328125 0.957188640625 0.6039253437500001 0.92966116875 0.5205711203125001 0.90928238125 0.50542553125 0.8799056468750001 0.4940752546875 0.86996269375 0.5016607828125 0.8600197390625001 0.5092463125 0.8442424468749999 0.5294675984375 0.8594033187499999 0.533247628125 0.8644569421874999 0.5345076390625 0.8663469578124999 0.526927203125 0.8682369718749999 0.51934676875 0.8696544828125001 0.5136614421875 0.8786524296874999 0.5098661296875
703 0.5326014703124999 0.616825990625 0.5013143453125 0.58084439375 0.48919354375 0.640222771875 0.5144820375 0.678734578125 0.5326014703124999 0.616825990625
1074 0.373867025 0.0478518125 0.3858846625 0.075003153125 0.40562665468750003 0.08193830156250001 0.4387834171875 0.0781277078125 0.44050913906250005 0.0604417234375 0.373867025 0.0478518125
1809 0.3689942171875 0.8316746109375 0.3580655046875 0.7786268453125 0.2096204046875 0.7496669953125 0.19891711406249998 0.8033600468750001 0.3689942171875 0.8316746109375
1809 0.38166902812500003 0.8992481484375 0.3731028328125 0.8367248390625001 0.200026415625 0.8096753796874999 0.2016489703125 0.8785191140625 0.38166902812500003 0.8992481484375
819 0.6344167265625 1 0.4209492484375 0.5910008828125 0.1316394875 0.5349711953125 0.012774884375 0.8394791843749999 0 0.8372316828124999 0 0.8860743765624999 0.466829096875 1 0.6344167265625 1
1701 0.12816766875000002 0.5381314078125 0.4174774296875 0.5941610953125 0.41714884375 0.5739499968749999 0.1283115859375 0.5160252015625 0.12816766875000002 0.5381314078125
45 0.9336882796875001 0.396774321875 0.9357018359374999 0.3348759234375 0.895272846875 0.32479584375 0.8685872187499999 0.32418112187500003 0.8499749046874999 0.3557730609375 0.8379980187499999 0.3930452328125 0.8545967765625001 0.4233516921875 0.9123848609375 0.4176307078125 0.9336882796875001 0.396774321875
84 0.2056760828125 0.7547223171875 0.34795825625 0.7761068265625 0.34066565625 0.730004396875 0.204854615625 0.7041945703125 0.2056760828125 0.7547223171875
84 0.3345027328125 0.72242905625 0.3223208 0.6851721656249999 0.20072562343749997 0.6669325875000001 0.2032728125 0.6997743484375001 0.3345027328125 0.72242905625
75 0.69894058125 0.4771364375 0.6787057125 0.43988464218749995 0.53153420625 0.42734567031250004 0.5298084859375 0.44503165625 0.531390290625 0.449451878125 0.5509883624999999 0.47849323281249995 0.6226841000000001 0.4923431546875 0.69894058125 0.4771364375