481 1 0.790169671875 0.28471989531249997 0.660349740625 0.3756239328125 1 0.55002185 1 1 0.8961143578125 1 0.790169671875
1606 1 0.5704686109375 0.9771299921875001 0.5662418796875001 0.7249438546875 0.56673403125 0.55396305625 0.6318656625 0.7911221078125 0.6588967890624999 1 0.5813483515625 1 0.5704686109375
75 0.3544143796875 1 0.2714858109375 0.65859426875 0.26285661718750003 0.6397396734374999 0.23876987187499998 0.6372825343749999 0.156983946875 0.6256959 0.24121820624999998 0.9349869234374999 0.3372460671875 1 0.3544143796875 1
575 0.4588025 0 0.30500000156249996 0.03507444375 0.372090425 0.2793686265625 0.92013018125 0.1063392734375 0.8955798250000001 0 0.4588025 0
886 0 0.5157863453125 0.1073213015625 0.9755210609375 0.2360248953125 0.9217534921875 0.14515580625 0.6300302421875 0.1395320296875 0.605670990625 0.18083375468750001 0.5993429359375 0.18922601249999998 0.5893874296875 0.245009809375 0.5716979249999999 0.253674575 0.5536615046875 0.280960265625 0.53292970625 0.289080015625 0.5310551140624999 0.2897040078125 0.524496653125 0.188009996875 0.11179531875 0.16763164218749999 0.10687843281250001 0 0.13183466093750001 0 0.5157863453125
37 0.800975784375 0.4144782625 0.7399197 0.40933096874999997 0.71661490625 0.4195221046875 0.7063506671875001 0.44915299375 0.718609271875 0.4559444734375 0.7341458000000001 0.4491503828125 0.7306309390625 0.43392585156249996 0.744761525 0.42104194687499996 0.7953164375 0.42701002812500005 0.8344736734374999 0.4484382703125 0.9121641515625001 0.4978532171875 0.8553180640625 0.42758996250000003 0.800975784375 0.4144782625
66 0.5303622515625 0.3999815125 0.535634540625 0.4228183109375 0.5503535484375 0.44026696249999997 0.5913827656249999 0.44201982187500005 0.60727078125 0.436748184375 0.6368589171875 0.4074668234375 0.6305321687500001 0.380062665625 0.6085899109375 0.34984923125 0.5754079375 0.3543026921875 0.5457408234375001 0.3739806859375 0.5303622515625 0.3999815125
1175 0.517064859375 0.5553934734375 0.5658623390625 0.5537492875 0.5525058703125 0.49589606562500005 0.52205680625 0.5029257859375 0.517064859375 0.5553934734375
1233 0.4884522015625 0.579638828125 0.48661579374999997 0.56242319375 0.46791589062499994 0.5555152046875 0.32660220624999997 0.6009688421875 0.3032974125 0.611159978125 0.303103884375 0.628844259375 0.34784149062499997 0.6281373703125 0.4884522015625 0.579638828125
1663 0.75827595 0.4981019046875 0.716622740625 0.5029075046875 0.7177561765625 0.5170782328125 0.7259549046875 0.5248070078125 0.7638997265625 0.52246115625 0.75827595 0.4981019046875
652 0.7999647328124999 0.4564052875 0.7948504 0.4527752234375 0.7877061296875 0.4496138078125 0.76467384375 0.45172402968750003 0.76545579375 0.46437230312500005 0.7604994171875 0.479948975 0.77174696875 0.528667478125 0.7952886984374999 0.54728644375 0.8223018812499999 0.5346355593750001 0.7999647328124999 0.4564052875
931 0.8223221625000001 0 0.8532923609375 0.05762599375000001 0.8429519703125001 0 0.8223221625000001 0
931 0.5304098921875 0.07604327968749999 0.5175707 0.1223046453125 0.550093109375 0.161300659375 0.5304098921875 0.07604327968749999
931 0.4983613546875 0.09466746875 0.489854546875 0.13191062343749999 0.51187578125 0.171727425 0.4983613546875 0.09466746875
931 1 0.8633884421875001 0.897361934375 0.8412338140625 0.9436634406250001 0.8658234734375 1 0.8701128656250001 1 0.8633884421875001
931 0.49490916875 0.7465261359375 0.48136700781249997 0.7897425953125 0.5064726375 0.8336581093750001 0.49490916875 0.7465261359375
931 0.4609452453125 0.738331325 0.44978450625 0.7826015890625 0.47586561562499996 0.8214810953124999 0.4609452453125 0.738331325
1229 0.3551479515625 0.280072903125 0.3751826546875 0.3668527375 0.40766165781249997 0.35935436875 0.4517752703125 0.365205940625 0.4507563859375 0.3237475640625 0.44762858281250006 0.27315446875 0.4096047828125 0.265896953125 0.3551479515625 0.280072903125
1416 0.33858046875 0.532455834375 0.2874015640625 0.5330462140625001 0.2496146984375 0.5545988015625001 0.2628921890625 0.6028486562500001 0.2775322171875 0.610693940625 0.3046243796875 0.6076464234375 0.3440896953125 0.584102734375 0.3335451140625 0.5384291390625 0.33858046875 0.532455834375
1783 0.49789108437499996 0.49086528124999995 0.45897078281250003 0.49824714062500003 0.44979657343749996 0.49555437187500007 0.4332055875 0.497781103125 0.42879422500000003 0.49719594687499996 0.4182930515625 0.4980167328125 0.41360918281250003 0.5055124906249999 0.39436426406249997 0.5147663296875 0.393740271875 0.521324790625 0.3809366515625 0.530695140625 0.3849609546875 0.5666488609375 0.4391452765625 0.5605538250000001 0.485403378125 0.5386491 0.47060539375 0.5115970796875 0.5003514859375 0.501522453125 0.49789108437499996 0.49086528124999995