58 0.516798184375 0 0 0.0753252796875 0 0.1220299203125 0.10044629062499999 0.6195311546875 0.7417791953124999 0.3964581859375 0.7058315937499999 0 0.516798184375 0
92 0.8754107890625 0 0.9033264953125 0.47886788593749996 1 0.5012511171875 1 0.49226107656250007 0.9249645828125 0 0.8754107890625 0
81 0.303838965625 1 0.95831386875 0.59165455625 0.760990975 0.5284106875 0.7488442734375 0.49433577656249994 0.123553615625 0.7441168953124999 0.13164116875 0.8058337812499999 0.299531246875 1 0.303838965625 1
182 0.4781909578125 0.73519623125 0.4898060015625 0.7446062015625 0.5087008984375 0.7573630015624999 0.5179745328124999 0.76264396875 0.533485121875 0.764687178125 0.5437096375 0.7653176968750001 0.5592202265624999 0.7673609046875 0.5674509624999999 0.766057284375 0.577675478125 0.766687803125 0.5930940546875 0.7574959734375 0.600026275 0.7586479390624999 0.6135430859375 0.758757009375 0.6267122625 0.7566712156250001 0.639881440625 0.7545854234375 0.6566905453125 0.754173046875 0.67315201875 0.7515658046875 0.6819860046875 0.7434168718749999 0.6974045796875 0.7342250406249999 0.705798921875 0.7126462046875 0.7102977187499999 0.69843413125 0.7132423796875 0.6957178203125001 0.71739354375 0.6793108828125 0.720593825 0.6675543953124999 0.719806546875 0.6519296296875 0.7068009734375 0.6337402078125 0.677497534375 0.5978828125 0.6675286375 0.5882121171875 0.65600560625 0.5900371859375 0.6346056921875001 0.5934266 0.596999925 0.590383078125 0.5703139375 0.5923598015625 0.54397558125 0.5965313875 0.518332490625 0.6050926999999999 0.49797547187499996 0.6150667000000001 0.4901843828125 0.629800225 0.485337953125 0.6418174359375 0.47355930468749996 0.6526826796874999 0.4598788890625 0.6728488234375 0.46110581249999993 0.701903490625 0.4652773984375 0.728241846875 0.4781909578125 0.73519623125
1777 0.5728189546875 0.5762135890625 0.5475746640625 0.512714215625 0.51404846875 0.5247740109375 0.528577428125 0.648468509375 0.53667530625 0.550439265625 0.5522063187499999 0.595227765625 0.5728189546875 0.5762135890625
199 0.37948361875000003 0.516837996875 0.29272863125000004 0.4698307296875 0.0939128703125 0.5463185015625001 0.10928027656249999 0.6113822203125 0.37948361875000003 0.516837996875
1645 0.796142896875 0.473344875 0.8069706625 0.46713008125 0.8158046499999999 0.45898114687499997 0.8173587843749999 0.447485384375 0.81596825625 0.4387059328125 0.8138824625 0.4255367546875 0.8068582281250001 0.4131497484375 0.8012245218749999 0.4095421953125 0.7919508890625 0.4042612265625 0.780427859375 0.40608629531249996 0.7689048281249999 0.40791136406249995 0.7573817968750001 0.4097364328125 0.7411043515625 0.4348137515625 0.7451123328125 0.48142732343750005 0.7642628484375 0.48514394687499995 0.7856627625 0.481754534375 0.796142896875 0.473344875
935 0.3999636296875 0.038860634375 0.360803728125 0.047312875 0.36351319375 0.09638203437500001 0.4054541515625 0.105488696875 0.3999636296875 0.038860634375
703 0.9433349390625001 0.6142762890625 0.8305584796875 0.6906363109375 0.8446886359375 0.88639149375 0.9630067875 0.8024039859375 0.9433349390625001 0.6142762890625
1809 0.8844215015625 0.2636196609375 0.813197525 0.2614008953125 0.8158558203125 0.3847256015625 0.8902084859375 0.4066981328125 0.8844215015625 0.2636196609375
1227 0.5571755078125 0.4774447546875 0.51152303125 0.49817493125 0.5168295265625 0.5423329140625001 0.5615311203125 0.5262531890625 0.5571755078125 0.4774447546875
935 0.3760075296875 0.13265180781250002 0.3749646328125 0.12606721875 0.361100190625 0.1237632859375 0.35762386875 0.10181465468749999 0.34739935312500003 0.1011841375 0.3498327796875 0.116548178125 0.3383097484375 0.11837324687499999 0.343084584375 0.137866290625 0.357899909375 0.1355197734375 0.3760075296875 0.13265180781250002