1146 0.5764080421875 0.303288275 0.566932884375 0.46865514687500004 0.762289178125 0.48231579062499996 0.7686977640625 0.30107132812500004 0.5764080421875 0.303288275
1606 0.5012431187499999 0.6614174203125 0.51273171875 0.6763176203125 0.532751340625 0.6886817375 0.5863574453125 0.728455496875 0.5927085796875 0.7570932906250001 0.5830949750000001 0.8049768203125 0.57698391875 0.862503165625 0.5760103328125 0.90629191875 0.5753637281249999 0.945404590625 0.5822598328125 0.9662489140625 0.61102846875 0.9729595609375 0.6386997953125 0.9654966343750001 0.660027353125 0.9591564265624999 0.673477853125 0.9460001374999999 0.6663195796875 0.7497101484375001 0.679443096875 0.7412299421874999 0.74790926875 0.717823884375 0.7529303781250001 0.6758844765625 0.7412237890625 0.6641016640624999 0.71015890625 0.66036308125 0.681281278125 0.6552111296875001 0.6320570421875 0.6423711421875 0.536457153125 0.635686146875 0.5012431187499999 0.6614174203125
1822 0.2071481859375 0.7755554296875 0.1995038453125 0.8251429796875 0.21559230468749999 0.8638595656250001 0.21406638125000002 0.8856812796875 0.22567133906249998 0.9287832937499999 0.231252146875 0.9385714359374999 0.22972622343750002 0.9603931484375 0.25554464375 0.97942801875 0.28256200468750003 0.98131725625 0.3286106734375 0.979838346875 0.36338873125000004 0.9603418484375 0.38000743593749997 0.9317439484375001 0.3784667859375 0.89404464375 0.40897196874999997 0.8460556796875001 0.4267896140625 0.8003121468750001 0.42667325468749995 0.7721103312500001 0.3880583015625 0.7568795875000001 0.2996741390625 0.736602325 0.2071481859375 0.7755554296875
1809 0.4635281203125 0.3047928359375 0.52795413125 0.309297940625 0.5296906796874999 0.25459833125000003 0.464828690625 0.256328 0.4635281203125 0.3047928359375
1227 0.5030739343749999 0.5456380984375 0.5793155296875 0.5603673234375 0.5759146109375 0.51940530625 0.5117065890625 0.5117828125 0.5030739343749999 0.5456380984375
245 0.3992346453125 0.8359768875 0.427698384375 0.936645140625 0.513342959375 0.9363687296875 0.560568478125 0.8284626625 0.4772127890625 0.7960065015625 0.3992346453125 0.8359768875
1829 0.5108935390625 0.7623364328125 0.5394441828125001 0.772164465625 0.54524298125 0.7788352187500001 0.536820953125 0.779812609375 0.4932865203125 0.7752020703125 0.4836581890625 0.7635645828125 0.4649538625 0.7622566484375 0.4559868625 0.7710275078125 0.48574381093749996 0.7934704171875 0.5480915640624999 0.797830196875 0.5627483671875 0.7972887859375 0.566897521875 0.767818928125 0.51427973125 0.7437774328125 0.5108935390625 0.7623364328125
1939 0.1957385265625 0 0.1892068203125 0.7633366390625 0.3819325203125 0.754884915625 0.5538903609375 0.8045009500000001 0.590521325 0.7585066578124999 0.4906338359375 0.663808178125 0.5454241546875 0.6269152874999999 0.7559895875 0.6620015578125 0.83994625 0.028815670312500003 0.4546627703125 0 0.1957385265625 0
783 0.6401447250000001 0.616309325 0.630858103125 0.6595167749999999 0.6682667546875 0.6621326421875 0.6713186015625 0.618489215625 0.6401447250000001 0.616309325
1809 0.45614449375 0.0818597265625 0.461819571875 0.03056815625 0.391158784375 0.025627071875 0.3764077125 0.0872481953125 0.45614449375 0.0818597265625
1809 0.24549215625 0.137613675 0.314074684375 0.14240943281250001 0.31767150312500003 0.0909725359375 0.257402009375 0.0867580828125 0.24549215625 0.137613675