481 0.923803775 1 0.9238245734375001 0.9871635218750001 0.24155449999999998 0.5725498890625 0.20370005937500002 0.931714434375 0.23257729375 0.9657521203125 0.4762636203125 1 0.923803775 1
1606 0.9217002546874999 0.7328302203125 0.6860878421875001 0.6429142531250001 0.5031224265625001 0.64244583125 0.7148423859374999 0.7526717656249999 0.9585063265624999 0.7553593875 0.9217002546874999 0.7328302203125
75 0.10252101093749999 0.8133561765625 0.18306947499999998 0.92881499375 0.22982852343750002 0.56616834375 0.22852935937500002 0.5454736359375 0.20692300624999999 0.5345477828125 0.13472154375 0.49442127343750003 0.10252101093749999 0.8133561765625
575 0.4841781671875 0 0.4596533375 0.248184175 1 0.2810234140625 1 0.0699207671875 0.51197641875 0 0.4841781671875 0
886 0.0738761625 0 0 0.5351349875 0 0.8021325296875 0.102415075 0.7991405890625 0.122125734375 0.49422890312499995 0.1256050625 0.46947220156249997 0.16643131718749998 0.47836566875 0.1778338984375 0.47207891875 0.2362519109375 0.47555546875 0.25080484062499997 0.46182219375000005 0.28370783906249997 0.4522457078125 0.29196007343749997 0.453405484375 0.29489296249999997 0.4475062515625 0.3478523546875 0.025772490625 0.3305895765625 0.0138792328125 0.26815080468749997 0 0.0738761625 0
37 0.8116333515624999 0.52801865625 0.7564772093750001 0.5013326984375001 0.731068134375 0.502495253125 0.7108668812500001 0.526479696875 0.719877425 0.5372131796875 0.7368168078124999 0.53643814375 0.7389913875 0.5209652046875 0.7568006046875 0.5140009937500001 0.8018589125 0.5376899359375 0.8307361453125001 0.5717276234375 0.8855577234374999 0.645702228125 0.8576674265625 0.5597340125 0.8116333515624999 0.52801865625
66 0.5641890234375 0.4175055546875 0.5609271546875 0.4407149625 0.56841549375 0.462279503125 0.6060913984375 0.47861949531250003 0.622813325 0.479391753125 0.66092973125 0.46265868593750004 0.6648439734375 0.434807396875 0.6551866390625001 0.39873732500000003 0.6226126203125 0.3910036328125 0.5878640203125001 0.39874288125 0.5641890234375 0.4175055546875
1175 0.496080171875 0.5578297609375 0.5422257687500001 0.5737822343750001 0.550489171875 0.5149850687499999 0.51954329375 0.510635909375 0.496080171875 0.5578297609375
1233 0.46067919843749994 0.5702108890625001 0.4651342953125 0.5534806015625 0.45015203281250005 0.5403299921875 0.3019352171875 0.532122321875 0.276526140625 0.5332848765625 0.2700079875 0.5497252203125 0.31202746718749996 0.5650978078125 0.46067919843749994 0.5702108890625001
1663 0.7418015875 0.5907857984375 0.70119279375 0.5803450375 0.6971726125 0.5939807375 0.702057040625 0.6041343328125001 0.7383222609375 0.6155425 0.7418015875 0.5907857984375
652 0.7956641515625 0.5667985765625 0.7921904093750001 0.56157680625 0.7866536078124999 0.55606509375 0.7643948796875 0.549781121875 0.7605921578125 0.561869528125 0.7503828015625 0.574635396875 0.743424146875 0.6241488015625001 0.7587298031249999 0.6499677046875 0.7884824546875 0.64783774375 0.7956641515625 0.5667985765625
931 1 0.10909335312499999 0.9793601234375 0.1429265203125 0.9883594984374999 0.2136169453125 1 0.1527518625 1 0.10909335312499999
931 0.68032258125 0.11510023437500001 0.6517575718749999 0.15368778593750002 0.668144934375 0.20174869062499998 0.68032258125 0.11510023437500001
931 0.6437283796875 0.12100224374999999 0.6224398390625 0.1527231578125 0.628729365625 0.19778705000000002 0.6437283796875 0.12100224374999999
931 0.808368896875 1 0.7486820609375 0.9609709921875 0.7826432765625 1 0.808368896875 1
931 0.406900234375 0.7283275859375 0.3787701421875 0.7638205484375 0.3864703546875 0.813816265625 0.406900234375 0.7283275859375
931 0.3781289375 0.7085054875 0.3518444453125 0.7458356875 0.36226009062500003 0.7914794671875 0.3781289375 0.7085054875
1229 0.4435837859375 0.24277003593750002 0.43118868125 0.33096578593750003 0.46419761875 0.33560488906249997 0.50328420625 0.3568767078125 0.5171903484375 0.3178068421875 0.5324012375 0.269453215625 0.49950382187500003 0.2490512296875 0.4435837859375 0.24277003593750002
1416 0.3376707546875 0.47245254531249997 0.2896795578125 0.45466283281250003 0.2466787234375 0.46124230468749994 0.24178312656249998 0.5110456531249999 0.252639271875 0.5236163734375 0.2790241171875 0.5304802328125 0.324305465625 0.5226434109375 0.3308292046875 0.47622459531250005 0.3376707546875 0.47245254531249997
1783 0.5013047484375 0.49071623750000004 0.4623240953125 0.48366000781249996 0.454724234375 0.47785835 0.43843722500000004 0.47399150468749995 0.434528565625 0.47186432343750007 0.42443073125 0.46886730937500004 0.4173717234375 0.474186653125 0.396088765625 0.47592909531250005 0.39315587500000004 0.4818283265625 0.37784463281249997 0.48598789375000007 0.368716984375 0.520995765625 0.421486671875 0.5347234828125 0.47252228125 0.53085108125 0.46840174843750004 0.500292721875 0.49978254218749996 0.5015472937500001 0.5013047484375 0.49071623750000004