536 0.22235273906250003 0.22575948750000002 0.059101392187500004 0.3686472015625 0.955337109375 0.5105969953125 0.82229580625 0.3295698953125 0.22235273906250003 0.22575948750000002
1044 0.089984540625 0.5879843515625 0.0992434171875 0.6035128296875001 0.10877388125000001 0.61732656875 0.1384959859375 0.6220340875 0.15705809843750002 0.6232162859375 0.17550659531249999 0.6103184734375 0.1719067 0.5886552828125 0.1420709828125 0.569867753125 0.10440358281249999 0.57093283125 0.089984540625 0.5879843515625
61 0.7655505671875 1 0.916791128125 0.6503853234375 0.0016080953124999998 0.494888059375 0.0316375625 0.926777984375 0.4800251390625 1 0.7655505671875 1
345 0.42020074375 0.3379521234375 0.4062112625 0.337494159375 0.347695434375 0.337014921875 0.2989816609375 0.3486346890625 0.305682634375 0.3655157875 0.3421057109375 0.387104403125 0.3998067765625 0.39272785 0.45467835 0.401418653125 0.5056784421875 0.390161003125 0.4749143453125 0.362437675 0.42020074375 0.3379521234375
931 0.70862823125 0.7808864921875001 0.15669779374999998 0.6846805375 0.12659048906249998 0.6676077453125 0.11411691718750001 0.6427813515625 0.09582639375 0.6398844171875 0.087609509375 0.6473717484375 0.0900094390625 0.6618138765625 0.116200903125 0.688812971875 0.1625840046875 0.7067058453125 0.315223975 0.734397146875 0.7084702578125001 0.7966812390625 0.73497766875 0.7920908390625 0.756912446875 0.7867762078125 0.7823778640625 0.7591699984375 0.7620726109375 0.754196209375 0.70862823125 0.7808864921875001
345 0.7479835375 0.45842014375 0.8032846734374999 0.4496014640625 0.8217331703124999 0.4367036515625 0.7838385406249999 0.4096087078125 0.72668065 0.4005557859375 0.6763817078125001 0.3925892171875 0.624023678125 0.4124205515625 0.7479835375 0.45842014375
345 0.7446746890625 0.3313379328125 0.6898031140625001 0.3226471296875 0.6210556734375 0.327578371875 0.67255458125 0.34276600468749996 0.7052197921875 0.358486178125 0.7680366624999999 0.3614043859375 0.7446746890625 0.3313379328125
345 0.3920389125 0.2790014171875 0.3466978 0.28412435468749997 0.3976535359375 0.3027414625 0.44283667187500003 0.313413271875 0.49476514062500004 0.31109142031250003 0.469660028125 0.277233378125 0.3920389125 0.2790014171875
1236 0.185951415625 0.91430610625 0.6079914265624999 0.9723619187500001 0.6440931171875001 0.8480062203125 0.19314576875 0.7800986796875 0.185951415625 0.91430610625
421 0.31990304687500004 0 0.3044772296875 0.18076091562500002 0.7297319328125 0.24811464375 0.76657913125 0.074659965625 0.3814972453125 0 0.31990304687500004 0
153 1 0.3047990828125 0.0607698375 0.150950215625 0.058281190625 0.196257603125 1 0.3557225625 1 0.3047990828125
1401 0.703354453125 0.799386478125 0.761756665625 0.7857857046875 0.7821062765625 0.7608847359375 0.759786296875 0.75383409375 0.7063419171875001 0.7805243749999999 0.15898410937500002 0.6850426546875 0.1245757609375 0.6655308921875001 0.111559015625 0.6441339703125 0.083036878125 0.646647515625 0.0902810265625 0.6600991390625001 0.11821563125000001 0.6908898265625 0.1551818828125 0.70904896875 0.662200771875 0.7928683750000001 0.6782049796875 0.79540319375 0.703354453125 0.799386478125
1939 0.0760736765625 0 0.054454067187499997 0.1464343921875 1 0.3063781953125 1 0.0729596578125 0.539350853125 0 0.0760736765625 0