1250 1 0.27844563125 0.9176857843749999 0.27863254375 0.9106811203125 0.35654088125 1 0.3558752625 1 0.27844563125
1250 0.8188053390625001 0.2805143578125 0.813431609375 0.3468179921875 0.8952081828124999 0.3543663015625 0.9094056703125 0.2814134875 0.8188053390625001 0.2805143578125
268 0.43334088125000003 0.5813583671875 0.3333731453125 0.590976653125 0.325699396875 0.61751065 0.449545625 0.662528575 0.561118065625 0.654541225 0.5610553453125 0.6269199375000001 0.43334088125000003 0.5813583671875
125 0 0.9228094515624999 0.17674089843750002 0.9476487656250001 0.1990303390625 0.7890511453125 0.07390866093750001 0.6689058265625001 0.031901725 0.6590574984375001 0.021865235937499998 0.618200571875 0 0.6049592484375 0 0.9228094515624999
1250 0.15106435625 0.3444550421875 0.2593749265625 0.35967709999999997 0.28390166875 0.21322782812500002 0.180002978125 0.1946811796875 0.15106435625 0.3444550421875
1050 0.6041287343749999 0.3765719765625 0.5694400625 0.426921746875 0.604254175 0.43181455 0.5855193671875 0.452849378125 0.5779083375 0.5070046640625 0.6398000921875 0.5157029828125 0.647954765625 0.45767946249999997 0.630788171875 0.4394883 0.67442604375 0.437731925 0.6433547265625 0.37814019062500004 0.6041287343749999 0.3765719765625
1373 0.37331010625 0.4190806734375 0.4153170421875 0.4289290015625 0.42407808124999996 0.3946585359375 0.43283912031250005 0.36038806874999996 0.4510302828125 0.343221475 0.4730269609375 0.2989772390625 0.46909600625000003 0.27081230624999997 0.4773134 0.240410075 0.4568222171875 0.21780703125 0.4595404421875 0.19846585781249998 0.4904235984375 0.1751937296875 0.5086147624999999 0.1580271375 0.4909045234375 0.14370420781249998 0.46654510625 0.1205575203125 0.44829122187500003 0.11010282656249999 0.42393180468749997 0.0869561390625 0.40011603124999995 0.05994121718749999 0.3840994484375 0.061634871875 0.3619773296875 0.0506365328125 0.3370742671875 0.0313580796875 0.3078220453125 0.043025503124999996 0.32112040468749997 0.060673021875 0.34711075625 0.07221500625 0.3482607671875 0.09209982343749999 0.33611241718749996 0.0943371234375 0.3211831234375 0.088294309375 0.315621234375 0.07173408125 0.3012355859375 0.06182303125000001 0.2824380578125 0.055236573437500006 0.2586850046875 0.0558429375 0.2459930109375 0.061948471875 0.2570540703125 0.0674476421875 0.26261595937500004 0.0840078703125 0.237231971875 0.0962189390625 0.2250836234375 0.09845623906249999 0.21021705000000002 0.1200347125 0.21469165 0.144331409375 0.22466541874999998 0.1575670484375 0.24013835781249998 0.15974162812499998 0.25452400625 0.1696526765625 0.2694533 0.1756954921875 0.29211906249999997 0.1828255953125 0.2827516578125 0.19334300937499999 0.262866840625 0.1944930203125 0.24963120156250002 0.2044667890625 0.2784024984375 0.22428888749999998 0.2966563828125 0.23474358125 0.2955690921875 0.24248005 0.269641459375 0.258559353125 0.274116059375 0.2828560515625 0.256468540625 0.2961544109375 0.2542939609375 0.3116273484375 0.273635134375 0.31434557343749997 0.28693349375 0.3319930921875 0.3140111359375 0.33579860625 0.329484075 0.33797318593750003 0.33945784375 0.351208825 0.33347775 0.39375940625 0.311000146875 0.46949316406249997 0.30387004375000004 0.49215892656250004 0.32653580625 0.49928903125 0.32925403124999997 0.4799478578125 0.3511879875 0.40808233437499997 0.37331010625 0.4190806734375
214 1 0.3968635671875 0.9781347640625 0.381799428125 0.9526880578125001 0.36638920937499997 0.9256104140625 0.3625836953125 0.8830598328124999 0.3566036015625 0.8548949015625 0.36053455625 0.805214215625 0.37722022499999996 0.7908285671875 0.36730917500000004 0.77868021875 0.36954647500000004 0.7649009343750001 0.3833884796875 0.7627263546874999 0.3988614171875 0.747253415625 0.3966868375 0.7389105812500001 0.37184649531249997 0.72519401875 0.4133097859375 0.695460871875 0.4564667328125 0.6772697078125 0.4736333265625 0.661922209375 0.526701321875 0.45805578437500005 0.517772959375 0.35143886874999997 0.518567484375 0.2822496859375 0.7021308875 0.2828560515625 0.725883940625 0.3686262984375 0.78921846875 0.5909974890624999 0.919086675 0.6336107906249999 0.9526880578125001 0.6944152546875 0.9691228453124999 0.721492896875 0.9729283593750001 0.7402277046875 0.95189353125 0.76337439375 0.9275341140625001 0.782715565625 0.9302523375 0.9524579078125001 0.8732429703125 1 0.5349634046875 1 0.3968635671875
1146 0.056094029687500005 0.1220419671875 0.0229316890625 0.35800428125 0.096428146875 0.368333534375 0.13460873125 0.152799684375 0.056094029687500005 0.1220419671875
2001 1 0.06535663124999999 0.916760609375 0.0536580984375 0.8360765359375 0.10148827499999999 0.79310775 0.154618990625 0.7634373234375 0.2253972234375 0.764587334375 0.2452820421875 1 0.235514746875 1 0.06535663124999999
831 0.1338350421875 0.298642590625 0.10947562500000001 0.275495903125 0.12271126406249999 0.265522134375 0.090678096875 0.26890944375000003 0.0724242140625 0.25845475 0.0756860828125 0.23524534218749998 0.0657123140625 0.22200970312499999 0.048064795312500005 0.2353080625 0.039784681249999995 0.23808900781250003 0.0212380328125 0.341987696875 0.0610076703125 0.339687678125 0.09962729687500001 0.3175028390625 0.1338350421875 0.298642590625
713 0 0.6003635265625 0.0074795859375 0.6082895234375 0.027970770312499997 0.630892565625 0.20584684375 0.6282789453125 0.236123634375 0.5812537640625 0.247059253125 0.531510359375 0.24475923437499997 0.491740721875 0.2497147578125 0.4845478984375 0.265187696875 0.486722478125 0.26458133125 0.462969425 0.2761860359375 0.464600359375 0.23194180000000003 0.44260368124999994 0.0147770140625 0.41602780156249997 0 0.52117171875 0 0.6003635265625
1506 0.93464336875 1 0.9501769624999999 0.8894727359375001 0.85675566875 0.9367133578125 0.7156223421875 1 0.93464336875 1
228 0.6781896749999999 0.6354928156249999 0.6676722609375 0.6261254125 0.6511120312500001 0.6316873015625 0.6280280640625 0.6836680078125 0.6130987703125 0.6776251921875 0.576591003125 0.6567158046875 0.5721164046875 0.6324191078125 0.4449455859375 0.582989303125 0.23606091562499998 0.5536324765625 0.2144824421875 0.5387659031250001 0.203965028125 0.5293984984375 0.19846585781249998 0.5404595578125 0.2019158890625 0.6001140125 0.20095403906249998 0.6630930562499999 0.21485876249999997 0.704493628125 0.23202535625 0.722684790625 0.2033167796875 0.7304839796875 0.18845020625 0.752062453125 0.18627562656250002 0.7675353921875 0.19401209531250002 0.76862268125 0.41257777031250004 0.92556853125 0.41602780156249997 0.9852229859375001 0.42817615 0.9829856859375001 0.43191894375000006 0.92828675625 0.5831983000000001 0.8903780984375 0.57721820625 0.9329286796874999 0.5860419640625001 0.9262795 0.594803003125 0.8920090328124999 0.5864601687500001 0.867168690625 0.5648189765625 0.8246808296875001 0.5426341375 0.7860612031249999 0.5707990703125 0.7821302484375 0.6143742203125 0.7527525859375 0.6633231 0.6570712890625 0.6781896749999999 0.6354928156249999
1340 0.42685902656249997 0.40293865 0.41870435156249997 0.46096216874999996 0.46125493281249996 0.4669422640625 0.46940960781249996 0.40891874375 0.42685902656249997 0.40293865
1250 0.532681415625 0.295527209375 0.5228958078125 0.3651554328125 0.5693146234375 0.371679171875 0.5780129421875 0.3097874171875 0.532681415625 0.295527209375
316 0.067175925 0.380000959375 0.0573275953125 0.42200789531250005 0.0915980625 0.43076893437499997 0.2264426296875 0.453664740625 0.234053659375 0.39950945625 0.09866544687499999 0.3804818828125 0.067175925 0.380000959375
407 0.07243530312499999 0 0.07077244218749999 0.0175996328125 0.5236067765625 0.19169123906250002 0.7511614843750001 0.0303846578125 0.5349634078125 0 0.07243530312499999 0
1250 0.5984414046875 0.30476917187499997 0.5886557953125 0.374397396875 0.6284254328125 0.3720973765625 0.6376673953124999 0.3063373875 0.5984414046875 0.30476917187499997
300 0.5552425750000001 0.49987455937499997 0.564547259375 0.4617358578125 0.5700464281250001 0.4506747984375 0.5788701875 0.44402562031250004 0.5495552453125 0.42807175624999994 0.5153474984375 0.44693200468749994 0.5291895015625 0.46071128906250003 0.5242966984375 0.4955254 0.5552425750000001 0.49987455937499997
1354 0.6718332593749999 0.5123156734375 0.6851316171875 0.529963190625 0.7536725515625 0.54748526875 0.78666756875 0.48111891562500003 0.7048909953125 0.47357060625 0.6718332593749999 0.5123156734375
1354 0.7635836 0.5330996203125 0.7658209 0.54524796875 0.854790296875 0.5577518031250001 0.9021709625 0.501296496875 0.7977286265625 0.486618084375 0.7635836 0.5330996203125
1354 1 0.5026090921875 0.993858584375 0.49445915781250005 0.8700750749999999 0.4770625203125 0.860707671875 0.48757993437499997 0.9176439015625 0.5034710765625 0.8779997046875 0.561013671875 0.98304840625 0.5994451375 0.9936843140624999 0.57990184375 1 0.5349634046875 1 0.5026090921875
1354 0.723082159375 0.4564040125 0.6860934671875001 0.46698414687499995 0.6701396046875 0.4962990890625 0.6911117124999999 0.487412609375 0.728100403125 0.476832475 0.770650984375 0.4828125703125 0.8132015656249999 0.48879266406250005 0.82976179375 0.483230775 0.8192443796875001 0.47386337031250003 0.723082159375 0.4564040125
1354 0.9308168203125 0.4658760203125 0.9247740046875 0.4808053140625 0.9761483453125 0.4801362296875 0.9512452828125 0.46085777656250004 0.9308168203125 0.4658760203125
1354 0.894309053125 0.4449666328125 0.85786400625 0.4516785328125 0.7921040171875 0.44243656875 0.7888421484375 0.46564597656249995 0.8452347328125001 0.4854053546875 0.8855480140624999 0.4792371 0.908757421875 0.48249896875 0.9175811812499999 0.4758497890625 0.9263422203125 0.4415793234375 0.894309053125 0.4449666328125
1354 0.724106728125 0.42104625625000003 0.7031346203125 0.4299327359375 0.716976625 0.44371201875 0.7401860328125001 0.4469738890625 0.77276284375 0.43971834374999996 0.7843675484375 0.441349278125 0.7484034265624999 0.41657165625000003 0.724106728125 0.42104625625000003
714 0.5242758609375 0.24306557812500001 0.48946175 0.238172775 0.4762261109375 0.24814654374999998 0.4829380109375 0.284591590625 0.46698414687499995 0.3139065328125 0.46100405312500004 0.3564571140625 0.4516366484375 0.366974528125 0.4162788921875 0.3659499578125 0.3920449140625 0.3980458453125 0.3789974359375 0.49088347656250003 0.443607415625 0.480240621875 0.4602303640625 0.5023000203125 0.4900889515625 0.5143856484375 0.4856143515625 0.4900889515625 0.496612690625 0.46796683281250007 0.5164975078125 0.4668168234375 0.5329950171875 0.4336336453125 0.5644845390625 0.4341145703125 0.59156218125 0.4379200859375 0.605404184375 0.45169936875000005 0.6093351390625 0.47986430156250004 0.594468565625 0.501442775 0.6298263234375 0.50246734375 0.6380437171875 0.4720651125 0.6679441875000001 0.25931220625 0.6204380828125 0.26052493593750004 0.5242758609375 0.24306557812500001
300 0.017557959375 0.42430791562500003 0.0346618328125 0.414877790625 0.0368364125 0.3994048515625 0.0422728625 0.36072250625 0.0610076703125 0.339687678125 0.0869353015625 0.32360837343750004 0.11008199062499999 0.29924895625 0.1514825609375 0.2853442328125 0.10784469062499999 0.2871006078125 0.11551843906249999 0.260566609375 0.0818543375 0.2755586234375 0.0740551484375 0.24685004687499998 0.0706678375 0.2148168796875 0.0558012640625 0.2363953515625 0.043652915625 0.2386326515625 0.017557959375 0.42430791562500003
316 0.1084510546875 0.310853659375 0.0979963609375 0.32910754375 0.09473449218749999 0.3523169515625 0.115225675 0.37491999374999996 0.204195071875 0.38742382656249996 0.210656090625 0.3133837234375 0.125554928125 0.30142353593750004 0.1084510546875 0.310853659375
1354 0.405531434375 0.498557225 0.377910146875 0.4986199453125 0.34974521406250003 0.5025508999999999 0.3414651 0.5053318453125 0.3187993375 0.498201740625 0.287853459375 0.49385258125 0.260232171875 0.4939153015625 0.24699653281249997 0.503889071875 0.24590924374999998 0.511625540625 0.25262114375 0.5480705875 0.24657832968750001 0.56299988125 0.24772833906249997 0.5828846984375 0.316206553125 0.5727854890625 0.34715242968750004 0.5771346484375 0.3935712453125 0.5836583875 0.42506076718749997 0.5841393125 0.43605910625 0.5620171953125 0.4393209765625 0.5388077874999999 0.44971295 0.492932615625 0.438651890625 0.487433446875 0.405531434375 0.498557225