1354 0.37557697968750003 0.5126162937500001 0.4228008390625 0.5719666984375 0.5040872937499999 0.55845101875 0.45713592031249994 0.5029973484375 0.37557697968750003 0.5126162937500001
1354 0.6879426453125 0.44378409531249996 0.6492477859375 0.4504056921875 0.63112654375 0.47125179531250005 0.6065742640625 0.5121265453125 0.5942571609375 0.5599773046875 0.622079275 0.5658633703125 0.6571498859375 0.56341099375 0.691675525 0.5531651484375 0.7246481734375 0.46471212656249994 0.72301325625 0.44133171875 0.6879426453125 0.44378409531249996
1354 0.721841384375 0.48057154999999996 0.7156828328125 0.5044969296875 0.717862721875 0.53567080625 0.7348120921875 0.5540645343749999 0.7548407375 0.5604955734375 0.7596368578125 0.5170865203125 0.7746788234374999 0.50820310625 0.7977867453124999 0.5026714546875 0.8245189140625 0.49297058125 0.849888653125 0.4637860359375 0.839097834375 0.421466928125 0.8335661828125 0.39835900625 0.7363383781249999 0.4638946671875 0.721841384375 0.48057154999999996
1917 0.391817521875 0.63287009375 0.3851139984375 0.649002003125 0.3789554453125 0.672927384375 0.38865631875 0.6996595531249999 0.4019814390625 0.7222225015625 0.4331553171875 0.7200426125 0.45127655781250003 0.6991965078125 0.46160433125000006 0.6788953765625 0.4596969265625 0.651618234375 0.4466442921875 0.6329520203125 0.391817521875 0.63287009375
1250 0.2999860328125 0.43958635468749996 0.41353630781249995 0.43947772343749997 0.585265115625 0.4313850640625 0.5666274203125 0.0528568375 0.277451603125 0.0613306140625 0.2999860328125 0.43958635468749996
1754 1 0.7839858421875 0.57698008125 0.7608906578125 0.1246044578125 0.8434290953125 0.0984172609375 0.8609234375 0.1031314546875 0.8723411546875001 0.7405877109375 0.9726500515625001 1 0.9545101765625 1 0.7839858421875
1917 0.47291341718749996 0.5606309078125 0.4867015828125 0.645814096875 0.4835403796875 0.71260355625 0.5458881328125 0.7082437765625 0.5359967015625 0.622788103125 0.5438720984375001 0.567416359375 0.47291341718749996 0.5606309078125
581 0 0.3494652171875 0.010455803125 0.4989901671875 0.049423148437499995 0.4962653046875 0.0439734234375 0.41833061406249994 0.066073328125 0.342385253125 0.098037959375 0.183518521875 0.1261058546875 0.0249242765625 0 0.033742456250000004 0 0.3494652171875
1650 0.13997413281249999 0.6152386 0.15703213437500002 0.747182603125 0.1998962140625 0.7441852546875001 0.6031672796875001 0.743396315625 0.7512431921875 0.7330418390625 0.8314397015624999 0.7039392203125 0.8230745562499999 0.5283136796875 0.8684729390625 0.505560171875 0.9259159406249999 0.43105916874999994 0.85885399375 0.42400123125 0.7845435515625 0.4252817359375 0.6183463953125 0.456482315625 0.4533211125 0.4484430640625 0.3308874234375 0.4335097296875 0.276605625 0.44122127187500004 0.144307209375 0.5092093078125 0.13997413281249999 0.6152386
1373 0.647913875 0.0393411578125 0.6187293281249999 0.01397141875 0.5630851 0.0021992890625 0.52158345 0.024680309375 0.5123456234375 0.06056837968749999 0.55403783125 0.0968108625 0.6182929875000001 0.119728225 0.5506041421875 0.15970358906249998 0.5725401906250001 0.19341176875 0.5596781140625 0.233469059375 0.5287767234375 0.2395456828125 0.5092111234375001 0.295734884375 0.5335995484375 0.3645136765625 0.5462977703125 0.4341099265625 0.597772778125 0.44225780937500003 0.6478853546875001 0.43092201875 0.725820046875 0.42547229375000006 0.790702103125 0.40135635468749997 0.7993949578125 0.3576748171875 0.8350924687499999 0.3081891390625 0.8802183671874999 0.281538896875 0.8891837078125 0.24175409218750002 0.8569198859375 0.22834704375 0.84304979375 0.1979906265625 0.8753955421875 0.15657090468749998 0.806698678125 0.126132559375 0.744895896875 0.1382858078125 0.7563955421874999 0.0787448453125 0.7124415171875 0.0661552546875 0.713340903125 0.0230186890625 0.6769078609375 0.0059873921875 0.647913875 0.0393411578125
1354 0.3412419 0.58158564375 0.39525121093750004 0.5699773671874999 0.3638867765625 0.513433753125 0.4059333984375 0.4987462 0.30824254687499997 0.5016616218750001 0.3412419 0.58158564375
1636 0.009283929687500001 0.5382299984375 0.023698996875 0.5763798859375 0.019093434375000003 0.6785124437500001 0.027622434374999998 0.7444844453125 0.086073453125 0.7403971515625 0.1264851578125 0.7023291921875 0.1415271234375 0.693445778125 0.12356973593750001 0.6046383421875 0.1111440015625 0.5389388265624999 0.1420453921875 0.5328622015625 0.1702219203125 0.48781823125 0.07253106875000001 0.49073365312500006 0.011000775 0.5067836359375 0.009283929687500001 0.5382299984375
1636 1 0.48850154687499997 0.8907634015625 0.48833831562499996 0.8295055937500001 0.5082850343749999 0.8200219843750001 0.7086534140625 0.8667827984375001 0.7053835796875 0.8963217578125 0.6798232828125 0.898665503125 0.60134361875 0.9303843515624999 0.606957196875 0.9576614937500001 0.60504979375 0.9807694140625 0.5995181421875 1 0.6005680546875001 1 0.48850154687499997
1636 0.599352471875 0.68884203125 0.18774296562499998 0.6823824734375 0.070486515625 0.741487096875 0.552782215625 0.7508353718749999 0.6394097624999999 0.7017041078124999 0.599352471875 0.68884203125
870 0.1626457140625 0.7154637546875 0.1790501109375 0.7260640125 0.2383185875 0.7336669234375 0.2889761375 0.7301246031249999 0.36301409375000004 0.7249473640625 0.37614865625 0.6887868078125 0.3589268 0.6664963453125 0.290774909375 0.64385146875 0.2328688640625 0.65573223125 0.16798680625 0.6798481703125 0.1626457140625 0.7154637546875
1050 0 0.36658449375 0.0401586171875 0.3637763296875 0.08329518281250001 0.364675715625 0.06533779687499999 0.2758682796875 0.0066142921875 0.27605883750000004 0 0.3404397546875 0 0.36658449375
300 0.18635383125 0.49452175625 0.1609840921875 0.5237063015625 0.1248235359375 0.5105717390625 0.09754639375 0.5124791421875 0.0927502734375 0.5558881953125 0.07907073906249999 0.5842552828125 0.11024461562500001 0.5820753921875 0.137712315625 0.63889149375 0.14070966406250002 0.6817555750000001 0.1824838 0.6631712875 0.20196747343750002 0.66180885625 0.2090254109375 0.594746909375 0.2485377296875 0.5998155171875 0.2569580984375 0.5522372437499999 0.2280460390625 0.5307642390625 0.1968721625 0.5329441296875 0.2055650171875 0.489262590625 0.18635383125 0.49452175625
1354 0.24488677656250002 0.4356076921875 0.2547782078125 0.5210633671875 0.24744778437499998 0.5842285781250001 0.2594104734375 0.5873078546875 0.329279209375 0.5785063671875 0.3474004515625 0.5576602640625 0.334620303125 0.542890784375 0.3087875203125 0.509455090625 0.33162295468749997 0.5000267046875 0.35110662812500004 0.49866427343749997 0.3898014875 0.4920426765625 0.41209195000000004 0.47482082031250006 0.4004836734375 0.420811509375 0.3244563859375 0.45353837500000005 0.25630449375 0.4308934984375 0.24488677656250002 0.4356076921875
2001 0.1140612375 0.0766717703125 0.094059296875 0.23861777812499999 0.0714144203125 0.30676966875 0.0498594890625 0.3905084984375 0.054764240625 0.46064972187500003 0.141037375 0.46244849375 0.20646440312499997 0.44612602343749996 0.1812051125 0.0289029390625 0.118857359375 0.033262718749999996 0.1140612375 0.0766717703125
301 0.0834038140625 0.47822599062500004 0.09645645 0.4968922046875 0.1279028125 0.49860905000000005 0.12654038125 0.4791253765625 0.1563518265625 0.45746181406249997 0.1285297125 0.45157574843750004 0.0669994171875 0.46762573124999995 0.0834038140625 0.47822599062500004
1917 1 0.4825396125 0.9938772734375 0.394980540625 0.9471164578125 0.398250375 0.9626214687499999 0.45198720156250005 0.9622670546875 0.5029172359375 0.9859199484375001 0.505179053125 1 0.5069852312500001 1 0.4825396125
1917 0.9228366640625 0.44302185937500005 0.9064322671875 0.43242159999999996 0.8791551249999999 0.4343290046875 0.8613063703125 0.45907184218749997 0.8637587468750001 0.494142453125 0.89267080625 0.5156154578125001 0.92719644375 0.5053696125 0.9416934375 0.4886927296875 0.9395135484375 0.457518853125 0.9228366640625 0.44302185937500005
301 0.8890732609375 0.6881617234374999 0.8889913343750001 0.74298849375 0.9710952453124999 0.7411630171875 0.9709046875 0.6824395125 0.8890732609375 0.6881617234374999
1636 1 0.7033466703125 0.8826422234375 0.70819036875 0.74761894375 0.7372110593750001 0.7487088890625 0.7527979984375001 0.9462704796875 0.7781410328125 1 0.7661992125 1 0.7033466703125
570 0.329660328125 0.695953378125 0.343257934375 0.7224130609375 0.3521413484375 0.7374550265625001 0.371625021875 0.7360925953125 0.3699901046875 0.7127121875 0.384759584375 0.6999320390625 0.329660328125 0.695953378125
1050 0 0.4515798703125 0.0023898468749999997 0.4956384046875 0.029939475 0.4976277359375 0.0730760421875 0.49852712187500003 0.067271903125 0.471522465625 0.06980620781249999 0.45176630781249993 0.08928987968749999 0.4504038765625 0.070406403125 0.23635596093750003 0.043129260937500004 0.23826336406249998 0.03814258125 0.2229489125 0.022283157812500003 0.2201421234375 0.019748853125 0.23989828124999998 0 0.24127925625 0 0.4515798703125
2001 0.9524563265625 0 0.9312855531249999 0.003862725 0.9540924687500001 0.3860152 0.9585341749999999 0.3935361828125 0.9899805390624999 0.3952530265625 0.99346854375 0.38913543906250003 0.96625754375 0 0.9524563265625 0