1354 0.57844339375 0.5706084265625 0.6246242546875 0.510442890625 0.5429098625 0.5022488109375 0.496933440625 0.55851345 0.57844339375 0.5706084265625
1354 0.3936536046875 0.513984675 0.3683917015625 0.4735446484375 0.3499094046875 0.453017978125 0.3111048765625 0.44707270781249997 0.27599680625 0.44523277187500004 0.2747701828125 0.46863815156250005 0.309281528125 0.5565022500000001 0.343980721875 0.5661439796875001 0.3790887921875 0.567983915625 0.40680394375000006 0.561613184375 0.3936536046875 0.513984675
1354 0.22550617499999998 0.5129956640625 0.2407008875 0.52161520625 0.24625387031249998 0.5649339437500001 0.266167228125 0.5581543375 0.28279299999999996 0.5394676031250001 0.28442850000000003 0.5082604296875 0.2778533296875 0.484446175 0.2630674921875 0.4680248390625 0.164710740625 0.4041960203125 0.1595832203125 0.42739696250000003 0.149532615625 0.46989795 0.17540783124999998 0.49863528749999997 0.20230523281249999 0.5078681421875 0.22550617499999998 0.5129956640625
1917 0.6148112625000001 0.6976859296875 0.6240441171875 0.6707885265625 0.6174689484375 0.6469742734375 0.6104849046874999 0.6309618109375 0.5556679140624999 0.6320005859375 0.5429430375 0.65089175625 0.5415119765624999 0.6781980328125 0.5521924796875 0.6983158281249999 0.5706747765625 0.7188424984374999 0.6018819484375 0.7204779968749999 0.6148112625000001 0.6976859296875
1250 0.425579003125 0.054087748437500006 0.41355037499999997 0.4328835953125 0.5853942640625001 0.437977940625 0.698929140625 0.43610483125000005 0.7148586640625 0.057513421875000005 0.425579003125 0.054087748437500006
1754 0 0.9627474515625 0.2676978125 0.9767768984374999 0.90330635 0.865358134375 0.9078205593750001 0.85385988125 0.88133203125 0.8368252343749999 0.4275848125 0.7621944109375 0 0.793031728125 0 0.9627474515625
1917 0.45731116250000003 0.568171765625 0.4661517296875 0.62339763125 0.45775321093750004 0.7090129187499999 0.5201675578125 0.712283915625 0.5158411984375 0.6455597984375 0.5281406125 0.5601489484375 0.45731116250000003 0.568171765625
581 1 0.025517715625 0.865545984375 0.0184712796875 0.8963774578124999 0.17655151875 0.9311098265625001 0.33483619375 0.95453179375 0.410384290625 0.950443046875 0.4884022234375 0.9894520140624999 0.49044659687500003 1 0.2891790359375 1 0.025517715625
1650 0.1398743 0.43027567187500004 0.0729457453125 0.43850292812499997 0.13168021875 0.5119900640624999 0.1774687921875 0.5339477953125 0.172170009375 0.7096925796875 0.2528622140625 0.73739114375 0.40109628593749996 0.7451597624999999 0.8043196984375 0.73891053125 0.8472295609374999 0.7411593421875 0.8619822234375001 0.60893773125 0.8557993421875001 0.5030002109375 0.7223345203125 0.4373314546875 0.6679264046875 0.43056843593750005 0.5457719859375 0.44763625781250005 0.380912140625 0.45855437343750005 0.21419577343750001 0.430259084375 0.1398743 0.43027567187500004
1373 0.11866796875 0.163174765625 0.1517316640625 0.20402366875000003 0.1383934765625 0.2346175296875 0.10636855468749999 0.2485856171875 0.1160268703125 0.2882078953125 0.16161100625 0.3140665234375 0.1981667234375 0.36292165625 0.207620603125 0.40644483124999997 0.272913659375 0.4294247484375 0.3509315921875 0.43351349531250005 0.4012343734375 0.4439729734375 0.452559340625 0.43492796875 0.46404100625 0.3651207046875 0.4872253609375 0.29592675156250003 0.46668210468750004 0.240087575 0.43567936874999996 0.2345511796875 0.4221201546875 0.1947244640625 0.44346457499999997 0.16063858125 0.375088371875 0.12185064062499999 0.438933778125 0.0978153609375 0.47998711875 0.0608507671875 0.4701243640625 0.0251293859375 0.4282366875 0.0033760921875 0.37280638593750004 0.01611755625 0.3440690484375 0.041992771875 0.3144973734375 0.0091501 0.2783671171875 0.026814646874999997 0.280019203125 0.069928946875 0.2362915921875 0.0832837234375 0.24882861875 0.142614921875 0.18682314687499998 0.13154213125 0.11866796875 0.163174765625
1354 0.59403039375 0.49710470312500005 0.63632694375 0.511056203125 0.6059541078125 0.568138590625 0.6601577859375001 0.57880250625 0.6917572468750001 0.49831473906249996 0.59403039375 0.49710470312500005
1636 0.8617943734375 0.6871601015625 0.8769890859375 0.69577964375 0.9180590125 0.7331365234375 0.9765724625000001 0.736203084375 0.9839487921875 0.670092278125 0.9775614734375001 0.5680556546875 0.9913085374999999 0.52966 0.9890431390625001 0.49824838906249996 0.9272421046874999 0.48327470312500004 0.8295152515625001 0.482064665625 0.8584736140624999 0.526610028125 0.88947635 0.5321464234375 0.878199121875 0.5980527906249999 0.8617943734375 0.6871601015625
1636 0 0.609411015625 0.021040639062499998 0.60789356875 0.0442415828125 0.6130210890625001 0.0715478578125 0.61445215 0.10316390625 0.60828585625 0.10687695312500001 0.6867126625 0.1368575015625 0.711753540625 0.1836682609375 0.7142067890625 0.1706891859375 0.5140344375 0.1090925890625 0.495159853125 0 0.49722714218749997 0 0.609411015625
1636 0.45160350468750005 0.75171834375 0.9336625984375001 0.7339542734375 0.8153924890625 0.676905059375 0.40395840781250003 0.690547209375 0.3641316921875 0.7041064234375 0.45160350468750005 0.75171834375
870 0.7150079515625001 0.7264066796875001 0.76571960625 0.7290643640625001 0.82484636875 0.720428234375 0.8410632671875 0.70954329375 0.8351014093750001 0.67402635 0.769808353125 0.6510464328125 0.711703778125 0.640178078125 0.643957475 0.6640089203125 0.6271272640625 0.6865965515625 0.640890915625 0.7225223703125 0.7150079515625001 0.7264066796875001
1050 1 0.35549762500000004 0.9894022515625001 0.2674821765625 0.9306843640625001 0.2683165140625 0.914279615625 0.3574238234375 0.9573939171875001 0.3557717375 1 0.358004628125 1 0.35549762500000004
300 0.8008110890625 0.6565828265625 0.820315571875 0.6576050140625 0.8624076859375001 0.6754574109375 0.8646564968750001 0.6325475484374999 0.8911284359374999 0.5752607234375 0.922335609375 0.576896221875 0.908163084375 0.5487721953125 0.9026101015625001 0.5054534578125 0.8753038249999999 0.5040223968750001 0.8393780062499999 0.517786046875 0.8135027906250001 0.489048709375 0.7942027453125 0.48412562656249997 0.803656625 0.5276488015624999 0.7724494515625 0.5260133031249999 0.7439165515624999 0.547987621875 0.7531659937499999 0.5954116921875 0.792583834375 0.5896542734375 0.8008110890625 0.6565828265625
1354 0.6683518671875001 0.497088115625 0.691348371875 0.5061165328125 0.66610305625 0.5399979781249999 0.6535826171875 0.554988253125 0.6720649140625 0.575514921875 0.742076615625 0.583095690625 0.7539837421875 0.57980810625 0.74555205 0.5167804484375 0.7539505671875 0.431165159375 0.742452315625 0.4266509515625 0.6747060109375 0.45048179375 0.5981191406249999 0.41908677031249997 0.587455225 0.4732904484375 0.6100428546875001 0.49012065937499993 0.6488473828125 0.496065928125 0.6683518671875001 0.497088115625
2001 0.9251479687499999 0.29931925000000004 0.9013171281250001 0.2315729453125 0.8784918859375 0.0700006859375 0.8729389031249999 0.026681948437500002 0.8105245562500001 0.023410951562499997 0.792550659375 0.44101132656250003 0.8582525890625 0.4561894515625 0.9444811906250001 0.45288527968750003 0.9481610625 0.382669140625 0.9251479687499999 0.29931925000000004
301 0.9161527265625 0.47095870156249997 0.932369625 0.46007376093749996 0.8705685921875 0.4451000734375 0.842853440625 0.45147080468749995 0.8730384265625 0.4726107875 0.8720162406249999 0.4921152703125 0.9034278499999999 0.489849871875 0.9161527265625 0.47095870156249997
1917 0 0.5157392984375 0.014244445312500001 0.5136587375 0.0378542625 0.5109844640625 0.036611051562500004 0.460068371875 0.0511758640625 0.40606913125000005 0.0043651046875 0.4036158828125 0 0.4869070375 0 0.5157392984375
1917 0.11975650468750001 0.440956175 0.092450228125 0.43952511406249994 0.07623332968749999 0.45041005468749995 0.05981199375 0.4651958921875 0.0581764953125 0.49640306562500003 0.0729623328125 0.5128244 0.107661528125 0.5224661296875001 0.136194428125 0.5004918109375 0.1380343640625 0.4653837421875 0.11975650468750001 0.440956175
301 0.1153086453125 0.7497403203124999 0.114269871875 0.6949233312499999 0.0323510421875 0.690630146875 0.0331853796875 0.7493480328125 0.1153086453125 0.7497403203124999
1636 0 0.7739215359375 0.058651718750000005 0.7858871640625 0.2557409234375 0.7571000640625 0.2565586734375 0.741496478125 0.121049478125 0.7148366875 0 0.7119556234375 0 0.7739215359375
570 0.618712159375 0.697890365625 0.633702434375 0.7104108046875 0.632475809375 0.733816184375 0.6519802921875 0.734838371875 0.6605998359374999 0.719643659375 0.6737335859375 0.6929506953125 0.618712159375 0.697890365625
1050 1 0.23332530624999998 0.99904398125 0.2327829828125 0.9756386015625 0.2315563578125 0.972759890625 0.21184743749999999 0.9569518671875 0.2149305859375 0.952233221875 0.230329734375 0.9249269453125001 0.22889867343749998 0.9097819953125 0.44324355000000004 0.929286478125 0.44426573593749996 0.9321651875000001 0.46397465625 0.9268332296875 0.49107649531249997 0.9699475296875001 0.48942440937500004 0.99745824375 0.48695457500000006 1 0.4177961875 1 0.23332530624999998
2001 0.06012134375 0.011465259375 0.0252177125 0.005724428125 0.0046717609375 0.39776453749999996 0.0082660015625 0.4038203203125 0.0396776109375 0.401554921875 0.043987382812499996 0.393957565625 0.06012134375 0.011465259375