300 0.5637527328124999 0.35511894375 0.569795546875 0.34018965 0.5642336578125 0.32362942031249997 0.529419546875 0.3187366171875 0.5189021328125001 0.3093692125 0.5094720078125 0.29226533906249996 0.49176176875 0.2779424109375 0.4685523609375 0.274680540625 0.4393001390625 0.286347965625 0.41832803125 0.2952344453125 0.3934876890625 0.3035772796875 0.40237416875000004 0.3245493875 0.390832184375 0.3505397390625 0.43066454062500004 0.37586100624999996 0.4345954953125 0.40402593906249995 0.41368610781250004 0.44053370625 0.40988059374999997 0.46761134843749996 0.4148988375 0.48803981093750004 0.43097814218749997 0.51396744375 0.46192401875 0.5183166031249999 0.4723787125 0.5000627203125 0.48724528593749994 0.478484246875 0.4949190359375 0.45195025 0.48990079062499997 0.4315217859375 0.48155795625 0.40668144375 0.4814952359375 0.37906015625 0.50246734375 0.3701736765625 0.5234394515624999 0.3612871984375 0.5582535640625 0.36618000156249997 0.5637527328124999 0.35511894375
1762 0.4497756703125 0.5205539031249999 0.41604884843749995 0.5079246296875 0.39229579531250003 0.5085309953125 0.40795689375000005 0.5935694375 0.394428490625 0.717896590625 0.5414214078125 0.738555096875 0.559905334375 0.6070351203125 0.486220715625 0.513842003125 0.4497756703125 0.5205539031249999
284 0.19800598125 0.094650725 0.1838084921875 0.1676035375 0.136992309375 0.47265042968750004 0.173500075 0.4935598171875 0.21991889062499997 0.50008355625 0.24584652343750002 0.484004253125 0.29667721875 0.487203403125 0.3342095546875 0.4727550328125 0.38639946875 0.10140450781250002 0.19800598125 0.094650725
284 1 0.14199564375 0.8626732546874999 0.1367833109375 0.8078278359375 0.5550962984375001 0.8592021765625001 0.5544272125 0.9067082828125 0.5532144828125001 0.937654159375 0.5575636421875 0.9890912203125 0.58451584375 1 0.5115459859375 1 0.14199564375
1250 0.4293263703125 0.2731123265625 0.41899711718750005 0.346608784375 0.681493428125 0.387444875 0.730003265625 0.09841456562499999 0.45983320625 0.0841124734375 0.4293263703125 0.2731123265625
376 0.747420740625 0.227090878125 0.727535921875 0.2282408890625 0.7170185078125 0.21887348437499998 0.7049956 0.276353359375 0.6963600015625 0.3658664015625 0.6737569578125 0.386357584375 0.7516652953125 0.3933622484375 0.742235171875 0.37625837500000003 0.7596945296875 0.280096153125 0.760112734375 0.22098534375 0.747420740625 0.227090878125
1917 0.8816589421875 0.2262336328125 0.8734415484375001 0.25663586562499996 0.8834153171875 0.2698715046875 0.90608108125 0.2770016078125 0.9209476546875001 0.2554231359375 0.9242095234375001 0.2322137265625 0.8816589421875 0.2262336328125
1923 0.2760605953125 0.40935778437500003 0.26669319062499997 0.4198751984375 0.278360615625 0.449127421875 0.3291913109375 0.4523265703125 0.3363214140625 0.4296608078125 0.3169802421875 0.42694258281249997 0.31861117656250004 0.41533787968749997 0.30476917187499997 0.4015585953125 0.2760605953125 0.40935778437500003
1754 0.501150009375 0.51988481875 0.35415709375 0.49922631093750003 0.24862746875 0.4922843671875 0.1327685890625 0.55883888125 0.2278435203125 0.584034709375 0.24555375937499999 0.5983576375 0.26876316718750004 0.6016195062499999 0.30085905468749996 0.625853484375 0.3119828328125 0.6589739406249999 0.29989720468750003 0.6888325281250001 0.2678640375 0.6922198390625 0.248585584375 0.7171229015625 0.273488646875 0.7364013546875 0.3000226453125 0.7440751031249999 0.274701378125 0.7839074593750001 0.21843423281250002 0.8193906562500001 0.201936725 0.852573834375 0.24944283125000002 0.8513611031250001 0.2908434015625 0.8374563796875 0.364339859375 0.8477856328125 0.4251443234375 0.864220421875 0.4583275015625 0.8807179296875001 0.497009846875 0.8861543796875001 0.5041399515625 0.8634886156249999 0.46593852968749994 0.8265626453125 0.4310616984375 0.794048553125 0.4254370890625 0.7498670374999999 0.4580139 0.7426114921875 0.4601884796875 0.7271385546875 0.5485515125 0.715889334375 0.562142634375 0.61918346875 0.6289899140624999 0.6206889624999999 0.5536743609375 0.5391005515625 0.5149920140625001 0.5336641015625 0.501150009375 0.51988481875
423 0 0.67479076875 0.00977960625 0.648059159375 0.0644785359375 0.651801953125 0.040558159375 0.8220042781249999 0.0598993328125 0.8247225031250001 0.1333330703125 0.80743046875 0.144937775 0.8090614031250001 0.158947103125 0.653244728125 0.169401796875 0.63499084375 0.16927635624999998 0.5797482703125 0.1365741046875 0.5317612390625001 0.111671040625 0.5124827859375001 0.07794421875 0.4998535125 0.02765716875 0.492786128125 0.0028168265625000003 0.5011289624999999 0.0017295359374999999 0.5088654328125 0 0.5561709140625 0 0.67479076875
868 0.925045721875 0.8437502859375 0.9288512375 0.8166726421874999 0.9100537093750001 0.810086184375 0.8924061906249999 0.8233845421874999 0.8869070203125 0.8344456015624999 0.8714340828125 0.832271021875 0.8559611437499999 0.8300964421874999 0.84326915 0.8362019765625 0.8400072812499999 0.859411384375 0.9251084421875 0.8713715734375 0.9526617749999999 0.87179238125 0.9570788890624999 0.840362975 0.9399750156250001 0.8497931 0.925045721875 0.8437502859375
1387 0.7996312796875 0.8379583515625001 0.786395640625 0.8479321203125 0.8068868234375 0.8705351640625001 0.9505551499999999 0.886781790625 0.954904309375 0.8558359140625 0.8349890359375 0.838982921875 0.7996312796875 0.8379583515625001
866 0.9202783578125 0.9338069718750001 0.885464246875 0.9289141671875001 0.8572993140625 0.932845121875 0.8224852031250001 0.9279523187500001 0.777216396875 0.9413133968749999 0.7899711109374999 0.9628291499999999 0.9374937328125 0.979718609375 0.942944121875 0.9409370765625 0.9318830625000001 0.93543790625 0.9202783578125 0.9338069718750001
278 0.8504203015625 0.3362378578125 0.9476698125 0.345960746875 0.9569744968749999 0.3078220453125 0.9431324921875 0.2940427609375 0.8889772078125 0.2864317328125 0.8580313296875 0.2820825734375 0.8504203015625 0.3362378578125
278 0.8284863437500001 0.40810338125 0.9285168 0.426106384375 0.9328032390625 0.36753922031249997 0.9062692406249999 0.3598654703125 0.8797352437500001 0.35219172187500003 0.8410528968750001 0.346755271875 0.8284863437500001 0.40810338125
278 0.8132642859375 0.5164139515625 0.9414596734374999 0.530486 0.9512452828125 0.46085777656250004 0.92308035 0.46478873125 0.8888098828125001 0.45602769218750006 0.831330009375 0.44400478281250005 0.8132642859375 0.5164139515625
278 0.246181171875 0.14481233437500002 0.37105197031250003 0.154472503125 0.3786629984375 0.1003172171875 0.2488366765625 0.0978498734375 0.21789079843749998 0.0935007140625 0.20133057031249998 0.0990626046875 0.19480683125 0.1454814203125 0.246181171875 0.14481233437500002
278 0.1659309296875 0.32287656875000004 0.26426773125 0.3248629875 0.2707914703125 0.27844417187500003 0.18236571875000002 0.2620721046875 0.1659309296875 0.32287656875000004
278 0.145690628125 0.410758675 0.1998459125 0.4183697046875 0.23520366875 0.41939427343749996 0.24722657812499998 0.36191439999999997 0.21960529062499998 0.3619771203125 0.15771353593749998 0.3532788 0.145690628125 0.410758675
423 0.0592094109375 0.520888340625 0.06102850625 0.5921474984375 0.11850838125 0.6041704078125 0.1538661375 0.605194978125 0.19641671875 0.611175071875 0.1985912984375 0.5957021328125001 0.18903573437500001 0.523355684375 0.1541589015625 0.49084159375 0.11602019999999999 0.48153690937500004 0.07346961875 0.47555681562499996 0.0592094109375 0.520888340625
804 0.3516061921875 0.348971525 0.3287103859375 0.4838160921875 0.367999096875 0.5130055953125 0.4049877890625 0.5024254609375001 0.4878516515625 0.5022373 0.5426133015625 0.53360138125 0.56473541875 0.5445997203124999 0.62397166875 0.6002605 0.6326699875 0.5383687453125 0.6718959796874999 0.5399369609375 0.7647336109375 0.5529844390624999 0.777112003125 0.4087724671875 0.3516061921875 0.348971525
1650 0.92604945625 0.5559327078125 0.8796306406250001 0.54940896875 0.834361834375 0.562770046875 0.698973621875 0.543742475 0.6243898734375 0.541149690625 0.610317825 0.669345078125 0.6027695171875 0.7511216515625 0.7374467609375001 0.9436134171875 0.7523760546875 0.94965623125 0.7876083703125001 0.8954382265625 0.946205990625 0.9177276687499999 0.9918721640625 0.5927959578124999 0.975249215625 0.5707365609374999 0.92604945625 0.5559327078125
255 0.9183129859375001 0.5548454171875 0.8951035781250001 0.5515835484375 0.8718941703124999 0.548321678125 0.8470538281250001 0.5566645125 0.8294063093749999 0.5699628718749999 0.8057159765625 0.5981905234375 0.774895540625 0.6490839390625001 0.732344959375 0.6431038453125 0.6754714500000001 0.6548339890625 0.65510570625 0.687473521875 0.6667104109374999 0.68910445625 0.696506278125 0.6735687968749999 0.761722621875 0.6866789953125 0.792543059375 0.6357855812500001 0.8593903375 0.637291075 0.8880361953125 0.6018705984375 0.9481715734374999 0.5669310453125 0.9183129859375001 0.5548454171875
407 0.08147287812500001 0 0.1287959609375 0.025754306249999998 0.17799572187499998 0.040558159375 1 0.075935846875 1 0.06535663124999999 0.534963409375 0 0.08147287812500001 0
278 0.20091236562499998 0.15817341406250002 0.1882830921875 0.1919002359375 0.36676553125 0.21303966718749998 0.369421034375 0.16607720625 0.20091236562499998 0.15817341406250002
301 0.27737792968749997 0.25964664375 0.2878326234375 0.2413927609375 0.2182044 0.2316071515625 0.23428370312500002 0.257534784375 0.27737792968749997 0.25964664375
278 1 0.1504184421875 0.8731906687500001 0.14615071562499998 0.8622550499999999 0.1958941203125 1 0.212273190625 1 0.1504184421875
278 1 0.4690308890625 0.9739110453125001 0.4679878796875 0.960800846875 0.5332042234375 0.9984947484375001 0.545673828125 1 0.5349634062499999 1 0.4690308890625
278 0.3227094546875 0.2739068515625 0.3580672125 0.27493142187499997 0.36126636093750003 0.2241007265625 0.33418871875 0.2202952125 0.3227094546875 0.2739068515625
301 0.3036191625 0.3816737765625 0.338433275 0.38656658125 0.34393244375 0.37550552187499997 0.345563378125 0.36390081875 0.29527632812500004 0.35683343437500004 0.3036191625 0.3816737765625
301 0.264936815625 0.376237328125 0.292014459375 0.3800428421875 0.29364539375 0.3684381390625 0.2593749265625 0.35967709999999997 0.264936815625 0.376237328125
278 0.1757165390625 0.25324834531249996 0.2260035890625 0.2603157296875 0.2363955625 0.21444055781250002 0.1827839234375 0.2029612953125 0.1757165390625 0.25324834531249996
1506 0.8857166875000001 1 0.794738475 0.8727724640625001 0.6607303171875001 0.7316550375 0.0363136046875 0.6557329078125 0 0.690446871875 0 0.9302442531249999 0.5265041593750001 1 0.8857166875000001 1
863 0.846949225 0.753881759375 0.9624526187500001 0.7740593421875 0.9684954328125001 0.7591300484375 0.954109784375 0.7492189984375 0.9358559015625 0.7387643046875 0.9010417890625 0.7338715 0.8795260359375 0.7466262140625 0.8607285078125001 0.7400397546875 0.844711925 0.7417334109375 0.846949225 0.753881759375
1387 0.8392127546875001 0.75279446875 0.832563575 0.7439707109375 0.8054859328124999 0.7401651953124999 0.8287580609375 0.7710483531250001 0.9636177296874999 0.7938367093750001 0.9655053859375 0.7804053390625 0.95471615 0.7729720515625 0.8392127546875001 0.75279446875
867 0.7823622328125001 1 0.7999448796874999 0.9760647890625 0.9358767374999999 0.9912241265624999 0.9820648109375 0.6625789109375 0.8887052796875 0.6532449390624999 0.829657190625 0.680448021875 0.796055809375 0.723061321875 0.75841886875 0.9347269375 0.7231238328125 0.9613236562499999 0.7369658359375 0.9751029390625 0.7540697093750001 0.9656728156250001 0.7634998328125 0.9827766890625 0.7565284875 1 0.7823622328125001 1
1917 0.9514753265625 0.3188831046875 0.9432579328124999 0.3492853359375 0.9863521593750001 0.3513971953125 0.9901576734375 0.324319553125 0.9708165 0.321601328125 0.9514753265625 0.3188831046875
278 1 0.40356558906249995 0.9919767687500001 0.3955787109375 0.9908267578125001 0.37569389375 0.9565562921874999 0.36693285468750003 0.9389087734375 0.3802312140625 0.9306913796874999 0.4106334453125 0.9406651484375 0.423869084375 1 0.432208053125 1 0.40356558906249995
570 0.2956526484375 0.522561159375 0.2885225453125 0.545226921875 0.3277485359375 0.5467951359375001 0.3304667609375 0.5274539640625 0.2956526484375 0.522561159375
570 0.3110628671875 0.4971144515625 0.3078009984375 0.520323859375 0.3359659296875 0.5163929046875 0.338140509375 0.500919965625 0.3110628671875 0.4971144515625
1387 0.2641631265625 0.522080234375 0.2486901890625 0.5199056546875 0.23267360468749998 0.521599309375 0.2426473734375 0.5348349484375 0.2813297203125 0.5402713968749999 0.287372534375 0.5253421046875 0.279636065625 0.5242548140625 0.2641631265625 0.522080234375
1387 0.26579406250000004 0.5104755296875 0.288459825 0.517605634375 0.317712046875 0.5059382109375 0.29891451875 0.4993517515625 0.2873098140625 0.49772081718749994 0.267424996875 0.49887082656250004 0.26579406250000004 0.5104755296875
1917 0.3623744875 0.46882407812500004 0.35198251406250003 0.5146992499999999 0.36086899375 0.5356713578125001 0.3807538109375 0.534521346875 0.3912085046875 0.5162674640625 0.39996954375 0.481996996875 0.3944076546875 0.46543676874999995 0.396582234375 0.44996382968750004 0.36841730156249997 0.45389478437499997 0.3623744875 0.46882407812500004
1452 0.109371021875 0.47271314999999997 0.1475097234375 0.482017834375 0.1602017171875 0.47591229999999995 0.16672545625 0.429493484375 0.161163565625 0.41293325468750003 0.1351732140625 0.401391271875 0.110876515625 0.405865871875 0.09268535312500001 0.42303246406249995 0.0861616140625 0.4694512796875 0.109371021875 0.47271314999999997
1452 0.0566376734375 0.11817373281250002 0.001123171875 0.4851123796875 0.0199207 0.4916988390625 0.043673753125 0.49109247343750007 0.051828426562499995 0.4330689546875 0.0521839109375 0.3463368578125 0.049277525 0.28281416875 0.0585194890625 0.2170541796875 0.07760978125 0.1092872546875 0.062136843750000004 0.10711267499999999 0.0566376734375 0.11817373281250002
1699 0.284089828125 0.296091690625 0.273635134375 0.31434557343749997 0.2626367953125 0.3364676921875 0.3449570140625 0.340147765625 0.34713159375 0.3246748265625 0.328877709375 0.3142201328125 0.3349205234375 0.2992908390625 0.3249467546875 0.2860552015625 0.30560558125 0.2833369765625 0.2895889984375 0.28503063125 0.284089828125 0.296091690625