1789 0.44921158281249995 0.659157796875 0.46278775000000005 0.6404535390625 0.4441830140625 0.6181239734374999 0.45913775 0.6128093156250001 0.4011306515625 0.5557501375 0.387028025 0.510230234375 0.3092354609375 0.517519753125 0.3063736640625 0.5466042609375 0.316020675 0.5611164453125 0.2808907234375 0.589074125 0.28433714375 0.622548128125 0.31187922968750004 0.6268452828125 0.35906433125000004 0.650172896875 0.3722333390625 0.6431281984375 0.3933799609375 0.6455343375 0.44921158281249995 0.659157796875
2001 0.7970557734375 0.108461915625 0.43650455781249997 0.045006871875 0.413747084375 0.5645291265625 0.779681603125 0.55312644375 0.7970557734375 0.108461915625
1437 0.20716680312500002 0.40055302187499997 0.038450453125 0.3946613171875 0.0322324515625 0.46698837031249996 0.2158453703125 0.4692310703125 0.20716680312500002 0.40055302187499997
286 0.6437541234374999 0.7184833734375 0.6586156812499999 0.5572371421875 0.6170698906250001 0.5574540125 0.6217815109375 0.6868639453125 0.5938817234375 0.7192433140625 0.6027812828125 0.7287263484375 0.6437541234374999 0.7184833734375
1334 0.910923765625 0.44263942343749996 0.8546849828124999 0.440675521875 0.8507180359375001 0.5014074078124999 0.906898653125 0.505036959375 0.910923765625 0.44263942343749996
1334 0.904388628125 0.33901489218749997 0.8638811140625 0.3359326546875 0.8537222828125 0.38894374374999996 0.9007415921874999 0.3905856953125 0.904388628125 0.33901489218749997
389 0.8484618562499999 1 0.879441228125 0.9476816906250001 0.530532075 0.788741446875 0.153234653125 0.8347686624999999 0.14380289531249998 0.866959109375 0.1415518390625 0.878554278125 0.11714496562500001 0.890209590625 0.116708721875 0.9027019749999999 0.0772016984375 0.923836075 0.0449335453125 0.9227092453125 0.015713356249999998 0.9400333640625 0 0.9419078296875 0 0.9762081625000001 0.6455433859374999 1 0.8484618562499999 1
113 0.016347060937499998 0.49895345156250004 0.018473079687499998 0.517372203125 0.04434576875 0.5166080140625 0.0567673265625 0.504534165625 0.043577940625 0.4857290734375 0.0232369375 0.48668643125 0.016347060937499998 0.49895345156250004
1438 0.082552578125 0.24194075937499998 0.058922239062500006 0.2577923953125 0.0647360453125 0.2763399265625 0.042010240625 0.3455889921875 0.0713671375 0.3507833625 0.11032158593750001 0.345472953125 0.0941511078125 0.279868646875 0.102311925 0.2576399140625 0.082552578125 0.24194075937499998
2002 0.4596404890625 0.043313271874999996 0.4498569578125 0.27061029531249997 0.7765084109375 0.3003617234375 0.7830811484375 0.1121431171875 0.4596404890625 0.043313271874999996
211 0.5304622375 0.737874690625 0.5390098375 0.67813660625 0.50563356875 0.629442128125 0.4710358171875 0.6157263296875 0.46042036406250003 0.6553800109375 0.4050162796875 0.65594678125 0.3296492671875 0.6466441765625001 0.2858611265625 0.6317736015625 0.27997470625 0.74747198125 0.32162812500000004 0.770606425 0.3835440046875 0.7685993671875 0.5304622375 0.737874690625
627 0 0.5350620953125 0.1054764109375 0.53708725 0.0912402296875 0.8125915796875001 0.2736199953125 0.7972805468749999 0.28773984375 0.525107521875 0.2240178578125 0.49953474531250003 0 0.5074501859375 0 0.5350620953125
1354 0.7889214515625 0.5792981875 0.734099025 0.56320844375 0.7162854578125 0.6768226359375 0.8444565031250001 0.707147546875 0.8616971187500001 0.58350725 0.7889214515625 0.5792981875
1334 0.9221034640625 0.4396944625 0.9200967421874999 0.497159434375 0.9641175484375 0.50536740625 0.9708212546875 0.44556493125 0.9221034640625 0.4396944625
575 1 0.0974547984375 0.8463465140625 0.1243584890625 0.82930966875 0.5064967 0.8088232484375 0.5116181859375 0.80828234375 0.579974284375 0.8397157984374999 0.578570440625 0.858660825 0.6175887140625 0.9919156390625 0.608066771875 1 0.2959036109375 1 0.0974547984375