1354 0.3765512546875 0.47998335625 0.4068049859375 0.5495338796875 0.48881978593750003 0.5575172171875 0.45782070625 0.4918011765625 0.3765512546875 0.47998335625
1354 0.6960884015625 0.49434274062499994 0.6569982421875 0.4907237453125 0.6340990984375 0.5061694140624999 0.5998042531250001 0.5392967921875 0.5755221578125 0.5823291765625 0.6008728296875 0.5952155718750001 0.6353831609375 0.6019237000000001 0.6713841875 0.6009628671875 0.726126646875 0.5240577578125001 0.7305987328125 0.5010508703125 0.6960884015625 0.49434274062499994
1354 0.7193107750000001 0.538650334375 0.7071697265625 0.5601665265625 0.7012069453125 0.590842375 0.7128181328125 0.612996171875 0.73049984375 0.624391871875 0.7463676296874999 0.583703275 0.76319625 0.579015703125 0.786948484375 0.5796533078125 0.8152805484375 0.577201778125 0.84733935 0.55557784375 0.8478692109375 0.51190785625 0.848506815625 0.48815562031250004 0.737630090625 0.5262938 0.7193107750000001 0.538650334375
1917 0.36111444062500003 0.6003429687499999 0.3504640875 0.6141901984375 0.3383230390625 0.635706390625 0.3407745671875 0.664038453125 0.34780592499999996 0.689281384375 0.378481775 0.6952441640625 0.40138091875 0.6797984968749999 0.4166111015625 0.662862134375 0.421828534375 0.636020765625 0.41405182968750004 0.6146123171875 0.36111444062500003 0.6003429687499999
1250 0.3224375453125 0.389877475 0.4321468046875 0.41916151875 0.6001186296875 0.45579129687500003 0.6800863125000001 0.0853373171875 0.3985707484375 0.0186781484375 0.3224375453125 0.389877475
1754 0.90818883125 1 0.9258606046875 0.9090866078125 0.506833578125 0.7719249359375 0.0485097609375 0.7345675171875 0.0186870015625 0.7446880078125 0.0202854390625 0.7569368 0.5676889328125 1 0.90818883125 1
1917 0.45814393593749997 0.5515544359375 0.44941525000000004 0.63740371875 0.429075378125 0.701099203125 0.4904270765625 0.713024765625 0.50299024375 0.62792083125 0.5249285546875 0.5764741375 0.45814393593749997 0.5515544359375
581 0.09976989375 0 0.027397981249999998 0.37232121406249996 0.0657427921875 0.379774690625 0.08064974531249999 0.3030850671875 0.12165271875000001 0.23544735781249998 0.1936459171875 0.090266934375 0.2358076171875 0 0.09976989375 0
1650 0.12241577343750001 0.5181303890625 0.104742915625 0.6499934453125 0.146922209375 0.6581922687499999 0.5366563375 0.76180444375 0.682366621875 0.7901276546875 0.7673628124999999 0.7827730671875 0.8047379375 0.6109667625 0.85447845 0.6007385281250001 0.9292464062500001 0.543643428125 0.8662962703125 0.5194690750000001 0.794186475 0.5014729890625 0.6255770453125 0.48859544687499995 0.46825557343749996 0.43811843906250003 0.35385874375 0.392005775 0.299430659375 0.3854053890625 0.154043603125 0.416835440625 0.12241577343750001 0.5181303890625
1373 0.7621011125 0.0933206546875 0.740477178125 0.061261853125 0.6897758328125 0.0354890609375 0.6438698015625001 0.04646264375 0.625658228125 0.07873693125 0.6565495640625 0.12453521875 0.7126838296875 0.16330214999999998 0.6369550390625001 0.1843962234375 0.6494193171875 0.2226332921875 0.6266279156250001 0.2579967140625 0.59520671875 0.2558684140625 0.5617649640625 0.30507906406249996 0.5675211124999999 0.3778264640625 0.5617738171875 0.44833782031249997 0.6093860296875 0.46953078281250005 0.66072498125 0.47155134062500004 0.7374146046875001 0.4864582921875 0.8063275234375 0.479956796875 0.826029790625 0.44001354687500005 0.8733187734375001 0.40145324843749997 0.9238046343749999 0.3873905328125 0.9427615546875 0.3512817640625 0.9150670953125 0.3299810578125 0.9095264328124999 0.297069165625 0.9514902390625 0.2654324828125 0.8930121874999999 0.21825124218749997 0.83016979375 0.2139946421875 0.8566879328124999 0.159458815625 0.81749003125 0.1359220671875 0.8295233359375 0.094488121875 0.79873974375 0.0686075859375 0.7621011125 0.0933206546875
1354 0.3255355328125 0.5377160609375 0.3807089640625 0.540481965625 0.3650478109375 0.47774731406250004 0.409463146875 0.47444269375000003 0.3143464640625 0.451974521875 0.3255355328125 0.5377160609375
1636 0 0.6176953984375 0.037958296875000005 0.62507374375 0.08684571875 0.5987622375 0.10367433906250001 0.594074665625 0.10931389062500001 0.5036455546874999 0.11431583906250001 0.43696867968750003 0.1457370359375 0.4390969796875 0.184611709375 0.40288046718750004 0.0894950265625 0.3804122953125 0.025907285937500003 0.3799901765625 0.016110023437500003 0.40992067812500005 0.020159990625 0.45050153281250005 0 0.5141234296875 0 0.6176953984375
1636 0.8161336390624999 0.5932850515625 0.755114021875 0.7843715062500001 0.8011277953124999 0.793315678125 0.83627573125 0.776271571875 0.858851646875 0.7010726421875 0.8880368000000001 0.7147043859375 0.9148781687499999 0.7199218203125 0.9386304031250001 0.720559425 0.9648195921875 0.7291320296875 0.9863415062499999 0.618411384375 0.8804667281249999 0.5898726890625 0.8161336390624999 0.5932850515625
1636 0.5470912046875 0.7081217078125001 0.15117880781249998 0.5953498749999999 0.022620371875 0.622092353125 0.486062734375 0.75594940625 0.582454625 0.7309131078125 0.5470912046875 0.7081217078125001
870 0.118374659375 0.620808290625 0.131476540625 0.635293125 0.18675771562500001 0.6579767828125 0.236605971875 0.6676663015625001 0.3094611140625 0.6818279078125 0.3315071671875 0.6502989671875 0.320641328125 0.6243106890625 0.26067258125000003 0.5847984109375 0.20166466875000003 0.581287159375 0.13275175 0.5877886546875 0.118374659375 0.620808290625
1050 0.048905318749999996 0.24120350625000003 0.0910846125 0.24940233125 0.1325185578125 0.26143563593749997 0.138158109375 0.171006525 0.0813862390625 0.1559918296875 0.048905318749999996 0.24120350625000003
300 0.1984589390625 0.4135308203125 0.1664001375 0.43515475625000005 0.134871196875 0.4131087015625 0.10802982812499999 0.40789126875 0.0921620421875 0.448579865625 0.071606684375 0.47243984375 0.1022825328125 0.478402625 0.11410920625000001 0.540391928125 0.10591038125 0.582571221875 0.151071065625 0.5754321203125 0.170243471875 0.579158859375 0.194417825 0.516208721875 0.23127194062499998 0.5313311609375 0.25171955625 0.48755342968750004 0.2293502734375 0.45932910937500004 0.19867442500000002 0.453366328125 0.21837669218750003 0.413423078125 0.1984589390625 0.4135308203125
1354 0.27024550468749997 0.37177364687500003 0.2576823375 0.45687757968750004 0.23425333125 0.5159932359375 0.24501142812499999 0.522063759375 0.3147774375 0.5316455359375001 0.33767658125 0.51619986875 0.329154528125 0.49862590156250003 0.3128557703125 0.459643484375 0.3373533515625 0.4564466078125 0.3565257578125 0.460173346875 0.3956159171875 0.46379234062499997 0.4216041953125 0.45292650312499994 0.4243701 0.39775307031249996 0.3424630421875 0.40968748593750004 0.2824942953125 0.3701752078125 0.27024550468749997 0.37177364687500003
2001 0.23321769374999998 0 0.1755420875 0.1424589765625 0.136029809375 0.20242772343749998 0.093536140625 0.27773439375 0.0801198828125 0.34675505625 0.162987775 0.37082166562499996 0.23040999687500002 0.3719891328125 0.3063318171875 0 0.23321769374999998 0
301 0.10323451406249999 0.3711448953125 0.11101121875 0.39255334375 0.14094172031250002 0.40235060625 0.144668459375 0.3831782 0.179071046875 0.369968575 0.1537203734375 0.3570821796875 0.09013263125 0.3566600609375 0.10323451406249999 0.3711448953125
1917 1 0.5255616359374999 0.958216075 0.5174396640625 0.9592846515625 0.57335844375 0.9457606515625001 0.6224613515625 0.9680221906250001 0.6307679187499999 0.9827638375 0.6368168937500001 1 0.5481445203125 1 0.5255616359374999
1917 0.9231758828125001 0.5544015250000001 0.9100740015625 0.5399166906249999 0.8832326328125 0.5346992562499999 0.8595881406249999 0.5539794062500001 0.8528800125 0.5884897359375 0.8752492937499999 0.61671405625 0.9112503203125 0.6157532234375 0.9295696359375001 0.6033966890625 0.9355324171875001 0.5727208390625 0.9231758828125001 0.5544015250000001
301 0.8271160734375 0.7824498390625 0.812846725 0.835387228125 0.8926254828125 0.854874009375 0.9076401781250001 0.7981021390625 0.8271160734375 0.7824498390625
1636 0.67778679375 0.7932167875 0.6748054031249999 0.8085547125 0.8590759859375 0.8841669062499999 0.93405536875 0.887400240625 0.9453686812500001 0.8291982921875001 0.8157203734375 0.8001315484375 0.67778679375 0.7932167875
570 0.28474804531250003 0.6451892765625 0.2910340546875 0.6742666875000001 0.2957216265625 0.6910953078125 0.3148940328125 0.6948220468749999 0.31936611875 0.671815159375 0.33694008593749997 0.66329310625 0.28474804531250003 0.6451892765625
1050 0.0720110953125 0.122334590625 0.020474365624999998 0.3669960375 0.0465703859375 0.376047953125 0.08800433125 0.3880812578125 0.089387284375 0.3604945421875 0.096948503125 0.342067484375 0.116120909375 0.345794221875 0.1532805484375 0.134152409375 0.12643917968750001 0.128934975 0.1255860890625 0.112851703125 0.1109935125 0.10603583125 0.10343229375 0.1244628890625 0.08042540625 0.11999080468750001 0.0720110953125 0.122334590625