1789 0.4483394828125 0.62 0.46309963125 0.6141666671875 0.40313653125000004 0.5591666671875 0.387453875 0.5141666671875 0.3099631 0.5241666671874999 0.30811808125 0.5533333328125 0.3182656828125 0.5675 0.284132840625 0.5966666671875 0.2887453875 0.63 0.31642066406249997 0.6333333328124999 0.36439114375 0.655 0.3773062734375 0.6475 0.3985239859375 0.6491666671874999 0.4547970484375 0.6608333328125 0.4677121765625 0.6416666671875 0.4483394828125 0.62
2001 0.41605166093749996 0.5675 0.7813653140625 0.5433333328125001 0.7832103328125 0.0983333328125 0.42066420625 0.0475 0.41605166093749996 0.5675
1437 0.0313653140625 0.48333333281249996 0.21494465 0.4791666671875 0.2038745390625 0.4108333328125 0.03505535 0.4108333328125 0.0313653140625 0.48333333281249996
286 0.6190036906249999 0.5533333328125 0.6282287828124999 0.6825 0.6014760140625001 0.7158333328125 0.61070110625 0.725 0.6512915125000001 0.7133333328125 0.6605166046875001 0.5516666671875 0.6190036906249999 0.5533333328125
1334 0.85055350625 0.4891666671875 0.90682656875 0.49083333281249997 0.9086715859375 0.42833333281249997 0.8523985234375001 0.42833333281249997 0.85055350625 0.4891666671875
1334 0.849630996875 0.37666666718749997 0.8966789671875001 0.37666666718749997 0.8985239859374999 0.325 0.8579335796875001 0.3233333328125 0.849630996875 0.37666666718749997
389 0 0.993335115625 0.861623615625 0.9949999999999999 0.8948339484375 0.9341666671875 0.54059040625 0.7875 0.16512915156250002 0.8466666671875 0.15682656875 0.8791666671874999 0.15498155 0.8908333328125 0.130996309375 0.9033333328125 0.130996309375 0.9158333328125 0.092250921875 0.9383333328125 0.059963100000000005 0.9383333328125 0.0313653140625 0.9566666671874999 0 0.9615238093749999 0 0.993335115625
113 0.045202951562499996 0.5325 0.057195571875 0.52 0.0433579328125 0.5016666671875 0.02306273125 0.5033333328125 0.016605165625 0.5158333328125 0.01937269375 0.5341666671875 0.045202951562499996 0.5325
1438 0.057195571875 0.2916666671875 0.03690036875 0.3616666671875 0.0664206640625 0.36583333281249997 0.1051660515625 0.3591666671875 0.08671586718749999 0.2941666671875 0.094095940625 0.2716666671875 0.0738007375 0.25666666718750003 0.0507380078125 0.2733333328125 0.057195571875 0.2916666671875
2002 0.7693726937500001 0.2908333328125 0.7693726937500001 0.1025 0.4437269375 0.045 0.44188191874999994 0.2725 0.7693726937500001 0.2908333328125
211 0.5101476015624999 0.6291666671875 0.47509225156249996 0.6166666671875001 0.465867159375 0.6566666671875 0.41051660468750006 0.6591666671875 0.3348708484375 0.6525000000000001 0.29059040625 0.6391666671875 0.2887453875 0.755 0.33118081250000003 0.7766666671875 0.3929889296875 0.7725 0.5387453875 0.7366666671875 0.5452029515625 0.6766666671875 0.5101476015624999 0.6291666671875
627 0 0.5387500000000001 0.000922509375 0.5525 0.10701107031249998 0.5508333328125 0.1023985234375 0.8266666671875 0.284132840625 0.805 0.2887453875 0.5325 0.22416974218750002 0.5091666671875 0 0.524935109375 0 0.5387500000000001
1354 0.7223247234375 0.6691666671875 0.8514760140625001 0.6950000000000001 0.86439114375 0.5708333328124999 0.791512915625 0.5691666671875 0.7361623609375 0.5549999999999999 0.7223247234375 0.6691666671875
1334 0.9640221406249999 0.4891666671875 0.9686346859375 0.4291666671875 0.919741696875 0.425 0.919741696875 0.48250000000000004 0.9640221406249999 0.4891666671875
575 0.995387453125 0.5908333328125 0.9907749078125001 0.0791666671875 0.8330258296874999 0.1125 0.82933579375 0.495 0.809040590625 0.5008333328125001 0.8108856093749999 0.5691666671875 0.842250921875 0.5666666671875 0.862546125 0.605 0.995387453125 0.5908333328125