407 0.486907034375 0 0 0.0255177171875 0 0.2720610234375 0.1631415921875 0.26731091406249996 0.750189484375 0 0.486907034375 0
1694 1 0.4869070328125 0.9997009265625 0.48120038125000003 0.9329995249999999 0.47730745625 0.9270708421875 0.3641814546875 0.992613765625 0.34596930000000004 0.992576853125 0.345264971875 0.8096350687499999 0.36251278125 0.9114672562499999 0.364999203125 0.9180092500000001 0.4898278953125 0.8167903750000001 0.4990441625 0.922932334375 0.5091279421875 0.928861015625 0.62225394375 0.8237412453124999 0.6316746484375 0.8832768812499999 0.6481125703124999 0.8955762953124999 0.733523421875 0.43157403437499997 0.7617523609375 0.4444701734375 0.9331873749999999 0.633553146875 0.958482453125 1 0.9355641718750001 1 0.7289729046875 0.9464923890625 0.7347666328125 0.9385027453125 0.6569531390625001 1 0.646430353125 1 0.6244952125000001 0.94035926875 0.617739734375 0.9346350234375 0.5085146296875 0.9966404953125 0.4974418390625 1 0.48973943281250004 1 0.4869070328125
1567 0.4430722875 0.7572381515625 0.8524619953125001 0.7318713359375 0.8381845562500001 0.3101656265625 0.4764233578125 0.34868278125 0.470052625 0.3763979328125 0.4074338421875 0.37576803281250004 0.40612428125 0.72397001875 0.4430722875 0.7572381515625
1567 0.40469322031250005 0.6966637421875 0.41010811562500005 0.352158215625 0.3279848484375 0.35255050312499997 0.3287362484375 0.66543998125 0.388680759375 0.6896796984375 0.40469322031250005 0.6966637421875
1567 0.3250397890625 0.669545315625 0.3259238875 0.387863009375 0.2242961390625 0.389277484375 0.199647546875 0.44142020156250006 0.1850329734375 0.6103853796875 0.293832615625 0.6711808140625 0.3250397890625 0.669545315625
1694 0.1012576203125 0.6538919671875 0.0819741625 0.584493578125 0.052623512500000004 0.546915671875 0.0056083156250000005 0.5454680234375 0.0193222046875 0.732506625 0.171457171875 0.72453356875 0.17554591875 0.8025515015625 0.20038235937499999 0.828631153125 0.1977412625 0.7035980234375 0.1012576203125 0.6538919671875
1574 0.8901228375000001 0.3309133203125 0.9016210890625 0.3263991125 0.9053175484375 0.32229377812500004 0.89628913125 0.2992972734375 0.8726793140625 0.29662299999999997 0.8732926265625001 0.308325690625 0.857075728125 0.29744075 0.8461907875 0.3136576484375 0.827504053125 0.33028342187500004 0.82442090625 0.3460914453125 0.86712633125 0.3399417375 0.8901228375000001 0.3309133203125
1573 0.9126772921875 0.46272605625 0.9108373562500001 0.4276179875 0.8835310796875 0.42904904843749997 0.8843488296875 0.444652634375 0.8732594515625 0.4569686359375 0.8736683265625 0.46477042968750004 0.8857798906250001 0.4719589109375 0.9126772921875 0.46272605625
1573 0.9864186281249999 0.3023970078125 0.9630132484375 0.30362363124999997 0.935706971875 0.30505469375 0.9328282625 0.3247636140625 0.9053175484375 0.32229377812500004 0.8983335046875001 0.3383062390625 0.91044506875 0.3454947203125 0.9416522421875 0.343859221875 0.9804567703125 0.3379139515625 0.9864186281249999 0.3023970078125
1573 0.7903184359375001 0.4417573375 0.7782068718749999 0.43456885625 0.7595201375 0.4511946296875 0.7285174015625 0.456731025 0.7291307140625001 0.4684337140625 0.7839477046875001 0.46947248906250005 0.7876441625 0.46536715468749995 0.791749496875 0.4690636140625 0.8114584171875 0.47194232343750003 0.80961848125 0.4368342546875 0.7903184359375001 0.4417573375
1574 0.6043020218749999 0.47497570937500005 0.6311994234375 0.4657428546875 0.6494772828125 0.4413152875 0.6371612812499999 0.4302259109375 0.6102638796875001 0.43945876406249995 0.5983567515625 0.4361711796875 0.582344290625 0.4291871359375 0.5698238515625 0.4141968625 0.5587344734374999 0.4265128640625 0.540252178125 0.4470395328125 0.517255671875 0.45606795 0.5215654437499999 0.46366530624999996 0.5921904578125 0.467787228125 0.6043020218749999 0.47497570937500005
1573 0.792550659375 0.5589886734375 0.7841355546875 0.5476948578124999 0.7654488203125001 0.56432063125 0.73834698125 0.5696525890624999 0.73896029375 0.5813552796875 0.7972693046875 0.574387821875 0.8011702015625 0.5741833859375001 0.8052755359375 0.5778798453125 0.820674684375 0.5731611984375 0.8157516015624999 0.553861153125 0.792550659375 0.5589886734375
1573 0.749198746875 0.7020786375 0.7882077125 0.7000342640625 0.799501528125 0.6916191578124999 0.7717863765625 0.6852484265625 0.762757959375 0.662251921875 0.7436623515624999 0.6710759015625001 0.72354455625 0.6603953984375 0.713477365625 0.6922158828125 0.749198746875 0.7020786375
1573 0.7613932484375 0.33765975312499996 0.7453807875 0.330675709375 0.726898490625 0.351202378125 0.6958957546875 0.3567387734375 0.6963046296875001 0.3645405671875 0.7472207234375 0.365783778125 0.7899261484375 0.359634071875 0.784185315625 0.3247304390625 0.7613932484375 0.33765975312499996
1573 0.918605975 0.5758520593750001 0.9138873296875 0.560452909375 0.8871943640625 0.5735866609375 0.870977465625 0.5627017203125 0.8368915828124999 0.5840461390625 0.82559776875 0.5924612437500001 0.8377093328124999 0.599649725 0.8765138609375001 0.59370445625 0.907721034375 0.5920689578125 0.91223524375 0.603567209375 0.918605975 0.5758520593750001
286 0.5775592953124999 0.7110738796875 0.5730450874999999 0.6995756265625 0.5496397078124999 0.7008022515625 0.525416578125 0.6864252890625 0.5280908515625 0.662815471875 0.497088115625 0.6683518671875001 0.49380053124999995 0.68025899375 0.4917395703125 0.7155715 0.49995023749999995 0.72296441875 0.5272565140625 0.7215333578124999 0.56606104375 0.7155880875 0.5775592953124999 0.7110738796875
1574 0.3078338796875 0.4905129453125 0.29531343906249996 0.475522671875 0.2988054625 0.46751644062500003 0.294700128125 0.46381998125 0.27580895625 0.47654485781249994 0.25610003593749997 0.47366614843750005 0.2407008875 0.47838479375 0.22879375937500002 0.475097209375 0.21770438281249999 0.4874132109375 0.2064105671875 0.49582831718750003 0.222014153125 0.4950105671875 0.24151863593749998 0.49398838125 0.2573266609375 0.49707152812500005 0.2965400640625 0.49892805156250003 0.3078338796875 0.4905129453125
1574 0.2821465140625 0.597472653125 0.2889261203125 0.5775592953124999 0.265316303125 0.5748850234375 0.237396715625 0.56461339375 0.222202003125 0.5732329375 0.2022886453125 0.5664533296875 0.1994099359375 0.5861622515625 0.2786544921875 0.605478884375 0.2821465140625 0.597472653125
1573 0.11480024687499998 0.688386725 0.09488688906250001 0.68160711875 0.07476909375 0.670926615625 0.064293028125 0.69494530625 0.052590337499999994 0.69555861875 0.04560629375 0.7115710796875 0.11192153593750001 0.7080956453125 0.11480024687499998 0.688386725
1939 0.746764809375 0 0.1631415921875 0.26731091406249996 0.1809276390625 0.6066889203125 0.4083896796875 0.6925584078125 0.41022961562500004 0.727666478125 1 0.8658786609375 1 0.48690704374999993 0.9744822828125 0 0.746764809375 0
1939 0 0.38279040625 0.0092881875 0.6156841625 0.1770267421875 0.6068933578125 0.1670424875 0.26710647656250003 0 0.268265203125 0 0.38279040625
544 0.1380177765625 0.60893773125 0.165324053125 0.6075066703124999 0.1924258921875 0.6021747125 0.2133946109375 0.47981585468750004 0.1741812078125 0.4779593328125 0.135172240625 0.48000370468750003 0.096163275 0.48204807812499995 0.08897479375 0.49415964375000004 0.09819106093749999 0.59537851875 0.1380177765625 0.60893773125
819 1 0.8697316484375 0.41043405312500003 0.731567375 0.4083896796875 0.6925584078125 0.1807232015625 0.6027880234375 0.00908375 0.6117832671875 0.0331743203125 1 0.39054594374999996 1 1 0.9704559546875 1 0.8697316484375
1050 0 0.08481277968749999 0.005094528125 0.0878364953125 0.020698114062500002 0.0870187453125 0.0358928265625 0.07839920312500001 0.027477721875 0.06710538906249999 0.007973237499999999 0.068127575 0 0.068545434375 0 0.08481277968749999
1050 0.30483366875 0.1347136046875 0.2816327265625 0.139841125 0.2777318296875 0.1400455625 0.2783451421875 0.1517482515625 0.28635137187500004 0.1552402734375 0.3058558546875 0.1542180875 0.30914343906249997 0.1423109609375 0.30483366875 0.1347136046875
1050 0.323315965625 0.11418693437500001 0.3278301734375 0.1256851875 0.343638196875 0.128768334375 0.35513645 0.12425412499999999 0.36273380624999996 0.1199443546875 0.36212049375 0.10824166406249999 0.3387151140625 0.10946828906249999 0.323315965625 0.11418693437500001
1050 0.41099221406249997 0.070475909375 0.39169216875 0.07539899375 0.383890375 0.0758078671875 0.38450368749999997 0.0875105578125 0.3964108140625 0.0907981421875 0.41221883750000005 0.0938812890625 0.4268002375 0.0735590578125 0.41099221406249997 0.070475909375