407 0.486907046875 0 0 0.0255177171875 0 0.135982809375 0.5474090046875 0.2701204296875 0.6159896453125 0.235233384375 0.750146596875 0.257409209375 0.9740941953125001 0.022450028125 0.9743200265624999 0 0.486907046875 0
1939 1 0.49450170781249997 0.9953350546875 0.3978945671875 0.9755126703125001 0.0196609640625 0.7454655203125 0.25765453437499997 0.755564365625 0.390641590625 1 0.7571612062499999 1 0.49450170781249997
1939 0 0.4700058078125 0.014164107812499998 0.7236498578125 0.564110278125 0.37981334843750003 0.552308146875 0.2740360609375 0 0.128520771875 0 0.4700058078125
1939 0.7469168453125 0.25549228125 0.6175500046875 0.235151609375 0.5504206890625001 0.2678764 0.5609895609375 0.3799768984375 0.71913095 0.382120021875 0.753458840625 0.38032097343750004 0.7469168453125 0.25549228125
819 1 0.7587277484375 0.75189848125 0.3804027484375 0.5609895609375 0.3799768984375 0.01260375 0.7237316328125 0.029989839062500002 1 0.43347911406249995 1 1 0.9703098984375 1 0.7587277484375
1378 0.2238724734375 0.7543833546875 0.2110625046875 0.74879611875 0.1767346140625 0.7505951671875 0.14284285624999998 0.7607161296875 0.13424393750000002 0.7757701265625 0.1394701796875 0.78592719375 0.1493848515625 0.885544821875 0.1624128859375 0.8952930125 0.1893751171875 0.9022247531250001 0.21234436250000002 0.8926762140625 0.225842425 0.88153785 0.23207650625 0.7915048625 0.23722760781250002 0.77037298125 0.2238724734375 0.7543833546875
354 0.21120543125000002 0.7216681281249999 0.20376462968750003 0.6991099671875001 0.20165910468749998 0.688789353125 0.205795015625 0.6781416359375 0.2082615328125 0.6654952171875 0.20325335781249998 0.6594991078125 0.193782171875 0.6579092796875 0.1881949375 0.6707192484375 0.18717974531249998 0.6812034125 0.18816104375 0.6999277171875 0.186457759375 0.727137484375 0.1907778421875 0.74985919375 0.1961131171875 0.7620967375000001 0.1918681734375 0.7706639765625 0.166793403125 0.769891896875 0.1733958296875 0.7465977625 0.1766594734375 0.7193062203125 0.17803565937500002 0.68585501875 0.1783966515625 0.662887984375 0.17618209375 0.6504868890625 0.1725162109375 0.6402480500000001 0.1634811578125 0.646980134375 0.157130690625 0.6452267546875 0.15121635625000002 0.6517952890625 0.15698776406249998 0.672354746875 0.16286820625 0.6949946812500001 0.164067571875 0.7178799421875001 0.1618191203125 0.7346873171875 0.156231884375 0.7474972859375 0.1465426328125 0.7417465015625 0.1499153109375 0.7165354390625 0.1383386 0.70462499375 0.1339846234375 0.711111753125 0.1417525234375 0.739911346875 0.1538744 0.7622241828125 0.16556014375 0.77621510625 0.181054696875 0.7733168781249999 0.19999706718750002 0.7764965359375 0.206020434375 0.7720084796875 0.214183221875 0.74863256875 0.21120543125000002 0.7216681281249999
1378 0.1296083734375 1 0.13821038125000001 0.911164759375 0.1430343828125 0.8837914421875 0.1455009015625 0.8711450234375 0.1338151578125 0.8571541015624999 0.11911773125 0.84540720625 0.07978166406250001 0.8412101453125 0.041753996875 0.861978821875 0.02546231875 0.8795221718749999 0.030444614062499997 1 0.1296083734375 1
354 0.0993369875 0.796375253125 0.0943965984375 0.7319622046875 0.089095215625 0.690516190625 0.08546322656250001 0.6510688796874999 0.08593325156250001 0.630182321875 0.0812860703125 0.601219178125 0.066806709375 0.5936332390625 0.054323839062500004 0.5942874390624999 0.042931303125 0.6157464203125 0.043878709375000005 0.66367919375 0.0499433234375 0.7196885546875 0.0568050640625 0.7610527953124999 0.0587676625 0.7985014015624999 0.058733768750000005 0.827709871875 0.06004216875 0.8526756109375 0.05579722499999999 0.8612428484375 0.0563423921875 0.8716452390624999 0.0675920015625 0.8773142500000001 0.0791687125 0.8892246937499999 0.0885308640625 0.8887340437500001 0.1004685671875 0.877677453125 0.10184475156249999 0.844226253125 0.0993369875 0.796375253125
1378 0.3335676046875 0.727772553125 0.322427028125 0.7241840203125001 0.302142365625 0.7252470953125 0.267235415625 0.745852221875 0.27715008750000003 0.84546985 0.2900690890625 0.8531375656250001 0.3258483046875 0.8491762625 0.336116615625 0.8361209687500001 0.34384326875000004 0.8044231453125 0.344783321875 0.7626500328125 0.34681370624999996 0.7416817 0.3335676046875 0.727772553125
354 0.2777630390625 0.797455303125 0.287234225 0.79904513125 0.29703250937500003 0.80687639375 0.31140283750000003 0.8123818546875 0.32178018124999996 0.8014070390624999 0.31789623125 0.787007240625 0.3141213140625 0.774687921875 0.3000780875 0.775423896875 0.2893736421875 0.780157278125 0.28469256718749997 0.780402603125 0.275909475 0.7620871734375 0.2763795015625 0.7412006171875001 0.28875333593749997 0.7384659375 0.29891261406249997 0.7233301671875 0.3061353484375 0.7417273703125 0.312485815625 0.7434807484375 0.3129558421875 0.7225941921875 0.31698271875 0.7098659984375 0.3173437125 0.6868989625 0.3166895125 0.67441609375 0.3046427765625 0.68339220625 0.300833965625 0.70028135625 0.29426543125000004 0.694367021875 0.2817825625 0.6950212203125 0.26371245781249997 0.7084853890625 0.24887210468749998 0.7238664875 0.24952630468749998 0.7363493562500001 0.24996243749999997 0.74467126875 0.2567490375 0.7547465609375 0.26752862187500004 0.7813021265625 0.2777630390625 0.797455303125
1380 0.245593753125 0.5717462531249999 0.233110884375 0.5724004515625001 0.196098409375 0.5826849640625 0.15864980312500002 0.5846475625 0.1566194171875 0.60561589375 0.1665267359375 0.6155276359374999 0.180351896875 0.6106307046875 0.184562946875 0.6312719359375001 0.2068441015625 0.6384490015625001 0.2107280515625 0.6528487984375 0.2256435453125 0.66875665 0.2393596734375 0.661779240625 0.23493055625 0.6369770515625001 0.23384022343750002 0.61617226875 0.2586969296875 0.6127833921875 0.25883985625 0.5856554015625 0.245593753125 0.5717462531249999
354 0.2290427609375 0.5246312296875 0.2270801625 0.487182621875 0.224790465625 0.44349257968750005 0.21302958125 0.3982127078125 0.1913613796875 0.3430210953125 0.18668030468750002 0.3432664203125 0.1807659703125 0.34983495468750003 0.1692982921875 0.3400049890625 0.1649443171875 0.34649174843749997 0.1689373 0.3629720234375 0.179028790625 0.40625319062500004 0.18120945625 0.44786275625 0.1760996 0.5294920546874999 0.1826003484375 0.5938233281249999 0.19551935 0.6014910437500001 0.2127923296875 0.6026719968750001 0.228068815625 0.5956128125 0.22708751718750003 0.576888509375 0.2270123765625 0.5455995609375 0.2290427609375 0.5246312296875
1378 0.4137927421875 0.6463790140625 0.396301696875 0.6410371031250001 0.36665488281249997 0.6425908265625 0.3498180375 0.6497317859375 0.3475695859375 0.6665391609375 0.3571498046875 0.6702094671875 0.35751815 0.7369483203125 0.3719975109375 0.7445342578125 0.3970722828125 0.7453063375 0.41423622812499994 0.7444068125000001 0.420109315625 0.6773408625 0.4278020765625 0.6748515078125 0.42859920156250003 0.6602063859375 0.4137927421875 0.6463790140625
354 0.378667725 0.662823184375 0.3833488015625 0.662577859375 0.39104156093750003 0.6600885062499999 0.3904963953125 0.649686115625 0.3900602625 0.641364203125 0.388172803125 0.63520454375 0.38719150468749997 0.6164802390624999 0.386428271875 0.601916890625 0.3844317796875 0.5936767546875 0.3794236046875 0.58768064375 0.37383636875000004 0.6004906125 0.37169695156250004 0.6193784671875 0.372787284375 0.6401832484375001 0.372099190625 0.65690885 0.378667725 0.662823184375
1378 0.545245921875 0.8856605453125 0.5274277765625001 0.8740772015625 0.500465546875 0.8671454625000001 0.47060066562499997 0.8645382296875 0.439938659375 0.8765761187500001 0.4168603796875 0.884044178125 0.402347125 0.905666709375 0.40176806562499995 0.9244727875000001 0.40819367343749996 0.9575151125 0.4170858 0.977911021875 0.42586889218749996 0.99622645 0.538323746875 0.9924191328124999 0.5472497671875 0.983606571875 0.55530351875 0.9581501828125001 0.56313920625 0.9285328390625001 0.5569316640624999 0.8996514687499999 0.545245921875 0.8856605453125
354 0.4317758734375 0.899952028125 0.43456949062500005 0.8935470437499999 0.43369722499999996 0.8769032187500001 0.43420114375 0.8268081921875 0.42418479218750005 0.8148159734375 0.4135893828125 0.8216298312499999 0.4143526140625 0.836193178125 0.41577004687499997 0.8632393953124999 0.42306792031249996 0.9129255468749999 0.4317758734375 0.899952028125
354 0.44882343125 0.8072661390625001 0.44483044843749997 0.7907858625 0.44283395625 0.7825457265625 0.44370622187500003 0.79918955 0.43942738593749997 0.8369652578125001 0.43917542656249997 0.8620127703125 0.440156725 0.8807370750000001 0.4410289921875 0.8973809015624999 0.44447680937499995 0.9034587859375 0.45039114375 0.8968902515625 0.451801221875 0.8342305812499999 0.44882343125 0.8072661390625001
354 0.4702057796875 0.9167137328124999 0.45895616875 0.9110447234375 0.44904885156249996 0.9011329828125 0.44357065 0.9160234296875001 0.43587788906249997 0.9185127812499999 0.43130584687500007 0.9208385859374999 0.43518979687500003 0.9352383828124999 0.4452061484375 0.947230603125 0.453335040625 0.9530631625 0.460809734375 0.9464128531249999 0.4660698703125 0.92736145 0.4702057796875 0.9167137328124999
1378 0.307722246875 0.6227312390625 0.2855501265625 0.617634653125 0.254342953125 0.6192701515625 0.23460345624999998 0.6307356171875 0.2393596734375 0.661779240625 0.24190133125000002 0.6804217703125001 0.25435030625 0.7089760390625 0.263603425 0.7064049109375 0.281564496875 0.690860265625 0.30174012499999997 0.6877167125 0.31044807812499997 0.67474319375 0.3113542375 0.6621785499999999 0.31940799062499997 0.6367221609375 0.307722246875 0.6227312390625
354 0.28471175312499997 0.571782359375 0.2837304546875 0.5530580546875 0.2814068625 0.53857648125 0.276289653125 0.53049989375 0.2669275015625 0.53099054375 0.26235545937500004 0.5333163453124999 0.2616334734375 0.5792504171874999 0.2619266796875 0.6147003203125 0.2629079796875 0.633424625 0.26936747968749997 0.6372584812500001 0.2818503484375 0.63660428125 0.28456882656250004 0.5989103499999999 0.28471175312499997 0.571782359375
354 0.045412528125000004 0.782511775 0.036629435937499996 0.764196346875 0.048349071874999996 0.7489788 0.051721748437500006 0.7237677375 0.037678520312500005 0.7245037109375 0.0430476890625 0.7075327859375 0.044750975 0.68032301875 0.045002934375 0.65527550625 0.039667659375 0.6430379625 0.037889234375000004 0.6389587796875 0.0180407046875 0.6483437671875001 0.013904795312500001 0.6589914828125 0.016051565625 0.7298095171875 0.0210670953125 0.8255115140625 0.028071762500000003 0.8397477609375 0.03765198125 0.8434180687499999 0.048356424999999995 0.8386846875 0.048717418750000005 0.815717653125 0.0494055109375 0.7989920515625 0.045412528125000004 0.782511775
354 0.13169492656249998 0.6674217109375 0.13383434375 0.6485338578125 0.122257634375 0.6366234125 0.11256838281249999 0.630872628125 0.090941428125 0.6361784328125 0.09184758750000001 0.6236137875 0.103131090625 0.6000743296875 0.1189866375 0.5742090671875 0.1020407578125 0.579269546875 0.0981568078125 0.56486975 0.10599249531249999 0.5352524046875 0.1078048125 0.510123115625 0.12489361875 0.47793464375 0.11052329062499999 0.472429184375 0.0899188828125 0.5569567125 0.08211708906250001 0.5573655859375 0.08280518125 0.5406399859375 0.0732249625 0.536969678125 0.0665135015625 0.5581833359374999 0.0600540015625 0.554349478125 0.05123701562500001 0.5652425203125 0.040532571875 0.5699759 0.0251470515625 0.57495460625 0.0123031890625 0.598575840625 0.015280979687499998 0.6255402812499999 0.034659482812499996 0.6370418515625 0.0421341765625 0.6303915421874999 0.046958179687500004 0.6030182265625 0.0588958828125 0.5919616359375001 0.0763869265625 0.597303546875 0.083500628125 0.6136202734375 0.0869145515625 0.6489066265625001 0.0887681171875 0.68427475625 0.09813026875 0.68378410625 0.10371750312500001 0.6709741375 0.10883471250000001 0.679050725 0.1152942140625 0.6828845828125 0.1259986578125 0.6781512000000001 0.13169492656249998 0.6674217109375
1564 0.2766798875 1 0.2901515828125 0.9741324 0.413112003125 0.7528105015625 0.425350265625 0.8669097015625 0.44407456874999995 0.865928403125 0.44337176874999995 0.7032422296874999 0.5318274796875 0.540055840625 0.5457763812499999 0.7166511625 0.561598034375 0.7199943703125 0.54946145 0.5182697578125001 0.5875230109375 0.4682926125 0.5891658625 0.5892056718750001 0.6018667984375 0.5927124296875 0.6026904640625 0.45915295 0.6217757609375 0.43520461718750003 0.49284505312500004 0.4231858578125 0.016671871875 0.7715008546875 0.030091559375 1 0.2766798875 1
1378 0.61060864375 0.550530440625 0.604367209375 0.550857540625 0.6032090906249999 0.5884696984375 0.6188126765625 0.5876519484375 0.624945078125 0.585244371875 0.622873446875 0.545715284375 0.61060864375 0.550530440625
354 0.6184030843749999 0.4604156796875 0.6161885265625 0.4480145859375 0.6069354078125 0.4505857125 0.602799496875 0.4612334296875 0.60560046875 0.5445343312500001 0.6135112953124999 0.546205934375 0.6197527296875001 0.5458788343750001 0.6194595234375 0.51042893125 0.61960245 0.48330093906249993 0.6184030843749999 0.4604156796875
1379 0.2908102609375 0.59858325 0.2914644609375 0.6110661187499999 0.309173571875 0.6205689859375 0.3209683484375 0.6366403859374999 0.3120084359375 0.67466141875 0.3138620015625 0.7100295484375 0.3236602859375 0.7178608109375 0.34561434062499996 0.718796440625 0.3547584265625 0.714144834375 0.3571498046875 0.6702094671875 0.34767861875 0.6686196390625 0.3513783953125 0.6496500109375 0.3713359578125 0.6423455031249999 0.370354659375 0.6236211984375 0.37383636875000004 0.6004906125 0.35779665 0.5929864499999999 0.34353535625 0.5895614671875 0.321690334375 0.5907063171875 0.301405671875 0.591769390625 0.2908102609375 0.59858325
354 0.3400801859375 0.49377769687499995 0.341892503125 0.4686484078125 0.3435957890625 0.44143864062500004 0.3354668953125 0.43560608125 0.33111291875000004 0.442092840625 0.3310790265625 0.471301309375 0.330977346875 0.55892671875 0.3286950015625 0.6049425640625 0.327679809375 0.6154267296875 0.338711353125 0.6169347828125 0.346513146875 0.616525909375 0.34440762187499996 0.60620529375 0.3418998578125 0.5583542953125 0.3400801859375 0.49377769687499995
1379 0.3921171875 0.5014815140625 0.37495324218750004 0.5023810375 0.3578983296875 0.505361040625 0.3537624203125 0.51600875625 0.3551798515625 0.5430549734375 0.3630567859375 0.573935046875 0.377209046875 0.5752795500000001 0.3958243171875 0.5722177734375 0.4044232359375 0.557163775 0.40804787343750004 0.5069051984375 0.3921171875 0.5014815140625
354 0.36035749375 0.403008734375 0.3649634296875 0.3714744609375 0.3596620484375 0.3300284484375 0.35323644062500004 0.2969861203125 0.3505857484375 0.2762631140625 0.3493863828125 0.253377853125 0.3482960515625 0.232573071875 0.34183655 0.22873921406250003 0.3280113890625 0.2336361453125 0.3292107546875 0.25652140625 0.3276165015625 0.28581165 0.3353844015625 0.3146112453125 0.33691086718749996 0.34373794062499996 0.338873465625 0.3811865484375 0.3486378578125 0.41822628125000005 0.3561537984375 0.47207338906249996 0.3609100140625 0.5031170125 0.3660272234375 0.5111936015625 0.3769497328125 0.5106211765625 0.37829202500000003 0.5063784453125 0.375968434375 0.49189687343750005 0.3712461109375 0.4316447796875 0.36035749375 0.403008734375
1379 0.44837259218750003 0.6195324515625 0.43567165625 0.6160256953125 0.419850003125 0.6126824875 0.40112569843749996 0.6136637859375 0.3894060625 0.628881334375 0.393071946875 0.6391201734374999 0.41067202500000005 0.6465425640625 0.42859920156250003 0.6602063859375 0.42925340156249997 0.67268925625 0.42199677500000005 0.683500521875 0.41985735625 0.7023883750000001 0.44750767968750005 0.6925945125 0.45167748281250003 0.652738328125 0.4578098828125 0.65033075 0.455268225 0.631688221875 0.44837259218750003 0.6195324515625
354 0.44731615312499995 0.5695192 0.4405295515625 0.559443909375 0.4339610171875 0.5535295734375001 0.4262682578125 0.5560189265625 0.41487572031250003 0.5774779078125001 0.415966053125 0.598282690625 0.4122662765625 0.6172523187500001 0.412702409375 0.62557423125 0.42819696250000006 0.622676003125 0.430227346875 0.6017076718750001 0.437374940625 0.588815928125 0.44731615312499995 0.5695192
1378 0.46944702656250004 0.5141183671875 0.460411975 0.5208504515625 0.4723909234375 0.5702912796875 0.4910061953125 0.5672295015625 0.5033800312500001 0.5644948234375 0.5029777906249999 0.526964440625 0.5019964921875 0.5082401375 0.46944702656250004 0.5141183671875
354 0.4750342609375 0.5013083984375 0.4808056703125 0.52186785625 0.48392638750000005 0.52170430625 0.49151011406249995 0.517134475 0.48896845625 0.49849194687500004 0.48094859687499997 0.4947398640625 0.4750342609375 0.5013083984375
1379 0.44546258749999995 0.5341510703125001 0.45591507187499997 0.554465203125 0.468725040625 0.5600524375 0.45718222343750003 0.5189335234375 0.47111641875 0.5161170703125 0.4776098125 0.49074245781250003 0.4661421359375 0.4809124921875 0.43816471406249996 0.48446491875 0.4214369015625 0.4936863546875 0.42641118437500003 0.528890934375 0.44546258749999995 0.5341510703125001
354 0.44484228124999997 0.49245973125000003 0.44919625781250005 0.485972971875 0.46236721875000003 0.4685931734375 0.46686412187500004 0.4349784203125 0.4658828234375 0.41625411718749994 0.4566297046875 0.4188252453125 0.4580471359375 0.4458714625 0.44763589843749996 0.486054746875 0.45024534374999997 0.4462803359375 0.44871887812500005 0.41715364062500004 0.44900473124999996 0.362897659375 0.44399655468750004 0.35690155 0.43630379531249996 0.3593909015625 0.4357247359375 0.37819698125 0.4371421671875 0.405243196875 0.4402289921875 0.4342881171875 0.44353388281250006 0.4674939921875 0.44484228124999997 0.49245973125000003
1564 1 0.6840816296875001 0.8436398953124999 0.4590424796875 0.7840191671875 0.45590849218749996 0.7894634765624999 0.470226515625 0.794008978125 0.58681506875 0.80514955625 0.5904036015624999 0.803036678125 0.4903770984375 0.8375148484375 0.5511559453125 0.8389808796875 0.7284054656250001 0.8473278390625 0.7383989828125 0.8609349343750001 0.729341096875 0.8539907 0.566982021875 0.9677686624999999 0.76755221875 0.968982734375 0.9698492515625 0.9996447406250001 0.9578113625 1 0.9366172593750001 1 0.6840816296875001
1379 1 0.6469500796875 0.9896402234374999 0.6474930125 0.975378928125 0.6440680296875 0.9612266671875 0.6427235265625 0.9498680234375 0.6349740374999999 0.9606549609374999 0.7512354921875 0.9867110328124999 0.7707318734374999 1 0.7712982187499999 1 0.6469500796875
1378 0.903200190625 0.61029929375 0.9141227015625001 0.6097268687499999 0.9203641359375 0.6093997703125 0.92086805625 0.5593047421875 0.9102726453125 0.5661186015624999 0.8976807421874999 0.5646923234375001 0.8878824578125 0.556861059375 0.8902811890625 0.60263158125 0.903200190625 0.61029929375
354 0.9251468921875 0.5215290359375 0.93628746875 0.52511756875 0.9431079625000001 0.5059843890625 0.9405663046875 0.48734186093750004 0.9294257281249999 0.483753328125 0.9303318875000001 0.47118868437500006 0.919518409375 0.47384158593750003 0.909720125 0.4660103234375 0.90159123125 0.46017776406250005 0.8972372562500001 0.46666452343750003 0.9104833578125 0.4805736703125 0.90144830625 0.4873057546875 0.8976394953125 0.50419490625 0.8896196359375 0.5004428234375 0.8769187 0.4969360671875 0.86701138125 0.487024325 0.8449482937499999 0.48400821718750003 0.8630935390625 0.5018329968749999 0.867413621875 0.5245547078125 0.8833443078125001 0.52997839375 0.8875553578125001 0.5506196250000001 0.9003653265624999 0.556206859375 0.909727478125 0.5557162109375 0.9215561484375 0.5425791421875 0.91455148125 0.5283428953125 0.9171270312500001 0.517776953125 0.9251468921875 0.5215290359375
1379 0.5075837265625001 0.49543016875 0.49499182499999994 0.494003890625 0.49230724062500003 0.5024893515625 0.5018874578125 0.506159659375 0.503959090625 0.5456887453125 0.5223562937499999 0.5384660109375 0.5245296046875 0.49036968906249995 0.5075837265625001 0.49543016875
354 0.49745834218749996 0.481357471875 0.497894475 0.4896793828125 0.5027936171875 0.49359501562499997 0.5136070953125 0.4909421140625 0.5129528953125 0.47845924375 0.5034817109375 0.47686941406249994 0.49745834218749996 0.481357471875
354 0.31972038281250004 0.463551821875 0.3137309078125 0.438831409375 0.313294775 0.4305094953125 0.3096288921875 0.42027065468749997 0.2985973484375 0.4187626 0.2959127640625 0.4272480640625 0.3004509125 0.4541307296875 0.3081510265625 0.5413472640625 0.30924135937499997 0.5621520453125 0.310440725 0.58503730625 0.3123281828125 0.591196965625 0.321690334375 0.5907063171875 0.32226939374999997 0.5719002375 0.317874171875 0.5178895796874999 0.31972038281250004 0.463551821875
354 0.5510822421875 0.3700651578125 0.548540584375 0.3514226296875 0.5449837343749999 0.343264265625 0.5352944828124999 0.3375134796875 0.5356215828125 0.34375491406249997 0.5297072468749999 0.3503234484375 0.5372231875 0.4041705578125 0.5396558125 0.420732609375 0.5433216953125 0.4309714484375 0.5525748140625 0.428400321875 0.5600495078125001 0.4217500125 0.553951 0.394949121875 0.5510822421875 0.3700651578125
1382 0.4792306046875 0.34253785625 0.47367726250000003 0.32613935625 0.46845102031249997 0.31598228906250003 0.4577465765625 0.3207156703125 0.445372740625 0.32345034687499996 0.4264303703125 0.320270690625 0.4093754578125 0.32325069375000004 0.4094505984375 0.354539640625 0.42455026562500003 0.40381691875000003 0.42429830625 0.42886443124999996 0.42662189687499996 0.443346003125 0.4374353734375 0.4406931015625 0.449809209375 0.437958425 0.47299652343750004 0.43257084375000004 0.4913937265625 0.42534810937499995 0.504203696875 0.43093534531250005 0.49320604531249995 0.40021882187499996 0.5001355734375 0.38316612031249997 0.49792101562499996 0.3707650265625 0.480211903125 0.3612621609375 0.4792306046875 0.34253785625