407 0.4258491015625 0 0.408055571875 0.60305196875 0.4496317625 0.5966145875 0.4522679078125 0.5851961875 0.48506184374999994 0.5647042625 0.521074471875 0.56500043125 0.5401051375 0.56939400625 0.5641119234375 0.5869634109375 0.579627728125 0.60658151875 0.5743554375000001 0.6294183171875 0.6097806234375 0.6496238671875 0.9930888343750001 0.1006864734375 0.5569678015624999 0 0.4258491015625 0
2001 0.54214894375 0.6300008625 0.5114086062500001 0.6068678953125 0.47832339687500003 0.6112565734375 0.445529459375 0.6317484999999999 0.41097809218750003 0.6598526921875 0.3606000609375 0.8606990296875001 0.5271912015625 0.903168625 0.5737631000000001 0.7014435734375 0.5597134515625 0.6581099515625 0.54214894375 0.6300008625
1939 0.5364798328125 1 0.605974490625 0.6487451515625 0.5714280203125 0.62473346875 0.579627728125 0.60658151875 0.557378371875 0.5813998484375 0.5362990046875 0.5685152921875 0.5058499390625 0.561485571875 0.48125571093749997 0.563825546875 0.4578314703125 0.5784626375 0.45314662187500004 0.5813900546874999 0.4496317625 0.5966145875 0.408055571875 0.60305196875 0.3767179984375 0.70406013125 0.3682270171875 0.7061088343749999 0.2941285765625 0.957604890625 0.47776197031249995 1 0.5364798328125 1
1939 1 0.361102378125 0.6003962375 0.811826328125 0.5569529234374999 1 0.89461686875 1 0.9696107312500001 0.6885981890624999 1 0.5569678046875 1 0.361102378125
117 1 0.1022820421875 0.9953346875 0.1012049703125 0.605095775 0.652551284375 0.5404667046875 1 0.5646891734375 1 0.60771723125 0.7974805109374999 0.628214053125 0.7781585734375 0.5807527421875001 1 0.6073427890625 1 0.640802440625 0.7930918328125001 0.6443173015625 0.7778673 0.6545657125 0.76820633125 0.669498971875 0.75561794375 0.6724263890625 0.7603027921875001 0.6639305125 0.8144673703124999 0.6668579296875 0.8191522171875001 0.6251059296875 1 0.6601218359375001 1 0.7022880125000001 0.7872418921875 0.7093177328125 0.756792828125 0.7183961562500001 0.7348347453125 0.7265958640625 0.7166827953125 0.7312807125 0.7137553765625 0.7233722765625 0.7480105734375 0.7274696828125 0.7649925359374999 0.6834295578125 1 0.7236109796875 1 0.763186140625 0.8013013328125 0.7769494124999999 0.7764158328125 0.784561678125 0.7781732625 0.795984975 0.7286935328124999 0.8000872765624999 0.6935596203125 0.8082869859375 0.6754076703125 0.812384390625 0.69238963125 0.8220453609374999 0.70263804375 0.7634228484375 1 0.8190541328125001 1 0.872695078125 0.726358453125 0.8876283375 0.713770065625 0.8937793421875 0.6871271343750001 0.9180871953124999 0.6165680359375 0.92599563125 0.5823128390625001 0.936831484375 0.5527424890625 0.942103775 0.5299056906249999 0.9523521859375 0.5202447218749999 0.9579157484374999 0.5135111703125 0.96435313125 0.5550873625 0.96112954375 0.586415140625 0.9707905125 0.596663553125 0.9455941515624999 0.775260534375 1 0.5515052015624999 1 0.1022820421875
1939 0 0.8896999578125 0.09620965625 0.9119117062500001 0.167671953125 0.6718340515625 0.0092952109375 0.4548648796875 0 0.49350605 0 0.8896999578125
407 0.16330775625 0.378169465625 0.160089065625 0.3573813703125 0.166240071875 0.3307384390625 0.19728637031250001 0.21362702968749997 0.218380428125 0.0701639609375 0.2145791921875 0.0171693703125 0.18881007968750002 0.059328107812499996 0.16274969374999998 0.085383596875 0.0254033546875 0.40245773281249997 0.010173926562500001 0.45105874687499997 0.092729071875 0.5623251140625001 0.16330775625 0.378169465625
117 0.111027678125 0 0.0084164953125 0.4586710125 0.1700706875 0.0710377796875 0.190567509375 0.051715840624999995 0.2145791921875 0.0171693703125 0.21925914375 0.06635782812499999 0.21222452656250002 0.1489227671875 0.1656526296875 0.35064782031249997 0.1671138890625 0.37904818125 0 0.8062210625 0 0.8868564531249999 0.069566725 0.9057607015625001 0.2432365515625 0.3966224828125 0.210432821875 0.5213461578125 0.219215075 0.535400703125 0.09620965625 0.9119117062500001 0.2912011578125 0.9529200421875 0.3691057328125 0.7023027015625 0.3767179984375 0.70406013125 0.4089342859375 0.5992458359375 0.4258903078125 0 0.111027678125 0
407 0.21658382656250003 0.49470322656250004 0.21892869843749999 0.46718158125000003 0.15596228125 0.6530946578125 0.1723568015625 0.6689066328125 0.219215075 0.535400703125 0.210432821875 0.5213461578125 0.21658382656250003 0.49470322656250004
1050 0.5787734953125 0.3498082765625 0.5863857625 0.35156570625 0.6016102937500001 0.35508056718750003 0.6062951421875 0.3521531484375 0.609810003125 0.3369286171875 0.5907793375 0.3325350421875 0.581409640625 0.338389878125 0.5787734953125 0.3498082765625
1050 0.5644227828124999 0.3946031578125 0.5787686 0.40192415156249994 0.5910657140625 0.4007541640625 0.5975079921875001 0.3902144796875 0.5840408906250001 0.37908735312499997 0.5717437750000001 0.380257340625 0.5661802125000001 0.3869908921875 0.5644227828124999 0.3946031578125
1050 0.5538782015625 0.44027675468750005 0.5644178859375 0.44671903437499993 0.5729088671875 0.44467033125000005 0.5793511453125 0.434130646875 0.5705688906249999 0.42007610156249997 0.5573930625 0.42505222343750004 0.5518294984375001 0.4317857734375 0.5538782015625 0.44027675468750005
1050 0.557388165625 0.4771680984375 0.565879146875 0.4751193953125 0.56383044375 0.4666284140625 0.5579756078125 0.4572587171875 0.5439210625 0.46604097187500004 0.5497759 0.47541066875000004 0.557388165625 0.4771680984375