407 0.486907034375 0 0.08374235937499999 0.021128965625000003 0.365905278125 0.6282875390625 0.40430093281249996 0.6145404765625 0.403074309375 0.591135096875 0.42176104218750005 0.5745093234375 0.4484540078125 0.561375571875 0.46795849062499995 0.5603533859375001 0.5034754343750001 0.5663152421875 0.532212771875 0.5921904578125 0.532826084375 0.6038931468750001 0.5726528 0.6174523609375 0.6628386765625 0 0.486907034375 0
2001 0.5020277859375 0.6133304390625 0.4702073015625 0.6032632484375 0.43591698125 0.6207067703125 0.413738225 0.645338775 0.39237721875 0.6855743640624999 0.403212396875 0.8923218859375 0.5746474109374999 0.8794257468750001 0.5599113359375 0.6728826625 0.5307651234375 0.6392056546875 0.5020277859375 0.6133304390625
1939 0.5859744015625 0.7223676953125 0.5726528 0.6174523609375 0.532826084375 0.6038931468750001 0.5320083343750001 0.5882895609375 0.5279030015624999 0.5845931015625 0.5073763312499999 0.5661108046875001 0.48356207656250005 0.5595356359375 0.452354903125 0.561171134375 0.4293583984375 0.5701995515625 0.403074309375 0.591135096875 0.40799739218750003 0.6104351421875001 0.369806175 0.6280831015625 0.37752503125 0.9992815921875 0.62328151875 0.986402040625 0.59398063125 0.7258597171875001 0.5859744015625 0.7223676953125
1939 0.358004628125 1 0.34698093281250003 0.7896553625 0 0.22475423593750002 0 0.51309295 0.0047739796875 0.6041859109375001 0.029263920312500004 1 0.358004628125 1
117 0.2329558578125 1 0.229970621875 0.7214670078125 0.23695466562499998 0.705454546875 0.23511472968749997 0.670346478125 0.23922006406250002 0.6740429375 0.244143146875 0.6933429828125 0.24927066718750002 0.7165439250000001 0.250906165625 0.7477510984375 0.2561883625 0.99781735625 0.29150086875 0.9998783171875001 0.280256815625 0.785329003125 0.283953275 0.78122366875 0.28499204843750003 0.7264066796875001 0.2886885078125 0.7223013453125 0.301208946875 0.7372916203125001 0.30962405312499997 0.748585434375 0.3104418015625 0.764189021875 0.30710445468750003 0.9990605671875 0.33420629375 0.993728609375 0.3254320765625 0.7516685828125 0.3422622875 0.7742562125 0.35001431875 0.9968117578125 0.3734196984375 0.9955851328125 0.3700106125 0.6319839984375 0.0814405890625 0.021249596875000002 0 0.0255177171875 0 0.484931271875 0.013376934375 0.6937020953124999 0.019576403125 0.5134431015625001 0.03087021875 0.505027996875 0.0331356171875 0.4736163859375 0.0466948296875 0.4337896703125 0.051004601562499995 0.44138702656250006 0.05941970625 0.4526808421875 0.06064633125 0.476086221875 0.0661827265625 0.5070889578125 0.0680226625 0.5421970265625 0.0797087640625 0.6159051875 0.081139825 0.6432114640625 0.0936602640625 0.6582017390625 0.1001685078125 1 0.1548280015625 1 0.14765950625 0.6436369265625 0.1589533203125 0.6352218203125 0.16593736406249998 0.619209359375 0.17086044843749998 0.6385094062500001 0.1687994875 0.6738219125 0.171457171875 0.72453356875 0.17925896562500002 0.72412469375 0.1884918203125 0.7510220953125 0.1939866875 1 0.2329558578125 1
1939 1 0.6854163046874999 0.9910875125 0.5407605765625 0.7974405671875 0.726931665625 0.8261281437499999 0.9757713000000001 1 0.9666590609375 1 0.6854163046874999
407 0.8519813812500001 0.1255968609375 0.8478428734375001 0.2705433484375 0.8580813265625 0.39126670625000004 0.8595123890625 0.4185729828125 0.85273278125 0.438486340625 0.890260925 0.6321001093749999 0.990883075 0.5368596796875 0.9843244921875 0.4863524609375 0.9041241 0.15024545312499998 0.8829841171874999 0.12006046562499999 0.8649272828125 0.07406745625 0.8519813812500001 0.1255968609375
117 0.66282233125 0 0.5724483625000001 0.6135514640624999 0.5859744015625 0.7223676953125 0.59377619375 0.7219588203125 0.626977978125 0.98229670625 0.8261281437499999 0.9757713000000001 0.770371903125 0.5836206765624999 0.78146128125 0.571304675 0.770813953125 0.4427795234375 0.8534344203125 0.9743402390625 0.9546532937500001 0.965123971875 0.8488318859374999 0.43869077812499996 0.8552026171874999 0.41097562656250003 0.8443674390625 0.20422810624999999 0.8517769453125 0.12169596406250001 0.8649272828125 0.07406745625 0.8825752421875 0.1122586734375 0.8994054531250001 0.134846303125 0.9912919499999999 0.5446614734375 0.966461484375 0 0.66282233125 0
407 0.78146128125 0.571304675 0.770371903125 0.5836206765624999 0.793335234375 0.72323520625 0.8122264046875 0.7105103296874999 0.7825000546875 0.5164876859375 0.7800302203125 0.5439983984375 0.78146128125 0.571304675
1050 0.44850376875000003 0.338411153125 0.44789045781250003 0.32670846249999996 0.4396797890625 0.31931554375000004 0.42017530625 0.32033773125 0.42099305625000005 0.3359413171875 0.4250983890625 0.3396377765625 0.4407019765625 0.3388200265625 0.44850376875000003 0.338411153125
1050 0.4548579140625 0.385017475 0.45444903906249995 0.37721568125 0.45013926875 0.36961832499999997 0.438232140625 0.366330740625 0.4230374296875 0.3749502828125 0.42755163749999997 0.3864485359375 0.43945876406249995 0.3897361203125 0.4548579140625 0.385017475
1050 0.45731116250000003 0.431828234375 0.460803184375 0.423822003125 0.4564934125 0.41622464687500005 0.4443818484375 0.409036165625 0.4332924703125 0.42135216875000003 0.437806678125 0.4328504203125 0.445812909375 0.4363424421875 0.45731116250000003 0.431828234375
1050 0.45525020156249996 0.467140740625 0.4626431203125 0.4589300734375 0.4503271171875 0.4478406953125 0.4429342 0.45605136249999995 0.439442178125 0.46405759375000005 0.4474484078125 0.467549615625 0.45525020156249996 0.467140740625