1939 0.7260861281250001 0 0.70703125 0.15625 0.6796875 0.05078125 0.67578125 0.10546875 0.66015625 0.1875 0.640625 0.13671875 0.625 0.203125 0.62109375 0.6015625 0.86328125 0.9921875 1 0.9921875 1 0 0.7260861281250001 0
1939 0.62109375 0.59765625 0.62109375 0.20703125 0.609375 0.1875 0.5859375 0.15625 0.546875 0.12109375 0.5078125 0.1015625 0.49609375 0.10546875 0.46875 0.1171875 0.44921875 0.1328125 0.390625 0.21484375 0.390625 0.59765625 0.62109375 0.59765625
407 0.29296875 0 0.3046875 0.1328125 0.3359375 0.0546875 0.34765625 0.13671875 0.359375 0.171875 0.37109375 0.1640625 0.37890625 0.19140625 0.390625 0.21484375 0.40234375 0.19140625 0.421875 0.1640625 0.4453125 0.1328125 0.46875 0.1171875 0.5078125 0.1015625 0.5234375 0.10546875 0.55859375 0.125 0.58984375 0.15234375 0.61328125 0.19140625 0.62890625 0.203125 0.640625 0.1328125 0.66015625 0.18359375 0.6796875 0.05078125 0.70703125 0.14453125 0.7260485203125 0 0.29296875 0
1939 0.0078125 0 0.0078125 0.9921875 0.140625 0.9921875 0.390625 0.59765625 0.390625 0.2109375 0.37109375 0.16015625 0.359375 0.16796875 0.3359375 0.0546875 0.3046875 0.125 0.289535984375 0 0.0078125 0
1539 0.859375 0.9453125 0.859375 0.93359375 0.84765625 0.921875 0.8515625 0.91015625 0.8515625 0.89453125 0.84375 0.8828125 0.84375 0.875 0.84375 0.87109375 0.83984375 0.85546875 0.83203125 0.84765625 0.83203125 0.84375 0.82421875 0.828125 0.8125 0.84765625 0.80078125 0.8515625 0.79296875 0.86328125 0.796875 0.875 0.79296875 0.8828125 0.7890625 0.8984375 0.82421875 0.9375 0.859375 0.9453125
1539 0.78125 0.78125 0.77734375 0.765625 0.765625 0.76953125 0.76171875 0.7890625 0.75390625 0.796875 0.74609375 0.80078125 0.73828125 0.8125 0.73828125 0.828125 0.7734375 0.828125 0.78125 0.78125
1539 0.55859375 0.7890625 0.55859375 0.7734375 0.55859375 0.76171875 0.5546875 0.73828125 0.55078125 0.73046875 0.546875 0.71484375 0.5390625 0.72265625 0.53125 0.7265625 0.52734375 0.734375 0.515625 0.75390625 0.52734375 0.7578125 0.515625 0.80859375 0.5625 0.8046875 0.55859375 0.7890625
1539 0.4375 0.671875 0.4296875 0.6640625 0.42578125 0.6640625 0.4140625 0.6640625 0.41015625 0.66796875 0.40625 0.68359375 0.3984375 0.69140625 0.39453125 0.69921875 0.40234375 0.703125 0.42578125 0.703125 0.44140625 0.68359375 0.4375 0.671875
1539 0.41015625 0.921875 0.41015625 0.890625 0.41796875 0.90625 0.41796875 0.890625 0.4140625 0.8671875 0.40234375 0.85546875 0.41015625 0.84765625 0.40625 0.83984375 0.38671875 0.83984375 0.38671875 0.84375 0.390625 0.8515625 0.390625 0.86328125 0.38671875 0.890625 0.375 0.89453125 0.37890625 0.92578125 0.3828125 0.9453125 0.37890625 0.95703125 0.39453125 0.96484375 0.4140625 0.95703125 0.4140625 0.9453125 0.41015625 0.921875
1539 0.28515625 0.87109375 0.28515625 0.84765625 0.28515625 0.828125 0.29296875 0.82421875 0.2890625 0.81640625 0.2890625 0.8046875 0.2734375 0.796875 0.26953125 0.8125 0.26171875 0.859375 0.2578125 0.89453125 0.2578125 0.91015625 0.2734375 0.91015625 0.2890625 0.90625 0.2890625 0.890625 0.28515625 0.87109375
1539 0.25390625 0.828125 0.265625 0.82421875 0.265625 0.8125 0.265625 0.8046875 0.265625 0.78515625 0.25390625 0.77734375 0.2578125 0.76953125 0.2578125 0.76171875 0.24609375 0.7578125 0.24609375 0.76953125 0.23828125 0.78515625 0.23828125 0.796875 0.234375 0.82421875 0.25390625 0.828125
1539 0.6328125 0.7265625 0.6328125 0.71484375 0.62890625 0.70703125 0.62890625 0.69921875 0.62109375 0.6953125 0.61328125 0.703125 0.61328125 0.71484375 0.6015625 0.7265625 0.609375 0.734375 0.63671875 0.734375 0.6328125 0.7265625
1539 0.33984375 0.69921875 0.3359375 0.6953125 0.3359375 0.68359375 0.32421875 0.6875 0.3203125 0.6875 0.3203125 0.703125 0.3203125 0.7109375 0.3125 0.7265625 0.3125 0.734375 0.33203125 0.73046875 0.33984375 0.71484375 0.33984375 0.69921875
1539 0.296875 0.7421875 0.30078125 0.73046875 0.29296875 0.72265625 0.28515625 0.734375 0.28125 0.75 0.27734375 0.76171875 0.27734375 0.7734375 0.2890625 0.7734375 0.296875 0.76953125 0.3046875 0.75390625 0.296875 0.7421875
108 0.47265625 0.59375 0.5390625 0.59375 0.5390625 0.5625 0.46875 0.5625 0.47265625 0.59375
2001 0.5234375 0.2109375 0.51171875 0.18359375 0.4921875 0.203125 0.48828125 0.2265625 0.48828125 0.4140625 0.52734375 0.4140625 0.5234375 0.2109375
2001 0.59375 0.23828125 0.5859375 0.21484375 0.578125 0.20703125 0.578125 0.4140625 0.59765625 0.41796875 0.59375 0.23828125
819 0.61328125 0.59765625 0.390625 0.59375 0.1484375 0.9921875 0.6796875 0.9921875 0.85546875 0.9921875 0.61328125 0.59765625