1939 0.080450184375 0 0 0.4562556671875 0 0.9116167953125001 0.056770345312500005 0.9216269390624999 0.36310979374999997 0.578991828125 0.428450834375 0.18592917656250002 0.4245945375 0.11781853281250002 0.3965419390625 0.1644367359375 0.3953988953125 0.080938471875 0.4010483734375 0.0264034859375 0.35580558125 0.1255217359375 0.36248724375 0 0.080450184375 0
1939 0.519633515625 0.11871042968750001 0.47505964531249995 0.1465494453125 0.4465517078125 0.1732548078125 0.43161942499999995 0.1904543953125 0.36378810625 0.5751449234375 0.59075551875 0.6151654015625 0.6572302109375 0.238168684375 0.6137712093750001 0.14720897500000002 0.5972499359375 0.1284297875 0.5723565374999999 0.1121408796875 0.5614941359375 0.10625903437499999 0.519633515625 0.11871042968750001
407 0.3628252953125 0 0.3578405203125 0.11398102031249999 0.4010483734375 0.0264034859375 0.39722025156249996 0.16058983124999998 0.42527285 0.11397162812499999 0.424603928125 0.1852508625 0.44202648906249997 0.1764234 0.47189105312499996 0.1420242265625 0.5074144875 0.1205223953125 0.5454282015625 0.1073926875 0.5614941359375 0.10625903437499999 0.5972499359375 0.1284297875 0.6176181140625 0.1478872875 0.635273040625 0.182732409375 0.649759375 0.21305231249999998 0.6572302109375 0.238168684375 0.67284080625 0.2171221921875 0.6852828093750001 0.19155048125000002 0.6954668984375 0.20127923124999997 0.7131124328125 0.1686920234375 0.7388977265625 0.0899419515625 0.7561067046875001 0.1723065625 0.7907100687499999 0.043546723437500004 0.54374433125 0 0.3628252953125 0
1939 1 0.080450184375 0.7940906828125 0.044142815625 0.75746333125 0.1646127515625 0.7388977265625 0.0899419515625 0.6961452125 0.19743232500000002 0.6859611218749999 0.18770357499999998 0.6579085250000001 0.234321778125 0.59075551875 0.6151654015625 0.7490660390625 1 0.9116167953125001 1 1 0.4987539359375 1 0.080450184375
1539 0.131877703125 0.788109515625 0.123728553125 0.7668400484375 0.11332148906249999 0.78087104375 0.1126431765625 0.7847179484375 0.1035927390625 0.7910551328125 0.09703258125 0.8057644406250001 0.09635426875 0.8096113468749999 0.0949976421875 0.81730515625 0.0852688921875 0.827489246875 0.08255563906249999 0.8428768671875 0.0843676046875 0.8550958968750001 0.07079195 0.8646016734374999 0.068757009375 0.8761423890625 0.104735784375 0.8745533968749999 0.1461410625 0.8421891625000001 0.1450074109375 0.826123228125 0.14251713125 0.8177511046875001 0.1483989765625 0.8068887015625 0.14274010625 0.793991359375 0.131877703125 0.788109515625
1539 0.1916068296875 0.7193111671875 0.180744428125 0.713429321875 0.17418426874999998 0.72813863125 0.173738321875 0.7756581203125 0.20836046874999997 0.7817629390625 0.211073721875 0.76637531875 0.2054148515625 0.753477975 0.198399353125 0.74827444375 0.1920621703125 0.7392240078125 0.1916068296875 0.7193111671875
1539 0.42286709531250005 0.71249046875 0.41652991093749997 0.7034400328125 0.40996975312500006 0.718149340625 0.404766221875 0.7251648375 0.3968494375 0.7475679562499999 0.394814496875 0.759108671875 0.39210124375 0.7744962937500001 0.3855410859375 0.7892056015625 0.4310256359375 0.8011922640625 0.4283029921875 0.74914755625 0.440522021875 0.747335590625 0.432372871875 0.726066125 0.4298825921875 0.7176940015625 0.42286709531250005 0.71249046875
1539 0.5593113546875 0.68101813125 0.5561427625 0.6764929125 0.5446020468749999 0.6744579734375 0.540755140625 0.673779659375 0.5317047046875001 0.68011684375 0.5258228593750001 0.690979246875 0.5378189140625 0.712927025 0.5609003453125 0.7169969046875 0.5692724703125001 0.7145066265625 0.566782190625 0.7061345015625 0.5604450062499999 0.697084065625 0.5593113546875 0.68101813125
1539 0.5545913359375 0.9102434562499999 0.543728934375 0.9043616109375 0.5446302203125 0.8767549609374999 0.5466651609375 0.8652142453125 0.5518686921875 0.8581987484375 0.5525470046875001 0.8543518421874999 0.5333124796875001 0.8509602765625001 0.528108946875 0.8579757734375001 0.53444613125 0.8670262109375001 0.5208704765625 0.8765319874999999 0.5129536921875 0.8989351062500001 0.5102404390624999 0.9143227265625 0.5206475015625001 0.90029173125 0.515220996875 0.931066975 0.5073042125 0.9534700921875 0.505269271875 0.965010809375 0.523147171875 0.9760961859374999 0.5398914203125 0.971115628125 0.5380794546875001 0.9588965984375 0.545317925 0.940340384375 0.5545913359375 0.9102434562499999
1539 0.6727023562500001 0.8477729015625 0.6715687031249999 0.8317069671875 0.65482445625 0.836687525 0.6527895171875 0.848228240625 0.647585984375 0.8552437375 0.6546014828125 0.8604472703124999 0.6512099171875 0.8796817953125 0.6471400375 0.902763228125 0.639901565625 0.921319440625 0.6371883125 0.9367070625 0.651897621875 0.9432672203125 0.6672852421875 0.9459804734375 0.6699984953125 0.9305928515625 0.6722564078125 0.895292390625 0.6727023562500001 0.8477729015625
1539 0.6917045171875 0.8074918828125 0.694194796875 0.81586400625 0.6812974546875 0.8215228781249999 0.6779058874999999 0.840757403125 0.6765492609375 0.8484512140625 0.674514321875 0.8599919296874999 0.685376725 0.8658737750000001 0.7052895640625 0.8654184359375 0.7061908515625 0.8378117859374999 0.708225790625 0.8262710703125 0.7032452328125001 0.809526821875 0.7052801734374999 0.79798610625 0.6930611437499999 0.799798071875 0.6917045171875 0.8074918828125
1539 0.338458153125 0.673807834375 0.33710152656250003 0.6815016453125 0.33189799531249997 0.6885171421875 0.3298630546875 0.7000578578125001 0.3246595234375 0.7070733546875 0.3515878609375 0.7118215484375 0.36063829687500004 0.7054843640625 0.35113252031250003 0.6919087078125 0.3531674609375 0.6803679921875 0.3468302765625 0.6713175546875 0.338458153125 0.673807834375
1539 0.644398609375 0.7158538609375 0.6405517046875 0.7151755468750001 0.6296893015625 0.709293703125 0.6276543625000001 0.72083441875 0.6231291437500001 0.7240030109375 0.620415890625 0.73939063125 0.6253964484375001 0.7561348796875 0.6439526625 0.76337335 0.6453092890625001 0.755679540625 0.64032873125 0.7389352921875 0.64168535625 0.73124148125 0.644398609375 0.7158538609375
1539 0.6708809984374999 0.7681215421875 0.665222128125 0.7552242 0.656171690625 0.761561384375 0.65798365625 0.7737804140625 0.64825490625 0.783964503125 0.6532354640625 0.8007087500000001 0.6602509624999999 0.8059122828125 0.671791678125 0.807947221875 0.6738266171875 0.79640650625 0.6720146515625001 0.7841874765625 0.6708809984374999 0.7681215421875
108 0.44525143125 0.5855425953125 0.5106488203125 0.59707391875 0.51992223125 0.566976990625 0.4506779359375 0.554767353125 0.44525143125 0.5855425953125
2001 0.48799455312499995 0.41061989062500004 0.52646360625 0.4174030234375 0.5590226390625 0.2327515703125 0.5592456140625 0.20899182500000002 0.543402653125 0.1863657328125 0.5271137453125 0.2112591296875 0.48799455312499995 0.41061989062500004
2001 0.43798478437500005 0.4018018203125 0.473935384375 0.19791583906250002 0.464884946875 0.20425302343750001 0.4531212578125 0.2259778296875 0.41807194531249997 0.40225715937500006 0.43798478437500005 0.4018018203125
819 0.74292001875 1 0.59143383125 0.611318496875 0.3714819171875 0.5765015499999999 0.06446415625 0.922983565625 0.23757489375000002 0.953507659375 0.5012460609375 1 0.74292001875 1