407 0.075332621875 0 0.0744665140625 0.0054683921875 0.672725421875 0.1835407375 1 0.175213325 1 0.0729596578125 0.5393508515625001 0 0.075332621875 0
676 1 0.26628009218750004 0.9115861421875 0.2635586046875 0.8310060421875001 0.68742155625 0.9178217953125 0.7285927515624999 1 0.32012918749999997 1 0.26628009218750004
243 0.6862218999999999 1 0.691187575 0.98589044375 0.9059215249999999 0.898616075 0.931433228125 0.8024648703124999 0.9405298546875 0.8049602859375 0.9475608 0.7955273671875001 0.9464728359375 0.7774259812500001 0.9240619640625001 0.7591113296875001 0.9040426765625 0.7506673312500001 0.42338325 0.53426975 0.41432975625 0.5265079109374999 0.3885831421875 0.51926609375 0.3791174796875 0.5240947874999999 0.11235347343749999 0.5303574734375001 0.0952146265625 0.5286975984375 0.08002163906250001 0.534728475 0.0719362875 0.5408304390625001 0.0703067625 0.551118859375 0.0823269609375 0.555131975 0.0771364640625 0.62286220625 0.179552640625 0.7403298484375 0.1726367828125 0.8489182046874999 0.1837990875 0.8633419546875001 0.2730782734375 0.84900680625 0.396362059375 0.9845446703125 0.48949757343750006 1 0.6862218999999999 1
163 0.7555203890625 0.7345262703125 0.7569869609375 0.7252666921875 0.7530521140624999 0.7151516124999999 0.7445641671875001 0.7138072546875 0.7379022578125001 0.7159160640625 0.7319688484375 0.7234135140625 0.7326542171875 0.734068578125 0.7382952796875 0.74339924375 0.7492610734375 0.744081403125 0.7555203890625 0.7345262703125
163 0.6508468625 0.6662697046875 0.6437392265625 0.6661986171875001 0.6387404015625 0.6727894375 0.639871496875 0.6856244 0.64307784375 0.6903508406250001 0.6500225281249999 0.6914507703125 0.6542065906250001 0.690004159375 0.6593683687499999 0.68238449375 0.659334809375 0.6676140625 0.6508468625 0.6662697046875
163 0.6485895125 0.7154807796875 0.652208028125 0.7076166875000001 0.6527400171875 0.6992637375 0.6458384640625 0.69289738125 0.6390567328125 0.6907686109375 0.6341010390624999 0.6920930078125 0.6325146453125 0.697115003125 0.6288961296875 0.704979096875 0.629461678125 0.711396578125 0.6321791671875 0.71920954375 0.6416016984375 0.719647275 0.6485895125 0.7154807796875
441 0.6360661515625 0.8295089046875 0.622948415625 0.8274312593750001 0.6189177328125 0.847885884375 0.6306551578125 0.8486902578125 0.6360661515625 0.8295089046875
567 0.4650130609375 0.6210167546875 0.49219763906249997 0.848908415625 0.4960126640625 0.8547859140625 0.5116945109375 0.8456685109375 0.47366396093749996 0.6213322703124999 0.4650130609375 0.6210167546875
163 0.3995873359375 0.6095996859375 0.397315571875 0.60396661875 0.39378331875 0.6012978625 0.3883818984375 0.6004423609375 0.384806515625 0.6030400296875 0.38228553593750003 0.608968653125 0.38081896406250004 0.61822823125 0.3813845109375 0.6246457125 0.3873946109375 0.62665226875 0.39807763125 0.6241256890625 0.3995873359375 0.6095996859375
163 0.3274996984375 0.600291428125 0.3253908890625 0.59362951875 0.3203153734375 0.5907163328125 0.314751 0.590889675 0.3106867578125 0.59657386875 0.3093831375 0.6048046046875 0.31457847499999997 0.6119553718749999 0.325381315625 0.6136663734375001 0.3274996984375 0.600291428125
163 0.37764133437499997 0.553391221875 0.37829314531249997 0.5492758531249999 0.3763472859375 0.541585103125 0.37188045000000003 0.5398229734375 0.368630971875 0.5403629578125 0.3637950984375 0.5459249390625 0.3638717890625 0.5554289453125001 0.3703276140625 0.5596154015625 0.37764133437499997 0.553391221875
163 0.253432646875 0.5685219874999999 0.2545733140625 0.5613200921875 0.24718290468749998 0.5580402656250001 0.241455578125 0.559242446875 0.2373913375 0.5649266421875 0.23543590625 0.5772727453125001 0.24607579531249998 0.580012590625 0.253432646875 0.5685219874999999
163 0.190245125 0.5479675546875 0.18984252968749998 0.5405212328125 0.1864732296875 0.5368236343749999 0.17903968750000002 0.53881023125 0.1760298515625 0.5478253796875 0.1787473421875 0.5556383453125 0.18581184687500002 0.5609758578124999 0.190245125 0.5479675546875
163 0.3895656984375 0.5879740421874999 0.38887075625 0.5973558359375 0.394109225 0.5992401765625 0.401499634375 0.60252000625 0.4055638765625 0.5968358125 0.40901943906250005 0.5900005609375001 0.406910628125 0.5833386515625001 0.39753122812499997 0.5776344953125 0.3895656984375 0.5879740421874999
2001 0.52115995625 0.50124210625 0.6093320328125 0.5088792843750001 0.652634284375 0.24047373125 0.5662546859375001 0.2215192890625 0.52115995625 0.50124210625
1778 0.6865478890625 0.4957974453125 0.6780599421875 0.4944530875 0.6720067109375 0.497712953125 0.666236253125 0.5041815609375 0.6182321468749999 0.497633109375 0.618644315625 0.48504257656250005 0.6118625843750001 0.4829138046875 0.6062550796874999 0.48835357031250004 0.6051144109375 0.49555546406250006 0.5904534124999999 0.49323339062500005 0.5784811859375 0.55883485 0.686835503125 0.5738871859375 0.6953521671875 0.5151209765625 0.6901999625 0.502703784375 0.6865478890625 0.4957974453125
125 0.8431890859375001 0.520606975 0.796608421875 0.5100653687500001 0.7689926390624999 0.50463680625 0.7468214093750001 0.494797321875 0.733900184375 0.5064612656249999 0.717437134375 0.5354933109375 0.7034519328125 0.5638631562499999 0.688378765625 0.5741316140625 0.649754059375 0.5732873171875 0.6445060171875 0.5914398296875001 0.64673465 0.6023393234375 0.638639725 0.62847814375 0.7499416015625 0.6798554671875 0.7876652843749999 0.696376821875 0.8271478859375 0.686810484375 0.862230659375 0.535224025 0.8431890859375001 0.520606975
1089 0.84504395 0.63374843125 0.8326978453124999 0.6317929999999999 0.817667809375 0.636795034375 0.8075216187500001 0.7058496640625 0.824334559375 0.7095672234375 0.83546330625 0.7092205421875 0.8516195968750001 0.6421724703125 0.84504395 0.63374843125
1543 0.5036425015625 0.5269431953125 0.418350865625 0.5260901421875 0.574115025 0.6013840171875 0.5766024437499999 0.5806849609375 0.5690586546875 0.5583971187500001 0.5036425015625 0.5269431953125
1939 0 0.6196784703125 0.6040121421875 0.5924087890624999 0.674268684375 0.183785165625 0.0752381453125 0.00559060625 0 0.4767998875 0 0.6196784703125
1939 1 0.1736491203125 0.6759749 0.183000753125 0.606164084375 0.593804275 0.9666624796875001 0.749835671875 1 0.539350853125 1 0.1736491203125
819 0.9265830718749999 1 0.9415363953125 0.908475521875 0.9666628140625001 0.7498335640625 0.6063270375 0.5927754328125 0 0.6205279796875 0 0.924708071875 0.48521406093749997 1 0.9265830718749999 1
781 0.7143407125000001 0.045644740625 0.7089392906249999 0.0447892390625 0.6953326984375 0.0457981203125 0.6765643265625 0.054426665625 0.6744459421875 0.0678016109375 0.5819364234375 0.042603032812500004 0.5573975953125 0.057700184375 0.6576234296875 0.0841209078125 0.552020159375 0.091651971875 0.5634221078125 0.1145508859375 0.6754045125 0.101702271875 0.67963170625 0.0949892359375 0.6977482687500001 0.0904760578125 0.6942064421875 0.107844159375 0.66226763125 0.1396983390625 0.6608010578125 0.1489579171875 0.67720183125 0.165266009375 0.68065739375 0.158430759375 0.691460234375 0.16014176093750002 0.7025122921875 0.150291071875 0.6995791453125 0.168810228125 0.7079041390625 0.171183428125 0.7187501125 0.16762800625000002 0.72370580625 0.166303609375 0.736420946875 0.16093493125 0.74845071875 0.144911190625 0.7228430718750001 0.10183324375 0.7229293343750001 0.09130039375 0.7349064015625 0.1005799328125 0.8856908796875 0.14239091875 0.8894723484375 0.1334979828125 0.7559465375000001 0.09758445624999999 0.7300369703125 0.0913714828125 0.7563587046875 0.0849939234375 0.8287386874999999 0.077474065625 0.8303682125 0.0671856453125 0.7568906937500001 0.07664097343750001 0.75360765625 0.062410524999999994 0.741347815625 0.0499222453125 0.7246978265624999 0.04517584375 0.723403778125 0.033369725 0.7143407125000001 0.045644740625