885 0.107848853125 0 0.0487619265625 0.24960273437499997 0 0.644984046875 0 0.72938884375 0.0141676171875 0.710625953125 0.0557621 0.681604446875 0.10783960781249999 0.660520903125 0.1441263453125 0.6633805921875 0.17544080625 0.6788867515625 0.2043364375 0.7048700078125 0.221069540625 0.7390808515625 0.2462023109375 0.7724720281249999 1 0.1538035890625 1 0.1022820421875 0.5569678031249999 0 0.107848853125 0
1939 0 0.8949590765625001 0.19520390781250002 0.94002545 0.23840735156249998 0.7706724203124999 0.2263110546875 0.74304983125 0.215558790625 0.71849641875 0.1845797984375 0.6837555359375 0.16166500625 0.6674297109375 0.131089871875 0.6576120015625 0.099439940625 0.66134056875 0.067924628125 0.6733768609374999 0.039702090625000006 0.6889322296875 0.0046931546875 0.7249918921875 0 0.7307092125 0 0.8949590765625001
1939 0 0.6473306953125 0.0495012515625 0.2552911875 0 0.46664953125 0 0.6473306953125
1939 1 0.14959014531249998 0.24035609062500002 0.771122321875 0.1938598734375 0.9369562734375 0.46223935625 1 0.897717959375 1 1 0.5569678046875 1 0.14959014531249998
2001 1 0.26151903125 0.9752147375 0.27312836093750004 0.9529730375 0.2983411625 0.9416844531249999 0.320564925 0.9308659562500001 0.3318616890625 0.8850449875 0.6192423421875 0.9782468890624999 0.5800642921875 1 0.44471821875 1 0.26151903125
2001 0.771274425 0.4274434171875 0.75266096875 0.436940571875 0.7450006265625 0.4434486890625 0.7374749046875 0.45826453125000005 0.7305538874999999 0.4704610984375 0.6813717593749999 0.7101647734375 0.736607421875 0.68429258125 0.7823621593750001 0.4327621046875 0.771274425 0.4274434171875
2001 0.6139008718750001 0.5400904984375 0.6036870828125 0.5487679875 0.5948173265625 0.560514653125 0.5916591718750001 0.5653033 0.5502036171875 0.76264868125 0.584877084375 0.74582374375 0.6242492796875 0.539720734375 0.6139008718750001 0.5400904984375
2001 0.5173399640625 0.61159964375 0.5108890374999999 0.6128692124999999 0.505177434375 0.6198272328125001 0.495702971875 0.6341931703125 0.45700171562499997 0.80182673125 0.4840148390625 0.7915099109375 0.5200280312500001 0.6177379968750001 0.5173399640625 0.61159964375
2001 0.441005784375 0.6932962625 0.440601928125 0.6683730875 0.436704446875 0.6674732828125001 0.4296488125 0.671362125 0.4258859515625 0.678770046875 0.4240718296875 0.6866278703125 0.388864196875 0.8302380578124999 0.4074776546875 0.8207409015625 0.441005784375 0.6932962625
2001 0.129615528125 0.8062512515625 0.1114743140625 0.8848294828125001 0.144602896875 0.89247781875 0.166641590625 0.8147993921875001 0.129615528125 0.8062512515625
2001 0.08224105781249999 0.798072875 0.0627558109375 0.8735819296875 0.0978331328125 0.8816801671875 0.1173183796875 0.8061711140625001 0.08224105781249999 0.798072875
2001 0.181291334375 0.8402526078125 0.16664374531249998 0.8948074671875 0.1906333328125 0.89758701875 0.2027274765625 0.8452015312500001 0.181291334375 0.8402526078125
2001 0.0354712953125 0.7872752249999999 0.0146420140625 0.859715103125 0.04582185625 0.8669135375 0.0685998765625 0.7949235609375 0.0354712953125 0.7872752249999999