1939 0.661793190625 0 0.6386611609374999 0.4161950640625 0.659974125 0.421456265625 0.6873164328125 0.46148140625 0.7074336234375 0.5242087875 0.7108649859375 0.5495416296875 0.9893830796874999 0.3244655765625 0.982230578125 0.147846265625 0.9744822828125 0 0.661793190625 0
407 0.48690705312500004 0 0 0.0255177171875 0 0.20947925625 0.3625636578125 0.4466101390625 0.3807786078125 0.4328991984375 0.408483315625 0.39955641875 0.44524656562500003 0.3784952328125 0.5026560796874999 0.3499738578125 0.517508484375 0.352384559375 0.5622323687499999 0.362797015625 0.6161814734375 0.38867141875 0.6367298765625 0.41948536093750005 0.6637739125000001 0 0.48690705312500004 0
895 0.585183034375 0.4795903265625 0.5867809703125 0.46993933125 0.6009666734375 0.4596286375 0.60759390625 0.46565948749999997 0.6145544921874999 0.47805103437499996 0.610054265625 0.392181615625 0.60569166875 0.38922116562500003 0.5924372 0.3771594671875 0.5686929265625 0.365647515625 0.5386547703125 0.3544654140625 0.49846015625 0.35019375625000004 0.475549259375 0.3545835484375 0.43668804687499996 0.3757546828125 0.4044540671875 0.402956665625 0.38480785625 0.42949895156249995 0.38830803125 0.4962862765625 0.402993759375 0.49551662968750004 0.41767948749999995 0.49474698281249996 0.42916934375000004 0.5132793296875 0.450844703125 0.445172609375 0.4748535125 0.42159077343750007 0.48484329375 0.41149997968749996 0.49030380156250003 0.3952683875 0.498528971875 0.39164824062500003 0.5075875171875001 0.40392983750000006 0.5079208671875 0.41029053437499996 0.531498465625 0.4186221375 0.551380165625 0.43671468437499994 0.575026578125 0.486500771875 0.585183034375 0.4795903265625
341 0.6605827296875 0.5936349015625 0.6787976812500001 0.5799239609375 0.6907187484375 0.5665428671875 0.7070024125 0.556122225 0.7131296218750001 0.552612028125 0.70223765 0.50534659375 0.6874831078125 0.46466175625000006 0.6758265765625 0.44294906093749997 0.662072084375 0.42134631718750004 0.64721968125 0.41893561406249996 0.6386611609374999 0.4161950640625 0.6358965015625 0.403583615625 0.620544071875 0.3916318671875 0.609887590625 0.3890012671875 0.616652453125 0.477941084375 0.6119565046875 0.46861993750000003 0.6009666734375 0.4596286375 0.5906435437499999 0.46335873281250006 0.58921228125 0.47619007968749993 0.5832517484374999 0.48288062500000006 0.5769578640625 0.4832104734375 0.5678993203125 0.4709288765625 0.5557427640625 0.4396751359375 0.5358610625 0.4215825890625 0.529233828125 0.41555173749999996 0.5121167890625 0.4100706359375 0.5079208671875 0.41029053437499996 0.5070874921875 0.3943887921875 0.49626433593749997 0.388577840625 0.48820584218749996 0.3953783375 0.48467661875 0.40831963125000004 0.47082426406250005 0.42499102187500004 0.45680523749999996 0.43848206406249995 0.4453841953125 0.461404203125 0.434463178125 0.49386738750000003 0.4311006296875 0.5099890312500001 0.4270713828125 0.5133892796875 0.41558152656249997 0.4948569328125 0.3904059921875 0.4961763265625 0.38497453125000003 0.43267930000000004 0.3667595796875 0.44639023906249997 0.34048613437499997 0.4669016765625 0.32277120937500003 0.49015366406250005 0.31311477656250003 0.5066051546875 0.5597139171875 0.5957321265625 0.5587138671874999 0.576650034375 0.600506415625 0.5712706953125 0.604006590625 0.6380580203124999 0.6270841640625 0.6368485765624999 0.656455621875 0.635309284375 0.6605827296875 0.5936349015625
1939 0 0.39622262343750003 0.3129481015625 0.50342480625 0.32260453437500003 0.48697331562499996 0.3424174203125 0.463611378125 0.3623969828125 0.44342979062500004 0 0.21235445625 0 0.39622262343750003
1860 1 0.5042363812499999 0.9893830796874999 0.3244655765625 0.6584847703125 0.59374485 0.6573868578125001 0.6129368921875 0.656288946875 0.6321289359375 0.6588869328125 0.6415600312499999 1 0.9341894578125001 1 0.5042363812499999
1860 0 0.4674192875 0.0263822328125 0.936213078125 0.564812028125 0.65286845625 0.5595472421875 0.592551778125 0 0.393979959375 0 0.4674192875
676 0.258716134375 0.793284534375 0.2811270078125 0.7793536953125 0.26912640625 0.5503685796875 0.24571548437500002 0.5452173265625 0.258716134375 0.793284534375
676 0.1864542171875 0.8193952093749999 0.2153256484375 0.8083148703124999 0.20115827187500002 0.53798521875 0.17128679062500002 0.5299834640625 0.1864542171875 0.8193952093749999
2001 0.3041938609375 0.5772325265625 0.3088607625 0.6662822937499999 0.33596758125 0.6616726015625 0.33180070625 0.58216388125 0.3041938609375 0.5772325265625
2001 0.4151900828125 0.647953475 0.4298758109375 0.647183828125 0.42511105000000005 0.596408196875 0.4123566078125 0.5938875453125 0.4151900828125 0.647953475
676 0.45998278125000003 0.699820415625 0.468207953125 0.69620026875 0.4585117546875 0.59146865625 0.45205119531250004 0.58861815625 0.45998278125000003 0.699820415625
1089 0.5354803390625 0.7755908546875 0.5293821765625 0.69937243125 0.52275494375 0.69334158125 0.5103338515625 0.697181628125 0.497912759375 0.7010216734375 0.496148146875 0.7074923203125 0.496814846875 0.7202137171875 0.4929522765625 0.7267943125 0.4977170359375 0.7775699453125 0.49418781562499997 0.7905112390625 0.495687890625 0.819134378125 0.506677721875 0.828125678125 0.5192654890624999 0.8274659812499999 0.52975529375 0.8269162343750001 0.5420097125 0.8198958390625 0.5401762859375 0.784912 0.5354803390625 0.7755908546875
228 0.5684788796875 0.72283613125 0.5933210640625 0.7151560406249999 0.5970169609375 0.70539509375 0.5760373484375 0.7064945890625001 0.5703413515625 0.6780913484375 0.5645474921875 0.68796224375 0.5619495062500001 0.6785311468749999 0.5542243609375 0.6916923390624999 0.5506951390625 0.7046336328125 0.5360094109375 0.7054032796875 0.5368427859375 0.721305025 0.55379315 0.723605778125 0.5591557984375 0.7456483203125 0.5696456046875 0.7450985734375 0.5684788796875 0.72283613125
1413 0.5585471921875 0.573469684375 0.565312053125 0.662409503125 0.605173315625 0.6603204625 0.5984084546874999 0.57138064375 0.5585471921875 0.573469684375
2001 0.9193674734374999 0.6342869921875 0.96762058125 0.6317581546875 0.9713164781250001 0.621997209375 0.9708164531250001 0.6124561625 0.9611202546875001 0.5077245515625 0.9606202296875 0.4981835046875 0.9543263453125 0.498513353125 0.9111025359375 0.5167240359374999 0.904975328125 0.5202342328125 0.905475353125 0.5297752796874999 0.9120735390625001 0.6155347484375 0.9127402390625001 0.62825614375 0.9193674734374999 0.6342869921875
2001 0.8675453750000001 0.5285740203125 0.8491637484375 0.5391046140625 0.8451345031249999 0.5425048625 0.849468053125 0.62519393125 0.8517326890625 0.62826433125 0.8559286109375 0.62804443125 0.8790061843749999 0.6268349875 0.8828687578125001 0.620254390625 0.88463336875 0.61378374375 0.8790352312499999 0.5471063671875 0.874005934375 0.531424521875 0.8675453750000001 0.5285740203125
676 0.714129671875 0.571694121875 0.72449256875 0.689147128125 0.741776284375 0.6978085796875 0.7328446468750001 0.5675242265625 0.714129671875 0.571694121875
1393 1 0.9337481625 0.6585535828125 0.635199334375 0.574635134375 0.6395973140625 0.026215557812500002 0.93303273125 0.028086623437500003 1 0.4149259640625 1 1 0.9712056671875 1 0.9337481625
1050 0.539781728125 0.25554475 0.5355858062500001 0.25576465000000004 0.53658585625 0.27484674375 0.5330566343750001 0.28778803750000004 0.5358212953125 0.3003994828125 0.542115178125 0.300069634375 0.5547029453125 0.2994099375 0.5542029203125 0.2898688921875 0.5470756625 0.27429699687500003 0.5481735734375001 0.255104953125 0.5417130140624999 0.252254453125 0.5393795640625 0.20772956874999998 0.539781728125 0.25554475