407 0.0255177171875 0 0.0138085125 0.22342491718750002 0.002603909375 0.4754361375 0.0118043796875 0.4909539359375 0.05747289375 0.46026895312500005 0.09611486875 0.5254437015625 0.139628959375 0.4976529375 0.1670732046875 0.547205215625 0.1944520578125 0.5215759624999999 0.21837328125000002 0.5619222359375 0.23760593281250003 0.5388731828125 0.259529896875 0.5791147828125001 0.2758222984375 0.5739543828125 0.29694093125 0.5149186796875 0.322322525 0.48918475624999996 0.3612134375 0.47318019843750003 0.507687896875 0.4297354875 0.6389896140625 0.48473070625 0.6779918046875 0.50481746875 0.6990186640625 0.5239621859375 0.725408640625 0.5554164671875 0.735774659375 0.6251235828125 0.750541296875 0.610861846875 0.7717712078125001 0.5879174671875 0.7829689375 0.6035399375 0.8003614953125 0.5773873234375 0.821074025 0.602529815625 0.84939586875 0.5589072374999999 0.87347425625 0.596254621875 0.9144083140625 0.541264525 0.9583021265625 0.5826575171874999 0.9944558421874999 0.542452515625 1 0.4366636828125 1 0.0255177171875 0.5130929562500001 0 0.0255177171875 0
895 0.6701599328125 0.50139989375 0.5098423203125 0.426841271875 0.361370603125 0.47018131093750004 0.32447695 0.48629054062500005 0.2972552609375 0.5089209046875001 0.2833857265625 0.544279525 0.27550796875 0.579952159375 0.2971634890625 0.5871013234375 0.7359318234375001 0.6221246953125 0.7250943109375 0.5614142421875 0.719888359375 0.5461057890625 0.7010159234375 0.5240668578125 0.6701599328125 0.50139989375
844 0.20625206718750003 0.67856483125 0.5188787515625 0.7129916453125 0.7683789703125 0.7290745234375 0.75758734375 0.6292738609375 0.7339345640625 0.6220200234375 0.27182778124999996 0.5737450390625 0.22541932656250002 0.5803342484375 0.20625206718750003 0.67856483125
1464 0.572490415625 0.7218155625 0.47893357031250006 0.7108982078125 0.48550812031249996 0.738306884375 0.4533489234375 0.7787212296875 0.4366963046875 0.8289696125000001 0.4091144 0.8966879640625001 0.38658128281250004 0.982713653125 0.642073278125 0.9991105453125 0.62398666875 0.9620771765624999 0.5867591796875 0.8699124421875 0.5626154 0.7573835250000001 0.572490415625 0.7218155625
1690 0.41896991093749997 0.746848259375 0.42684766874999996 0.711175625 0.4359368609375 0.6906021015625 0.40781806875 0.6921355828125 0.40041180625 0.718811553125 0.3931627078125 0.7424886390625 0.41896991093749997 0.746848259375
1690 0.6966348078125 0.722307446875 0.6566896265625 0.7202140078125 0.6668984796874999 0.7929200125 0.6747303515625 0.7963375874999999 0.6830337171875 0.7907585 0.683662378125 0.7787629500000001 0.6999547796875001 0.77360255 0.6966348078125 0.722307446875
1393 0.48245659218750003 0.7201042140625 0.4711016984375 0.707480634375 0.4331537765625 0.7054918671875 0.41896991093749997 0.746848259375 0.391008284375 0.745382853125 0.31733225625 0.8136926375 0.27686969375000003 0.8596860703125 0.25411401875 0.8735291171874999 0.15705365468750002 0.9676774953124999 0.3765949875 0.9821902937500001 0.38658128281250004 0.982713653125 0.4091144 0.8966879640625001 0.434384715625 0.8348627171875 0.44719998125 0.7814061015625 0.4790448484375 0.74698953125 0.48245659218750003 0.7201042140625
1393 0.3742443859375 0.759539915625 0.389168190625 0.7422792953124999 0.403194890625 0.7039217890625 0.386745321875 0.7120810750000001 0.3220013203125 0.762816221875 0.2165263125 0.826452365625 0.0978104296875 0.9134515796875 0.019399943750000002 0.9574562453125001 0.0611852203125 0.9626532437499999 0.147224525 0.9641552484375 0.2355100265625 0.8845826203125 0.2567399375 0.8616382375 0.2771840234375 0.8536882953125 0.332570390625 0.7904342390625 0.3742443859375 0.759539915625
1860 0 0.9594466625000001 0.015248260937499999 0.9602457890625 0.3722930140625 0.720345034375 0.3893712421875 0.7001901984375001 0.35357774375 0.695307215625 0 0.8107937265625 0 0.9594466625000001
1393 0.7298899859375 1 0.7093973140625 0.97557473125 0.66076904375 0.9098766250000001 0.6110865046875 0.8260805203125001 0.5819593296875001 0.7704257953125 0.57848219375 0.722129578125 0.572490415625 0.7218155625 0.5652413187499999 0.7454926484375 0.5603038109375 0.7632766281250001 0.5742387375 0.803099540625 0.5821818875 0.8426084375 0.593962390625 0.8853255671875001 0.6186235515625 0.949767609375 0.64223044375 0.9961116578125001 0.675551796875 1 0.7298899859375 1
1860 0.8850693265625 1 0.8734868875 0.978160053125 0.8159265906250001 0.9300365828125001 0.769878353125 0.8915378078125 0.7141581515625 0.8465178968749999 0.677781878125 0.8145402562499999 0.64939464375 0.7829813031249999 0.637882584375 0.7733566078125 0.6237446046875 0.7756227921875001 0.6174384984375 0.7813065515625001 0.6115579999999999 0.8170838578125 0.6331676328125 0.8633232328125 0.6666036562500001 0.9131895265625 0.734698353125 1 0.8850693265625 1
1464 0.5928427296875001 0.7920460390625 0.6117151640625 0.8140849703124999 0.6125009890625 0.7990905328125 0.6175956625000001 0.7783076640625 0.60992095625 0.7718912015625 0.6048721703125 0.7535838609375001 0.606129490625 0.7295927609375 0.60859824375 0.7207007703125 0.5804794515625 0.72223425 0.584428084375 0.7615338031250001 0.5928427296875001 0.7920460390625
1393 0.97047679375 1 0.9751245421875 0.9113156765625 0.9029547718750001 0.8744550546875001 0.79225430625 0.8085110046875 0.7227104546875001 0.7597595046875 0.7016835953125 0.7406147875 0.700269109375 0.767604775 0.6835052125 0.7817618375000001 0.6827193874999999 0.796756275 0.6667413140625 0.7959189 0.6601667640625 0.7685102234375 0.6512806234374999 0.746994653125 0.6402400593750001 0.7283732953125 0.6082839140625 0.7266985453125 0.606869428125 0.7536885328125 0.6159127343749999 0.7722052171875 0.62605619375 0.7697296890625 0.6361996546875 0.7672541609375 0.673944525 0.8113320249999999 0.744856975 0.8721837484374999 0.8734868875 0.978160053125 0.8864357484375001 1 0.97047679375 1
1860 0.8661070046875 0.8514740749999999 0.9224558671875001 0.8844984359374999 0.953783353125 0.8981687359375 0.9731272828125 0.9112110046874999 0.978379121875 0.88742925 0.97905366875 0.8363434890624999 0.7930860171874999 0.7544263578125 0.7724847671874999 0.7653751890625 0.7713846109375 0.7863674015625 0.8059207890625 0.8152414828125 0.8661070046875 0.8514740749999999
1694 0.699797615625 0.7766014375 0.6878140609375001 0.77597340625 0.6859280796875 0.81196005625 0.729664728125 0.856351934375 0.743959871875 0.8510868625000001 0.760095109375 0.84892535 0.76260975 0.8009431515625 0.73375101875 0.778380859375 0.7202417 0.76865149375 0.7085724765625 0.7620256875 0.699797615625 0.7766014375
1694 0.28133570625000004 0.8508987515624999 0.253956853125 0.8765280046875 0.2239979671875 0.874957925 0.1769149671875 0.9326328921875 0.19163571875000002 0.95746136875 0.191007059375 0.9694569171874999 0.34311307812499997 0.971414209375 0.336270084375 0.9109130984375 0.343362015625 0.8902349031250001 0.327226778125 0.8923964156249999 0.32570101406249996 0.88329508125 0.311877365625 0.8795634890624999 0.293902034375 0.8786214421875 0.28133570625000004 0.8508987515624999
1939 0.819076765625 0.60242514375 0.7965241421875 0.5741790921875001 0.7831261031250001 0.60054105 0.7737684671875 0.5880221390625 0.7399263421875 0.6223340390625001 0.75758734375 0.6292738609375 0.7662245453125001 0.7319687390625 0.7912459234375 0.7513227984374999 0.9793679984375 0.8303457140624999 0.982354134375 0.773366853125 0.9926157468750001 0.53934895625 0.9584592921875 0.57965863125 0.9144083140625 0.541264525 0.8736314203125 0.593255734375 0.8495530328124999 0.5559083499999999 0.819076765625 0.60242514375
1464 0.7538807750000001 0.7764286921875 0.7713846109375 0.7863674015625 0.7664929890625001 0.765061171875 0.7767936140625 0.7595867578125 0.7852541468750001 0.7510087828125 0.7620728625 0.7347582828125 0.6983177375 0.72840989375 0.7093583015625 0.74703125 0.7538807750000001 0.7764286921875
1413 0.878607940625 0.8040152359375 0.9162415328125 0.812001775 0.9247284453125 0.6500618515625 0.8847832640625001 0.6479684140625 0.878607940625 0.8040152359375
1413 0.817793065625 0.7797781921875 0.8409743484375 0.7960286937500001 0.85067269375 0.649187878125 0.8227110671875 0.647722471875 0.817793065625 0.7797781921875
1413 0.10818332187499999 0.7155250046875 0.1343048546875 0.7138868515625 0.147054728125 0.5852487046875 0.115570078125 0.57457729375 0.10818332187499999 0.7155250046875
1413 0.012897659375 0.7375954124999999 0.0573088546875 0.73090153125 0.0714732140625 0.575273396875 0.027690679687500004 0.5699717296875 0.012897659375 0.7375954124999999
1939 0 0.7211537156250001 0.20625206718750003 0.67856483125 0.2274165859375 0.5804389203125 0.2598442265625 0.5731170078125001 0.23976035625 0.5359789671875 0.2206848703125 0.5560291312500001 0.1944520578125 0.5215759624999999 0.1673875359375 0.5412074390625 0.139628959375 0.4976529375 0.098112128125 0.5255483734374999 0.05747289375 0.46026895312500005 0.0118043796875 0.4909539359375 0.0006291015625 0.474903053125 0 0.4869070265625 0 0.7211537156250001
1393 0 0.8091533703125 0.3294534703125 0.697050040625 0.20409764375 0.6814590468749999 0 0.7250777453125 0 0.8091533703125
1304 0.3757242640625 0.807731459375 0.37220124062500004 0.798525453125 0.365895134375 0.8042092125 0.362954884375 0.8220978656250001 0.356648778125 0.8277816250000001 0.35386569375 0.8426713906250001 0.35092544375 0.8605600421874999 0.3527655375 0.8636636015624999 0.3518225484375 0.8816569281250001 0.3639632671875 0.879286071875 0.3631774421875 0.8942805093749999 0.36501753593749997 0.8973840671875 0.360080028125 0.9151680499999999 0.36313155625000004 0.93337071875 0.366654578125 0.942576725 0.3719064171875 0.91879496875 0.3757437703125 0.9220032 0.37652959531249997 0.9070087625 0.384675796875 0.9044285625 0.381467103125 0.88922478125 0.38241009375 0.87123145625 0.3876619328125 0.8474497 0.3879762625 0.841451925 0.388604921875 0.829456375 0.381244546875 0.8170421390625 0.3817160421875 0.8080454749999999 0.3757242640625 0.807731459375
1603 0.5575012203124999 0.6638946546875 0.5594984796875 0.6639993265624999 0.6432261953125 0.671394434375 0.6447978453125 0.641405559375 0.5590728703125001 0.6339057796875001 0.5575012203124999 0.6638946546875
1603 0.332125275 0.646068953125 0.41385573124999997 0.6533593890625 0.417424640625 0.6234751859375 0.335694184375 0.6161847500000001 0.332125275 0.646068953125
1603 0.756912796875 0.6803596203125 0.7583272828125 0.6533696328125 0.6726023078125001 0.6458698515625 0.6710306562499999 0.6758587281249999 0.756912796875 0.6803596203125
1603 0.306318071875 0.6417093296874999 0.30788972187499997 0.61172045625 0.228156525 0.6045346921875 0.22458761562500001 0.63441889375 0.306318071875 0.6417093296874999