407 0.48690704062499995 0 0 0.0255177171875 0 0.2146405734375 0.153483275 0.3069331921875 0.7182955359375 0.26168619375 0.9505795812500001 0 0.48690704062499995 0
1939 0.9505795812500001 0 0.7182955359375 0.26168619375 0.7307828 0.4253194140625 0.9988893046875 0.5403517015625 0.9878662765625 0.2553818109375 0.9744822828125 0 0.9505795812500001 0
1939 0 0.4016276875 0.0080615640625 0.5922787828125 0.1942990015625 0.4886398359375 0.1766842171875 0.301805671875 0.157179734375 0.302827859375 0 0.2107350421875 0 0.4016276875
1939 0.7180910984375 0.25778529687499996 0.1766842171875 0.301805671875 0.193890128125 0.48083804218750004 0.7114827546875 0.43024249687499994 0.7309872375 0.4292203109375 0.7180910984375 0.25778529687499996
1683 0.7309872375 0.4292203109375 0.193890128125 0.48083804218750004 0.194094565625 0.4847389390625 0.057546595312500004 0.56621571875 0.07376349374999999 0.577100659375 0.0938812890625 0.5877811625 0.113794646875 0.59456076875 0.1846240984375 0.6025835859375 0.2751624703125 0.6134851140625 0.3724804484375 0.604473284375 0.6533450046875 0.589753796875 0.6683352796875 0.5772333578125 0.741634565625 0.5577454625 0.8229400828125 0.5417495890625 0.8613357374999999 0.528002525 0.9032234125 0.50624923125 0.7309872375 0.4292203109375
1668 0.43685084218750003 0.1160600453125 0.43356325625 0.127967171875 0.43642537968750006 0.182579725 0.46352721875 0.1772477671875 0.4612784078125 0.1343379046875 0.46066509531250005 0.1226352140625 0.43685084218750003 0.1160600453125
1668 0.2015372453125 0.2535638515625 0.2483480046875 0.251110603125 0.2448725703125 0.1847953609375 0.19026001718750002 0.1876574828125 0.2015372453125 0.2535638515625
1668 0.661229734375 0.21773755625 0.70804049375 0.215284309375 0.7045650593749999 0.148969065625 0.6579587375 0.15532321093749998 0.661229734375 0.21773755625
1547 1 0.6070989234375 0.7621446484375001 0.6505492312500001 0.7159472 0.6647051687500001 0.6182203484375 0.66591520625 0.575310484375 0.6681640171875001 0.5011934499999999 0.6720483265625 0.403262159375 0.669357465625 0.3404389390625 0.6648266703125 0.301429971875 0.66687104375 0.27371482187499996 0.6605003109375 0.26119438281249996 0.6455100375 0.2675651140625 0.6177948859375 0.10578841718750001 0.591068746875 0.061447492187499994 0.56601128125 0.0080615640625 0.5922787828125 0.029429328124999998 1 0.3638170078125 1 1 0.9666590609375 1 0.6070989234375
1316 1 0.5615450125 0.9992981796875 0.5481534953125 0.99786711875 0.52084721875 0.9847333671875 0.49415425468749996 0.9767271375 0.4906622328125 0.9763182625000001 0.48286043906250004 0.9718040531250001 0.4713621859375 0.9640022609375001 0.4717710609375 0.9525040078125 0.47628527031249995 0.9531173203125001 0.487987959375 0.961532425 0.49928177500000004 0.9539350687500001 0.503591546875 0.9508519218749999 0.5193995703125001 0.9448900640625 0.5549165140625 0.9461166890625 0.57832189375 0.96212915 0.5853059375 0.9709531296874999 0.6044015468749999 0.9906620500000001 0.6072802562499999 0.99744165625 0.5873668984375 1 0.5815013296875 1 0.5615450125
1319 0.5044644468749999 0.734462671875 0.50795646875 0.726456440625 0.519045846875 0.7141404390625 0.5459432484375 0.704907584375 0.5812557546875 0.7069685453125001 0.5888531109375 0.702658775 0.5808468796875 0.6991667515625 0.572431775 0.6878729375 0.5718184625 0.676170246875 0.5631989203125001 0.6609755359375 0.55149623125 0.661588846875 0.543898875 0.66589861875 0.532809496875 0.6782146203125 0.533218371875 0.6860164140625 0.5340361203125 0.70162 0.5262343281249999 0.702028875 0.511039615625 0.7106484171874999 0.496253778125 0.727069753125 0.5044644468749999 0.734462671875
1319 0.3936038421875 0.70897974375 0.39299053125 0.6972770546875 0.396073678125 0.6814690296875 0.3870452609375 0.658472525 0.367540778125 0.6594947125 0.3562469625 0.6679098171875 0.356860275 0.6796125078124999 0.3617833578125 0.698912553125 0.366297565625 0.7104108046875 0.36650200312500003 0.7143117015625 0.359109084375 0.7225223703125 0.410025178125 0.72376558125 0.42973409843750004 0.726644290625 0.4330216828125 0.7147371640625 0.3936038421875 0.70897974375
1547 1 0.537151971875 0.9067154343749999 0.4982430015625 0.8954216203125 0.50665810625 0.842240128125 0.5368265046875 0.6683352796875 0.5772333578125 0.6570414640625 0.5856484625 0.6338405218750001 0.590775984375 0.4583001734375 0.5999756640625 0.2712615734375 0.6136895515624999 0.2642775296875 0.6297020125 0.2696094875 0.6568038515625 0.312928225 0.6623568343749999 0.410859515625 0.6650476953125 0.5321961843749999 0.66651193125 0.6884364875 0.662235334375 0.7619402109375 0.646648334375 0.8549484171874999 0.63003915 0.9789593609375 0.60789356875 1 0.5996330234375 1 0.537151971875