407 0 0 0 0.000055803125 0.26953125 0.2734375 0.8359375 0.2890625 0.9921875 0.18359375 0.9921875 0 0 0
1939 0 0.28125 0.00390625 0.56640625 0.265625 0.4375 0.26953125 0.2734375 0 0.000055803125 0 0.28125
1939 0.99609375 0.56640625 0.9921875 0.1796875 0.83203125 0.28515625 0.8125 0.28515625 0.8046875 0.47265625 0.99609375 0.56640625
1939 0.28515625 0.44140625 0.8046875 0.46484375 0.8125 0.28515625 0.26953125 0.26953125 0.265625 0.44140625 0.28515625 0.44140625
1683 0.6328125 0.59765625 0.73046875 0.6015625 0.8203125 0.5859375 0.890625 0.57421875 0.91015625 0.56640625 0.9296875 0.5546875 0.9453125 0.54296875 0.8046875 0.46875 0.8046875 0.46484375 0.265625 0.44140625 0.09765625 0.52734375 0.140625 0.546875 0.1796875 0.55859375 0.26171875 0.5703125 0.3359375 0.5859375 0.3515625 0.59765625 0.6328125 0.59765625
1668 0.51953125 0.12109375 0.51953125 0.1328125 0.51953125 0.17578125 0.546875 0.1796875 0.546875 0.125 0.54296875 0.11328125 0.51953125 0.12109375
1668 0.73828125 0.23828125 0.78515625 0.23828125 0.79296875 0.171875 0.73828125 0.171875 0.73828125 0.23828125
1668 0.27734375 0.2265625 0.32421875 0.2265625 0.32421875 0.1640625 0.27734375 0.16015625 0.27734375 0.2265625
1547 0 0.9921875 0.99609375 0.9921875 0.99609375 0.56640625 0.94140625 0.54296875 0.8984375 0.5703125 0.73828125 0.60546875 0.74609375 0.6328125 0.734375 0.6484375 0.70703125 0.65625 0.66796875 0.65625 0.60546875 0.6640625 0.5078125 0.671875 0.43359375 0.671875 0.390625 0.671875 0.29296875 0.67578125 0.24609375 0.6640625 0.00390625 0.6328125 0 0.8125 0 0.9921875
1316 0.03515625 0.49609375 0.02734375 0.49609375 0.0234375 0.5078125 0.0234375 0.515625 0.015625 0.51953125 0.00390625 0.546875 0.00390625 0.57421875 0.00390625 0.59375 0.00390625 0.60546875 0.0078125 0.61328125 0.015625 0.6328125 0.03515625 0.62890625 0.04296875 0.609375 0.05859375 0.6015625 0.05859375 0.578125 0.05078125 0.54296875 0.046875 0.52734375 0.0390625 0.5234375 0.046875 0.51171875 0.046875 0.5 0.03515625 0.49609375
1319 0.46484375 0.66796875 0.45703125 0.6640625 0.4453125 0.6640625 0.4375 0.6796875 0.4375 0.69140625 0.4296875 0.703125 0.421875 0.70703125 0.4296875 0.7109375 0.46484375 0.70703125 0.4921875 0.71484375 0.50390625 0.7265625 0.5078125 0.734375 0.515625 0.7265625 0.5 0.7109375 0.484375 0.703125 0.4765625 0.703125 0.4765625 0.6875 0.4765625 0.6796875 0.46484375 0.66796875
1319 0.6484375 0.69140625 0.65234375 0.671875 0.65234375 0.66015625 0.640625 0.65234375 0.62109375 0.65234375 0.61328125 0.67578125 0.6171875 0.69140625 0.6171875 0.703125 0.578125 0.7109375 0.58203125 0.72265625 0.6015625 0.71875 0.65234375 0.71484375 0.64453125 0.70703125 0.64453125 0.703125 0.6484375 0.69140625
1547 0 0.595703125 0.00390625 0.625 0.02734375 0.6328125 0.15234375 0.6484375 0.24609375 0.66015625 0.3203125 0.671875 0.4765625 0.66796875 0.59765625 0.66015625 0.6953125 0.65234375 0.73828125 0.64453125 0.7421875 0.6171875 0.734375 0.6015625 0.546875 0.59765625 0.37109375 0.59765625 0.34765625 0.59375 0.3359375 0.5859375 0.16015625 0.5546875 0.10546875 0.52734375 0.09375 0.51953125 0 0.56453125 0 0.595703125