407 0.451855478125 0 0 0.0878318078125 0 0.163687178125 0.230535446875 0.3215756015625 0.789516609375 0.22883811875 0.9227714703125001 0.095493221875 0.9042094687500001 0 0.451855478125 0
1939 0 0.53670269375 0.025691799999999997 0.6598453296875 0.2580055671875 0.483369159375 0.230535446875 0.3215756015625 0 0.163687178125 0 0.53670269375
1939 0.9996500203125 0.4705270296875 0.9220261234375 0.091658740625 0.78493678125 0.2257489859375 0.765764375 0.2294757234375 0.7938720984375001 0.415021515625 0.9996500203125 0.4705270296875
1939 0.2779233203125 0.48347690156249995 0.792381403125 0.40735255312499996 0.765764375 0.2294757234375 0.2297901 0.3177411203125 0.2587509140625 0.48720364062500005 0.2779233203125 0.48347690156249995
1683 0.6490060515625 0.5705202093749999 0.745613428125 0.555721 0.8308251046875 0.5232400796875 0.8976097234375 0.498320378125 0.915291434375 0.486924678125 0.9322277968750001 0.471694496875 0.9453296796874999 0.45720966250000006 0.7931267515625 0.411187034375 0.792381403125 0.40735255312499996 0.2587509140625 0.48720364062500005 0.110265871875 0.6036121750000001 0.156171903125 0.61458575625 0.19675275781249998 0.6186357234375001 0.2795129046875 0.6144868671875 0.35534943750000003 0.6156631875 0.37292340625 0.6241852406249999 0.6490060515625 0.5705202093749999
1668 0.446873684375 0.1243285875 0.449109728125 0.13583202968750002 0.45730855156250005 0.17801132343749998 0.4848952671875 0.176628371875 0.47446040156249997 0.12294563437499999 0.4683898765625 0.11218753906250001 0.446873684375 0.1243285875
1668 0.6839650609375 0.19762355468749998 0.729978834375 0.18867938281250002 0.7249768875 0.1220025078125 0.67129415 0.132437375 0.6839650609375 0.19762355468749998
1668 0.2292602375 0.2740711328125 0.2752740125 0.2651269609375 0.26334844999999996 0.2037752625 0.21658932812499998 0.20888495156250003 0.2292602375 0.2740711328125
1547 1 0.47232751874999995 0.9996500203125 0.4705270296875 0.9414951984375 0.457955009375 0.9045333390625 0.4929952015625 0.7540277390625 0.5580647859375001 0.766914134375 0.5834154593750001 0.75839208125 0.6009894265625 0.7330414078125 0.613875821875 0.694696596875 0.6213292984375001 0.6348355921875 0.6409238234375 0.5404642578125001 0.6672264765625 0.467609115625 0.6813880812499999 0.42542982343749997 0.68958690625 0.330313140625 0.712055078125 0.28206332343749996 0.70949580625 0.038362709375 0.7250315109375001 0.06881421875 0.9021629921875001 0.0878318078125 1 0.5072004375 1 1 0.9042094687500001 1 0.47232751874999995
1316 0.042951390625 0.5848618875 0.0352824296875 0.5863525828125 0.033683990625 0.598601375 0.0351746859375 0.6062703359375 0.028251071875 0.6115955125 0.0219650609375 0.640672925 0.0271824953125 0.6675142921874999 0.0309092328125 0.6866866984375 0.033145275 0.6981901421875001 0.0384704515625 0.7051137562500001 0.049866153125 0.7227954671875 0.0682932109375 0.7152342484374999 0.07223543593750001 0.694571146875 0.08608266406250001 0.68392079375 0.081610578125 0.66091390625 0.0672334875 0.627894271875 0.060417615625 0.61330169375 0.052003306250000006 0.6109579078125 0.057436224999999994 0.5979637703125 0.0552001828125 0.5864603265625 0.042951390625 0.5848618875
1319 0.49753961718750006 0.6715908203125001 0.48912530781249997 0.669247034375 0.4776218640625 0.6714830765625 0.47293429218750005 0.6883116968749999 0.4751703359375 0.6998151406249999 0.46973741562500004 0.7128092796875001 0.46281380156249996 0.7181344562499999 0.47122811093749994 0.7204782421875 0.50499309375 0.70993563125 0.5333251578125 0.7123871609375 0.54706464375 0.7216545609375 0.5523898203125001 0.7285781765625 0.5585680875000001 0.71941851875 0.540248771875 0.707061984375 0.523420153125 0.7023744125 0.515751190625 0.7038651078125 0.5127697999999999 0.6885271828125 0.5112791046875 0.6808582203125 0.49753961718750006 0.6715908203125001
1319 0.68223231875 0.6595663671875001 0.6823400625 0.6396486140625 0.68010401875 0.6281451703125 0.66710988125 0.6227122515625 0.647937475 0.6264389890625 0.6447405984375 0.650936571875 0.6515564703125001 0.6655291484375 0.6537925125 0.6770325921875 0.616938396875 0.69215503125 0.6230089203125 0.7029131265624999 0.641435978125 0.6953519078125 0.6905388859375 0.6818279078125 0.681379228125 0.675649640625 0.68063388125 0.671815159375 0.68223231875 0.6595663671875001
1547 0.2813179765625 0.705661325 0.3564091609375 0.7030031640625001 0.5090430609375 0.6693547765625001 0.6264212828125 0.6385800374999999 0.7207926171875 0.612277384375 0.761481215625 0.5964095984375 0.7600982625 0.56882288125 0.7494479093749999 0.554975653125 0.564647465625 0.5869178578125 0.3920958125 0.6204585015624999 0.3683435765625 0.62109610625 0.35534943750000003 0.6156631875 0.176835003125 0.61852798125 0.117934834375 0.6021214796875001 0.10494069531250001 0.5966885609375 0.0214995515625 0.6587501265625 0.027447424999999998 0.6893492875 0.0368720140625 0.7173625484375 0.061369596875 0.720559425 0.187054384375 0.712046225 0.2813179765625 0.705661325