407 0.3004787125 0 0.622454659375 0.1757412359375 0.925047996875 0.245878496875 1 0.20830239687500002 1 0.0878318078125 0.630170459375 0.0159442265625 0.5454554453125 0 0.3004787125 0
1567 0.09207646093750001 0 0 0.473692328125 0 0.9093384234374999 0.24356605468749998 0.95668286875 0.5867272984375 0.545155765625 0.6582056281249999 0.188350059375 0.64336020625 0.1882941703125 0.300871709375 0 0.09207646093750001 0
316 0.6749601859375 0.44062645 0.6172436171875 0.42091818124999997 0.5971729890625 0.43682522500000004 0.566506584375 0.583671784375 0.6262682078124999 0.603777575 0.6516390859375 0.5606031078125 0.6749601859375 0.44062645
859 0.5936176234375 0.5097081171875 0.76941745 0.555199215625 0.8437007140624999 0.23855549375 0.657145578125 0.1938035421875 0.5936176234375 0.5097081171875
323 0 0.7813252671875001 0.246272334375 0.6261259906250001 0.2592931078125 0.515466228125 0.25315793750000004 0.5142736734375 0.213091725 0.5347832765625 0.20142645468749998 0.518366934375 0.1141738515625 0.55234258125 0.11924897187500001 0.558988621875 0.015560873437500001 0.60108860625 0 0.725003921875 0 0.7813252671875001
316 0.2962542140625 0.5000125921875 0.2860289296875 0.4980249984375 0.258838125 0.506888484375 0.247862409375 0.6179457640625 0.26013275 0.6203308765625 0.283763465625 0.6079456109375 0.2962542140625 0.5000125921875
316 0.118237990625 0 0.09392480625 0.13243058125 0.122025575 0.1407225859375 0.22730846875 0.1668470453125 0.2492214078125 0 0.118237990625 0
994 0.15395405625 0.8062649375 0.1519840421875 0.79456293125 0.1525140671875 0.7918361890625001 0.1520590859375 0.7832584437500001 0.1341836015625 0.7769540328125 0.12138323749999999 0.7772956625 0.11767306250000001 0.7963828578125 0.1253232625 0.800699675 0.123357971875 0.8654023390625 0.13358325625 0.8673899328125 0.1443385625 0.8666507843750001 0.1490337453125 0.8534145921875 0.15395405625 0.8062649375
1008 0.24468698125000002 0.7107108875 0.2380217859375 0.7122450734375 0.230296540625 0.71923274375 0.2307515234375 0.7278104890625 0.218481184375 0.7254253765625001 0.21689110937499997 0.733605603125 0.20977565468749998 0.8029667140625 0.2164408484375 0.8014325281250001 0.2190909734375 0.7877988171875 0.22931625625000002 0.7897864109375 0.2359814515625 0.7882522234375 0.2381015515625 0.7773452546875 0.2442367203125 0.7785378109375001 0.251961965625 0.7715501421875001 0.257942328125 0.718947003125 0.24468698125000002 0.7107108875
1008 0 0.908582003125 0.072311321875 0.9205645515624999 0.0871567421875 0.9206204421875 0.1000321515625 0.908974325 0.10525735781250001 0.893011390625 0.1079074828125 0.8793776796874999 0.118662790625 0.8786385296875 0.1279781109375 0.863470634375 0.1247932375 0.803426415625 0.11358294843750001 0.7955878203125 0.1034327078125 0.7822957390624999 0.0932074265625 0.7803081453125 0.076316946875 0.7798547390625 0.074196846875 0.79076170625 0.07306175468750001 0.807519678125 0.063896521875 0.8000786 0.04541596875 0.8078054187499999 0.045340925 0.8191099062499999 0.04117576875 0.8296193562499999 0.026860371875 0.826836725 0.011484925 0.8295075781250001 0.0088348 0.8431412890625 0.0031546125 0.850526478125 0 0.8518454390624999 0 0.908582003125
323 0.3276852171875 0.46933516875 0.32450506875 0.48569562031249996 0.2988292953125 0.4976833671875 0.287398596875 0.600162903125 0.3763163171875 0.5467025421875 0.39282213593750004 0.450869046875 0.3276852171875 0.46933516875
1567 1 0.206570475 0.927623078125 0.24354927499999998 0.851425959375 0.2315678234375 0.74155125625 0.6658030890625 0.7161555140625 1 0.91216819375 1 1 0.5481445234375 1 0.206570475
819 0.7195962359375 1 0.7395062 0.6654055703124999 0.769947475 0.5524724734375 0.5921025921874999 0.50658385625 0.5887723546875 0.5455532843750001 0.24818619062499997 0.9547511640625 0.48097127500000003 1 0.7195962359375 1
1814 0.3200208515625 0.23580434062500003 0.24995889999999998 0.225015446875 0.163006471875 0.2137731421875 0.143015609375 0.294780371875 0.178311596875 0.298811446875 0.313435421875 0.302438709375 0.3200208515625 0.23580434062500003
1050 1 0.19252158125000002 0.435744715625 0.077193590625 0.433624615625 0.088100559375 0.9979852031249999 0.20912021875 1 0.19875498281249998 1 0.19252158125000002
1814 0.23330771874999998 0.41986258593750003 0.2423931859375 0.36220348125 0.223987675 0.35862581250000003 0.2070971984375 0.35817240625 0.19944699531250001 0.3538555875 0.18460157500000002 0.3537997 0.175891325 0.354936365625 0.17036594375 0.4161172515625 0.1621857171875 0.414527175 0.1435550765625 0.44486296875000003 0.1441648671875 0.507236409375 0.1626454203125 0.49950959062500006 0.1668105765625 0.48900014062499997 0.17802086718750001 0.4968387359375 0.207786753125 0.485646028125 0.22884238906249998 0.4755899859375 0.23891286250000002 0.42378188437500003 0.23330771874999998 0.41986258593750003