1808 0.603110553125 0.4345386234375 0.6021798390625 0.4153661203125 0.57328623125 0.42867900781249996 0.56820753125 0.4676570578125 0.6291106625 0.47678318906249995 0.6352414625 0.46516526718750006 0.6235060203125 0.4366822734375 0.603110553125 0.4345386234375
747 0.5247053421875 0.43311029218749997 0.5130507890625 0.43188534843750004 0.5019425359375 0.43480525625000005 0.4982802109375 0.46030740000000003 0.49615564843750004 0.480521259375 0.49447624843750004 0.487157134375 0.5148514671875 0.49883599843750004 0.5389901484374999 0.5027355515624999 0.553558340625 0.50426673125 0.535975371875 0.48470648125000004 0.5333652578125 0.4721698515625 0.539657946875 0.44966912499999995 0.5348221328125 0.43962351718750003 0.5247053421875 0.43311029218749997
1539 0.407350590625 0.344477078125 0.3990143390625 0.3490508140625 0.38940335 0.36575286406249996 0.376878721875 0.3821486765625 0.36516341875 0.409529371875 0.369412434375 0.4345005546875 0.367429509375 0.4533668234375 0.35437883124999997 0.45608257500000005 0.3483694171875 0.4758881203125 0.361258209375 0.48405517187499997 0.4160507875 0.49526401406250004 0.43326959218749994 0.490261396875 0.44828294687500003 0.47821459062500005 0.44207125625000004 0.46257446562500004 0.4503468703125 0.42120747031250005 0.45235004375 0.3928059875 0.44668465468749996 0.3813107109375 0.4393601140625 0.366916096875 0.4274425359375 0.3588511234375 0.4190051453125 0.345702021875 0.407350590625 0.344477078125
1186 0.7791232515625001 0.0865319 0.776674915625 0.128511365625 0.7522933468749999 0.1736354671875 0.73167524375 0.210980259375 0.7273047312500001 0.2432203578125 0.7407195734375 0.265067475 0.7770793578124999 0.26480160937499997 0.7978997390625 0.2629024875 0.8117193546875001 0.2248431453125 0.8025131375000001 0.181638734375 0.794925571875 0.1604040890625 0.7924773453125 0.13698465625 0.7890984046875 0.0943927171875 0.7791232515625001 0.0865319
1427 0.2694786546875 0.44170929687499993 0.268163528125 0.40750913750000006 0.287749671875 0.39866790625 0.3048673375 0.375942453125 0.3010229859375 0.3564637125 0.3212970671875 0.3504197390625 0.3143771890625 0.34151756718750004 0.29288912031250003 0.331084215625 0.268325525 0.3312274328125 0.2675364484375 0.3107073375 0.25090444375 0.3007843796875 0.2425479421875 0.3148933265625 0.22799999999999998 0.303826934375 0.21834862031250002 0.274200509375 0.193987303125 0.30978939687499996 0.2014534796875 0.3228364203125 0.195464315625 0.3331067515625 0.1554624546875 0.34933954843750004 0.1744617984375 0.35542389218750003 0.1790345875 0.35862946562500003 0.1696663734375 0.3917067609375 0.1779418765625 0.415738665625 0.19503929375 0.4025484265625 0.19791243281249998 0.4219250875 0.20999189999999998 0.41910725781249997 0.20052254687499999 0.4344617171875 0.21454443906249998 0.4318480453125 0.21642611562499997 0.46065784218749994 0.249164075 0.46682369531249995 0.2694786546875 0.44170929687499993
950 0.6794719796875001 0.5488377671875 0.6584289625 0.59022533125 0.6583277140625 0.637901396875 0.6742110328125 0.6736327359375001 0.6952944390625 0.6785736453125 0.720019921875 0.6675476234375 0.7290846109375 0.6467007234375 0.7352761609375 0.6064771609374999 0.7286800578125 0.5758093828125 0.715690128125 0.5499194921874999 0.6934938703125 0.5462240953124999 0.6794719796875001 0.5488377671875
1539 0.5945927125 0.1325358703125 0.5760991703125 0.149666803125 0.56590138125 0.18129442812500002 0.56448500625 0.19477033593749998 0.574743434375 0.199935971875 0.577535684375 0.192054584375 0.5879559999999999 0.18633741875 0.5897365390625 0.197424378125 0.5977895156249999 0.1955458265625 0.5967171640625 0.1777209125 0.6032728781250001 0.16206021718750002 0.6091406546875 0.14360226250000002 0.5945927125 0.1325358703125
316 0.5508880265625 0.1933412359375 0.5452225281249999 0.24724486093750003 0.611811296875 0.2583310546875 0.6212200109375 0.206183334375 0.5508880265625 0.1933412359375
2001 1 0.3432733359375 0.9522408062500001 0.775066140625 0.9656556484375001 0.79691325625 1 0.48203889999999994 1 0.3432733359375
278 0.6020384203125 0.2859159078125 0.5573828828125 0.2716850796875 0.5497142078125 0.3539901875 0.6070157625 0.3600128234375 0.6020384203125 0.2859159078125
1340 0.8945557171875 0.23082464218749998 0.9152344593749999 0.23027311093749997 0.9207178218750001 0.19678750312499999 0.8811813734375 0.1899070984375 0.8690612984375001 0.27719425625 0.8870894296875 0.28317652031249996 0.8945557171875 0.23082464218749998
994 0.9163270609374999 0.23856281093749998 0.892593040625 0.2401556984375 0.8894365171875 0.28887311875 0.9070599843749999 0.2893629421875 0.9163270609374999 0.23856281093749998
1148 0.47964568906249994 0.08639251718749999 0.45413113125000004 0.07689844375 0.42908198437499995 0.0442911703125 0.3944016 0.0379211609375 0.3994801890625 0.0643420109375 0.400977453125 0.078124153125 0.397477015625 0.0927434921875 0.3823625234375 0.0870674640625 0.383374234375 0.068099115625 0.383556371875 0.0476811 0.384851359375 0.0260175703125 0.37528086875 0.02364919375 0.37125437968749997 0.0245884703125 0.3675718046875 0.059625828125 0.3630799046875 0.0836783015625 0.3536308015625 0.089497546875 0.3449101375 0.0790436265625 0.3443840859375 0.0653635640625 0.35259895 0.0526022078125 0.364557028125 0.04159675625 0.345840959375 0.03281723125 0.32419100312500004 0.033266684375 0.3054141859375 0.0530927984375 0.28722416875 0.0579933375 0.2670917265625 0.06268971875 0.2689936515625 0.081964303125 0.2429728546875 0.3108505546875 0.2421027796875 0.3284713125 0.22617874218749998 0.4426082015625 0.3628364703125 0.4596964625 0.4238812390625 0.467475003125 0.4378426015625 0.36266916875 0.4662712359375 0.1108738765625 0.47964568906249994 0.08639251718749999
1788 0.0559935390625 0.660429596875 0.0629336671875 0.6597965546875 0.0669804046875 0.6493220671875 0.1395380890625 0.659673140625 0.1528922921875 0.6447269953125 0.1566760046875 0.6274124765625 0.1494931015625 0.6116702703125 0.139780975 0.610649484375 0.12037696875 0.5990727015624999 0.0949636578125 0.5419025609375 0.0951457953125 0.52148454375 0.10079104531250001 0.47711612968750006 0.10332027031249999 0.46239471249999997 0.0943163296875 0.45463597343749995 0.070865584375 0.453533678125 0.06117370625 0.4429776796875 0.045452165625 0.46176243906250003 0.040272328125 0.483017653125 0.041182790625 0.511725371875 0.0216775375 0.5478246515625 0.016699975 0.6045255390625 0.0123699625 0.6176952078125 0.0109333375 0.6407063281250001 0.0461397734375 0.6607564015625 0.0559935390625 0.660429596875
278 0.5467603999999999 0.17655767656250002 0.5430374359375 0.165266559375 0.518615478125 0.164062184375 0.5101172296875001 0.24491762343749998 0.5402248265625 0.248082059375 0.5467603999999999 0.17655767656250002
278 0.6788655890624999 0.1809051484375 0.674009525 0.18039475625 0.6459859906250001 0.17608688749999998 0.6377711265625 0.18884824375 0.6262582109375 0.1862757109375 0.6198642750000001 0.256452503125 0.6577415734375001 0.2604335671875 0.6703673390625 0.2617605890625 0.6788655890624999 0.1809051484375
1675 0.848989165625 0.5148806015625 0.8459136390625 0.5254571703125 0.837172725 0.5245384625 0.8322559125 0.552633709375 0.8806749140625 0.559085228125 0.8840742140625 0.5267430531249999 0.848989165625 0.5148806015625
278 0.8389937625 0.5165549984375 0.8850656765625 0.51730991875 0.888505475 0.4658973171875 0.8443759875 0.465346553125 0.8389937625 0.5165549984375
554 0.9026894734375001 0.3216030390625 0.8939485578124999 0.32068433281250003 0.8803515781250001 0.31925523125 0.8797647796874999 0.33418080781250004 0.8841959296875 0.3387339734375 0.8876558687499999 0.343185059375 0.8836900203125 0.380917596875 0.8748277171875 0.3718112671875 0.8664914640625 0.3763850015625 0.8651964781249999 0.3980485296875 0.8735124796875 0.403010009375 0.8922487984374999 0.4022543203125 0.9026894734375001 0.3216030390625
1340 0.6804231625 0.42767725624999997 0.818477015625 0.44082482343749996 0.8340571390625 0.292589853125 0.6982289859375 0.2769512625 0.6804231625 0.42767725624999997
609 0.6811920984375 0.3923336625 0.6709537 0.508430615625 0.7185431265625 0.513432465625 0.7294694625 0.400132775 0.6811920984375 0.3923336625
972 0.7881871734375 0.52347730625 0.77667425625 0.520904771875 0.7815505703125 0.5118799515625 0.8018246515625 0.5058359796875 0.8137624796875 0.5043657421875001 0.8200754171875 0.4723298015625 0.80807695 0.43700677812500005 0.8082590859375 0.41658876093749997 0.813985225 0.39947839687500003 0.8139245859375001 0.36268513593749996 0.8039494328125001 0.35482431875 0.783209940625 0.3839814890625 0.783048053125 0.39486429218749997 0.79235551875 0.39039263750000003 0.7871959296875 0.40211263906249994 0.7765125890625 0.40098977343750003 0.7712113625 0.41405736718749997 0.7699366249999999 0.4261856828125 0.7630369984375001 0.407748296875 0.758019046875 0.41812070625000003 0.754761384375 0.4491152921875 0.7605684125 0.45926297656250004 0.7666992140625 0.447645053125 0.7649389249999999 0.4270228796875 0.7743475281250001 0.44027405937499997 0.7833717171875 0.43849758593750005 0.7960581234374999 0.47661786875 0.788389559375 0.4935240765625 0.767407290625 0.5063060015625 0.7576749140625 0.514820428125 0.7263128296875 0.5142490953125 0.722954028125 0.5275208453125 0.7923350499999999 0.5307256515625001 0.7881871734375 0.52347730625
1564 1 0.1156112421875 0.9361764484374999 0.10576381093750001 0.8535828625 0.11615755624999999 0.8553431515625001 0.13677973125 0.81285190625 0.541056925 0.8854904781249999 0.5786660484375 0.9690147781249999 0.58744480625 1 0.2983996640625 1 0.1156112421875
1564 0.5024084953125 0.084697553125 0.457428525 0.48462573906250006 0.46697876562499996 0.496529328125 0.48057574374999995 0.497958428125 0.6635886609375 0.5131064296875001 0.70581688125 0.10198920468749999 0.5104614734374999 0.08281900156250001 0.5024084953125 0.084697553125
278 0.8632945515625 0.378773946875 0.8875748703124999 0.3813259109375 0.8892947703124999 0.3556196109375 0.876750003125 0.3161517375 0.8544121078125 0.31380392968750004 0.8416040953125 0.398293825 0.8581147124999999 0.4000291609375 0.8632945515625 0.378773946875
623 0.6614846765625 0.32758837343749997 0.6399763593750001 0.326690234375 0.63625339375 0.3153991171875 0.6197427765625 0.31366378125 0.6193786140624999 0.2891009140625 0.6288277156250001 0.2832816671875 0.6184478999999999 0.2699284078125 0.607481284375 0.2715007265625 0.6054983593750001 0.2903669953125 0.616586253125 0.3623812015625 0.660574103125 0.36427955624999997 0.6614846765625 0.32758837343749997
608 0.5039255703125 0.35054008593749997 0.54499978125 0.35213220624999997 0.55248631875 0.29024511406250003 0.5075272562500001 0.28824468125 0.5039255703125 0.35054008593749997
515 0 0.8720459406250001 0.0130777109375 0.8725528593749999 0.090370071875 0.875226703125 0.11185814062499999 0.8856600546875001 0.137696471875 0.873388521875 0.16586164375 0.8763488015625001 0.1934602640625 0.88469944375 0.239208403125 0.9072199703124999 0.2425469546875 0.9034834343749999 0.2332598484375 0.8330209765625 0.21116495 0.7162506125 0.19989491875 0.6646544234375 0.1863384390625 0.6441548953125 0.16304958125 0.6321697984375 0 0.616302321875 0 0.8720459406250001
224 0 0.9477525640625 0.186621165625 0.96845421875 0.1837481359375 0.8836786578125 0 0.8733254828125 0 0.9477525640625
1506 0.6465311953125 0.834220746875 0.22905133281249998 0.78897936875 0.240665278125 0.8746736374999999 0.7111571796875 0.9200368984375 0.6465311953125 0.834220746875
1506 0.6216128484375 1 0.5742970656249999 0.9329018671875 0.188320925 0.88688423125 0.18870522812499999 0.9673107875 0.4908936609375 1 0.6216128484375 1
716 0.1838497140625 0.6398058875 0.2022622578125 0.6608158078125 0.2168100890625 0.7372811015625 0.21958209062499998 0.7389349265625 0.22470117968749997 0.7462853515625001 0.23204597031250002 0.751144753125 0.24038222187499997 0.7465710171875 0.24912313749999998 0.747489725 0.25743913906250004 0.7524512046875 0.26963999375 0.757820996875 0.279473509375 0.76702940625 0.2930704890625 0.76845850625 0.3056962546875 0.769785528125 0.321235659375 0.771418784375 0.3351159125 0.7701527046875001 0.3494210796875 0.76484385 0.3627550328125 0.75943291875 0.3714959484375 0.7603516265625 0.3782944375 0.7610661765625 0.384668015625 0.7658234984375001 0.3899489921875 0.76229111875 0.4028580328125 0.760922959375 0.409919546875 0.768477540625 0.4128129359375 0.778318990625 0.41570632500000004 0.7881604390625 0.46135332656249994 0.7929581328124999 0.4626078140625 0.790365028125 0.470681040625 0.7789512625 0.4783293546875 0.77158026875 0.48235584375 0.7706409921875 0.48818312031250005 0.7712534640625 0.492897546875 0.7731114484375 0.4981582734375 0.7791142828125001 0.5031559750000001 0.778277084375 0.5082953140625001 0.776092296875 0.514122590625 0.7767047671875 0.5209210796875 0.7774193171875 0.5292370828124999 0.782380796875 0.5365818734375 0.787240196875 0.5453227875 0.7881589046874999 0.5583734671875 0.7854431546875 0.56573850625 0.780767340625 0.5715657828125 0.7813798125 0.5812779109374999 0.7824005984375 0.586680275 0.7870558421875 0.5895939140625 0.7873620781249999 0.596129378125 0.781236596875 0.6058415046875 0.7822573828125 0.6112438703125 0.786912625 0.615654771875 0.8010010031249999 0.6186897984375 0.8094948625 0.638255690625 0.8101888421875 0.6851369296875001 0.8219286453124999 0.7310469562499999 0.833566371875 0.7400508968749999 0.841325109375 0.7532432140624999 0.83726176875 0.756096103125 0.86617364375 0.7619233796875 0.8667861140625 0.8009135281249999 0.86952166875 0.7980807796875 0.8964734796875 0.80305823125 0.9051714953125 0.8166552093749999 0.9066005953125 0.8238584718749999 0.8474086859375 0.9188956875000001 0.8587599765625 0.9135134640624999 0.9099684218749999 0.9184909156250001 0.9186664375 0.9343135953124999 0.9176045125 0.9706739296875 0.59034414375 0.8842359906249999 0.58125915 0.81285190625 0.541056925 0.8099787671875 0.5216802625 0.4550814359375 0.478929140625 0.2010283484375 0.4576769953125 0.1838497140625 0.6398058875
703 0.4513988609375 0.513966496875 0.2178828796875 0.49351040937499996 0.21264229218750003 0.5433712640625 0.4468462125 0.5666246109374999 0.45514207500000003 0.5157224015625 0.4513988609375 0.513966496875
703 0.333477340625 0.5615214500000001 0.3285200296875 0.608687121875 0.4424352 0.6179351343749999 0.44696759999999996 0.5748122343750001 0.333477340625 0.5615214500000001
703 0.2120757421875 0.5487616265625 0.20740170624999998 0.59323211875 0.322004815625 0.605277390625 0.3266788515625 0.5608069 0.2120757421875 0.5487616265625
703 0.3274071796875 0.6099326328125 0.32036580468750003 0.6582417390625 0.43705297656250003 0.6691435796875 0.4426982265625 0.6247751671875 0.3274071796875 0.6099326328125
703 0.20586394375 0.598520403125 0.19979378125 0.6469315875 0.316480953125 0.657833425 0.321438265625 0.610667753125 0.20586394375 0.598520403125
703 0.3195159796875 0.6663272828125 0.3131625421875 0.71743365 0.43150886406250005 0.7312348265625 0.4371743640625 0.6773312015624999 0.3195159796875 0.6663272828125
703 0.314801553125 0.6644693 0.19811438125 0.6535674609375001 0.20351674531250002 0.6582227046875 0.21201477500000002 0.70816506875 0.307335265625 0.716821178125 0.314801553125 0.6644693
183 0.7415887703124999 0.7706379250000001 0.7419530437499999 0.729801890625 0.6894873031250001 0.7338248625 0.7016274078125 0.7678002937499999 0.7103683234375 0.7687190015625001 0.7386751312500001 0.7703316890624999 0.7415887703124999 0.7706379250000001
703 0.47889623437499995 0.5699932046875 0.6362327062500001 0.586529934375 0.6307899515625001 0.5355462156249999 0.483711909375 0.524175121875 0.47889623437499995 0.5699932046875
703 0.640704246875 0.637411571875 0.6376085812500001 0.5921244531250001 0.477075196875 0.5779766703125 0.4746268609375 0.6199561359375 0.640704246875 0.637411571875
703 0.6371228109375 0.6901717656249999 0.641938484375 0.644353684375 0.47211788437499996 0.6251423421875 0.4670189359375 0.6736556046875 0.6371228109375 0.6901717656249999
703 0.6303242109375 0.7548561171875 0.6362729859375 0.698257309375 0.46699868593750005 0.68319081875 0.46007869843750004 0.739687546875 0.6303242109375 0.7548561171875
423 0.74925744375 0.6883328171875001 0.717895359375 0.6877614828125 0.7157103765625 0.5403842796875 0.7172886390625 0.5160255703125001 0.7146582765625 0.5130241515625 0.7057757234375 0.5134530359375 0.7050675359375 0.5201909890625 0.7042177109375001 0.5282765328125001 0.699766309375 0.5332585812499999 0.6919966078125 0.532441953125 0.676335815625 0.5226210734375 0.6633053859375 0.515801609375 0.6547061078125 0.5135353125 0.64762434375 0.51551594375 0.638458515625 0.5186400078125 0.6334608140625 0.51947720625 0.6377098296875 0.5444483875 0.63973314375 0.57191059375 0.6508614265625 0.690253275 0.6462683890625 0.6965829125 0.642504925 0.7043622218750001 0.6420597640625 0.71794020625 0.651063703125 0.7256989468749999 0.605112959375 0.8639294484375 0.6164842375 0.8678495734375 0.6192764875 0.8599681859375 0.6295956640625 0.8365281828125 0.6336221531249999 0.8355889078125 0.64430549375 0.836711771875 0.6649842375 0.836160240625 0.673725153125 0.8370789468750001 0.6623740140625001 0.8890225109375001 0.667776378125 0.8936777546875 0.67651729375 0.8945964609375 0.67888463125 0.8907578468749999 0.68185901875 0.8624584437499999 0.7004536984375 0.8630503468749999 0.7111370390625 0.8641732109375001 0.7176522546874999 0.8675829421874999 0.72390444375 0.864152640625 0.7297317203125 0.8647651125 0.7418111859375001 0.861947284375 0.776086909375 0.862824853125 0.775358471875 0.87909801875 0.7765724609375 0.8955753421875 0.7871141640625 0.8980457968750001 0.7896231390625 0.8928595921875001 0.7922737515625 0.8863257953125 0.7891375875 0.860109103125 0.784483909375 0.8296454796875 0.7763704031249999 0.7293318703125 0.78747865625 0.7264119625000001 0.78958296875 0.7157333140625 0.74925744375 0.6883328171875001
931 0.3968489484375 0.5845318015625 0.3871570703125 0.5739758015625 0.3765951171875 0.5810405609375 0.368258865625 0.5856142953125001 0.38058110625 0.5991717109375 0.391122809375 0.6016421656250001 0.40225131249999996 0.5891870453125 0.3968489484375 0.5845318015625
931 0.278502625 0.5707306234375 0.268952384375 0.5588270343749999 0.25630636875 0.5670352265624999 0.24782847968750002 0.5729565515624999 0.25557793125 0.58330839375 0.2706924234375 0.588984421875 0.285301115625 0.5714451734375 0.278502625 0.5707306234375
931 0.2624573109375 0.611280990625 0.2541210578125 0.6158547249999999 0.2427295296875 0.6214698140625 0.2518548578125 0.6374161765624999 0.2675359 0.6377018421875 0.2757507640625 0.6249404859375 0.2624573109375 0.611280990625
931 0.3899492109375 0.6314933171875 0.3817748453125 0.625184246875 0.37552265625 0.6286145484375 0.365385615625 0.631636534375 0.3655070046875 0.63982415625 0.3743693078125 0.6489304859375 0.3860238609375 0.6501554296875 0.3989531515625 0.6392520562499999 0.3899492109375 0.6314933171875
931 0.2682844765625 0.6772923640624999 0.2576213859375 0.6666342875 0.24234500625000002 0.6718410609375 0.23663911875000002 0.6794162125 0.24521814531250002 0.6912177234375 0.2615871265625 0.6943006484375001 0.272573990625 0.68319311875 0.2682844765625 0.6772923640624999
931 0.3896860765625 0.6900521859375 0.3853965625 0.68415143125 0.377080559375 0.6791899515625001 0.36651860625 0.686254709375 0.3610959921875 0.691134678125 0.36579016875 0.7025278765625 0.3820175125 0.7069583921875 0.3920331640625 0.695748784375 0.3896860765625 0.6900521859375
931 0.52602025 0.598108253125 0.517562609375 0.5944943640625 0.5105010937500001 0.58693978125 0.4999391421875 0.5940045390625001 0.49049003906250005 0.5998237859375 0.4979562171875 0.612870809375 0.513495621875 0.6145040671875 0.5255953375 0.6021510250000001 0.52602025 0.598108253125
931 0.6154729640625 0.6252223171875 0.6268644921875001 0.619607228125 0.63105286875 0.607785146875 0.624537653125 0.6043754171875 0.61344965 0.5977601109374999 0.5963522328125 0.6109503515625 0.6068736859375 0.62295601875 0.6154729640625 0.6252223171875
931 0.6049514 0.67861555 0.6192565671875 0.673306696875 0.62496245625 0.6657315453125 0.6210978546875 0.65578801875 0.6119522765625 0.6493768703125 0.594450196875 0.65707466875 0.593600371875 0.6651602125 0.6023210375 0.6756141328124999 0.6049514 0.67861555
931 0.5132932343750001 0.644457296875 0.5049772328125 0.6394958171875 0.49872504375000004 0.6429261187499999 0.48941757812500003 0.6473977734374999 0.485937390625 0.6524819 0.49257399218750003 0.6640792531249999 0.508942971875 0.6671621796875 0.5202131125 0.65335946875 0.5132932343750001 0.644457296875
931 0.5073444609375 0.701056103125 0.4962564578125 0.6944407984375001 0.482922503125 0.6998517296875 0.481931040625 0.7092848640625 0.48579564218750004 0.7192283921875 0.502306259375 0.720963728125 0.5131514875 0.7112037890625 0.5073444609375 0.701056103125
931 0.605113178125 0.7331316484375 0.6116486421875 0.727006165625 0.61790083125 0.7235758640625 0.61875065625 0.7154903203125 0.6042027140624999 0.704423928125 0.586134084375 0.717512090625 0.59262905 0.7304570359375 0.605113178125 0.7331316484375
1044 0.51527626875 0.5601921265625001 0.5175019703125 0.557701103125 0.5208405203125 0.5539645671875 0.5197479203125 0.545674865625 0.5150334937500001 0.5438168812499999 0.5110070046875 0.544756159375 0.5065556046874999 0.54973820625 0.51056184375 0.5583341421875 0.51527626875 0.5601921265625001
1044 0.6164240375000001 0.5694607078125 0.6222513140625 0.5700731796875 0.6262778015625 0.569133903125 0.6271276265625 0.561048359375 0.6246389015625 0.5566993515624999 0.6220085375 0.5536979343749999 0.6158979859375 0.5557806453125 0.6133890109375 0.56096685 0.6164240375000001 0.5694607078125
1044 0.40595413750000003 0.544614475 0.41135650156250003 0.54926971875 0.41635420312500004 0.5484325203125 0.418721540625 0.54459390625 0.419288090625 0.53920354375 0.41416900156249997 0.53185311875 0.406662325 0.5378765234375 0.40595413750000003 0.544614475
1044 0.2533320921875 0.5299357296875 0.25875470625 0.525055759375 0.2596045296875 0.516970215625 0.2550317421875 0.513764640625 0.253089315625 0.5135604828125 0.2466954890625 0.518338375 0.247646453125 0.5279756671875 0.2533320921875 0.5299357296875
676 0.051742175 0 0 0.47785404375 0 0.61367011875 0.007797173437500001 0.614489634375 0.01475755 0.60432138125 0.0157086234375 0.548559771875 0.0332714515625 0.5122563328124999 0.0354971515625 0.509765309375 0.034303412500000005 0.483752771875 0.0379454890625 0.4677858421875 0.049357265625 0.45263554062500005 0.0561760046875 0.44381487656249996 0.06145698125 0.440282496875 0.0721200734375 0.450940575 0.0955708171875 0.4520428703125 0.1437073125 0.0033972656249999997 0.1113844875 0 0.051742175 0