1156 1 0.359310178125 0.9982524078124999 0.355980103125 0.955927359375 0.34760379375 0.8248573406249999 0.2866945796875 0.7424588375 0.28588968124999997 0.7081369750000001 0.4629595765625 0.7903371859375 0.5030213015625 0.8034267046875 0.527963665625 0.8379820499999999 0.5355233453125 0.8794904703125 0.55166935625 0.9258986609375001 0.5211971531249999 0.9870296296875001 0.500127909375 1 0.4464928796875 1 0.359310178125
278 0.361941715625 0.206618053125 0.3529588015625 0.292084778125 0.5437248218749999 0.308207328125 0.528990315625 0.22417556875 0.47848725156249994 0.21886748281249999 0.40896824374999996 0.20763297343749998 0.361941715625 0.206618053125
1342 0.6222384734374999 0.3086039125 0.6320380171875 0.21536748437500003 0.5625190109375 0.204132975 0.5488346171875 0.29696108906249996 0.6222384734374999 0.3086039125
1342 0.6684483734375 0.317388534375 0.6745730875 0.2591157671875 0.6163003203125 0.25299105312500003 0.6062907546875 0.31085550624999997 0.6684483734375 0.317388534375
1016 0.59467139375 0.5335169640624999 0.8576280593750001 0.6475656921875 0.9475862421875 0.61381524375 0.9426747390625 0.5858046578125 0.68585451875 0.4881119640625 0.59467139375 0.5335169640624999
1170 0.6431328859375001 0.55824930625 0.6081692265624999 0.5545744781249999 0.592629821875 0.5529412203125 0.5905882499999999 0.5723654765624999 0.6087875625 0.5860616015625 0.631280040625 0.5962811890624999 0.647227759375 0.5940295953125 0.6531541828125 0.5750136546875 0.6431328859375001 0.55824930625
863 0.2810251 0.528045778125 0.2877681515625 0.501260134375 0.2652756734375 0.49104054531249997 0.245443103125 0.492883825 0.21784083125000003 0.49391047656250003 0.2088461859375 0.5047484015625 0.218050853125 0.5292824515625 0.23359025781249998 0.5309157078125 0.25035460625 0.5208944125 0.2611925296875 0.5298890578125001 0.2810251 0.528045778125
1267 0.459121646875 0.5899699125 0.530472203125 0.5464081921874999 0.4435705125 0.5137078546875 0.364041940625 0.5603378 0.459121646875 0.5899699125
1298 0.39572735625 0.5204626375 0.3945024125 0.532117190625 0.511047946875 0.5443666203124999 0.39572735625 0.5204626375
1387 0.11028994218749999 0.470823121875 0.0792111328125 0.46755660781249997 0.039545992187500004 0.4712431671875 0.0417975859375 0.4871908859375 0.060405214062500004 0.49700215937500003 0.0871908578125 0.5037452109375 0.1147931296875 0.5027185609375 0.13237410624999998 0.48492756249999996 0.11028994218749999 0.470823121875
1387 0.195558375 0.5190628625 0.223778984375 0.5495233359375 0.2544494796875 0.5566747015625 0.2863449171875 0.5521715140625 0.30044935625 0.53008735 0.241768275 0.5278474859375 0.195558375 0.5190628625
1303 0.5153176515625 0.39163248125 0.5142910015625 0.36403020937499997 0.48709704218749994 0.361172009375 0.4768774546875 0.38366448750000004 0.45908645625 0.36608351093749997 0.4349607203125 0.371403328125 0.45807153593749994 0.4131100390625 0.48833371562499994 0.42414625624999996 0.5155276734375 0.42700445625 0.5472130890625 0.38712929375 0.5376001078125 0.3664800953125 0.5153176515625 0.39163248125
570 0.4494852046875 0.4200631140625 0.4531717640625 0.45972825312500004 0.4601248375 0.468314584375 0.49468018281250004 0.4758742640625 0.5161460109375 0.45849157968750004 0.5228890625 0.43170593593750006 0.4494852046875 0.4200631140625
1373 0.13072911874999998 0.425838165625 0.151576609375 0.3769683578125 0.158727975 0.3462978625 0.1736490421875 0.316443996875 0.1519731921875 0.29845470625 0.11660121718750001 0.298664728125 0.0889989453125 0.2996913796875 0.06139667343750001 0.30071803125 0.051177084375 0.323210509375 0.05527195781250001 0.3589907984375 0.09023561875 0.3626656265625 0.0957654578125 0.42216333749999996 0.13072911874999998 0.425838165625
1373 0.2296819453125 0.38124979375 0.22477044375 0.35323920625 0.22333547812500001 0.32952178593750003 0.2004346859375 0.3231870484375 0.180602115625 0.325030328125 0.158319659375 0.3501827140625 0.1593463109375 0.3777849875 0.1732524578125 0.39495764843750003 0.1738707953125 0.42644477187499996 0.2088344546875 0.4301196015625 0.2296819453125 0.38124979375
1373 0.2822383125 0.44176242343750005 0.289389678125 0.4110919296875 0.31392372812499997 0.40188726093750005 0.3090122265625 0.373876675 0.3045090390625 0.3419812375 0.2793566515625 0.31969878125 0.2452096203125 0.30825425 0.22803695781250002 0.32216039687500003 0.22783866718749998 0.3614172234375 0.24522135 0.38288305 0.2462480015625 0.4104853234375 0.247274653125 0.43808759531249997 0.2822383125 0.44176242343750005
1250 0.953675765625 0.331656075 0.9785946687499999 0.1693089546875 0.839148340625 0.1507247890625 0.8279255624999999 0.2948725953125 0.953675765625 0.331656075
2001 0.1911975796875 0 0.1691341234375 0.2099197578125 0.8990778265625 0.2905677 0.9290350265624999 0.042339257812499996 0.5262038921875 0 0.1911975796875 0
627 0 0.5731775406249999 0.9760168734375 0.679647690625 0.992757759375 0.52036879375 0.9606522999999999 0.48950000625 0.0430107984375 0.4009075328125 0.0017999296875 0.45667092656249997 0 0.4737961125 0 0.5731775406249999
268 0.52736528125 1 0.54342208125 0.9837513843749999 0.5759241265624999 0.93610651875 0.5260276671875 0.88765675625 0.4579436265625 0.90013966875 0.45304385468749997 0.9467578828125 0.5237915984375 1 0.52736528125 1
1108 0.2859952546875 0.9292003671875 0.27802726093749996 0.9676405640624999 0.510710015625 0.9960242750000001 0.5622280015625 0.9543058328124999 0.45957688281250003 0.8846002640625 0.41847677812499995 0.8645694015625001 0.3869896546875 0.8651877390625 0.37145025 0.8635544812499999 0.3366966125 0.895251628125 0.2931466203125 0.898529871875 0.2859952546875 0.9292003671875
1699 0.6228685406250001 0.41471983593750006 0.6357480375 0.404290225 0.6467842546875 0.3740280453125 0.6400294718749999 0.3261848875 0.6343013421875 0.305944003125 0.6363429140625 0.2865197484375 0.61303380625 0.2840698625 0.6040391609375 0.2949077875 0.613243828125 0.3194418375 0.5938195734375 0.317400265625 0.5825850640625 0.38691927187499997 0.588721509375 0.40327530468750006 0.6228685406250001 0.41471983593750006
386 0.6333098828125 0.5022281328125 0.6406595390625001 0.4323008125 0.5603026078125 0.4120716578125 0.5529529515625 0.48199897968750005 0.6333098828125 0.5022281328125
278 0.722824559375 0.248476134375 0.68317115 0.32679149375 0.7259045125 0.3312829515625 0.7506368546875 0.2828214578125 0.7778308125 0.2856796578125 0.78927534375 0.25153262656250003 0.722824559375 0.248476134375
423 0.66850385 1 0.6840933515625001 0.990680996875 0.6947212546875 0.9643036671875 0.706364078125 0.890899809375 0.7255783109375 0.85756940625 0.7404993796875 0.827715540625 0.74028935625 0.792343565625 0.763388440625 0.7594214765625 0.7817860453125001 0.7338607765625 0.7639950468750001 0.7162798 0.7433458484375 0.72589278125 0.670980371875 0.81648103125 0.50494669375 0.7518969890625 0.4575118515625 0.75476691875 0.448727228125 0.80097681875 0.44873895781249995 0.8756056187500001 0.40763885312500003 0.85557475625 0.35550253125000003 0.8658060750000001 0.3023395578125 0.8484351218749999 0.1847908328125 0.957841021875 0.55611449375 1 0.66850385 1
183 0 0.9100423890625 0.0334799296875 0.9026599375 0.0743700125 0.887318825 0.08621112812500001 0.7746581406249999 0.086199396875 0.700029340625 0.061863639062499996 0.6699771828125 0.025465014062500003 0.6425849328125001 0 0.642226875 0 0.9100423890625
300 0.29202612656250004 0.2738971953125 0.35070720781250003 0.276137059375 0.3611250875 0.21438775468750002 0.3656165453125 0.1716543921875 0.383197521875 0.15386339375 0.409364828125 0.129119321875 0.39831688125000003 0.0847527015625 0.375007775 0.082302815625 0.368463015625 0.06983163437499999 0.3408607421875 0.070858284375 0.3277712234375 0.045915920312500004 0.309163596875 0.036104646875 0.2915826203125 0.0538956453125 0.2584622390625 0.0700533859375 0.256012353125 0.09336249375 0.2664419640625 0.10624199062499999 0.2830080203125 0.13547751875 0.295280909375 0.1681895859375 0.29896746875 0.2078547265625 0.29202612656250004 0.2738971953125
278 0.28241314375000004 0.253247996875 0.2719835328125 0.24036849999999998 0.146443353125 0.238956996875 0.13438048593750002 0.2416169046875 0.149313284375 0.2863918390625 0.2899845546875 0.2933214515625 0.28241314375000004 0.253247996875
1453 0.7163032609375 0.385262553125 0.650260790625 0.3783212109375 0.3075772609375 0.350159253125 0.30737896875000004 0.3894160796875 0.2963427515625 0.41967825937500003 0.7034354953124999 0.4703209640625 0.7163032609375 0.385262553125