1156 0.48426080000000005 0.269770871875 0.4861696578125 0.3791292140625 0.5058342796875 0.38659965625 0.607449484375 0.3887328015625 0.6269095859375 0.38448627968750004 0.620958728125 0.2673848 0.61307924375 0.26361549218749997 0.499815246875 0.2655925234375 0.48426080000000005 0.269770871875
1016 0.445389003125 0.5048600828125 0.625117309375 0.505629759375 0.6324514046874999 0.47815382656249994 0.45258675156250006 0.469572840625 0.4374413453125 0.49718512031250006 0.445389003125 0.5048600828125
1342 0.9098892609375 0.48112482187500005 0.9123632734375 0.3990378921875 0.81458555 0.39293091874999997 0.8121115375000001 0.47501784843749995 0.9098892609375 0.48112482187500005
570 0.4209324703125 0.4466842984375 0.4521777109375 0.4461389109375 0.4476584953125 0.4110561890625 0.4280620453125 0.40749140156249997 0.4088746375 0.42736054375 0.4209324703125 0.4466842984375
1250 0 0.042862653125 0.0096115671875 0.38354072031249997 0.3842135859375 0.35746779375000004 0.3743768390625 0.0177439765625 0 0.0203785109375 0 0.042862653125
1373 0.009816087499999999 0.3952576859375 0.025711401562500003 0.41060761250000005 0.0306396578125 0.469124265625 0.038791835937500005 0.48851619375000005 0.0778483859375 0.487834459375 0.09333465937499999 0.47975045468750005 0.12457990000000001 0.4792050671875 0.12417085937500001 0.4557711359375 0.1121130265625 0.43644738125 0.13143678125 0.42438955 0.1508968828125 0.4201430265625 0.12342095156249999 0.41280893125 0.11917442812500001 0.39334882968749996 0.09128945625 0.362580803125 0.056138560937500005 0.3631943640625 0.0290034953125 0.37538854375 0.009816087499999999 0.3952576859375
627 0.2215879484375 0.665040346875 0.264277459375 0.64866781875 0.287370521875 0.6287305015625 0.286825134375 0.5974852625 0.097717528125 0.5070218671875 0.42511081875 0.46223874531250003 0.6675341265625 0.4736346109375 0.7410598375 0.4332827640625 0.64307759375 0.415458825 0.5373522140625 0.40167688906250004 0.1437673078125 0.459335925 0.01117955625 0.47337078750000006 0.0164091453125 0.9967967390625001 0.1219300046875 0.9988617109375 0.12044995624999999 0.6902467875 0.1710189515625 0.6776435671875001 0.2215879484375 0.665040346875
581 0.635217878125 0.18899900625 0.63733125625 0.3100743125 0.6626058703125 0.41511795781250005 0.7760062140625 0.4209522375 0.7737564890625 0.2920656203125 0.7648059984375 0.0031153203125000003 0.6710702765625001 0.0047514828125 0.6489998156250001 0.08327362499999999 0.635217878125 0.18899900625
581 0.8102013906250001 0 0.7896715703125 0.0847250359375 0.7920576421875001 0.22142296250000001 0.7882003921875 0.448087303125 0.9998420390625 0.4865870109375 0.99134863125 0 0.8102013906250001 0
477 0.9527151203124999 0.47256360312499995 0.9408618078125001 0.4649568140625 0.9254437078125 0.476946471875 0.9181777859375 0.5083280593749999 0.9298265765625 0.504217884375 0.9571661625000001 0.5037406703125 0.9527151203124999 0.47256360312499995
517 0.49911374531249997 0.449226484375 0.6125140890624999 0.45506076406249996 0.639376459375 0.4272439640625 0.638831071875 0.39599872343750003 0.5214569 0.3863269625 0.4945263546875 0.41023810781250003 0.49911374531249997 0.449226484375
423 0.46196605156250004 0.5592665609374999 0.4573786609375 0.5202781828124999 0.41743585625 0.47018640156249997 0.3821486140625 0.46298865312500004 0.37535990468749997 0.5217098265625 0.38412564374999997 0.57625265 0.40406295937500003 0.5993457125 0.4089912171875 0.657862365625 0.44804776718749995 0.6571806312499999 0.46771239062500003 0.6646510734375 0.4948474546875 0.6524568937499999 0.49257796249999997 0.7462607890624999 0.41062737968749996 0.7515980875 0.38390135625 0.7872261968750001 0.4238441609375 0.837317978125 0.45125192031249994 0.84074641875 0.4467327046875 0.8056636968750001 0.5127879734375 0.7849764718750001 0.5679443578125001 0.8113616296874999 0.5801385375 0.83849669375 0.5995986390625 0.8342501718750001 0.6301621453124999 0.794648234375 0.6494859 0.7825904015625 0.6255747546875 0.75565985625 0.5317026874999999 0.749484709375 0.52314146875 0.7066588515625 0.5184177328125 0.6598591640625 0.5337676578125 0.64396385 0.6155137203125001 0.6269095859375 0.60736154375 0.6075176578125 0.5835867453125 0.5883984234375 0.5482313296875 0.5772950203125 0.5012952953124999 0.574207446875 0.46230691874999996 0.5787948359375 0.46196605156250004 0.5592665609374999
278 0.222201509375 0.7001912421875 0.1599155484375 0.7129989828125 0.1603245890625 0.7364329125 0.18793686874999999 0.75157831875 0.29688616875 0.7262355312500001 0.24947292031249999 0.6958083734375 0.222201509375 0.7001912421875
278 0.2836012140625 0.6366099859375 0.256602496875 0.656615475 0.26913754375 0.7032788156249999 0.284964684375 0.7147230875 0.3084667875 0.7182197015625 0.40987747187499995 0.70863588125 0.4004299984375 0.61503650625 0.365279103125 0.6156500671875 0.31066810624999996 0.6205101515625 0.2836012140625 0.6366099859375
1437 0.1796681109375 0.50168456875 0.17651236406249998 0.5447149484375 0.227694921875 0.5672626234375 0.2709298203125 0.5821353359375 0.30621706249999997 0.589333084375 0.37624616093749996 0.5724833421875 0.3795382546875 0.5372642734374999 0.351925975 0.5221188671875 0.3514487609375 0.49477928125000004 0.3434329296875 0.4831986625 0.31218769062499996 0.48374405156250005 0.1796681109375 0.50168456875
795 1 0.49563660781249996 0.9999920203125001 0.4951794515625 0.7879276984375 0.4324646828125 0.6906953625 0.45760294999999995 0.66376481875 0.48151409375 0.6686733078125 0.762721259375 0.9443188859375 0.8868357328125 1 0.8718782656249999 1 0.49563660781249996
819 1 0.8783682484374999 0.9247224375 0.8832709453125 0.684432275 0.770259875 0.6681279203125 0.73147601875 0.66354053125 0.692487640625 0.592761525 0.666375178125 0.4292694 0.700483703125 0.42625 0.75132539375 0.3601265578125 0.7681069625 0.12646898906249998 0.8112539203125 0.125358446875 0.9714539515625 0.137552625 0.9985890171875 1 0.9835349421874999 1 0.8783682484374999
1170 0.3975667140625 0.45099899375 0.3857134015625 0.44339220468749996 0.3660487796875 0.43592176250000003 0.34665685 0.4440739390625 0.35864650937500003 0.4594920390625 0.3975667140625 0.45099899375
1171 0.4172313359375 0.45846943749999997 0.39736219375 0.43928202968749996 0.389755403125 0.45113534062499994 0.3780384375 0.4513398609375 0.3428875421875 0.45195342343749995 0.30766847343750003 0.44866132812500004 0.31561613125 0.4563362921875 0.33925458124999996 0.46764421718750004 0.4172313359375 0.45846943749999997
1298 0.22982806562500002 0.46564741875 0.2140690984375 0.4581088015625 0.194881690625 0.47797794531250004 0.20659865625 0.477773425 0.22982806562500002 0.46564741875
1331 0.0682447984375 0.6091142859375 0.0685174921875 0.62473690625 0.103804734375 0.6319346546875 0.1659543484375 0.6113156046875 0.18561897031250002 0.618786046875 0.213094903125 0.6261201437499999 0.22858117656250002 0.6180361390625 0.2322823109375 0.606251 0.22419830625 0.5907647265625 0.20467003125 0.5911055937499999 0.1890474109375 0.5913782890625 0.16561348125 0.5917873296875 0.1614351328125 0.5762328828125 0.1456079921875 0.5647886109375 0.1299171984375 0.56115565 0.0832538578125 0.573690696875 0.071877759375 0.5934234921875 0.0682447984375 0.6091142859375
284 0.4260454796875 0.739608428125 0.415779925 0.5991411921875 0.392277821875 0.595644578125 0.3803563359375 0.5841321328125 0.370772515625 0.48272144843750003 0.11340832187500001 0.5106548281250001 0.219679090625 0.5556820046875 0.255170853125 0.57459671875 0.27887747812499997 0.5898102984375 0.291003484375 0.613039709375 0.27983190625 0.64448946875 0.24104804999999999 0.6607938250000001 0.19835853750000002 0.677166353125 0.1516270234375 0.68579574375 0.11668064843749999 0.6981262703125 0.12181342656250001 0.7683598890625001 0.12269968125 0.8191334046875 0.39130362500000004 0.7636559187499999 0.39884224218750003 0.7478969515625 0.4260454796875 0.739608428125