1808 0.42549688437500005 0.40322054218750003 0.405598240625 0.398259253125 0.384828775 0.421010753125 0.38661628124999997 0.4340248875 0.4469678234375 0.44627922656249996 0.4555266859375 0.40791482187500006 0.43292885156249994 0.3855226046875 0.42549688437500005 0.40322054218750003
747 0.48644229843750003 0.4938266953125 0.5095831484375 0.4898208890625 0.5102746312499999 0.48301081718749994 0.5151917421875 0.46328935937500004 0.5204725296875 0.43807259375 0.511032853125 0.4315295328125 0.49966220000000006 0.4286945109375 0.48792787187500003 0.43135479375 0.47994789375 0.43914063125 0.478165384375 0.46243662499999993 0.4714249 0.47332449218750006 0.4482123140625 0.48569138437500003 0.46242563125 0.48923516093749997 0.48644229843750003 0.4938266953125
1539 0.5672355 0.4846442984375 0.5560491828125 0.4972166859375 0.5660368703125 0.5136718499999999 0.5805062578125 0.52426195 0.6358280890625 0.53246925 0.6507328890624999 0.5292029578124999 0.6518597828125 0.5085364921875 0.640524996875 0.5015209265625 0.6451143015625 0.48311423124999997 0.6576477171875 0.4611022453125 0.6560036828125 0.4313659375 0.64984208125 0.4116752390625 0.6465231421875 0.39269329375 0.6402539375 0.3855442234375 0.628883284375 0.38270919999999997 0.6164574734375 0.39217955625 0.602500228125 0.3956821015625 0.5906941640625 0.4067034734375 0.5814388234375001 0.415567821875 0.5736073125 0.44294161093750006 0.5672355 0.4846442984375
1186 0.3200731578125 0.1842190859375 0.35414924999999997 0.196904696875 0.3742272328125 0.18096326875 0.38114705625 0.1491726828125 0.374545046875 0.10702825 0.3670672203125 0.056286478125 0.379124359375 0.016001303124999998 0.3670622234375 0.0199763515625 0.3493197578125 0.058844015625 0.339009259375 0.0800137421875 0.324616603125 0.09737268125000001 0.30118880937500003 0.134822834375 0.30115793750000003 0.17531350625 0.3200731578125 0.1842190859375
1427 0.8198997265625 0.5127281796875 0.8314547156250001 0.5309706109375 0.8474505406249999 0.511218396875 0.8499604 0.47693178906249994 0.8553537875 0.4754835203125 0.8752882968750001 0.47626426562499996 0.8432507875 0.447328984375 0.841135475 0.435629615625 0.85261373125 0.42592300781250003 0.8418936968749999 0.3841483296875 0.8226915328125 0.40868709687500004 0.8052360109375 0.4141104140625 0.8022090109375 0.39799425 0.7831861875 0.4016303 0.7754264125 0.4206430015625 0.7523931671875 0.41210717656250007 0.7286325703125 0.4145619671875 0.719085290625 0.42056053593750004 0.736069534375 0.4331741578125 0.725794903125 0.4501633390625 0.7341076859375 0.47737286718750005 0.7494887593749999 0.4923797625 0.7365558015625 0.5240676 0.7470556312500001 0.5546154109375 0.779928096875 0.5600184453125 0.7915498265625 0.5335896640625 0.803832165625 0.54084148125 0.8001854187499999 0.5231743 0.8105726499999999 0.5299536140625001 0.8198997265625 0.5127281796875
950 0.255407471875 0.601009703125 0.276909284375 0.6035777171875 0.304055559375 0.5754336578125 0.3202665921875 0.53059818125 0.3146480046875 0.4845094578125 0.302365665625 0.47725763906249996 0.28024410624999996 0.473138609375 0.2591827015625 0.49302433125 0.24249539375 0.519586615625 0.23455627968749998 0.5595020359375 0.235944240625 0.5821920203125 0.255407471875 0.601009703125
1539 0.532463825 0.1841072 0.5323920890625 0.1924682875 0.543798609375 0.191122765625 0.547076684375 0.1779751265625 0.54831118125 0.14476703124999998 0.5367920609375 0.12234405625 0.5193365375 0.127767375 0.5185374515625 0.14711907500000002 0.519341534375 0.16407750000000002 0.5122373734375001 0.18046067500000001 0.51916219375 0.1849802171875 0.5246273171875 0.1751708625 0.532463825 0.1841072
316 0.5439520734375 0.24702084531250001 0.557064371875 0.19443029218750002 0.48658166875 0.1824429625 0.4775873953125 0.234663759375 0.5439520734375 0.24702084531250001
2001 0.11281543125 0 0 0.4601627953125 0 0.5256052765625 0.128015596875 0 0.11281543125 0
278 0.5241660312499999 0.265828053125 0.4773363203125 0.2639275640625 0.44731651093749997 0.3318535375 0.503222221875 0.34579239687499996 0.5241660312499999 0.265828053125
1340 0.2104129171875 0.16386019375 0.2293998734375 0.16440468749999998 0.24786469531250002 0.07823628125 0.2083593484375 0.071179484375 0.202059271875 0.10452108281250001 0.2213022984375 0.1121119 0.2104129171875 0.16386019375
994 0.2199552015625 0.12155149843749999 0.1981973171875 0.1119371625 0.189530853125 0.16284319687499998 0.20625902499999998 0.16841049531250002 0.2199552015625 0.12155149843749999
1148 0.8062194328125001 0.41016612343750003 0.8600515890624999 0.18618376406249998 0.8684311125 0.1687220765625 0.8511190609374999 0.1574232203125 0.8357021187499999 0.14659686875 0.8248386125 0.121544365625 0.8046480296875 0.11371729687500001 0.7840579046875 0.11556607968749999 0.7915307359375 0.1299977234375 0.7948855421875 0.1447991265625 0.789712359375 0.15747425937499998 0.7779421625 0.1643150890625 0.771053209375 0.155615003125 0.775058634375 0.13147675 0.7835816296875 0.0972928890625 0.78011921875 0.0950331171875 0.7703158671875 0.0939853640625 0.76412339375 0.1147853328125 0.7573111734375 0.1340342875 0.7517743140625 0.1522047296875 0.735630021875 0.152368990625 0.73734079375 0.1374340859375 0.7434615328125 0.12499520156249999 0.7572703093750001 0.10190470468749999 0.722502734375 0.096029165625 0.6878118921875 0.1181026671875 0.6605888859375 0.11829768593750001 0.66478364375 0.1458769703125 0.605378759375 0.3922103140625 0.5826524421875 0.49547065 0.642676178125 0.5090397531249999 0.776936965625 0.5397217375000001 0.80101038125 0.42702180156249997 0.8062194328125001 0.41016612343750003
1788 0.9378110062499999 0.6412779375000001 0.9402132625 0.6195329625 0.9318646125000001 0.596503978125 0.9191468609375001 0.603108553125 0.8967333625 0.596123746875 0.88561878125 0.600335046875 0.882960453125 0.6150337 0.8730903624999999 0.6586571609375 0.8662781421875 0.677906115625 0.8228441015625 0.722936609375 0.8006508078125 0.7271786671875 0.7911752640625 0.7248161484375 0.7790413921875 0.7371522859375 0.776675003125 0.75471671875 0.7841119671875 0.77332890625 0.8558341640625 0.78841826875 0.8560543671874999 0.7996451343750001 0.8623594406249999 0.8026136609375 0.871507178125 0.80629094375 0.911447934375 0.7994913484375 0.917968215625 0.7773766140625 0.9184036265625 0.7635202203125 0.93311909375 0.7085363890624999 0.92713683125 0.6679429734375 0.9378110062499999 0.6412779375000001
278 0.577736225 0.2568406765625 0.597404671875 0.17795484374999998 0.57404361875 0.1707337859375 0.5666833875 0.1800706359375 0.5483620375 0.2495168703125 0.577736225 0.2568406765625
278 0.4457959640625 0.1401545484375 0.4410581921875 0.1389732890625 0.4213897453125 0.21785912187499998 0.433707953125 0.2209303953125 0.47066257499999997 0.23014421718750003 0.4886561171875 0.1620127484375 0.47695765625000003 0.1604924890625 0.47360284999999996 0.1456910890625 0.4457959640625 0.1401545484375
1675 0.12994163281249999 0.39376913125 0.1220742546875 0.4253234640625 0.1697797828125 0.43582129375 0.1747686296875 0.4077387484375 0.166240640625 0.4056124828125 0.166967990625 0.39462186718750003 0.12994163281249999 0.39376913125
278 0.13223628437499999 0.3845657859375 0.17578792031249998 0.3996139140625 0.188244603125 0.3496528875 0.1465880765625 0.3350772625 0.13223628437499999 0.3845657859375
554 0.18935650937499998 0.22005604218750002 0.1941301484375 0.2170567578125 0.19985134375 0.21429372500000002 0.2044047796875 0.2000675734375 0.19113901718749998 0.1967600484375 0.18261102812500002 0.19463378125 0.164837690625 0.273992115625 0.182185609375 0.2811104296875 0.19169702187499998 0.2792924046875 0.1978894953125 0.258492434375 0.1916202890625 0.2513433640625 0.1801779 0.256869428125 0.18935650937499998 0.22005604218750002
1340 0.2209686015625 0.33546796875 0.3551935203125 0.3703304953125 0.39001284531249997 0.222604440625 0.2570274203125 0.19084394375 0.2209686015625 0.33546796875
609 0.336472628125 0.449452578125 0.366559178125 0.336855390625 0.3185258421875 0.3276723265625 0.2900424625 0.4378762375 0.336472628125 0.449452578125
972 0.22979352656250002 0.3767701421875 0.254752753125 0.34528780000000003 0.262625128125 0.35004359375 0.27599849375 0.3408094890625 0.26729116406250003 0.35958593906249997 0.26907866875 0.3726000734375 0.2780062015625 0.365050490625 0.2855457734375 0.3348109203125 0.28437801406249996 0.323347803125 0.271588528125 0.3383134671875 0.2745387953125 0.3264805921875 0.2740266515625 0.31238794531249997 0.263603553125 0.309789175 0.26276360312499997 0.29701129375 0.2699803625 0.30439661406249996 0.2735503765625 0.29411475625 0.26403396875 0.2596226546875 0.2519718328125 0.26359770312499997 0.23933081406249998 0.2981513203125 0.23885953437500002 0.31618825781250004 0.23204731406249998 0.33543721249999997 0.20869125781250003 0.364526278125 0.2036665421875 0.3967893671875 0.2143815796875 0.40225391562499996 0.2313658234375 0.4148675359375 0.23286138906249998 0.425015890625 0.221162928125 0.42349563281249997 0.21478611875000003 0.4288881921875 0.2810790609375 0.44960636562499995 0.2824620265625 0.4359862234375 0.2527959 0.42579663593749995 0.2465625625 0.414467021875 0.23121735625 0.395279584375 0.22979352656250002 0.3767701421875
1564 0.133591378125 0 0.0293623890625 0.4217587375 0.11085206875 0.44207639531250004 0.191973078125 0.4315792359375 0.2903153125 0.037150078125 0.299022640625 0.018373626562500002 0.26322920625 0 0.133591378125 0
1564 0.63977855625 0.1089196015625 0.6328537359374999 0.104400059375 0.4427231046875 0.0555986734375 0.3417942796875 0.456365396875 0.5189510890625 0.5047250375 0.53221685 0.5080325625000001 0.5452624078125 0.5001132234375001 0.63977855625 0.1089196015625
278 0.20007654375 0.2618307171875 0.1976742875 0.28357569531250004 0.21378271249999997 0.2875919765625 0.2306443640625 0.20381684687499999 0.20885061249999998 0.1983830546875 0.183563578125 0.2311801609375 0.1763876828125 0.2559244203125 0.20007654375 0.2618307171875
623 0.4599525328125 0.2609897953125 0.4512093359375 0.2839467890625 0.43510091093750003 0.27993050625000004 0.42774067968749996 0.2892673578125 0.4072222890625 0.2827550546875 0.39552882500000003 0.317544921875 0.437513159375 0.3308057828125 0.47256268125 0.2669268484375 0.477151984375 0.2485201546875 0.4673845015625 0.24329185468749998 0.45306358125 0.25228970781250004 0.4599525328125 0.2609897953125
608 0.5082878015625 0.3456588921875 0.547429471875 0.35821099843750004 0.565351278125 0.298440615625 0.5224193890625 0.284943503125 0.5082878015625 0.3456588921875
515 0.88938494375 1 0.9416570765625 0.783282909375 0.7714250875 0.7394428140625 0.7454415765625 0.7427398640625 0.7256914 0.757366528125 0.6974541000000001 0.8019965109375 0.6367538703125 0.904167859375 0.603927265625 0.9672045328125 0.6057865062500001 0.9718575812499999 0.65647816875 0.9663419921875 0.6852684765625 0.9679342406250001 0.7127475546875 0.97478554375 0.732830534375 0.9951542421875 0.7565911296875 0.9926994515625 0.7790349734375 1 0.88938494375 1
1506 0.6557716984375 0.8642216828124999 0.247995490625 0.7639481499999999 0.1579160765625 0.8224855640625 0.6155489937499999 0.9407757515625 0.6557716984375 0.8642216828124999
1506 0.64953503125 1 0.6605603265625 0.970152778125 0.2821224375 0.8813835984375 0.1993315203125 0.9389452468749999 0.4474151578125 1 0.64953503125 1
716 0 0.6976816296874999 0.076851815625 0.7156912578125 0.0633758421875 0.77377711875 0.076641603125 0.7770846453125 0.084293775 0.7706135734374999 0.09084992343750001 0.7443182968750001 0.12842429375 0.7550831328125 0.1341096203125 0.75650064375 0.146678903125 0.7303081140625001 0.1576858796875 0.7386384453125 0.1688004609375 0.73442714375 0.21592211093749997 0.7391934124999999 0.263991315625 0.744195934375 0.2826145953125 0.7502357359375 0.2883716578125 0.7432921593749999 0.29733505937500004 0.7315620328125 0.30400380781249997 0.729035253125 0.3134793515625 0.7313977703125001 0.3175256421875 0.7393891 0.3203683046875 0.74009785625 0.32703705312500003 0.7375710765625 0.33651259843750003 0.73993359375 0.342197925 0.74135110625 0.347519575 0.748263925 0.3588543609375 0.755279490625 0.36738235 0.7574057562500001 0.3759462078125 0.7553514796874999 0.3854576203125 0.7535334546875 0.39209050156249997 0.7551872187499999 0.397775828125 0.7566047296875 0.40185798437500003 0.760415515625 0.40626795 0.7629115390625001 0.41326450625 0.7590699937500001 0.4183300859375 0.7589364890625 0.4240154125 0.760354 0.427477821875 0.762613771875 0.432143859375 0.77215611875 0.435826471875 0.78564275625 0.43611841250000005 0.7885085359375 0.4806534703125 0.7996123734375 0.4867383390625 0.7913540328125 0.492823209375 0.78309569375 0.5020426812500001 0.7784118890625 0.513705275 0.784112690625 0.517459625 0.789238240625 0.5250759281249999 0.7869477125000001 0.5317088078125 0.788601475 0.5402367984375 0.7907277421875001 0.55091596875 0.8003728359375 0.56254269375 0.81025418125 0.575152840625 0.816191234375 0.5903137109375 0.8199712640625 0.60263191875 0.8230425374999999 0.6158976796875 0.8263500640625001 0.6282876234375 0.8210602515625001 0.641589253125 0.8201872343750001 0.651100665625 0.818369209375 0.6596286546875 0.8204954750000001 0.6658978609374999 0.827644546875 0.67446171875 0.8255902703125001 0.6817860828125 0.8204339609375 0.6849565531249999 0.819827953125 0.7247797140625 0.7529497328125 0.7492676609375 0.739504328125 0.795416775 0.5624837125 0.5494163015625 0.4955629234375 0.201300153125 0.4143538015625 0.191973078125 0.4315792359375 0.1111440078125 0.444942175 0.026811665624999998 0.4239157609375 0 0.5342351015625 0 0.6976816296874999
703 0.5271612625000001 0.580786321875 0.7551940703125 0.63903778125 0.767322946875 0.59039151875 0.5408933078125 0.5297467828125 0.5367752828125 0.5301165390625 0.5271612625000001 0.580786321875
703 0.623965278125 0.6607820906249999 0.6354385390624999 0.6147653546875 0.5242468640625 0.588438653125 0.513757025 0.6305110953125 0.623965278125 0.6607820906249999
703 0.7430651953125 0.68768404375 0.753882840625 0.6442968375 0.64207141875 0.61641911875 0.6312537734375 0.659806325 0.7430651953125 0.68768404375
703 0.6146790656250001 0.7101371078125001 0.624585025 0.66233310625 0.511170434375 0.6368486640625 0.5013003421875 0.6804721234375 0.6146790656250001 0.7101371078125001
703 0.73184800625 0.7407471015625 0.7427015203125 0.6931793515625 0.62994254375 0.66506538125 0.6184692828125 0.711082115625 0.73184800625 0.7407471015625
703 0.6012030921875 0.7682229703125001 0.6127122218750001 0.718025690625 0.49838594374999995 0.6881244546875 0.4852736453125 0.740715009375 0.6012030921875 0.7682229703125001
703 0.6994209453125 0.7941079265625001 0.724487775 0.750083953125 0.7311565234375 0.747557171875 0.6177778 0.7178921875000001 0.60688841875 0.76964048125 0.6994209453125 0.7941079265625001
183 0.1832598578125 0.672396990625 0.21041112812499999 0.6805630593750001 0.2189391171875 0.682689325 0.2419673671875 0.6549150234375001 0.194041634375 0.6331903265625 0.18041719375 0.6716882359375 0.1832598578125 0.672396990625
703 0.3423881515625 0.5347172109375 0.4958919671875 0.5729900109375 0.5070374203125 0.5282880390625 0.364940125 0.48866971875000004 0.3423881515625 0.5347172109375
703 0.3391818125 0.5395037609375 0.32078373125000004 0.581000953125 0.48281553749999995 0.6214000203125 0.49487267656249995 0.5811148453125 0.3391818125 0.5395037609375
703 0.3172495859375 0.5871022703125 0.3061041328125 0.6318042421875 0.47159834843750004 0.674463078125 0.483399415625 0.6271315796875 0.3172495859375 0.5871022703125
703 0.3041372875 0.639692825 0.290369375 0.69491290625 0.45553578281249996 0.7388865078125 0.4683561421875 0.6834301734375 0.3041372875 0.639692825
423 0.0934773796875 0.7701103125000001 0.094061259375 0.7758418703125 0.1048121640625 0.777125878125 0.1115885171875 0.7620574671875 0.11646976093750001 0.746516553125 0.1489785515625 0.7574148953125001 0.15936578125 0.764194209375 0.16505110781250001 0.7656117203125 0.1697530125 0.770973521875 0.1770415078125 0.7699977578125 0.18746460625 0.772596528125 0.20514033281250002 0.7784000765625 0.1982563765625 0.8060101171875 0.1991680640625 0.8104269125 0.207696053125 0.8125531796875001 0.2143648015625 0.8100263984374999 0.221463965625 0.7573330984375 0.22999195625 0.7594593640625 0.2492349828125 0.76705018125 0.2596580828125 0.769648953125 0.2631204921875 0.771908721875 0.26480039375 0.7974644859375 0.2647286578125 0.8058255734375 0.2767549265625 0.80603106875 0.280852965625 0.6604208046875 0.2919675484375 0.656209503125 0.2961931765625 0.643298115625 0.2953173578125 0.634700778125 0.293166178125 0.6271819515625 0.344098925 0.5197823046875001 0.35539284531250004 0.49466828749999997 0.367926259375 0.4726563 0.3635162953125 0.47016027656250003 0.355971728125 0.46408971875000005 0.3499944625 0.459806428125 0.341138665625 0.458994925 0.3265616734375 0.46094645468750006 0.308486403125 0.46481875625 0.30090596875000003 0.4629287421875 0.2984269796875 0.45672467812499995 0.300393825 0.4488360953125 0.3020328625 0.44226227656250006 0.29383267968750004 0.4388212453125 0.2903344015625 0.44074201874999996 0.2834863125 0.46417151562500003 0.2310271296875 0.601913478125 0.201361003125 0.5917238921875 0.15409588125 0.6036797953125 0.1524209765625 0.614434159375 0.161860653125 0.6209772203124999 0.11992717500000001 0.712466196875 0.1051349765625 0.7395009875 0.0932213078125 0.7630639890625 0.0934773796875 0.7701103125000001
931 0.568018703125 0.6147136468750001 0.5613499546875 0.617240428125 0.5675474234375 0.6327505859375 0.5782983296875 0.6340345921874999 0.594514359375 0.6255092421875 0.588245153125 0.618360171875 0.5807364546875 0.6081090703124999 0.568018703125 0.6147136468750001
931 0.68394815 0.6422216093750001 0.6773152687499999 0.640567846875 0.685044171875 0.662045815625 0.701188465625 0.661881553125 0.7120111078125 0.654804471875 0.706069709375 0.6463406390624999 0.6969937078124999 0.6343022687500001 0.68394815 0.6422216093750001
931 0.6679931890625 0.6941034078125 0.6713479953125 0.708904809375 0.6861810578124999 0.7139996046875 0.7002100390625 0.7021359703125001 0.6914259781250001 0.69296338125 0.685156771875 0.6858143109375 0.6679931890625 0.6941034078125
931 0.5682797703125 0.6580700984375001 0.5584405515624999 0.6612028875 0.5473259703125 0.6654141874999999 0.55574635625 0.6800820843750001 0.567117009375 0.68291710625 0.5785593984374999 0.6773910421875 0.581473796875 0.6697387109374999 0.5729816750000001 0.6634319 0.5682797703125 0.6580700984375001
931 0.6571038078125 0.7458517015624999 0.6510548046875 0.7499294984375 0.6575800828125 0.7641248921875 0.6740163140625001 0.7668264109375 0.68611431875 0.7586708171875001 0.6833433906249999 0.749600975 0.6707691125 0.739483378125 0.6571038078125 0.7458517015624999
931 0.54470850625 0.712242425 0.5386595046875 0.7163202203125 0.5345056109375 0.7208705203125 0.540083334375 0.7348296624999999 0.556847375 0.7362164156250001 0.5651551609375 0.727115815625 0.56172861875 0.7206755015625 0.55421991875 0.7104244 0.54470850625 0.712242425
931 0.4511775703125 0.5827888906250001 0.44199396562500004 0.5832921515625 0.4410105421875 0.5872364421875 0.44815556718750005 0.6029828515625 0.46331643749999996 0.60676288125 0.47479469375 0.5970562734375 0.46790574218750003 0.5883561875 0.4603970421875 0.5781050859375 0.4511775703125 0.5827888906250001
931 0.348662353125 0.5781764078125 0.35751815 0.5789879109375 0.3715112625 0.571304821875 0.35995627343750003 0.5530623890624999 0.347274390625 0.5554864234375 0.3399858953125 0.5564621875 0.3398782921875 0.5690038171875 0.348662353125 0.5781764078125
931 0.328661103125 0.622066875 0.3402878265625 0.631948221875 0.34378610468750004 0.6300274484374999 0.3555563015625 0.6231866203124999 0.35752314687500003 0.6152980375 0.34370937343749997 0.602078409375 0.3329225984375 0.604974946875 0.325890175 0.6129970328125001 0.328661103125 0.622066875
931 0.4476125515625 0.6293808765625 0.4381011390625 0.6311989015624999 0.428553859375 0.6371974703125 0.434423521875 0.654022390625 0.45085975468750006 0.6567239078125 0.46106265 0.6480958125 0.45953121562500004 0.642128 0.45231445625 0.6347426796875 0.4476125515625 0.6293808765625
931 0.4243332265625 0.6864189828125 0.41540569375 0.69396856875 0.42225877812499996 0.706849196875 0.438367203125 0.710865478125 0.445399628125 0.702843390625 0.4476942796875 0.6936400421875 0.437015109375 0.68399495 0.4243332265625 0.6864189828125
931 0.321490203125 0.683121265625 0.33413621718750003 0.684877775 0.3446669203125 0.674934915625 0.33216437656250003 0.6564562296875 0.3147088546875 0.6618795484375 0.312742009375 0.66976813125 0.3174439140625 0.675129934375 0.321490203125 0.683121265625
1044 0.46381858906250006 0.548235275 0.46505808281250005 0.5513373046875001 0.4701236625 0.5512038 0.47682827968749997 0.5444964765625 0.47434929062500003 0.5382924140625 0.47088688124999994 0.5360326421875 0.4658213015625 0.5361661484375 0.46195934687499995 0.5435822265625 0.46381858906250006 0.548235275
1044 0.361154903125 0.5240348375 0.3668402296875 0.5254523484375 0.3725972921875 0.5185087734375 0.3720134140625 0.5127772140625 0.36698370156250004 0.508730175 0.3634854234375 0.5106509484374999 0.3596593375 0.5138864843750001 0.35769249375 0.5217750671875 0.361154903125 0.5240348375
1044 0.5731151546875 0.5740894734374999 0.5747541921875 0.5675156546875 0.5697603484375 0.5592880703125 0.562435984375 0.5644443796874999 0.5611247546875 0.569703434375 0.562036440625 0.5741202296875 0.56644640625 0.576616253125 0.5731151546875 0.5740894734374999
1044 0.721553390625 0.612495778125 0.7275665250000001 0.612598525 0.7317562859375 0.60386768125 0.7273821890625001 0.5971911140625 0.7254870796875 0.5967186109375 0.72009369375 0.5981668796874999 0.7181268484375 0.6060554625 0.721553390625 0.612495778125
676 1 0.17404411718749999 0.8964414234375001 0.593257965625 0.918854921875 0.600242775 0.9325202265625 0.59387445 0.9362745765625 0.599 0.9396652515625 0.609620859375 0.94520710625 0.62776054375 0.9431685249999999 0.6440102140625 0.933149965625 0.6680457203125 0.9343894609375001 0.67114775 0.9384766140625 0.7112686640625 0.9202987359374999 0.763992725 0.9233616031249999 0.7759283453125 0.9451553546874999 0.7813621390625001 1 0.5584119656250001 1 0.17404411718749999