1939 0.4973138421875 0 0.325282965625 0.025251245312499997 0 0.06781188437499999 0 0.5214011125 0.01319999375 0.6189066578125 0.065630196875 0.6826000140625 0.0307403125 0.5640800968749999 0.0341799765625 0.548636275 0.1430078546875 0.514641003125 0.175580659375 0.5867352875 0.2832041609375 0.5641295875 0.34337608125 0.5631531796875 0.4004527984375 0.5700919796874999 0.8966103359375 0.5976042390625 0.9113057687499999 0.6422902078125 1 0.6503354265625 1 0.467322515625 0.9333687296875001 0 0.4973138421875 0
1340 0.8490272718749999 0.1292986328125 0.8717023953125 0.3505179796875 0.97588623125 0.3433561015625 0.9428970515625 0.1086258921875 0.8490272718749999 0.1292986328125
1340 0.7920372890625 0.11299738906250001 0.5647563953125 0.1524198390625 0.5979165703125 0.3983463234375 0.8169427609375 0.3900048140625 0.7920372890625 0.11299738906250001
1340 0.5262435015625 0.18775329062499999 0.4299674390625 0.201284009375 0.45247403437499994 0.38138591875 0.5533916703124999 0.370942971875 0.5262435015625 0.18775329062499999
412 0.2781634984375 0.18895774375000002 0.30085837656250003 0.170807778125 0.27713505625 0.151701259375 0.2463614078125 0.1522861125 0.24060219218749998 0.151225465625 0.22015247968749999 0.0456365234375 0.175538378125 0.05751678125 0.18825378125 0.13801199375 0.180945725 0.1558695328125 0.130830134375 0.1685229734375 0.1246397234375 0.1843533890625 0.146987671875 0.20365320156250002 0.191428309375 0.210497834375 0.19649860624999999 0.2266157109375 0.22503696406249998 0.23008510937499999 0.24515209218749998 0.22351801093749998 0.24283254062499998 0.20701354218749998 0.2781634984375 0.18895774375000002
412 0.521520134375 0.1341856359375 0.5744732046875 0.11178315937500001 0.5947617984375 0.0864911703125 0.5834168296875 0.0656449890625 0.508460271875 0.0612190390625 0.4999552484375 0.0007026562499999999 0.45121502968750005 0.013162799999999999 0.459806784375 0.0643167375 0.4176857 0.0739765734375 0.39395990937500003 0.08479121875 0.3793462703125 0.090585134375 0.385962934375 0.1177059890625 0.4028961265625 0.12841654062500002 0.4289414671875 0.13410636250000002 0.46186367031250003 0.1388297046875 0.4638387609375 0.1628627859375 0.4967609640625 0.167586128125 0.5253860546875 0.1616930828125 0.521520134375 0.1341856359375
1075 0.47232896718750006 0.402906153125 0.45582449843750006 0.40522570468749997 0.46132351875 0.434373684375 0.4780857140625 0.43388796249999995 0.47232896718750006 0.402906153125
1075 0.4962232828125 0.43320894374999996 0.4918419078125 0.40203383906249995 0.480838928125 0.40358020625 0.4794610875 0.43369466718750005 0.4962232828125 0.43320894374999996
1373 0.2509782859375 0.45458552343749997 0.250289365625 0.46964275468750005 0.25011343125 0.51828880625 0.28363782187500003 0.5173173640625001 0.276072040625 0.5333410734374999 0.2819155203125 0.5549604375 0.3423451703125 0.5558178593750001 0.34458045937500004 0.551763609375 0.33615969843750004 0.511805946875 0.3491402375 0.5043714968749999 0.33857092187500004 0.4591056421875 0.3499183609375 0.45003065937500003 0.31803200781249996 0.3928003078125 0.34012469843750004 0.380345128125 0.30900906093749997 0.3585374296875 0.24161581718749997 0.36800893281249997 0.2459971921875 0.3991840390625 0.2341318265625 0.43451252656249995 0.2509782859375 0.45458552343749997
268 0.589917125 0.46118225625 0.588375696875 0.39033695 0.5468568 0.39430200000000004 0.5533842609375 0.46070646406250004 0.589917125 0.46118225625
268 0.5043069890625 0.3909317296875 0.5064506078125001 0.45608225156250004 0.5497736015625 0.4649540109375 0.5435905984375 0.3910209328125 0.5043069890625 0.3909317296875
1564 1 0.5313976984375001 0.990576725 0.447884396875 0.715849190625 0.44909381249999997 0.38945969687500004 0.451953690625 0.346134234375 0.47300309531250007 0.35309289062500004 0.5225164984374999 1 0.5490495546874999 1 0.5313976984375001
423 0.3939228671875 0.5336086796874999 0.346213559375 0.5534041421875 0.511169034375 0.569492234375 0.5173594453125 0.553661821875 0.506787659375 0.5383171296875 0.5067901296875 0.508395965625 0.5175378484375 0.47509460312499996 0.49054832812500004 0.45270701874999997 0.41473185468749996 0.452142021875 0.3939228671875 0.5336086796874999
423 0.530681975 0.5686199203125 0.640796025 0.5737149625 0.6503393671875 0.5518031703124999 0.646044725 0.5112656203125 0.6446718203125 0.4815377515625 0.541950090625 0.4791438921875 0.5324934796874999 0.4916932375 0.53051345 0.5275024828125 0.530681975 0.5686199203125
423 0.7398253 0.5298764874999999 0.7429155671875 0.5818036078125 0.847699121875 0.598868109375 0.89359939375 0.626078165625 0.9064089375 0.6074474421875 0.88767165 0.58390008125 0.887676590625 0.5240577531249999 0.8985085734375 0.5113151109375 0.8826087625 0.47801871250000005 0.763469296875 0.46858195937499997 0.7407744187499999 0.48673192343749994 0.7398253 0.5298764874999999
423 1 0.65541578125 0.9153451531250001 0.6510727640625 0.902188678125 0.7071532671874999 0.9170575781249999 0.7331143453125 0.8298069328125001 0.7509867765625 0.822927603125 0.7818744203125 0.7992836046875 0.8431689499999999 0.8132925859375 0.8729909843750001 0.88128555 0.8877458609375 0.9227995078125 0.9436231390625001 0.9693044390625 0.935217246875 0.97068228125 0.9051027875000001 1 0.90938701875 1 0.65541578125
1754 0.9104458515625 0.6461511625 0.90107844375 0.6194168999999999 0.84219763125 0.59964129375 0.3408830640625 0.5653736015625 0.2812266 0.57001766875 0.19182739843750002 0.5825819078125 0.1620846640625 0.590502078125 0.0925403953125 0.6245865515625 0.0791286625 0.6489120609375 0.09150454375 0.6770935609375 0.10903992343749999 0.6821093281249999 0.301587109375 0.7148902203125 0.322901675 0.756775878125 0.34017932812499996 0.759957815625 0.3847786125 0.92760454375 0.44787227500000004 0.93743781875 0.48414741093749997 0.9360797828124999 0.45356204531250005 0.7384127609375 0.4738506390625 0.713120771875 0.6155139875 0.6932112874999999 0.6884087203125 0.6829666 0.7305273375 0.703227928125 0.7308668593750001 0.7555416421875 0.7623195484374999 0.8595842156250001 0.7616306265625 0.874641446875 0.742977603125 0.8716528046875001 0.748127225 0.968171728125 0.8290164624999999 0.9549334359375001 0.8114116375 0.749831965625 0.86874855 0.7286834296875 0.8988357468749999 0.71323464375 0.9104458515625 0.6461511625
423 0.0915094828125 0.6172512328125 0.167672884375 0.5803664484375 0.1393971953125 0.5188885515624999 0.040196921875 0.5515307515625001 0.036241800000000005 0.5633069140625 0.06416809375 0.6921557546875 0.0817877359375 0.717730240625 0.0917622703125 0.678927390625 0.0725962609375 0.642349925 0.0915094828125 0.6172512328125
423 0.1472728640625 0.914232521875 0.20744478593750001 0.9132561156250001 0.21561028593749998 0.921458784375 0.2364986 0.9203931734375 0.232117225 0.88921806875 0.17289442187499998 0.8470499125 0.1756501046875 0.7868209921875 0.1337098921875 0.6879924453124999 0.09416855468749999 0.6860694140625 0.079036990625 0.7181168328124999 0.01913020625 0.631163578125 0.044645275 0.8127127249999999 0.0815201296875 0.8355810671875 0.1084253875 0.8374099328125 0.11306449062499999 0.8704188687500001 0.0821198484375 0.8598074468749999 0.0606268765625 0.8964890046875 0.0769578796875 0.91289434375 0.088994240625 0.88876213125 0.1171881390625 0.89976014375 0.1172674625 0.9801611921875001 0.137209125 0.9923189828125001 0.150791853125 0.9791897484375 0.1472728640625 0.914232521875
423 0.45270019687499996 1 0.44683642343749996 0.9899448265625 0.38907325625 0.96814209375 0.40489127187499996 0.9509586078125001 0.412970040625 0.968523721875 0.43403181875 0.9487332234375 0.41469481249999995 0.9009594828124999 0.3548624125 0.954249603125 0.348074753125 0.915932475 0.42854020625 0.8298217515624999 0.44581785937499996 0.8330036875 0.4502041734375 0.804336465625 0.43318671875000003 0.77306719375 0.42553914375 0.7386110203125 0.3665715984375 0.7281978578125 0.3405237875 0.7524292015625 0.3149096390625 0.72984831875 0.2922197 0.6881559578124999 0.2650591828125 0.6545720968750001 0.25053227499999997 0.6510035671875001 0.133885828125 0.6393463921875 0.11437041562500001 0.67013986875 0.13860919375 0.6929140453125 0.1792607671875 0.7825734453125001 0.17650508125 0.8428023640625 0.23701652499999998 0.89413966875 0.26546815 0.9069715140625 0.282745803125 0.9101534515624999 0.2878136296875 0.9561924906250001 0.30001851562500004 0.9731777171875 0.21930027187499998 0.9976122828125 0.21852147500000002 1 0.45270019687499996 1
423 0.7312955828125001 0.768571746875 0.7236504765625 0.7041944078125 0.6884087203125 0.6829666 0.4716153515625 0.7171750234375 0.4596657234375 0.731944790625 0.4646468171875 0.7873462765625 0.45656310937500005 0.829623490625 0.46033982812499996 0.8964145453125001 0.500049690625 0.9394550171875 0.5069216125 0.9983308624999999 0.7451187515625 0.966724490625 0.7440952484375 0.8696256796874999 0.7587088875 0.8638317640625001 0.7312955828125001 0.768571746875