1810 0.33236626406249997 0.6579115359375 0.3932607578125 0.6327691718749999 0.4221901 0.61508308125 0.4043549421875 0.49276535 0.39962366718750003 0.4582891828125 0.3972015671875 0.42365154218749995 0.3919858703125 0.382247846875 0.3736335671875 0.385271515625 0.337050065625 0.3930507328125 0.29839959843749997 0.40445519062499996 0.23459040312499999 0.42109961875 0.27294139375 0.6377020203125 0.2764534375 0.6879266 0.33236626406249997 0.6579115359375
1717 1 0.617643628125 0.9462437765624999 0.6097639874999999 0.864453775 0.601560496875 0.8454959453124999 0.59592475625 0.8249555718750001 0.6008417796875001 0.8236152359375 0.614858309375 0.8356455359374999 0.6209784703125 0.8086620531250001 0.6333074421875 0.7784005546875 0.6319428328125001 0.7842299578125 0.6489387062499999 0.7915208 0.65364993125 0.76259145625 0.6713360234375 0.7362216796875 0.6592571734375 0.727469396875 0.6668305953125 0.7262501640625 0.68257900625 0.7407107453124999 0.6902695765625 0.72332728125 0.7071483015625 0.8876339156249999 0.7339465749999999 0.8881183343749999 0.7408741015625 0.8975972499999999 0.7436919718749999 0.9163128671875 0.7458639515625001 0.9234826046875 0.7488432953124999 1 0.7580833046875 1 0.617643628125
1656 1 0.515723828125 0.9911442296875 0.38908042656249997 0.9522515515625001 0.39702111875 0.925025859375 0.405886328125 0.9076423968749999 0.422765053125 0.906302059375 0.4367815828125 0.9098222859374999 0.4539389296875 0.912841728125 0.5303032125 0.9279078343749999 0.5466531921875 0.9828354593749999 0.5689175375 1 0.5691463203125 1 0.515723828125
81 0.6596326265625 0.26085148125 0.396378375 0.312326671875 0.40365285625 0.3831723609375 0.437627703125 0.603561475 0.470682796875 0.611692140625 0.8072497000000001 0.4471886984375 0.8191998015624999 0.28624081874999996 0.664121690625 0.291863884375 0.6596326265625 0.26085148125
2001 0.353304290625 0.028180870312500002 0.390670078125 0.29706268125 0.635572025 0.248611159375 0.628088059375 0.0420327765625 0.353304290625 0.028180870312500002
1276 0.3178909328125 0.21861506875 0.331462875 0.379518625 0.3843317125 0.3723409734375 0.35130934375 0.2319413796875 0.34523773125 0.21148174375 0.3178909328125 0.21861506875
1278 0.31558175781250003 0.2187765421875 0.3475469078125 0.21132027031249997 0.3673524703125 0.2290791859375 0.37465149375 0.20072317968750003 0.3605787734375 0.0990265609375 0.2565447453125 0.10456097812500001 0.2599275046875 0.18612090625 0.2675816625 0.196027778125 0.26867160625 0.21161471718749997 0.31558175781250003 0.2187765421875
1432 0.1048166703125 0.3240129 0.0747973796875 0.326112053125 0.0747892 0.359179284375 0.1116149125 0.3548638296875 0.1048166703125 0.3240129
1396 0.0661662015625 0.33541735781250004 0.0717533921875 0.348949465625 0.0972754359375 0.3489051421875 0.09594328125 0.3298544390625 0.0661662015625 0.33541735781250004
772 0 0.1650195515625 0.011384226562499999 0.2156831984375 0.0228090015625 0.21314395 0.024383365625 0.23565841718749997 0.0264421515625 0.26510041093750003 0.0304467984375 0.28918528593750004 0.039554215625 0.3198747421875 0.049759759375000004 0.3330839046875 0.06470476093750001 0.347702003125 0.080990096875 0.348303571875 0.0995846109375 0.34874366874999996 0.0981313515625 0.3279610828125 0.0709056578125 0.3368262921875 0.061184534375 0.33054465624999996 0.0459973234375 0.3124627953125 0.0393201875 0.283343746875 0.034710015625 0.2505994609375 0.032530125 0.219425584375 0.03204570625 0.21249805781250003 0.0411613046875 0.21012028124999999 0.0301162078125 0.15172071250000002 0 0.155453996875 0 0.1650195515625
1606 1 0.9502591859375 0.5566787484375 0.8127804296875001 0.280096728125 1 0.41300302968749997 1 1 0.9576000484374999 1 0.9502591859375
1809 0.1814793546875 0.4248135046875 0.11816276249999999 0.415318228125 0.1311537203125 0.4683606765625 0.19033638125000002 0.4851064296875 0.1814793546875 0.4248135046875
1433 0.13271172343749998 0.5570096078125 0.1513062359375 0.557449703125 0.146445675 0.5543088859374999 0.13271172343749998 0.5570096078125
819 0.8943928640625 0.4323933015625 0.8648579968749999 0.44141998437499996 0.8279111796875 0.44400355625000004 0.8074919109375 0.4506524625 0.468373621875 0.6118536140625 0.433493771875 0.61081195 0.26733783906249997 0.690304375 0.119074334375 0.6606439078124999 0.01551654375 0.706173084375 0.031139087500000003 0.9295858656249999 0.8981553 0.4530144140625 0.8943928640625 0.4323933015625
1111 0.9542628640625 0.12712614375 0.95364915625 0.1515339671875 0.9286115359375 0.15850581875 0.9179133890625 0.1714363609375 0.91084839375 0.2363233625 0.9284658859375 0.2559756328125 0.925050403125 0.3066846328125 0.9076587593750001 0.3566305890625 0.9093460468749999 0.41394416874999995 0.9887139484375 0.38751001875 0.9720096421875001 0.1154430671875 0.9542628640625 0.12712614375