1810 0.6140287718749999 0.38806224375 0.6066533203125 0.4291362296875 0.6024217468749999 0.46359963750000005 0.5958926124999999 0.49778094062499995 0.57168028125 0.61899761875 0.5996443593749999 0.6381735171875 0.6591395484375 0.6664683953125 0.71340488125 0.6993685765625 0.7195406640625001 0.6493966343750001 0.7691751890625 0.4350982140625 0.70632454375 0.41513708125 0.668323909375 0.40172544375 0.6321976765625 0.3920422546875 0.6140287718749999 0.38806224375
1717 0 0.730690784375 0.0640743109375 0.726338896875 0.07139015 0.7237388703125001 0.0901937921875 0.72254936875 0.099807190625 0.7202314484375 0.10065350625 0.7133387671875 0.26613747656250003 0.6951763640624999 0.24966119999999997 0.677410990625 0.26450445624999996 0.6704877703125 0.2641111046875 0.6546971312500001 0.2557671765625 0.6466760296875 0.22880138125 0.6573582375 0.200837303125 0.6381823390625 0.2083647203125 0.63385914375 0.215075628125 0.61719165 0.184784184375 0.6169706265625 0.1584829296875 0.60324634375 0.1708170484375 0.5977641874999999 0.1702121171875 0.58369671875 0.1499572296875 0.577711434375 0.13073043125 0.5823472749999999 0.0486231828125 0.5862589640625 0 0.590803059375 0 0.730690784375
1656 0 0.5429981421875001 0.0142193859375 0.5435534328125 0.0702369578125 0.524194290625 0.08613810937500001 0.5086552156249999 0.0931500109375 0.4325536125 0.097563359375 0.41560401406249997 0.096958428125 0.4015365453125 0.0804821515625 0.383771171875 0.0537577421875 0.37349323125 0.0153339484375 0.3635279359375 0 0.488412921875 0 0.5429981421875001
81 0.613301678125 0.318007009375 0.3531022109375 0.2528247 0.346996234375 0.2835596625 0.1924249421875 0.2698281421875 0.1959353046875 0.43118086718750004 0.523431509375 0.6130734140625 0.556866828125 0.6066838609375 0.6023293890625 0.3883748890625 0.613301678125 0.318007009375
2001 0.6198010078125 0.30306268593749996 0.6711877734375 0.0365049421875 0.3960556328125 0.03595679375 0.377770446875 0.2418603875 0.6198010078125 0.30306268593749996
1276 0.6625159859374999 0.24009061250000002 0.6221909250000001 0.3785695359375 0.674611659375 0.38850429218750004 0.6965860421875 0.22853154843749998 0.6696500515625 0.219976778125 0.6625159859374999 0.24009061250000002
1278 0.646644640625 0.23639270781250002 0.667352490625 0.2196946734375 0.6988836015625 0.2288136546875 0.7461042859375 0.22411673125 0.74800849375 0.20860819843749998 0.756170646875 0.199115490625 0.7638172875 0.11784437656249999 0.660215484375 0.1068728234375 0.6408396578125 0.2076935609375 0.646644640625 0.23639270781250002
1432 0.9337204859374999 0.348603746875 0.9038521984375001 0.34493638125000003 0.895448659375 0.3753892390625 0.93199805 0.3816260890625 0.9337204859374999 0.348603746875
1396 0.9355650843750001 0.37156917031250003 0.9418528343749999 0.35834801875 0.9124077046875 0.35123431250000003 0.9100803375 0.37018918749999996 0.9355650843750001 0.37156917031250003
772 1 0.17901467499999998 0.9874673625 0.176789834375 0.9733810046875 0.2345313125 0.98235966875 0.2373829046875 0.981513353125 0.2442755859375 0.9777049359375001 0.275292653125 0.9713873796874999 0.307750784375 0.9631954203124999 0.33648047187499996 0.9470826921875 0.3537427171875 0.937046134375 0.3595069796875 0.9103217234375001 0.3492290375 0.9077827781250001 0.3699070828125 0.9263748421875 0.37044075 0.9426693437500001 0.370692315625 0.958358915625 0.3568764109375 0.9692417875 0.34421946718749996 0.9799428859375 0.314048715625 0.9852025484375 0.2902064359375 0.9887993875 0.2609125390625 0.9915499109375 0.23851132343749998 1 0.240859628125 1 0.17901467499999998
1606 0.67911955 1 0.427029265625 0.8093854390624999 0 0.9176723156250001 0 0.9337155453125 0.5297951140625 1 0.67911955 1
1809 0.8857458453125 0.43541809843749996 0.82201908125 0.44158662812499994 0.8100187046875 0.50133338125 0.8699966625 0.48770795937500006 0.8857458453125 0.43541809843749996
1433 0.850227484375 0.5727380609375 0.8452092062500001 0.5756201921875 0.86380126875 0.5761538609375 0.850227484375 0.5727380609375
819 0.52572906875 0.6133555203125 0.19551214687500001 0.43462720781249997 0.1754688390625 0.426918753125 0.1387078703125 0.4224050734375 0.10968589843750001 0.41184502656250005 0.10484939374999999 0.43224096718749994 0.9457355671875 0.9535354187499999 0.973029221875 0.7312464359375 0.87199616875 0.680359859375 0.7223835453125 0.702220165625 0.5606156343750001 0.6141407531249999 0.52572906875 0.6133555203125
1111 0.103514428125 0.215182578125 0.0998550390625 0.1500147484375 0.08984828593750001 0.1365420296875 0.06520985781250001 0.128269365625 0.06587439843750001 0.1038628734375 0.0487633859375 0.0912670125 0.0178430875 0.36208687031250003 0.0957187625 0.39263858749999997 0.1004032984375 0.3354918609375 0.0856494578125 0.2847041453125 0.0848925609375 0.2338858875 0.103514428125 0.215182578125