1810 0.3143712046875 0.6363050734375 0.3778758828125 0.6187712890625 0.408744984375 0.604742628125 0.4059495484375 0.481163075 0.40545512656250005 0.446367290625 0.40727234687499997 0.4116926546875 0.40714136874999995 0.3699619421875 0.38855736875 0.3707264890625 0.3512985078125 0.373989315625 0.31154628125 0.380598459375 0.2461842640625 0.3893424359375 0.2578521984375 0.609004128125 0.255217228125 0.65928235 0.3143712046875 0.6363050734375
1717 0.8649350390625001 0.7903304453125 0.88324645625 0.79476709375 0.8899996609375 0.7985980015624999 0.9792451062499999 0.8206600937499999 0.9843840703125 0.6783729359375 0.929540678125 0.663329259375 0.8493600796875 0.6452192234374999 0.831230384375 0.6373151109374999 0.8102438812500001 0.6396922421875 0.80720535 0.65344095 0.81840011875 0.660981615625 0.7901152421875001 0.6699302312500001 0.7602456140625 0.66488784375 0.7639602875 0.6824674578125001 0.77062263125 0.688032096875 0.73975353125 0.7020607578125 0.715052353125 0.686858275 0.7054423390625 0.6933086109375 0.702312946875 0.70879105 0.7157284953125 0.7181865968750001 0.69641760625 0.7328209984375 0.8562336359374999 0.7794434625 0.855870190625 0.7863783890625 0.8649350390625001 0.7903304453125
1656 1 0.4498421046875 0.9614305046875 0.4529043078125 0.933327353125 0.45838545937499997 0.9140164640625 0.4730198609375 0.9109779328125001 0.48676856874999996 0.9123809656249999 0.504227034375 0.9060714359375 0.5803900875 0.91903268125 0.5984542937499999 0.9708375421875 0.6272466765625 0.9915514640625 0.630070740625 1 0.46886305781250004 1 0.4498421046875
81 0.687587621875 0.28208838125 0.4200223796875 0.3010972625 0.418608721875 0.3723014140625 0.42547164843749996 0.595188271875 0.45728947499999995 0.6072867359375 0.8113955859375 0.48502666562499996 0.842871225 0.3267348171875 0.688263765625 0.3134167015625 0.687587621875 0.28208838125
2001 0.41189802656249996 0.013820028125 0.41621684531250003 0.2852513796875 0.6651980859375 0.267007046875 0.682945475 0.061056401562499994 0.41189802656249996 0.013820028125
1276 0.35354054375 0.19851895625 0.3474021109375 0.359877165625 0.400751609375 0.35919610625 0.3850857890625 0.21581861562500002 0.3815528359375 0.1947715390625 0.35354054375 0.19851895625
1278 0.3512289015625 0.198397809375 0.38386447968750004 0.1948926859375 0.401358146875 0.21493292031250003 0.4120584921875 0.187677803125 0.4104843671875 0.08502418125 0.3065513171875 0.07783878749999999 0.29996920781249997 0.15920303593750001 0.3063589671875 0.169968871875 0.30554121875 0.1855724578125 0.3512289015625 0.198397809375
1432 0.1292097390625 0.27716394843750003 0.09915838593750001 0.27558902343749997 0.095120384375 0.3084087796875 0.13219752499999998 0.3086134171875 0.1292097390625 0.27716394843750003
1396 0.0894575109375 0.283773090625 0.0933539078125 0.297885240625 0.11869111406249999 0.3009516015625 0.1196905859375 0.28188055156249997 0.0894575109375 0.283773090625
772 0.05859903749999999 0.2091391328125 0.0596386265625 0.23353252656249998 0.0649380546875 0.2651031421875 0.0734577359375 0.279457590625 0.08650984218749999 0.2957880640625 0.10260047812499999 0.2983698328125 0.12100275625000001 0.30107275 0.12209308906250001 0.2802679671875 0.093989934375 0.28574911875 0.08510680937500001 0.2783295984375 0.0722364265625 0.2585316609375 0.0691577796875 0.2288159234375 0.068572496875 0.1957538703125 0.07020799531250001 0.164546696875 0.07057143906249999 0.1576117703125 0.0799088703125 0.1563626296875 0.07606321875 0.09705230468750001 0.0436093625 0.0970899640625 0.049675796875 0.1582551703125 0.06132486875 0.15712717812500002 0.060143676562500005 0.1796656921875 0.05859903749999999 0.2091391328125
1606 0.92398439375 1 0.518137928125 0.8173564140625 0.20373330156249997 0.97820551875 0.6386819015625 1 0.92398439375 1
1809 0.1930164890625 0.38655603125 0.13132903125 0.3694151796875 0.1377589078125 0.42364545781249996 0.1944596375 0.4474789421875 0.1930164890625 0.38655603125
1433 0.1285017109375 0.5118234859374999 0.1469039890625 0.5145264015625 0.14246242656250002 0.5108166421875 0.1285017109375 0.5118234859374999
819 0 0.862158115625 0.9009136140624999 0.5018875625 0.8996923046875 0.48096163125 0.8692775078125001 0.486321634375 0.8322912296875 0.484383265625 0.8112138640625 0.488494128125 0.4549778328125 0.6071655890625001 0.42048491875 0.6018809046875 0.2458797984375 0.660531490625 0.102336128125 0.61302333125 0 0.64378929375 0 0.862158115625
1111 1 0.1834422 0.9963187484375 0.18526620625 0.9927350515625 0.2094173046875 0.9670344015625 0.213285871875 0.9548401609375 0.22481625468750002 0.939920090625 0.2883585921875 0.9550112546875 0.310011409375 0.945441359375 0.35992618906249996 0.9220924687500001 0.40738034843750004 0.9167824109374999 0.46447235 0.9987802296874999 0.44790775 1 0.42788770937500004 1 0.1834422