407 0.4303071296875 0 0.54165979375 0.2852180578125 0.761886934375 0.320048228125 0.7705807546875 0.29793504843749996 0.8682619562499999 0.1389895203125 0.906470846875 0.147111071875 0.9210896375000001 0.07833506875 0.55255211875 0 0.4303071296875 0
1050 0.7274613296875 0.1250354953125 0.75263826875 0.042529623437500004 0.6541257796875 0.0215901484375 0.647222659375 0.10798023906250001 0.7274613296875 0.1250354953125
1050 0.6422948359375 0.2626799984375 0.6957872828125 0.27405016875 0.7104060734375001 0.20527416562499998 0.6416300703125 0.19065537500000002 0.6422948359375 0.2626799984375
1567 0.0994948109375 0 0 0.4772820875 0 0.89690498125 0.370922240625 0.9757469375 0.45389215624999996 0.8296485015625 0.548489415625 0.29066325625 0.4339295359375 0 0.0994948109375 0
1567 0.547437375 0.3144007453125 0.45088342187499997 0.8250154562500001 0.59607720625 0.8558773484375 0.7057181375 0.34005732499999997 0.547437375 0.3144007453125
2006 0.641318003125 0.6618241609375 0.6871686718750001 0.671570021875 0.72696426875 0.4843464578125 0.6811136 0.47460059687499995 0.641318003125 0.6618241609375
1567 1 0.0951079828125 0.9246982546875 0.079102103125 0.9072830015625 0.1432901828125 0.8690741109375001 0.13516863125 0.762699090625 0.3162273390625 0.6253523921874999 0.906028678125 0.6405072281249999 1 0.9048920171875 1 1 0.55255211875 1 0.0951079828125
819 0.6410384078125 1 0.621531503125 0.9052165234375 0.6359104062500001 0.8563571203125001 0.6015224046875 0.8490477249999999 0.5998980953124999 0.856689503125 0.45852519999999997 0.8266397671875 0.3671013515625 0.97493478125 0.47577664999999997 1 0.6410384078125 1
1939 0.553934615625 0.2838336328125 0.547437375 0.3144007453125 0.7010850921875 0.3430660578125 0.6015224046875 0.8490477249999999 0.6367225624999999 0.85253623125 0.73451355 0.4300418546875 0.761886934375 0.320048228125 0.553934615625 0.2838336328125
278 0.18714957968749998 0.713047846875 0.20706617968750002 0.7132877328125 0.2321504890625 0.5389112593750001 0.15573270781249998 0.522668159375 0.0553375515625 0.5252896171875 0.022943846875 0.7340540921875001 0.1048068265625 0.7434675703125 0.1617877796875 0.719637584375 0.18714957968749998 0.713047846875
278 0.237835575 0.5121650359375 0.26592861874999996 0.34242160781250003 0.25446595156249996 0.3399851421875 0.257714571875 0.3247015859375 0.22332657031249997 0.317392190625 0.22194214687499997 0.30511736875 0.14170347656249999 0.28806211249999997 0.11390521093749999 0.3061145171875 0.0940262140625 0.4935779671875 0.175077040625 0.506812334375 0.2034475734375 0.504855640625 0.237835575 0.5121650359375
278 0.32929702656250004 0.5515733578125 0.332545646875 0.5362898015625001 0.2591366 0.5246797453125 0.23567659999999999 0.6914144390625 0.247951421875 0.690030015625 0.2493358453125 0.7023048375000001 0.2662437125 0.6979116796875 0.271928796875 0.67116545625 0.30875326406250003 0.667012184375 0.322652396875 0.6579859828125 0.34075969375000004 0.5540098234374999 0.32929702656250004 0.5515733578125
278 0.3207882 0.6855443609375 0.2269827796875 0.7135276187499999 0.19912962343750001 0.863354446875 0.31032268125 0.79114483125 0.3207882 0.6855443609375
278 0.5605995593750001 0.6846021062500001 0.5627961390625 0.6930560390625 0.551333471875 0.6906195734375 0.546128159375 0.677532596875 0.5071071125 0.6732319359375001 0.507199609375 0.7291608468749999 0.589062590625 0.738574325 0.5797040046874999 0.68866288125 0.5605995593750001 0.6846021062500001
278 0.60013798125 0.8367729031250001 0.6133723484375 0.755722078125 0.594267903125 0.751661303125 0.5795566156249999 0.76450839375 0.5604521703125 0.76044761875 0.5628886359374999 0.7489849515625 0.5369545671875 0.7394789765625001 0.5306972125 0.7501294890625 0.481837809375 0.7357505843750001 0.4740486421875 0.8099717859375 0.5742039125 0.827266928125 0.60013798125 0.8367729031250001