1050 0.6839734796875 0.28381230468749996 0.6886942703125001 0.2790873828125 0.691141921875 0.1812861328125 0.6684674578124999 0.1755635578125 0.6459747609375001 0.17504614375 0.6268752296875 0.1737587984375 0.6188067140625 0.180554940625 0.6092546375000001 0.2707870203125 0.6272083125 0.2812345203125 0.641405284375 0.282041628125 0.6424494140625 0.28395948125000003 0.6431992078125 0.30543076875 0.6043758359375 0.2989692484375 0.6481926515625 0.3085135859375 0.64644416875 0.2864257359375 0.6664515046874999 0.2857270640625 0.6839734796875 0.28381230468749996
1341 0.5305888390625 0 0.47922524843750003 0.003026453125 0.48247539218749996 0.12408051718749999 0.5615742109374999 0.1226212015625 0.5606635359375 0 0.5305888390625 0
1341 0.366119915625 0.1359610015625 0.4753146828125 0.12889064374999998 0.47232531250000004 0.0013130875 0.3615529890625 0.005181343749999999 0.366119915625 0.1359610015625
1341 0.191739809375 0.15117062812499998 0.3553388296875 0.1350346078125 0.34837742656250004 0.00564144375 0.18350706562500002 0.013353159375000001 0.191739809375 0.15117062812499998
1050 0.25682605625 0.5319436078125 0.2731902953125 0.5248577703125 0.2825637140625 0.5134559890625 0.29133554375 0.498818021875 0.2669063765625 0.30293667968750004 0.24012355156249998 0.291494625 0.2001088796875 0.2928919671875 0.176640215625 0.292408634375 0.1426858375 0.29945729375 0.12039762968750001 0.3047956859375 0.109026834375 0.314964340625 0.1035572859375 0.3262297953125 0.1170917625 0.5179315203125 0.12918963125 0.5285835078125001 0.1510244546875 0.5382440359375 0.1721895265625 0.5427164421875 0.1972357484375 0.5464018796875 0.2054860296875 0.5448108953124999 0.2027744953125 0.565100178125 0.127783 0.5442671515625 0.20894839531249998 0.57400471875 0.20797139062499997 0.5460269828125 0.222122921875 0.5455327999999999 0.25682605625 0.5319436078125
1790 0.256482690625 0.759959075 0.2032805765625 0.7474852875 0.1565152109375 0.7934161875 0.155869215625 0.8168905328125 0.1992099265625 0.8407831437500001 0.25031086406249997 0.807078171875 0.2647794515625 0.7876812015625 0.256482690625 0.759959075
526 0.2068152515625 0.8906783234375 0.2356636171875 0.9053054406250001 0.2813383734375 0.8281435765625 0.2586866296875 0.823071646875 0.2068152515625 0.8906783234375
214 1 0.5454530953125001 0.9992657875000001 0.526211634375 0.8400684265624999 0.5005018812500001 0.8397957734375 0.492694140625 0.8269945890624999 0.48988397343749995 0.781713821875 0.480390759375 0.7523666312499999 0.47946127031249997 0.7322002484375 0.475605425 0.738600321875 0.4630046 0.7358877500000001 0.4552820625 0.7244931968749999 0.4367882515625 0.709523709375 0.4138592109375 0.6654559265625 0.369145959375 0.637912465625 0.34991320312499996 0.6262462953125 0.3516234734375 0.609836615625 0.35740801875 0.59926001875 0.3623374328125 0.5866622875 0.337371253125 0.569723803125 0.1601200453125 0.5627329828125001 0.1558041 0.1976322875 0.22197165624999998 0.1778521625 0.2291767765625 0.18005610156250001 0.29228935 0.2166548875 0.2910112921875 0.2499968328125 0.2944070359375 0.2680641125 0.3081077578125 0.29231151093749996 0.498783940625 0.28125880937500003 0.5180616265625 0.25259324843750003 0.536651490625 0.2106385203125 0.552448228125 0.2289392296875 0.7407263203125 0.2646193671875 0.7551148671875 0.2886441796875 0.75753309375 0.315846825 0.7670061734375 0.342323434375 0.7836704296875 0.3611967921875 0.8064631437499999 0.36624755625 0.8251784828125001 0.359542303125 0.87101333125 0.3483305546875 0.8857364999999999 0.354109428125 0.953284303125 0.4003671984375 0.9907552562499999 0.6165104609375 0.9962361375000001 1 0.9797218984375 1 0.5454530953125001
1195 0.3511685 1 0.34437039999999997 0.8982521234374999 0.35083863593750003 0.88760323125 0.3644211046875 0.8428311031250001 0.3550228921875 0.7975586 0.3159149875 0.7689581078125001 0.2744926484375 0.7580272765625 0.23147003281249998 0.7432436953125 0.0547341953125 0.886868971875 0.066458721875 0.9288030453125 0.0758450546875 0.959744315625 0.0872752953125 1 0.3511685 1
1354 0.5190845421875 0.402920653125 0.49285890156249995 0.4214253125 0.4492822109375 0.460730478125 0.40163072499999997 0.4812862203125 0.366098790625 0.485132778125 0.3320535296875 0.48957885624999997 0.3243712734375 0.5074359671875001 0.3226238265625 0.5133599359375001 0.355001684375 0.53112099375 0.3659645375 0.537252546875 0.40129509218750004 0.61158564375 0.424311409375 0.6550797140625 0.463364065625 0.7240713234375 0.4640911375 0.744891965625 0.46269638593750007 0.77490684375 0.48003659218749994 0.767786925 0.4981363984375 0.7404458875000001 0.5335309703125 0.704683640625 0.5747813453124999 0.6687169046875 0.606590140625 0.6422000156250001 0.6328720671875 0.611316059375 0.6498487359375 0.59378581875 0.62178165625 0.5315764093750001 0.5967679609375 0.48684921093750005 0.5436092171875 0.4196530734375 0.5190845421875 0.402920653125
1354 0.73882753125 0.4695110484375 0.7373517015625 0.455230940625 0.70337253125 0.405605315625 0.672843846875 0.3708422828125 0.64973768125 0.3527574515625 0.6237154921875 0.3491060953125 0.5831684312500001 0.377231009375 0.5457083203125 0.40980819375 0.53606225 0.413402234375 0.55835149375 0.4360756640625 0.59263688125 0.4804790859375 0.611964659375 0.5162847015625001 0.6310089421875 0.5579631640625 0.644514478125 0.5809433265624999 0.647136165625 0.5860632828125001 0.668107590625 0.5709992984375 0.6969192828125 0.5146208984375 0.711501475 0.4984771515625 0.7203869109375 0.4870924125 0.73882753125 0.4695110484375
1355 0.395166634375 0.6039823921874999 0.36194706249999997 0.534135646875 0.3405775015625 0.523807434375 0.32025207187500004 0.515397075 0.3301015953125 0.4896470203125 0.3368197625 0.48615522499999997 0.38654866875 0.4831157765625 0.4271984921875 0.471924675 0.47360135937500003 0.44359527187500003 0.4913267875 0.41952449999999997 0.4751086796875 0.3888218 0.46430487343750004 0.3872447625 0.4549877390625 0.386267246875 0.44463835312500005 0.397703109375 0.4266402734375 0.41396614062500003 0.3834260828125 0.43566980781250003 0.3218502765625 0.463226184375 0.300980578125 0.4672121625 0.30293354843750003 0.49515581875 0.31976512343749997 0.5434259359375 0.3368120296875 0.5838712703125 0.3671599828125 0.6414409625 0.39434094375 0.678275215625 0.4121366078125 0.7121800171875 0.4294768140625 0.7050600984375001 0.4443316609375 0.69672409375 0.4331978796875 0.6717067921875 0.395166634375 0.6039823921874999
1355 0.47884266093749994 0.397811546875 0.4913267875 0.41952449999999997 0.50981285 0.403244428125 0.5170190031249999 0.3997355921875 0.5374580375 0.4113991765625 0.56033595625 0.3949657390625 0.5763821 0.3787708703125 0.59839765625 0.3656247390625 0.5920419875 0.3515150359375 0.5747916281250001 0.333225715625 0.5287295765625 0.37131479375 0.510663334375 0.3856258890625 0.4928805859375 0.39406413906250004 0.47884266093749994 0.397811546875