407 0.029429328124999998 0 0.029118609375 0.0059288640625 0.402648846875 0.3423452234375 0.6132972640625 0.35338483906249996 0.99817646875 0.025422149999999998 0.5130929515625 0 0.029429328124999998 0
1674 0.503817959375 0.128597071875 0.4960161671875 0.128188196875 0.49540285468749995 0.1398908875 0.47959483125 0.142974034375 0.49438066718749996 0.1593953703125 0.5144984625 0.1487148671875 0.5030002109375 0.1442006578125 0.503817959375 0.128597071875
1073 0.5171893234375 0.24664615625000003 0.5058955078125 0.2382310515625 0.4857777125 0.24891155468749998 0.5007679875 0.26143199375 0.5171893234375 0.24664615625000003
1073 0.5172059109375 0.32096762968750003 0.5057076578124999 0.31645342187500003 0.497496990625 0.323846340625 0.5050943453125 0.3281561109375 0.5172059109375 0.32096762968750003
770 0.4833410515625 0.3700437875 0.510647328125 0.3714748484375 0.5155704125 0.352174803125 0.4804623421875 0.3503348671875 0.4833410515625 0.3700437875
1939 0 0.9699411687499999 0.1114575109375 0.9725003031250001 0.38997373281250003 0.5842008140625 0.402648846875 0.3423452234375 0.028914171875 0.0098297609375 0 0.5615450281250001 0 0.9699411687499999
1939 1 0.027394562500000004 0.6254088296875 0.3461963578125 0.60719731875 0.619054684375 0.812400584375 1 0.9744822828125 1 0.9994169859375001 0.5242175296875 1 0.511129715625 1 0.027394562500000004
1939 0.39407906718749997 0.5805043546875 0.4720969984375 0.5845931015625 0.604931921875 0.587643075 0.6252043921875 0.35009725468749997 0.40654974375 0.3425496609375 0.39407906718749997 0.5805043546875
1865 0.5193000453125001 0.5049230828125 0.5082106671875 0.49260708124999997 0.496507978125 0.49199376875 0.48788843593750003 0.5071884812499999 0.4837996890625 0.5852064140625 0.5191121953125 0.583145453125 0.5227920671875 0.5129293140625 0.5193000453125001 0.5049230828125
676 0 0.9667099828125 0.0219413265625 0.9638973468750001 0.04659530625 0.120281490625 0.027704134375 0.10755661406249999 0 0.5940535078125 0 0.9667099828125
819 0.802714321875 1 0.6032964234375 0.618850246875 0.604931921875 0.587643075 0.39407906718749997 0.5805043546875 0.1190548671875 0.9768100734375 0.56154501875 1 0.802714321875 1
1497 0.503270996875 0.4375856546875 0.504293184375 0.41808117031250003 0.4810922421875 0.41295365000000006 0.4837665140625 0.4365634671875 0.503270996875 0.4375856546875
676 0.7625369359375 0.26732750156249996 0.7177871359375 0.3001867609375 0.6897626359375 0.760288125 0.7324846484374999 0.8407593046875 0.7625369359375 0.26732750156249996
676 0.5884608234375001 0.3794644921875 0.57864783125 0.5667075296874999 0.6057496703125 0.5720394875 0.62356889375 0.381304428125 0.5884608234375001 0.3794644921875
676 0.394692378125 0.568801665625 0.47271031093750004 0.5728904125 0.47841796875 0.38934383281249996 0.47944015625 0.36983935 0.4090195796875 0.370060375 0.394692378125 0.568801665625
676 0.3716461109375 0.336808828125 0.3606230828125 0.62177871875 0.381354190625 0.5993955265625 0.3868408234375 0.34542837187500003 0.3716461109375 0.336808828125