1250 0.4970890296875 0.430371990625 0.4812394140625 0.2037119296875 0.33578863281250004 0.1956091578125 0.3539873296875 0.44886284375 0.4970890296875 0.430371990625
407 0.4918726875 0 0 0.0343950890625 0 0.042214296875 0.5892366703125 0.1171916203125 0.8167503999999999 0.1508823015625 0.974122021875 0.112467284375 0.96625754375 0 0.4918726875 0
1354 0.37461346875 0.7228309953125 0.30886676875 0.5805863765625 0.1804027546875 0.61241155625 0.251429103125 0.7601606671875001 0.37461346875 0.7228309953125
1354 0.7922479625000001 0.5774587484375 0.7340436125 0.4940761796875 0.6629531390625 0.5134052015624999 0.717805728125 0.6048537265625 0.7922479625000001 0.5774587484375
214 0.469072565625 1 0.8277896124999999 0.9737312453125 0.829985534375 0.9631355906250001 0.834604446875 0.9451915546875 0.83908711875 0.925299153125 0.8869494578125 0.8677838812499999 0.8260166812499999 0.794381575 0.765984175 0.7548531484375001 0.420857809375 0.6771762296875 0.370101415625 0.70030440625 0.378964346875 0.7290530656249999 0.25317533124999997 0.77113329375 0.2317717890625 0.738040509375 0.0220462546875 0.7977375171875 0.035343190625 1 0.469072565625 1
1050 0.4973098578125 0.6085249328125 0.5071790359375 0.5536664015625 0.49269807343750005 0.528573753125 0.4960044203125 0.5198583421875 0.5375639515625 0.5052048499999999 0.49696525312500006 0.43560169687499994 0.44785980781249995 0.440340746875 0.421239834375 0.5146442875 0.4614209015625 0.5222766562500001 0.45238521406250004 0.5470558578125 0.46662307187499996 0.6106707625000001 0.46150460000000004 0.6214707828125 0.4982181453125 0.6215140484375 0.4973098578125 0.6085249328125
1849 0.418012903125 1 0.46701931406249997 0.9663271906249999 0.4594155171875 0.9485852187500001 0.46502108125 0.9377511374999999 0.45138251093750004 0.9387048390625001 0.4432337421875 0.9131693984375 0.42260669375 0.919180203125 0.381009765625 0.912299471875 0.34736303125 0.89311544375 0.289890646875 0.9251974546874999 0.277168378125 0.9182555046875001 0.250478059375 0.9775534421875 0.28888972812499997 1 0.418012903125 1
1354 0.2716305046875 0.713063846875 0.1963610234375 0.595632490625 0.1314210859375 0.6119208984375 0.030696374999999998 0.627448465625 0.0101396734375 0.6484648734375 0.0230658515625 0.7983188515624999 0.2716305046875 0.713063846875
1354 0.222593634375 0.5787876046875 0.1987056546875 0.594163275 0.26712290156249996 0.7186001015625 0.4190786328125 0.6727322234375 0.3884319265625 0.57045421875 0.37508632343750004 0.5615979624999999 0.222593634375 0.5787876046875
1354 0.655225565625 0.5008929375 0.580213425 0.506138296875 0.5558632859375 0.5359041765625 0.5986828375 0.609267821875 0.6997913453125 0.5852292078125 0.7138466609375 0.569235840625 0.6747671203125 0.5073580359375 0.655225565625 0.5008929375
1354 0.6607403015625 0.48875994375 0.6564597703125 0.4975434765625 0.7088519671875 0.5748061546875001 0.7924002375 0.53763758125 0.7468522578125001 0.4742542 0.6732684453125 0.4859259953125 0.6607403015625 0.48875994375
1790 0.5256021468750001 0.5791360234375 0.50401338125 0.592393021875 0.5205210734375 0.6114702656250001 0.540322646875 0.614654025 0.5424651375 0.6242936796875 0.5670094015625 0.604303696875 0.550027084375 0.5924385875 0.5256021468750001 0.5791360234375
1281 0.6723921984375 0.746387215625 0.649465934375 0.754516690625 0.645895115625 0.7384506 0.5996792734375 0.749513903125 0.5897851625 0.7900162859375001 0.6438194078125 0.79276415625 0.6431381921875 0.7830223203125 0.6671089859375 0.789830328125 0.7153595734375 0.751866853125 0.6723921984375 0.746387215625
418 0.49563129687499996 0.738515965625 0.48588946093749996 0.73919718125 0.5033009890625 0.7432007015625001 0.5267143453124999 0.735037165625 0.5197917640624999 0.7270370296875 0.49752178437500005 0.73055219375 0.49563129687499996 0.738515965625
1649 0.55460235625 0.7278659937499999 0.5228176109375 0.7353096515625 0.5237258984375 0.748298765625 0.51645691875 0.7703439000000001 0.5412077734375 0.7673078890625 0.5799150984375 0.7678643671875001 0.58123568125 0.7377509765625 0.5595436203124999 0.7425309906249999 0.55460235625 0.7278659937499999
104 0.42790328125 0.6029362109374999 0.40520408906250005 0.6143129640625 0.4067027625 0.6357450046875 0.4164446 0.6350637890625 0.446313925 0.6212277562499999 0.4426068640625 0.6032132984375 0.42790328125 0.6029362109374999