1250 0.14413885937499998 0 0.1361943890625 0.10002005781250001 0.2950480265625 0.121419390625 0.3101043421875 0 0.14413885937499998 0
1250 0.8123775656250001 0.050011628125 0.5963282999999999 0.0099330578125 0.5735521953125 0.1672217625 0.7836049984375 0.207565165625 0.8123775656250001 0.050011628125
214 0 0.618158890625 0.0482252109375 0.69733454375 0.13527866093750002 0.8363073171875 0.163770465625 0.896862334375 0.171580459375 0.920055253125 0.178653265625 0.9305575703125 0.179807009375 0.9512546421874999 0.2933263265625 0.9712711609375001 0.6869755875 0.7696372828125 0.7206042234375001 0.7504456875 0.7364727078125 0.7532437296875 0.7512106703125 0.7624532796875 0.7786313078125 0.6463097171875 0.773481953125 0.6361465578125001 0.8497339203125 0.59736611875 0.8961473265625 0.37350920625 0.8779860125000001 0.35840734687500003 0.8731455968749999 0.3324326203125 0.781044409375 0.3036320796875 0.771763171875 0.2775354 0.7647747640625 0.263742540625 0.5735027125000001 0.21811658750000001 0.5526297125 0.22964106874999998 0.49535125156250004 0.225491096875 0.4872927609375 0.2458859734375 0.47657362968749994 0.253251090625 0.4629865390625 0.3837334125 0.43334494843750004 0.394372840625 0.3998293640625 0.41292328593749994 0.0168231828125 0.4564512484375 0 0.5518602546875 0 0.618158890625
1050 1 0.38966853437500004 0.9975807984375 0.388750325 0.99301596875 0.310598471875 0.9410827484375 0.30144124375 0.8959227875 0.38603023125 0.9412687609375 0.4184860953125 0.9420903468749999 0.42788615312499995 0.9681970984375001 0.4232342875 0.9714229984375 0.4330582921875 0.9972208140625 0.44421799218749997 1 0.43371619843750003 1 0.38966853437500004
1050 0.44517268750000005 0.2232541125 0.43776385624999997 0.23715269062500002 0.431051034375 0.17118270625 0.39957038906250003 0.17819243437500001 0.377431421875 0.23907507031250003 0.40435975781250005 0.2438232625 0.4352751421875 0.2400192875 0.43185335625 0.24536570000000002 0.432674940625 0.254765759375 0.45618149218750004 0.2648603640625 0.4659342015625 0.2236095015625 0.44517268750000005 0.2232541125
126 0.91606888125 1 0.96063464375 0.7557487640625 0.9220811921875001 0.7522561765625 0.90703429375 0.75885819375 0.8993165234375 0.7885683375 0.8912580328124999 0.808963215625 0.8725934640625 0.836082059375 0.8543811031249999 0.8606363 0.8321816953125 0.8937427078125 0.819150471875 0.9535869453125001 0.824360265625 0.9915263328125 0.8211719046875 1 0.91606888125 1
1196 0.7565970859375 0.8500051890625 0.8261581437500001 0.9025968687500001 0.8361687421875 0.8851905421874999 0.8672195703125001 0.8384399218749999 0.8982990546874999 0.7943386968749999 0.9095230078125001 0.7559915937499999 0.9600693828125 0.75895451875 0.9796274125 0.6480354171875 0.8666198749999999 0.5943938015625 0.773481953125 0.6361465578125001 0.7810069687500001 0.6440842703125 0.7353833625 0.8522144031250001 0.7565970859375 0.8500051890625
1196 0.31245710625 0.4219773453125 0.385799934375 0.41375494375 0.44952237031250003 0.38135931562500003 0.39586158125000004 0.356692515625 0.319464778125 0.37098726875 0.31245710625 0.4219773453125
1939 0.431661228125 0 0.3632405421875 0.5023290203124999 0.9373458906250001 0.8878258453125 1 0.53249673125 1 0.083094525 0.52874753125 0 0.431661228125 0
1939 0.085408321875 0 0 0.4843746609375 0 0.5745742375 0.35733004375 0.5105420296875 0.42912348749999996 0 0.085408321875 0
819 0.9175665609375001 1 0.9367806296875001 0.8910316015624999 0.3578953046875 0.507336275 0 0.5827016375 0 0.9175665593750001 0.4675032671875 1 0.9175665609375001 1