1250 0.5104784703125 0.383900809375 0.54551388125 0.224638984375 0.42398799374999996 0.191445325 0.3873665953125 0.3693022703125 0.5104784703125 0.383900809375
407 0.5138175640625 0 0.7420948562499999 0.1181210671875 1 0.1366074984375 1 0.096320478125 0.54306419375 0 0.5138175640625 0
214 0.825430378125 0.846845115625 0.8248469046875 0.81990043125 0.8581260281249999 0.8043606265625 0.8700888828125001 0.8037480374999999 0.87418174375 0.8345940390625 0.9068391437500001 0.8015675359375001 0.9204505953125001 0.7876320859375 0.9116857812499999 0.7342313218750001 0.9013227984375 0.6920605546874999 0.8820342078125 0.6621917640625 0.7101117734375 0.5914653249999999 0.7089613859375 0.5801769984375 0.6935213046875 0.563747725 0.6691051796874999 0.5617132890625001 0.62800381875 0.539829540625 0.5878572109375 0.5412881281249999 0.57280668125 0.5323041890625 0.5696381234375 0.5063877140625 0.560425528125 0.4755052703125 0.5671007968749999 0.43853378281250005 0.2528797265625 0.417496928125 0.23080359062500003 0.5269237953125 0.24225605468750003 0.5435572671875 0.24799142343749997 0.557397846875 0.278859409375 0.582891271875 0.24572912812499997 0.7536018484375 0.27841527187500004 0.7705415140625 0.3073720359375 0.7809036265625 0.30238970468750004 0.7987768328125 0.326208465625 0.7980548187500001 0.3367183546875 0.798711078125 0.3455413984375 0.8221481828125 0.385484575 0.860614403125 0.4455032484375 0.9159692921874999 0.4860255203125 0.9461442765625 0.49908833125 0.9589128734375001 0.5189881734374999 0.9673498796875 0.5323718375000001 0.978608990625 0.5523603609375 0.975495146875 0.56190769375 0.98067986875 0.5738079390624999 0.9747950171875001 0.5841421765625 0.966999615625 0.599210978125 0.9870312406249999 0.6112425359375 0.9953734750000001 0.63091020625 0.9937691187500001 0.6534916078124999 0.96175626875 0.6807527624999999 0.9244273859375 0.705295815625 0.9054529859375 0.825430378125 0.846845115625
1194 0.1170602140625 0.8004036734375 0.2348845 0.778643309375 0.23370804375 0.7841780953125 0.2401677046875 0.7797662890625 0.2783246578125 0.585407084375 0.22134322812499999 0.5417415859375 0.0881292890625 0.5449798109375 0.08275740625 0.5554076796875 0.04496564375 0.7424819734375 0.10263140781249999 0.8089064328125 0.11588375937499999 0.805938459375 0.1170602140625 0.8004036734375
1050 0.1595534125 0.5559543140625001 0.1458549890625 0.5498872515625 0.16628690937499999 0.4890191640625 0.1849832609375 0.421471428125 0.17984525625 0.4103872984375 0.2128339796875 0.414769790625 0.2350867328125 0.41213722500000005 0.21981524375 0.30213440937499997 0.1668823359375 0.2950903359375 0.11283046249999999 0.3935133875 0.12269864999999999 0.3971886203125 0.1436740875 0.40427656562500003 0.165184278125 0.408848696875 0.1574794625 0.40984046406249997 0.14962335625 0.41711081875 0.136955446875 0.54536611875 0.1261873171875 0.5514916078125001 0.120815434375 0.5619194765625 0.1282620078125 0.5677094578124999 0.1459419609375 0.5698897625 0.15440151875000002 0.5690584203125 0.16388015312499998 0.5652883171875 0.1595534125 0.5559543140625001
1790 0.2443750875 0.55399969375 0.22864022187500002 0.52225679375 0.22065889374999997 0.518982625 0.21123678125 0.5243424265625001 0.1856381109375 0.5241602171874999 0.18157399375 0.5432803859375 0.21351757500000001 0.56742475 0.2486131484375 0.5748845453125 0.2489783390625 0.5675996343749999 0.2443750875 0.55399969375
278 0.1664218625 0.6683781703125 0.14120665625 0.671958734375 0.128931715625 0.744552653125 0.1807020546875 0.7329432765624999 0.1839105671875 0.71784840625 0.1922570859375 0.7138376656250001 0.193736121875 0.69574570625 0.1664218625 0.6683781703125
1354 0.3945846421875 0.5301828109375 0.3929699125 0.49881176250000003 0.40033122343749994 0.45304587500000004 0.383506875 0.44684027187500003 0.3667451359375 0.44590693124999997 0.32684458906249997 0.4332186453125 0.3057239515625 0.43609185000000006 0.31052989375 0.53966298125 0.31669915312499997 0.5551734734375 0.3510721421875 0.5493322921875 0.39331950781249997 0.5472684453125 0.3945846421875 0.5301828109375
1354 0.4478374328125 0.43737475937500003 0.4383587984375 0.4411448625 0.408647290625 0.43062232187499994 0.40398580937500006 0.44698604062499997 0.3950906515625 0.47770082968749994 0.391069165625 0.5225989328125 0.398225340625 0.5483112125 0.41138901250000004 0.5568940859375 0.42232061249999997 0.551855134375 0.45329116562499994 0.5416094765625 0.45750048281250005 0.5125281578124999 0.45863430625 0.48121543906250003 0.45422059375 0.45187892500000004 0.4478374328125 0.43737475937500003
1354 0.512846234375 0.44698564375 0.496254059375 0.45082140156249995 0.483945990625 0.4382132296875 0.4624358 0.433641096875 0.4595924765625 0.44145105625000003 0.46126372812499994 0.47441180312500003 0.45930475312499996 0.5281626328125 0.46029166874999994 0.538364421875 0.46634350468749997 0.5154595921875 0.51079858125 0.5122873218749999 0.5343408296875001 0.50729936875 0.5416578015625 0.46730890625 0.5443698109375 0.445271859375 0.528318478125 0.45027437031249995 0.512846234375 0.44698564375
589 0.48121838281249996 0.51599186875 0.47007288281250004 0.5220371453125 0.46294545156250005 0.5462910359375 0.46624093593750005 0.551198675 0.5012173796875 0.5517965078125 0.5523077671875 0.5526640921875 0.5698120671875 0.546392734375 0.5695111953125 0.52739655 0.5649079421875001 0.513796609375 0.5379571671875001 0.510697521875 0.48121838281249996 0.51599186875
1050 0.622877025 0.43776789687499995 0.6231978765624999 0.436258409375 0.6657660953125 0.43268507500000003 0.64900168125 0.36496245312500003 0.6324538453125 0.3630227875 0.6180128578125 0.364160425 0.5854607015625 0.428237125 0.607404784375 0.4344791703125 0.613820103125 0.43584278750000005 0.6137192437500001 0.44002851249999997 0.6062283296875 0.44001395624999995 0.59319864375 0.5124474484375 0.5949968218749999 0.5243993609375 0.5896692781249999 0.52905180625 0.5959837390625 0.5346011484375001 0.60783964375 0.534491721875 0.6051858609375 0.5265651078125 0.6075205 0.50444785 0.6215293015625 0.47008694218749997 0.6280150296875 0.448852025 0.6280593718749999 0.4430766015625 0.622877025 0.43776789687499995
1939 0.09896859218750001 0 0 0.463589353125 0 0.744406271875 0.6050694046875 0.5864924265625 0.6104108375 0.557651746875 0.685516128125 0.18760866874999998 0.7224985609375 0.1954695265625 0.7379437656250001 0.1172387265625 0.5083828421875001 0 0.09896859218750001 0
1939 1 0.1371318984375 0.7382646171875 0.11572923906249999 0.7208316921875 0.19774470156249999 0.6819180609375 0.1952582015625 0.6031825468750001 0.5860913625 0.940833053125 0.8271995015625 1 0.5488409046875 1 0.1371318984375
819 0.9041031734375 1 0.9405122015625 0.8287089890624999 0.6031825468750001 0.5860913625 0 0.7425473328125001 0 0.902165975 0.462621775 1 0.9041031734375 1