214 0.5679670203125 1 0.5858252890625 0.9822681109375001 0.6222660234374999 0.9150700453124999 0.630589071875 0.8722516734375001 0.6597873875 0.8116045484375001 0.6828624140625 0.7696639890625 0.7611790125 0.6840766875 0.772235003125 0.62719855 0.79680183125 0.595496371875 0.7682179984374999 0.5455040265625 0.770169309375 0.5226703781250001 0.7797555125 0.524533746875 0.7841022671875 0.484258596875 0.7840813578125 0.4331860515625 0.8189434546875001 0.3869043953125 0.783864765625 0.3754432 0.7885853 0.351158153125 0.822162228125 0.191214865625 0.40078046718750004 0.1557324390625 0.3897651875 0.29684832031249997 0.38431578593750004 0.304411015625 0.3768974859375 0.33745685000000003 0.37006513281250003 0.372606259375 0.35052116093749996 0.38870410624999996 0.3314916734375 0.39959614375 0.3203795984375 0.410700715625 0.2944979578125 0.4235769625 0.267001396875 0.4447612546875 0.168959409375 0.48340457187499997 0.0701193078125 0.5338308406250001 0.0367643890625 0.5518867000000001 0 0.6051212984375 0 0.7552354718750001 0.014036818749999999 0.7583751000000001 0.0209065625 0.7537413984375 0.094242121875 0.7859035171875 0.091298121875 0.8317571515625 0.46269684531250005 1 0.5679670203125 1
1939 0.088329228125 0 0 0.45441448125 0 0.522990790625 0.0620402828125 0.5037416734375 0.965862034375 0.721210128125 1 0.5455855203125 1 0.088495034375 0.5447325140625 0 0.088329228125 0
819 0.9113216265625 1 0.9641756546875 0.722208784375 0.060708989062499996 0.505472578125 0 0.5242142953125 0 0.9108417390625 0.4586794875 1 0.9113216265625 1
1334 0.4259223625 0 0.41561928125 0.12545546093749999 0.5312209671875 0.1346616140625 0.5460179640625 0.0022395468750000002 0.5344964937500001 0 0.4259223625 0
1050 0.3005716828125 0.1773739 0.28830973125 0.2532512046875 0.35416979843749996 0.254778246875 0.361425378125 0.1739484375 0.3005716828125 0.1773739
1050 0.8907761453124999 0.2297546859375 0.8291408203125 0.22440626406250003 0.8186554015624999 0.32185215624999997 0.89506029375 0.325428903125 0.9083149359375 0.22653161093750002 0.8907761453124999 0.2297546859375
1354 0.5738367656250001 0.312068175 0.5593695203125 0.3225205671875 0.514970665625 0.3052683515625 0.429901909375 0.28740620625 0.42530449218750005 0.2931448296875 0.41662414375 0.299416265625 0.41609096250000005 0.28936422031250003 0.39913811718750003 0.294690871875 0.388629578125 0.30524953125 0.381885165625 0.327151496875 0.37331366875 0.3712480296875 0.3687162515625 0.376986653125 0.3307639140625 0.40078113593750003 0.3341190859375 0.40143331406250005 0.37198458749999996 0.408793621875 0.43141904531249997 0.42034651093750003 0.52012770625 0.45019104218750006 0.5318795984375 0.45114892500000003 0.5478364328125 0.4151202234375 0.5854831296875 0.328922990625 0.5738367656250001 0.312068175
1354 0.5985135515625 0.33609843906250003 0.5893714812499999 0.339627215625 0.5847740640625 0.34536583906249996 0.5854853421875 0.36473767968750004 0.584776278125 0.381180528125 0.5695823796874999 0.4107252578125 0.562269609375 0.42787415468749995 0.5586670953125 0.44640748124999996 0.59193518125 0.45950641093750005 0.64671835 0.46683904531250003 0.7061528078125 0.478391934375 0.7302249515625 0.485060765625 0.7582030375000001 0.49978433281249995 0.767080175 0.5180905499999999 0.774269828125 0.5194880765625001 0.776807084375 0.49875800468750003 0.77263289375 0.45881622968749997 0.776697128125 0.4430255625 0.778808946875 0.4321611984375 0.7969149890625 0.41578384531249996 0.8081325937500001 0.3887823390625 0.7739949375 0.3801569703125 0.7763903812499999 0.36271546718750003 0.7830996171875 0.34611248125 0.60710485 0.3251671046875 0.5985135515625 0.33609843906250003
1733 0.2101745484375 0.4018803375 0.1924400734375 0.3984331046875 0.177334115625 0.41473038593749995 0.168867040625 0.42502264062500006 0.1617334734375 0.46939867968750004 0.161148634375 0.48520244687499997 0.22024338124999998 0.45755890781249997 0.248273125 0.44642666249999996 0.258160540625 0.43906340468750005 0.26101770625 0.424364559375 0.2523010765625 0.41802762812500005 0.24344263281249998 0.41497926874999996 0.2464393984375 0.3611771640625 0.24872709999999998 0.323817909375 0.2527528375 0.2596041859375 0.2203015609375 0.2499801609375 0.2101745484375 0.4018803375
1198 0.9202615249999999 0.5054194578125 0.9179001515625 0.49965463750000005 0.895869471875 0.4927193984375 0.87701586875 0.47711654374999996 0.8619263937499999 0.47285699374999995 0.8235288171875 0.473351984375 0.802723903125 0.48058277812499994 0.7833745078125001 0.4854435875 0.7817958703125 0.5063599953125 0.777252325 0.5220574953125 0.77446661875 0.544065728125 0.7822433234374999 0.565474178125 0.79958864375 0.5913954828125 0.8013288953125001 0.60035570625 0.7890097515625001 0.6125521015625 0.7854072375000001 0.6310854265625 0.7798171296875 0.6598440359375 0.7731078953125 0.6764470218749999 0.7667372640625 0.714339090625 0.7681400171874999 0.719917575 0.7897089734375 0.7241101546875 0.805419571875 0.7251743046875 0.8349059406249999 0.72957941875 0.8602027421875 0.7325069390625 0.86552791875 0.7255833234375 0.871935940625 0.7182069671875 0.8719887046875 0.7102584984375 0.8747216468750001 0.696198734375 0.8811824328125001 0.6808739078125 0.8893284921875001 0.6466430828124999 0.8942974749999999 0.6210798750000001 0.9000118078125 0.5916821859375 0.9176374328125 0.5573043203125 0.9302204015625 0.5053655859374999 0.9202615249999999 0.5054194578125
779 0.46462303125000004 0 0.4578974640625 0.010313282812500001 0.46036768749999996 0.0539032015625 0.45710267031249996 0.075818265625 0.47252964375 0.0834595546875 0.48394403906249994 0.0810356984375 0.49491430156250005 0.07321969687499999 0.5041618999999999 0.053793984375000006 0.5149353703124999 0.0214003296875 0.5136029703125 0.0052238890625 0.48672839218749997 0 0.46462303125000004 0
423 0.1165452421875 0.31802116874999997 0.118360271875 0.3880128125 0.0528388078125 0.407774853125 0.0472344328125 0.49290498437499997 0.1085509546875 0.5101295265625 0.12249928750000001 0.433253565625 0.18255265625 0.4057963625 0.187037903125 0.30851060937499997 0.12139000156249999 0.293097040625 0.1165452421875 0.31802116874999997
827 0.5732529140625 0.056612284375 0.5676441125 0.0701130375 0.5635798765625 0.0859037046875 0.572847278125 0.0996431921875 0.5869957203125 0.10106691718750001 0.5881676140625001 0.105274071875 0.5962631218750001 0.11480640312499998 0.6056360515625 0.1126489546875 0.6097893359375 0.101518184375 0.6096112390624999 0.0921983890625 0.6072322765625 0.08908305625 0.612557453125 0.0821594421875 0.6149177203125 0.0700169171875 0.61619514375 0.0583271375 0.60973325 0.055744618749999995 0.5996501484375 0.0564375703125 0.5979110046875 0.06538469375 0.5790398125 0.052431326562500005 0.5732529140625 0.056612284375
827 0.715646525 0.13270637031250002 0.727629278125 0.13503558124999998 0.732244284375 0.12664746875 0.7313560171875 0.1158631765625 0.74143911875 0.11517022343750001 0.7461783484375 0.10614303124999999 0.7481659421875 0.09591774843749999 0.7484495671875 0.089340609375 0.7410290546875 0.086571753125 0.7374781984375 0.0792492671875 0.7320452796875 0.0662551296875 0.71910390625 0.06373958125 0.703163553125 0.07921144531249999 0.6989750921875 0.09564119531250001 0.7119175734375001 0.1160640875 0.715646525 0.13270637031250002