423 0.7478639203124999 0.7166905609375 0.7443743265625 0.778199071875 0.785329015625 0.645644084375 0.7622684453125 0.6263769671875 0.77986491875 0.5511072828125 0.7074776734375 0.53093241875 0.7085191171874999 0.533548025 0.6774243265625 0.687352721875 0.6598278546875 0.7626224046875001 0.6689979875 0.7645715765625 0.6872842265625 0.7086024296875 0.7478639203124999 0.7166905609375
1050 0.30054295781249996 0.34866616562499997 0.31494748437500003 0.2583525703125 0.24617148125 0.2437337796875 0.22711427031250003 0.3258756953125 0.23905705625 0.35235661406249996 0.21609095625000002 0.505494878125 0.23693340468750002 0.505136596875 0.30054295781249996 0.34866616562499997
125 0.340198675 0.6731349625 0.42120152343750006 0.69035265 0.43365839843750004 0.6092020312499999 0.38864631875 0.5804804953125 0.39935839687499997 0.5300841328125 0.3445540359375 0.48730998281250004 0.34671812812499997 0.4470678890625 0.2602916234375 0.44785129062499995 0.246455215625 0.4904008375 0.261941625 0.5152407390625 0.248375690625 0.5865786578125001 0.340198675 0.6731349625
206 0.4112335640625 0.5493679593749999 0.546134565625 0.6211383765625 0.635577665625 0.2379177296875 0.48781408125 0.2041153703125 0.4112335640625 0.5493679593749999
1956 0.5577392624999999 0.6116338296875 0.6078909390625 0.6462363015625 0.7081001453125 0.27248678125 0.6582189406250001 0.26667268437499997 0.5577392624999999 0.6116338296875
423 0.8969780453125 1 0.8969526812499999 0.9997755828124999 0.8916778484375 0.9795004609375001 0.874663084375 0.9543357 0.836386575 0.93901705625 0.8210354015625001 0.928571340625 0.8259857343749999 0.8601905984375 0.79717700625 0.77026870625 0.7677053671875 0.8262545625 0.7542206375 0.8521191765625 0.7444147671875 0.8907369609375 0.737733225 0.9372015609375 0.7202855765625 0.9741950328125 0.7199786453125 1 0.8969780453125 1
1354 0 0.59984376875 0.0083290625 0.633719021875 0.05014919375 0.647396646875 0.13512855 0.600815078125 0.09021126562500001 0.47394984375 0 0.5235812734375 0 0.59984376875
214 0 0.892576834375 0.4286265359375 0.9936051593749999 0.5217213171874999 0.7284784734375 0.1458270390625 0.6030891125 0.07694297812499999 0.4687353390625 0.0964194828125 0.3771055890625 0.0732100890625 0.39611468125 0.0273730078125 0.3336984234375 0 0.46070418437500005 0 0.892576834375
208 0.46292718437499997 0.53162489375 0.53225771875 0.551150034375 0.5524239890625 0.47882081875000004 0.4860825484375 0.452748309375 0.46292718437499997 0.53162489375
407 0.29348049375 0 0.3460558625 0.051877478125 1 0.20441373125 1 0.0956004953125 0.5381350359375 0 0.29348049375 0
1929 0.5803675984375001 0.15196101875 0.6410149109375001 0.16724624375 0.6518622234375 0.13124406718749998 0.6014264875 0.1205236203125 0.5902410859375 0.12054032968749999 0.5803675984375001 0.15196101875
1331 0.2126285390625 0.46166259375 0.2136023640625 0.45708110625 0.21457618906249998 0.45249961875 0.215550015625 0.44791813124999996 0.214508571875 0.44530252499999995 0.21346712812500002 0.44268691875000005 0.2144409546875 0.4381054296875 0.21694313593749998 0.4338488046875 0.21541477968749997 0.4335239421875 0.21388642343750003 0.43319908125 0.21187115625000003 0.43516496250000003 0.2108973296875 0.4397464515625 0.2119387734375 0.4423620578125 0.2104104171875 0.44203719531249996 0.20686679375 0.443678215625 0.20533843749999997 0.443353353125 0.20234934531249998 0.449900721875 0.1980347484375 0.477714509375 0.19601948125 0.479680390625 0.1935173 0.483937015625 0.19303038749999998 0.486227759375 0.1940718296875 0.488843365625 0.1910827359375 0.4953907359375 0.19059582343749998 0.4976814796875 0.1921241796875 0.4980063421875 0.194693978125 0.500946809375 0.2078946484375 0.49896421875 0.2098422984375 0.48980124218750004 0.20977468125 0.4826041484375 0.20922015156249998 0.47769779999999995 0.2106808890625 0.47082556875000003 0.2126285390625 0.46166259375
676 1 0.31376211875000004 0.9355546625000001 0.2921028484375 0.8388214625 0.6570142546875 0.9127370625 0.67751398125 1 0.3650063703125 1 0.31376211875000004
2001 0.570642609375 0.4156545796875 0.6015209578125 0.292929 0.553655021875 0.285149021875 0.51819160625 0.4069000140625 0.570642609375 0.4156545796875
1155 0.6625464765625 0.7272866625 0.669850165625 0.6929255046875 0.6137879203125001 0.678614865625 0.60794496875 0.7061037921875 0.6625464765625 0.7272866625