1175 0.1313636375 0.5634845375 0.110861371875 0.5930486687500001 0.10209599375 0.6150970625000001 0.1156221921875 0.6406760921875 0.142333746875 0.6495941265625 0.176458059375 0.6339058625 0.17756568125 0.5825205687499999 0.16295313125 0.563800484375 0.1313636375 0.5634845375
1175 0.2505964 0.5542451203125001 0.240190859375 0.6088451078125 0.2579666125 0.6186915187500001 0.2937098125 0.6149780078125 0.3015805359375 0.57638223125 0.302134346875 0.5506895843749999 0.27984277031250004 0.5471589453125 0.2505964 0.5542451203125001
662 0.21146626875000002 0.4683627625 0.20451147500000003 0.47897957656249995 0.20748298437499998 0.4935122328125 0.187300290625 0.6098427421875 0.195682278125 0.6346070125 0.21797385625 0.6381376515625 0.2270055046875 0.6255061078125 0.2273355921875 0.5013439156249999 0.2363672390625 0.48871237343749996 0.2309567609375 0.478480759375 0.23421581093750002 0.45790392031250005 0.224747471875 0.4399985984375 0.21146626875000002 0.4683627625
1606 0.3623205546875 0.581315165625 0.1425787421875 0.7035373234375 0.34622775 0.8271952593749999 0.561741278125 0.6761793765624999 0.5019171890624999 0.6432674781250001 0.3623205546875 0.581315165625
783 0.4273952171875 0.3924100921875 0.4002257 0.39748154062499996 0.3792654703125 0.4410351515625 0.3601903984375 0.5059803656249999 0.36388614218750004 0.5159403921875 0.381033509375 0.5186562671875 0.3864652609375 0.4843615328125 0.402643396875 0.4377068421875 0.4154666359375 0.423332159375 0.435681359375 0.42887752656250006 0.43341281093750006 0.45429858593750005 0.43203891875 0.4962670296875 0.41755424531249996 0.5877196546875 0.43813108593749994 0.59097870625 0.4579729375 0.43240816562499995 0.4273952171875 0.3924100921875
699 0.2894922875 0.75258650625 0.2873195875 0.7663044 0.300313246875 0.77304973125 0.3143932578125 0.7729361156250001 0.326396415625 0.7748372296875 0.328569115625 0.7611193359375 0.320719665625 0.755188765625 0.3056491515625 0.7504581625 0.2894922875 0.75258650625
931 0.1294254171875 0.8420741968750001 0.1358264015625 0.8571500296875 0.1745411109375 0.867969175 0.18159175156250001 0.8456491937499999 0.1333128546875 0.8286278906250001 0.1294254171875 0.8420741968750001
550 0 0.621311840625 0.3416160765625 0.8452141953125001 0.56381813125 0.6741646484375 0.20548070625 0.5283501421875 0 0.5997850828125 0 0.621311840625
931 0.0247731765625 0.748157825 0.020427775000000002 0.7755936125 0.06600143124999999 0.787499109375 0.0688983671875 0.7692085843750001 0.0247731765625 0.748157825
931 0.0498765984375 0.9115033265625 0.094459753125 0.9185646046875 0.105301984375 0.894501484375 0.062167296875 0.87829494375 0.0498765984375 0.9115033265625
1939 0.2590187234375 0 0.19456389999999998 0.5195900828125 0.9588146859375 0.7882866796875 1 0.5282528421875 1 0.0772417015625 0.529604190625 0 0.2590187234375 0
1939 0.074717409375 0 0 0.4717471578125 0 0.5994828671875 0.19483016875 0.5290069328125 0.26074340625 0 0.074717409375 0
1362 0.38118241875000003 0.2069718390625 0.3669214703125 0.39689400625000004 0.3817257125 0.3922077609375 0.40113087187499996 0.2031003546875 0.38118241875000003 0.2069718390625
783 0.287244771875 0.3561504265625 0.2963509953125 0.37634206406250004 0.302677403125 0.3585947140625 0.30467968125 0.32375680625 0.28328276093750004 0.3367735515625 0.287244771875 0.3561504265625
535 0.9056257125 1 0.9278856078125 0.91697714375 0.7381249171875 0.8166119249999999 0.6513337625 0.9317673671875 0.797116346875 1 0.9056257125 1
1034 0.8743236265625001 0.2452353546875 0.9074466781250001 0.05830065156250001 0.7565498500000001 0.0344009421875 0.7272183875 0.21959250468749997 0.8743236265625001 0.2452353546875
1034 1 0.0729596578125 0.9074466781250001 0.05830065156250001 0.877028865625 0.2503511609375 1 0.26630512500000003 1 0.0729596578125
1034 0.723426796875 0.2213356453125 0.7548351125 0.034129353125 0.6245151234375 0.013488695312499998 0.595812046875 0.2058107921875 0.723426796875 0.2213356453125
1034 0.5089241703125 0 0.48020045468749994 0.1921870546875 0.595812046875 0.2058107921875 0.6228003875 0.0132171078125 0.5393508546875 0 0.5089241703125 0
1034 0.4423618796875 0 0.41747943125000003 0.17756568125 0.47749521406250006 0.187071246875 0.505414628125 0 0.4423618796875 0
1034 1 0.3167012609375 0.9452349453125001 0.3080273296875 0.8815449296875 0.6213661828125 0.9805416953125 0.65110774375 1 0.52825284375 1 0.3167012609375
1034 0.8798301937499999 0.62109459375 0.943882325 0.3054694265625 0.793709728125 0.2769970859375 0.7363461234375 0.5725885875000001 0.8798301937499999 0.62109459375
1034 0.79028025625 0.276453909375 0.6521108156250001 0.24988268281249998 0.6037788578125001 0.532842640625 0.7342692703125 0.574603315625 0.79028025625 0.276453909375
1034 0.6513865828125 0.2544553140625 0.5317171296875001 0.2331578640625 0.4897115796875 0.49837047500000003 0.603416740625 0.5351289578125 0.6513865828125 0.2544553140625
1034 0.5258486875 0.2369157328125 0.42711819218749997 0.21659102031250002 0.40148247187499997 0.41174260937499996 0.42703309999999994 0.39469640781250004 0.4541813453125 0.43415130625 0.4544263421875 0.48809450312499997 0.4859199890625 0.5001136140625 0.5258486875 0.2369157328125
1034 0.931741015625 0.7816549625 0.95996485625 0.6478486921875 0.8081733703125 0.6074015984375001 0.7817601140625 0.729776290625 0.931741015625 0.7816549625
1034 0.780045378125 0.729504703125 0.8092597203125 0.600542653125 0.6691092734375 0.5642829859375 0.649288696875 0.6783271796875 0.780045378125 0.729504703125
1034 0.6465834578125 0.673211371875 0.6684808875 0.5571524515624999 0.54818305 0.52872446875 0.5308014421875 0.6384676171875 0.6465834578125 0.673211371875
266 0.26304327031249997 0 0.24409932968749998 0.1735416640625 0.342925671875 0.18216321093750001 0.4135919921875 0.19101198749999998 0.44055404375 0 0.26304327031249997 0
1362 0.36485513125 0.187980165625 0.3545667125 0.1863506390625 0.33110369375 0.367784334375 0.33542782187500003 0.38487489531249996 0.3440015046875 0.386232834375 0.351318415625 0.37332970312499997 0.33967737656249997 0.3691422734375 0.36485513125 0.187980165625
1362 0.311602446875 0.191264115625 0.3122095609375 0.242920996875 0.312017865625 0.266327328125 0.31697037968749997 0.29054842187499996 0.30258155468750003 0.37029788125 0.30898253750000004 0.38537371249999997 0.319633075 0.384716921875 0.3214436578125 0.3732853453125 0.319462653125 0.36359690625 0.322189165625 0.3241863671875 0.329069384375 0.2807463703125 0.322593828125 0.23284735625000003 0.3256824578125 0.1911505 0.311602446875 0.191264115625