423 0.21803962656250003 0.4621228984375 0.21151525468750002 0.5391462312499999 0.1836294828125 0.550344240625 0.1816179640625 0.6890672203125 0.19730633749999998 0.62949080625 0.2574204203125 0.640518690625 0.2575162484375 0.6993992718750001 0.26683989218750004 0.7003792265625 0.2733642640625 0.6233558953125 0.29131962499999997 0.46747011718750003 0.2931183640625 0.4653043515625 0.21803962656250003 0.4621228984375
1050 0.7364596453125001 0.41770858593750004 0.748603903125 0.5861772421875 0.768315534375 0.592958659375 0.7937958015625 0.4402186 0.8133371203124999 0.4187242734375 0.8205958843750001 0.3347136671875 0.7506685640625 0.327364009375 0.7364596453125001 0.41770858593750004
125 0.58641934375 0.559711675 0.581033803125 0.6109516796875 0.5293493296875 0.6243579859375 0.5161196015625 0.7053861968749999 0.5984784453125 0.714042459375 0.7125546625 0.660097384375 0.7216973203125 0.5880588875 0.7441017234375 0.5692203 0.7440910515625 0.5244775921875 0.6621366453124999 0.49702527500000004 0.651759328125 0.535966521875 0.58641934375 0.559711675
206 0.418689603125 0.600953078125 0.5691663578124999 0.5743820578125 0.603022875 0.22236265156249999 0.452045853125 0.208849146875 0.418689603125 0.600953078125
1956 0.3522001171875 0.605738853125 0.41058994687499994 0.5883276687500001 0.4216269515625 0.22920019374999998 0.3723904515625 0.21931558906249998 0.3522001171875 0.605738853125
423 0 0.9402980859375001 0.0615389859375 0.94960556875 0.129742053125 0.9285161562500001 0.14396164218750002 0.8829142890625 0.1387995546875 0.8423397859374999 0.1468033828125 0.796084615625 0.14941099687499998 0.7563267406249999 0.14457886250000002 0.7275610203125 0.13385024843749999 0.6652080687499999 0.0786641265625 0.741826484375 0.062241360937500004 0.8083901718750001 0.044413625 0.8135808625 0.0032767796874999997 0.8163216671875 0 0.8188758796875 0 0.9402980859375001
1354 0.815859796875 0.708632315625 0.8822854703124999 0.7791940859375 0.9262853984375001 0.779109021875 0.981141565625 0.6906818265625 0.8977821875 0.6018565125 0.815859796875 0.708632315625
214 1 0.48852367812499997 0.9380036546875001 0.5330845265625 0.9218043421875001 0.5078337078125 0.91201245 0.60099735 0.8049822140625 0.7074890359375 0.40873806874999996 0.710583684375 0.415347815625 0.9915020171875 0.5178929625 1 0.9485293671875 1 1 0.496544071875 1 0.48852367812499997
208 0.45351485625 0.538678390625 0.5254857125 0.5415331921875 0.5278378578125 0.4593617015625 0.45668654999999997 0.4636574984375 0.45351485625 0.538678390625
407 0.077721134375 0 0.074821415625 0.060879525000000004 0.78488705 0.121381509375 0.93249005 0.0474120359375 0.5034222125000001 0 0.077721134375 0
1929 0.520802328125 0.1077540078125 0.46952229218749997 0.102364259375 0.4687134171875 0.13995636718749999 0.5311158328125 0.14416030468750002 0.5314351140625 0.1112263796875 0.520802328125 0.1077540078125
1331 0.7934233796875 0.5932427796875 0.7949773203125 0.5934061046875 0.7952221171875 0.5910770140625 0.79440256875 0.5839264140625 0.79620130625 0.5817606484375 0.7964461046875 0.5794315578125 0.7953817578125 0.57461005 0.794072615625 0.5721176328124999 0.7985641234374999 0.544331865625 0.7977445750000001 0.5371812671875 0.796190634375 0.5370179421875 0.7933275515625 0.5343621984375 0.7917736109375 0.5341988734374999 0.7935723484375 0.5320331078125 0.7940619437499999 0.5273749249999999 0.7927527999999999 0.5248825078125 0.791198859375 0.5247191812499999 0.78964491875 0.52455585625 0.790709265625 0.5293773640625 0.7902196703125 0.5340355484375 0.7884209328125 0.5362013125 0.7866221953125 0.5383670781250001 0.7861326 0.5430252609374999 0.7856430046875 0.5476834421875 0.7851534109375 0.5523416250000001 0.7841742218750001 0.5616579890625 0.7834398296875 0.5686452609375 0.7813962937500001 0.57314011875 0.7791079625 0.579964065625 0.778128771875 0.58928043125 0.7900707015624999 0.5952452187499999 0.7934233796875 0.5932427796875
676 0.0526088890625 0.5412830625 0.1292415671875 0.544627840625 0.150006653125 0.1676842671875 0.068222559375 0.16850769375000002 0.0526088890625 0.5412830625
2001 0.4674362890625 0.271692075 0.4588790546875 0.397952971875 0.5114682328125 0.4058351375 0.5153636453125 0.27908426406250003 0.4674362890625 0.271692075
1155 0.2788456328125 0.6309964703125 0.2751736734375 0.6659328375 0.333648659375 0.662659525 0.336586228125 0.63471043125 0.2788456328125 0.6309964703125