1250 0.42016614687500003 0.1634799953125 0.372197859375 0.41281444062499995 0.5152092734375 0.43199109375000005 0.5585636609375 0.20895210312499998 0.42016614687500003 0.1634799953125
407 0.3105119015625 0 0.685274103125 0.15333164999999999 0.8963157015625001 0.24475923437499997 1 0.2470798375 1 0.088495034375 0.5447325171874999 0 0.3105119015625 0
1354 0.162198515625 0.5258633703125 0.19256441562499998 0.686961025 0.32121300625 0.682785790625 0.2945221859375 0.5283715421874999 0.162198515625 0.5258633703125
1354 0.6539311234375 0.55512380625 0.6832460359375 0.6576531921875 0.7622420562500001 0.65045874375 0.7276019671875 0.5548529734375001 0.6539311234375 0.55512380625
214 0.716706553125 1 0.717457484375 0.998569640625 0.778575003125 0.9554018390625 0.7387163734375 0.8687300921875 0.690960134375 0.8150110093749999 0.37769793125 0.650655590625 0.32268500625 0.6598589718750001 0.3238052421875 0.6899219390625 0.1914112171875 0.698011725 0.1793020265625 0.66050690625 0 0.6632881046875 0 0.9098908453125001 0.471844290625 1 0.716706553125 1
1050 0.431377346875 0.6073684234375001 0.466828709375 0.6169123796875 0.4693132015625 0.604130775 0.493044528125 0.553695834375 0.4855514484375 0.5257102484375 0.49100085 0.518147553125 0.5349368765625 0.514749765625 0.5137361671875 0.43701056562499996 0.46507739218750005 0.4288787125 0.4201333015625 0.49376066406249997 0.4569698296875 0.5115325921875 0.4418286953125 0.5331288546875 0.43911666250000003 0.5982611624999999 0.431377346875 0.6073684234375001
1849 0.2833476234375 0.9645924828125001 0.34744874531250003 0.941901446875 0.3446960015625 0.9227960109375 0.352914628125 0.91378191875 0.33949394375 0.9111732031249999 0.3382318953125 0.8843988046875 0.3167519875 0.8848661218749999 0.278353303125 0.8674537687500001 0.25081824531249997 0.8402150046875001 0.18700075 0.8563289015625 0.1765086921875 0.8463307265625 0.1353803875 0.896700171875 0.1711351765625 0.9328321875000001 0.18723714375 0.9472369531249999 0.2833476234375 0.9645924828125001
1354 0 0.6621100390625 0.224267025 0.646697496875 0.18195576093750002 0.5137863421875 0.1150128484375 0.51271204375 0.0137014171875 0.5016410484375 0 0.5097548734374999 0 0.6621100390625
1354 0.373998621875 0.53917760625 0.363399928125 0.5271690234374999 0.21165429531250002 0.50430493125 0.1846007609375 0.512974025 0.2184801265625 0.6508784546874999 0.37712957187499996 0.645902525 0.373998621875 0.53917760625
1354 0.688640459375 0.622224275 0.666907675 0.5523403765625 0.6497052734375 0.5410378437500001 0.5758915109375 0.5266899015625001 0.5446671046875 0.5491392546875 0.5670397078125 0.6310856078125 0.670924678125 0.634034896875 0.688640459375 0.622224275
1354 0.745104475 0.53902153125 0.6710070859374999 0.5312507296875 0.6581723484374999 0.530745590625 0.651764328125 0.5381219484375 0.68237425 0.6263120640625 0.7726956171875 0.6120338624999999 0.745104475 0.53902153125
1790 0.5377303296875 0.61809294375 0.5243975859375001 0.60223678125 0.5042478640625 0.5830658515625 0.47996355468749996 0.5902835468750001 0.4909712078125 0.612983253125 0.509274040625 0.6211835531250001 0.5088486015625 0.6310492625 0.5377303296875 0.61809294375
1281 0.5864012765625 0.8232055875000001 0.6428334359375001 0.7990238578125 0.6027483734375 0.7826101578125 0.5784992390625 0.784528875 0.5792083046875 0.7680860265625 0.531703834375 0.76681081875 0.5116640703125 0.80337233125 0.563145940625 0.8200116625 0.5650093093749999 0.810425459375 0.5864012765625 0.8232055875000001
418 0.46035586874999995 0.724423415625 0.43793492812499996 0.7220549078125 0.43404768281250006 0.7292580281250001 0.42446147968750003 0.727394659375 0.44024353749999995 0.735768196875 0.46497198125 0.73394265 0.46035586874999995 0.724423415625
1649 0.5169331609375 0.75067515 0.49474308125000005 0.7496779703125 0.49376576562499996 0.734233778125 0.4611375 0.7331973015625 0.45865300781249996 0.7459789046874999 0.4459260125 0.76539151875 0.47061927968750006 0.76886495 0.5078636578125 0.779420659375 0.5169331609375 0.75067515
104 0.4167671828125 0.6032020421875 0.41784892031250004 0.584841953125 0.403718065625 0.5807687406250001 0.378847809375 0.5858828578125 0.374748396875 0.606972503125 0.38433459999999997 0.6088358734375 0.4167671828125 0.6032020421875