1829 0.811881978125 0.542530803125 0.857954109375 0.5432208546874999 0.847257728125 0.47411030624999995 0.7473794421875 0.4613951890625 0.711616165625 0.5029418109375 0.7198300875 0.5196659078125 0.811881978125 0.542530803125
1828 0.7051279484374999 0.528781221875 0.711837503125 0.547821840625 0.8049415625 0.55998010625 0.8274423953125 0.5437160421875 0.8270271687499999 0.51984319375 0.8281070343750001 0.5061355375 0.817493496875 0.49691015156249996 0.8056801484375 0.4914341203125 0.7469271171874999 0.4874492 0.71587083125 0.501039075 0.7051279484374999 0.528781221875
1817 0.21932295625 0.1752836453125 0.0452324921875 0.2267642171875 0.0719691875 0.30244908593750003 0.24089131406250003 0.2485727484375 0.21932295625 0.1752836453125
1816 0.128313578125 0.2575261921875 0.19906469843750002 0.22401755781250002 0.152226534375 0.22598628125000003 0.1181153921875 0.23772953593750001 0.0866991515625 0.255888628125 0.128313578125 0.2575261921875
1844 0.14587706250000002 0.1679323234375 0.1477044109375 0.1765293234375 0.1530757890625 0.179880309375 0.2036149 0.16714113125000002 0.215769778125 0.1585672546875 0.21323179374999998 0.1466269765625 0.190315734375 0.1390181921875 0.1445942828125 0.1462406375 0.1367401921875 0.159391440625 0.14587706250000002 0.1679323234375
1844 0 0.19203889062499999 0.021393609375 0.19289452812500002 0.1350327859375 0.160752740625 0.1454618359375 0.144059475 0.1274188328125 0.1249319046875 0.0847338140625 0.12452028125 0 0.144448459375 0 0.19203889062499999
1844 0.13694323125000002 0.16034666250000001 0.018643310937499998 0.19248074375 0.026709590625 0.2022475671875 0.0267741359375 0.21820791874999998 0.1476490140625 0.182531375 0.1455171078125 0.1725015421875 0.13625101875 0.1664840734375 0.13694323125000002 0.16034666250000001
1844 0 0.22853870937499998 0.00603610625 0.22710863125 0.025297468750000003 0.21752341406250003 0.0279832203125 0.20197684843750002 0.0169359046875 0.19384204375 0 0.191693328125 0 0.22853870937499998
1567 0 0.34149156718749996 0.2630967375 0.25283825625 0.1968226265625 0.0537712328125 0 0.0956071734375 0 0.34149156718749996
1822 0.09926749375 0.7534052671875 0.131551159375 0.76750913125 0.185800365625 0.7659619015625 0.22626085312500002 0.8467167234374999 0.2645434390625 0.8765179296875001 0.262060725 0.89301971875 0.3755333328125 0.9822164421874999 0.397332678125 0.9845715046875 0.42125478281250006 0.9749939968750001 0.5014197593749999 0.9200159843750001 0.506855809375 0.9048832046875 0.4760212375 0.8600207515625 0.513464221875 0.8201138562500001 0.5241425578125 0.77641135625 0.508176190625 0.738871553125 0.47307768125000005 0.7083935515625 0.41725956249999996 0.6962969515624999 0.380407396875 0.6951447046875 0.3450872984375 0.6886749109375 0.3411187671875 0.6825297921875 0.362235428125 0.6096523125 0.3595499265625 0.556310640625 0.3541694 0.5309972515625 0.3634447640625 0.524533003125 0.357648884375 0.509790884375 0.28851305156249996 0.494534775 0.012753548437500001 0.6125528453125 0.040699328125 0.67200664375 0.09926749375 0.7534052671875
819 1 0.85434564375 0.5098191765625 0.6871057828125 0.0791472234375 0.9249105265625 0.0951079828125 1 0.550203615625 1 1 0.904392828125 1 0.85434564375
1939 0 0.5525521171875 0.0791472234375 0.9249105265625 0.5087485859374999 0.6883317234375 0.31654381875 0.028323707812499998 0 0.0956071734375 0 0.5525521171875
1939 0.449796384375 0 0.314633375 0.028729784375 0.5087485859374999 0.6883317234375 1 0.85370673125 1 0.450579221875 0.9042264296875 0 0.449796384375 0
931 0.325235746875 0.5670986734375 0.3342065515625 0.55920159375 0.35224968125 0.54388504375 0.3448940375 0.537461496875 0.3285583140625 0.5514167484375 0.3122041671875 0.5558913078125001 0.3130624453125 0.5661918609375001 0.325235746875 0.5670986734375
1826 0.305945678125 0.85523786875 0.3896914046875 0.8484193390625 0.46273134843749997 0.8194160968749999 0.49996201874999996 0.7910356937499999 0.5112217718750001 0.7531998875 0.500820546875 0.7324480078125 0.47414827031250006 0.7071676109375 0.4108914140625 0.6976505421875 0.37544209687499996 0.6937041640625 0.3393559640625 0.68989314375 0.21438321093749999 0.7563921015624999 0.2197728875 0.8036678953124999 0.2403538765625 0.8347357437499999 0.305945678125 0.85523786875
316 0 0.32856011875 0.0650380453125 0.3074166734375 0.0399072359375 0.22989289531249998 0 0.24228652031250003 0 0.32856011875