2001 0.8239920218749999 0.2015020171875 0.7699232375 0.4917109203125 0.8704219078125 0.52584035625 0.928066375 0.22029620625000002 0.8239920218749999 0.2015020171875
2001 1 0.23047524687499998 0.9627578265625001 0.22656093593749999 0.899013871875 0.5340825140625001 0.9906170421875 0.5594214625 1 0.47014858125 1 0.23047524687499998
2008 0.7984547828124999 0.3323620140625 0.8056800656249999 0.33835844531250003 0.8975554453125 0.3611074921875 0.9255795296875 0.2252718515625 0.8237198125 0.20409191875000002 0.7984547828124999 0.3323620140625
2008 1 0.231087071875 0.9572027593750001 0.2233585640625 0.9327913156250001 0.3621924203125 1 0.376123628125 1 0.231087071875
423 0.788591284375 0.66911325625 0.6600820281249999 0.639895321875 0.6823157953125001 0.5217806734375 0.6592049796875 0.4800739625 0.6297594281250001 0.46126804374999997 0.57980078125 0.4507801546875 0.54930335 0.46066730156249996 0.5457276671875 0.47600255 0.5144136078125 0.49365939843750006 0.501444928125 0.8038991609374999 0.633096325 0.8779620375 0.7437406656250001 0.85293206875 0.788591284375 0.66911325625
539 0 0.9475835109374999 0.10419865156250001 0.9585352296874999 0.32265435937500003 0.879373915625 0.4959268203125 0.81903025 0.503511728125 0.7281795671875 0.5022750546875 0.6652053203125 0.4475410109375 0.6254118953125001 0.3915333359375 0.5043107609375 0 0.5074947984375 0 0.9475835109374999
1806 0.19008895625 0.6271562171875 0.08026124375 0.6444164812500001 0.111289596875 0.7602736718750001 0.2199915109375 0.7350395468750001 0.19008895625 0.6271562171875
1806 0.195842315625 0.5911017625 0.18972933125 0.7240033296874999 0.3101227578125 0.7183276125 0.2988278296875 0.6202555546874999 0.195842315625 0.5911017625
1806 0.45216857343749994 0.5813835828125 0.316434034375 0.54616921875 0.29427418437499997 0.7009507937499999 0.4374692578125 0.7212382234375 0.43891772187500006 0.61403150625 0.45216857343749994 0.5813835828125
1806 0 0.7976469640625 0.10243105625 0.7698166453125 0.060961362500000005 0.566451159375 0 0.5890575515625 0 0.7976469640625
1765 0.9811636265624999 0.686734915625 0.9847023500000001 0.6530662046875 0.9460890890625 0.6280596984375 0.89527685625 0.6070080515625 0.8425591562499999 0.6040857078124999 0.820920265625 0.6044298796875001 0.7962501109375 0.614929496875 0.82600483125 0.649478978125 0.8679215640625 0.6617401375 0.9206762234375001 0.6829959421875 0.9811636265624999 0.686734915625