214 0.59019465625 1 0.61094763125 0.97711543125 0.6438215484375001 0.908102296875 0.64989225 0.8649070109375 0.6758765265625 0.8028148796875 0.6967249296875 0.75972414375 0.7704549046875 0.6701553625 0.778518971875 0.61277655 0.8013929687499999 0.5798320890625 0.7702319125 0.5314042203125 0.770985528125 0.508499740625 0.7806561140625 0.509858853125 0.7828890734375 0.46941140625 0.7801952625 0.41840994687500005 0.8125873875 0.37036717812500003 0.7769569390625 0.360757565625 0.7804000234374999 0.336258746875 0.80556015 0.1747773765625 0.382898871875 0.1613969953125 0.3792841234375 0.3028959765625 0.374237990625 0.31073350781250003 0.36855934375 0.344122296875 0.36357593125 0.3795811140625 0.34490123906250003 0.3966797515625 0.3264678765625 0.40855278906250003 0.3159521984375 0.4202237015625 0.29077991875000003 0.43443684375 0.264429740625 0.45703116093749996 0.16854455156249998 0.5007526421875 0.0724790140625 0.55628269375 0.040114778125 0.5760594703125 0 0.641190259375 0 0.7786764359375 0.0282251234375 0.783454353125 0.034842942187499996 0.77846746875 0.10976123281250001 0.8067474234375 0.10922106093749999 0.85269229375 0.4856778609375 1 0.59019465625 1
1939 0.0658497109375 0 0 0.46854504218750004 0 0.5498234875 0.062836315625 0.5266575875 0.9768008296874999 0.69652563125 1 0.531454959375 1 0.066014071875 0.530285475 0 0.0658497109375 0
819 0.9338940234375 1 0.9751690265624999 0.6976111781250001 0.061597434375 0.52845579375 0 0.551065778125 0 0.9333284890625 0.47439244374999995 1 0.9338940234375 1
1334 0.39999090000000004 0 0.396132775 0.1303849078125 0.512057846875 0.1335283171875 0.5199041281250001 0.0005133171875 0.5162516859374999 0 0.39999090000000004 0
1050 0.283960046875 0.1882533203125 0.2756860109375 0.264668378125 0.3415357390625 0.262746478125 0.34455106875 0.18164771562499998 0.283960046875 0.1882533203125
1050 0.8760970531250001 0.2096734046875 0.8142662828124999 0.2075580546875 0.8088951578125 0.3054191671875 0.88538253125 0.3049922875 0.8934431249999999 0.2055368375 0.8760970531250001 0.2096734046875
1354 0.5638999828125 0.3084614109375 0.5499996 0.31965663593750004 0.5047586828124999 0.3047517203125 0.4188716765625 0.291366209375 0.4145808953125 0.297337578125 0.40624066562500005 0.3040547140625 0.40518213125 0.2940443484375 0.3885312953125 0.30025094375 0.3785897546875 0.3113451078125 0.373000846875 0.33357003125 0.3667489296875 0.3780547296875 0.36245815000000003 0.3840260984375 0.3258031328125 0.40977424375 0.3291878375 0.4102499328125 0.3673866546875 0.4156184265625 0.4273442921875 0.4240449234375 0.517493321875 0.44920590000000005 0.529279240625 0.4495474234375 0.5433286109375 0.41273298281250004 0.5764124984375 0.3246836046875 0.5638999828125 0.3084614109375
1354 0.589800596875 0.331167259375 0.5808557390625 0.335169659375 0.5765649578125001 0.34114102812499997 0.5782891046875 0.3604490953125 0.5784415640625 0.37690651875 0.5648147406249999 0.4072059453125 0.5584094953125 0.4247140609375 0.555781878125 0.4434105296875 0.589689915625 0.454750390625 0.6447817671875 0.45920584687500005 0.7047394046875 0.46763234374999996 0.7291275781250001 0.47303219687500003 0.7578378921875 0.486271325 0.7676609375 0.5040878609375 0.774913878125 0.5051071953124999 0.7763627296875 0.48427274374999996 0.7701038671875 0.4446041671875 0.7733361125 0.42862243437499997 0.774876440625 0.4176624359375 0.7921005453125 0.40035993124999997 0.8018896265625 0.3728083453125 0.7673473375000001 0.3659814234375 0.7688266796875001 0.34843845625 0.7746577875 0.3315070890625 0.5978080203125 0.31980127187499996 0.589800596875 0.331167259375
1733 0.2054365578125 0.4171830984375 0.187545971875 0.414668740625 0.1733136515625 0.4317342734375 0.16539683593750001 0.44245555468750003 0.16059550625000002 0.48714411875 0.16083857343750002 0.5029568359375001 0.2184055828125 0.472258403125 0.2458142953125 0.45967444999999996 0.2553027984375 0.45180381406250003 0.2573867703125 0.43697558281250004 0.2483504375 0.4311035296875 0.23934459375 0.42852296093750003 0.23952146875000002 0.374637753125 0.2398508015625 0.33720996875 0.2405103375 0.2728735578125 0.2075998515625 0.2649610890625 0.2054365578125 0.4171830984375
1198 0.9199692046875001 0.48341724218750004 0.9173093578125 0.47778390625 0.8949459093750001 0.47201116875000004 0.8753015546875 0.45741641875 0.86000983125 0.45395242812500003 0.8216907828125001 0.45645631406250003 0.8012928109375 0.46476604374999997 0.782224328125 0.4706328609375 0.7817425359375 0.49160322343749996 0.7780267609375 0.5075170015625 0.77639669375 0.529640865625 0.7852831734375 0.5506129734375 0.8039613390625 0.5755909703125 0.806168146875 0.5844478359374999 0.7945041953125 0.5972722515625 0.791876578125 0.61596871875 0.787799240625 0.644980478125 0.7819681328125 0.66191184375 0.77758935 0.7000853953124999 0.7792821375 0.705582821875 0.8010409562499999 0.7086408234375 0.81678571875 0.7088812859375 0.846462221875 0.711737165625 0.8718775703125001 0.713336740625 0.87683309375 0.7061439171874999 0.882846284375 0.6984422984374999 0.8824829875000001 0.6905019625000001 0.8844763515625 0.6763184343749999 0.8901262437499999 0.6606764796875 0.8964696359375001 0.626066234375 0.9000939359375 0.6002780046875 0.9042618796875 0.5706215390625 0.920064153125 0.5353683328125001 0.9299116125 0.4828422375 0.9199692046875001 0.48341724218750004
779 0.4399745796875 0 0.432326940625 0.0131878578125 0.43707510000000005 0.056588756250000004 0.434961503125 0.07864466406250001 0.4507672484375 0.085468096875 0.4620391453125 0.0824501796875 0.47258531562500006 0.0740707484375 0.480803578125 0.054187676562499995 0.48986693125 0.0212745765625 0.487689746875 0.0051900374999999995 0.45076071406249996 0 0.4399745796875 0
423 0.1075467171875 0.3383390359375 0.1130223390625 0.4081397671875 0.0486249359375 0.431303853125 0.0474836078125 0.5166106265625 0.1096175609375 0.5306025046875 0.11952339999999999 0.45310189999999995 0.17805746875 0.4225393765625 0.1774450265625 0.325152209375 0.11108040937500001 0.31319551093750003 0.1075467171875 0.3383390359375
827 0.549947403125 0.0533861703125 0.5450528625 0.0671619640625 0.5418206171875 0.0831436953125 0.5517943859375001 0.096379334375 0.5659979515625 0.0970606359375 0.5673884250000001 0.10120069375 0.575971721875 0.11029627500000001 0.58521889375 0.1076512421875 0.588783946875 0.096318359375 0.5881183328125 0.0870206578125 0.5855795875 0.0840341 0.5905351125 0.076841275 0.5922566546875 0.064591865625 0.59292053125 0.05285125 0.586332334375 0.050610460937500004 0.5762993187500001 0.051830171875 0.5750308140625 0.0608560515625 0.55550755625 0.0489080796875 0.549947403125 0.0533861703125
827 0.696128325 0.1219236671875 0.708216559375 0.12362255625 0.7123862390625 0.115004409375 0.7109347828125 0.10428138437500001 0.7209678 0.103061671875 0.7252280890625 0.09379881875 0.7266778078125 0.0834835265625 0.726616825 0.076900559375 0.7190615703125001 0.07452385624999999 0.7151323515625 0.06739724375 0.7090268171874999 0.054705250000000004 0.695971525 0.052870448437499995 0.680862753125 0.0691553625 0.6775399 0.085781803125 0.6915334953125 0.10549934999999999 0.696128325 0.1219236671875