1250 1 0.1170105140625 0.8957195812500001 0.0890686609375 0.8457446484375 0.24350589218750002 0.9987586875 0.2912459578125 1 0.2879185890625 1 0.1170105140625
1250 0.3966467734375 0 0.3665548828125 0.11510738125 0.5739772328125 0.16731599218749998 0.6198081515625 0.015138415625000002 0.5612330953125 0 0.3966467734375 0
214 0.63913780625 1 0.6884201765625 0.9589358390625 0.8260498281249999 0.869774109375 0.91772445625 0.808739246875 0.9563114109375 0.6647307734375001 0.6275856359375 0.4634156359375 0.6050499578124999 0.43243892500000003 0.582681971875 0.41026925 0.625512096875 0.2862699546875 0.6189098984375 0.2750647890625 0.620225671875 0.2531750890625 0.566559903125 0.23272931875 0.552512996875 0.2134632796875 0.3598792875 0.173979375 0.34771652343750004 0.18352652187500001 0.3282759328125 0.203255725 0.232632275 0.1904342359375 0.21726797343749998 0.21192968437499998 0.19442591250000002 0.2179413140625 0.141884725 0.44043972968749995 0.1946031546875 0.5078122171875 0.18564111875 0.5148469578125 0.1614082640625 0.631697234375 0.17865751875 0.629579078125 0.194221753125 0.633749503125 0.21658892812500002 0.665355071875 0.476893778125 1 0.63913780625 1
1050 0.1298067046875 0.24780720625 0.13452395 0.2396350765625 0.1893378015625 0.22938411093750002 0.1841578265625 0.13363502968750002 0.1332203328125 0.11998636874999999 0.0960547921875 0.18888682031249998 0.0821747671875 0.1878637109375 0.0729394 0.2393097359375 0.10103645312500001 0.240098240625 0.108111915625 0.2325579921875 0.1298067046875 0.24780720625
1050 0.6685332390625 0.2917313625 0.6949444625 0.308244340625 0.721356496875 0.315321425 0.7270218921875 0.250786684375 0.701453178125 0.23112941875 0.6674891749999999 0.2880815671875 0.6666482859375 0.2723540703125 0.6476817703125 0.2639019671875 0.639087359375 0.30540961875 0.66465769375 0.306195096875 0.6693749390625 0.2980229671875 0.6685332390625 0.2917313625
126 0 0.805760328125 0.019057315624999998 0.7762105625 0.032538284375 0.71646603125 0.0264101609375 0.6770795625 0.020281226562499997 0.6471289859375 0.0148263015625 0.6146629781249999 0.016142075 0.5927732765625 0.0217034515625 0.5625850703124999 0.0108564609375 0.5502425171875001 0 0.5463288859375 0 0.805760328125
1196 0 0.5507367515625 0.0206593875 0.5589352734374999 0.0146255578125 0.5984329984375 0.024155151562499998 0.651537040625 0.0325390953125 0.7070301375 0.0342555453125 0.7270362890625 0.119525478125 0.7087698140625001 0.1378179859375 0.7197373484375 0.1844285515625 0.51182601875 0.1946031546875 0.5078122171875 0.12783700781250001 0.43060958437499997 0.0027474703125 0.431466346875 0 0.4417200453125 0 0.5507367515625
1196 0.7029453828125 0.5085465124999999 0.7181436140625 0.4593722390625 0.6549458203125 0.414130109375 0.5958879890625 0.4138077921875 0.63994914375 0.47009846718750004 0.7029453828125 0.5085465124999999
1939 0.1183585296875 0 0 0.4417200484375 0 0.65724203125 0.622961875 0.559907853125 0.77824649375 0.059613865625 0.55576451875 0 0.1183585296875 0
1939 1 0.11903253750000001 0.7806047125 0.0602457484375 0.6248476390625 0.5698492515625 0.9352784734374999 0.7885045374999999 1 0.5469605093750001 1 0.11903253750000001
819 0.8769626296874999 1 0.9329194453125 0.7973085484375 0.6256901484374999 0.5667049625 0 0.6606293734375 0 0.8816414703125 0.4417200453125 1 0.8769626296874999 1