1175 0.8576388890625 0.6990740734374999 0.875 0.6759259265625001 0.8697916671874999 0.652777778125 0.8541666671874999 0.6203703703125 0.8229166671874999 0.615740740625 0.8055555562500001 0.6319444437499999 0.7986111109375 0.6828703703125 0.8298611109375 0.703703703125 0.8576388890625 0.6990740734374999
1175 0.7204861109375 0.6550925921874999 0.7395833328125 0.6481481484375 0.737847221875 0.5925925921874999 0.7100694437499999 0.58101851875 0.6875 0.58101851875 0.684027778125 0.60648148125 0.6857638890625 0.6458333328125 0.7204861109375 0.6550925921874999
662 0.769097221875 0.54398148125 0.75 0.6666666671875 0.7569444437499999 0.6805555562500001 0.7795138890625 0.6805555562500001 0.7916666671875 0.6574074078125001 0.7899305562500001 0.5393518515625 0.7951388890625 0.5254629625 0.7899305562500001 0.5138888890625 0.78125 0.48379629687500003 0.769097221875 0.5 0.769097221875 0.5208333328125 0.762152778125 0.5300925921874999 0.769097221875 0.54398148125
1606 0.6232638890625 0.6018518515625 0.47569444375 0.641203703125 0.4114583328125 0.6643518515625 0.6006944437499999 0.847222221875 0.8211805562500001 0.7569444437499999 0.6232638890625 0.6018518515625
783 0.5729166671875 0.46527777812500004 0.574652778125 0.43981481406249995 0.5954861109375 0.4375 0.605902778125 0.45370370312499997 0.6145833328125 0.5023148140625 0.6145833328125 0.5370370375 0.6319444437499999 0.5370370375 0.637152778125 0.527777778125 0.628472221875 0.4606481484375 0.6145833328125 0.4143518515625 0.5885416671875 0.4050925921875 0.5520833328125 0.43981481406249995 0.546875 0.5995370375 0.5677083328125 0.5995370375 0.5677083328125 0.5069444437499999 0.5729166671875 0.46527777812500004
699 0.640625 0.7986111109375 0.6545138890625 0.8009259265625 0.668402778125 0.796296296875 0.668402778125 0.7824074078125001 0.652777778125 0.777777778125 0.637152778125 0.7800925921874999 0.628472221875 0.784722221875 0.628472221875 0.7986111109375 0.640625 0.7986111109375
931 0.8125 0.8958333328125001 0.8107638890625 0.8819444437499999 0.7604166671875 0.891203703125 0.7638888890625 0.9143518515625001 0.8038194437499999 0.909722221875 0.8125 0.8958333328125001
550 0.6024305562500001 0.865740740625 0.9982638890625 0.6875 0.7864583328125 0.5740740734374999 0.40972222187499996 0.6620370375 0.6024305562500001 0.865740740625
931 0.8836805562500001 0.8333333328125001 0.8836805562500001 0.8518518515625001 0.9305555562500001 0.847222221875 0.9305555562500001 0.8194444437499999 0.8836805562500001 0.8333333328125001
931 0.8732638890625 0.9421296296874999 0.828125 0.9513888890625 0.8350694437499999 0.9768518515625001 0.8802083328125001 0.9768518515625001 0.8732638890625 0.9421296296874999
1939 0.0017361109374999999 0.7129629625 0.7986111109375 0.5671296296875 0.8177083328125001 0 0.0017361109374999999 0.004629629687499999 0.0017361109374999999 0.7129629625
1939 0.815972221875 0 0.796875 0.5763888890625 0.9982638890625 0.6875 0.9982638890625 0 0.815972221875 0
1362 0.644097221875 0.222222221875 0.6336805562500001 0.41203703750000004 0.6475694437499999 0.41898148125 0.6631944437499999 0.22916666718749998 0.644097221875 0.222222221875
783 0.7326388890625 0.391203703125 0.7395833328125 0.3726851859375 0.7204861109375 0.35648148125 0.7170138890625 0.391203703125 0.7204861109375 0.40972222187499996 0.7326388890625 0.391203703125
535 0.215277778125 0.7754629625 0.012152778125 0.8449074078125 0.0260416671875 0.9768518515625001 0.2829861109375 0.902777778125 0.215277778125 0.7754629625
1034 0.1666666671875 0 0.17013888906250002 0.1898148140625 0.31944444375000003 0.1875 0.31944444375000003 0 0.1666666671875 0
1034 0.0017361109374999999 0 0.0017361109374999999 0.1898148140625 0.1666666671875 0.19444444375 0.1666666671875 0 0.0017361109374999999 0
1034 0.32118055624999997 0 0.3229166671875 0.1898148140625 0.4513888890625 0.19444444375 0.453125 0 0.32118055624999997 0
1034 0.4548611109375 0 0.4513888890625 0.19444444375 0.5677083328125 0.1990740734375 0.5694444437499999 0 0.4548611109375 0
1034 0.5729166671875 0 0.5711805562500001 0.19444444375 0.6319444437499999 0.19444444375 0.6354166671875 0 0.5729166671875 0
1034 0.1041666671875 0.5601851859375 0.090277778125 0.240740740625 0.0017361109374999999 0.240740740625 0.0017361109374999999 0.5740740734374999 0.1041666671875 0.5601851859375
1034 0.2552083328125 0.534722221875 0.24479166718749998 0.23379629687499998 0.09201388906249999 0.2384259265625 0.105902778125 0.5601851859375 0.2552083328125 0.534722221875
1034 0.25694444375000003 0.5370370375 0.3923611109375 0.516203703125 0.3888888890625 0.22916666718749998 0.24826388906250002 0.23379629687499998 0.25694444375000003 0.5370370375
1034 0.3923611109375 0.51851851875 0.5104166671875 0.5 0.5104166671875 0.23148148124999998 0.3888888890625 0.23379629687499998 0.3923611109375 0.51851851875
1034 0.6111111109375 0.428240740625 0.6163194437499999 0.23148148124999998 0.515625 0.23611111093749998 0.5138888890625 0.5023148140625 0.546875 0.4953703703125 0.5555555562500001 0.4421296296875 0.5885416671875 0.4074074078125 0.6111111109375 0.428240740625
1034 0.18576388906250002 0.6828703703125 0.17881944375 0.5578703703125 0.02256944375 0.5740740734374999 0.0295138890625 0.7106481484375 0.18576388906250002 0.6828703703125
1034 0.32465277812500004 0.652777778125 0.3229166671875 0.5370370375 0.17881944375 0.5509259265625001 0.1875 0.6828703703125 0.32465277812500004 0.652777778125
1034 0.4479166671875 0.6319444437499999 0.4479166671875 0.5208333328125 0.32465277812500004 0.5300925921874999 0.328125 0.6481481484375 0.4479166671875 0.6319444437499999
266 0.6336805562500001 0.20833333281250002 0.7048611109375 0.21064814843750002 0.8038194437499999 0.2175925921875 0.8142361109375 0.0023148140625 0.637152778125 0.0023148140625 0.6336805562500001 0.20833333281250002
1362 0.6875 0.3958333328125 0.6927083328125 0.21296296250000002 0.6822916671875 0.21296296250000002 0.6788194437499999 0.3958333328125 0.6666666671875 0.3981481484375 0.671875 0.41203703750000004 0.6805555562500001 0.41203703750000004 0.6875 0.3958333328125
1362 0.699652778125 0.39351851875 0.6961805562500001 0.40277777812500004 0.6961805562500001 0.4143518515625 0.706597221875 0.4166666671875 0.715277778125 0.40277777812500004 0.7135416671875 0.321759259375 0.722222221875 0.2986111109375 0.7256944437499999 0.2754629625 0.734375 0.22453703749999998 0.7204861109375 0.222222221875 0.7170138890625 0.2638888890625 0.703125 0.3101851859375 0.703125 0.3541666671875 0.699652778125 0.39351851875