1584 1 0.46435893437500003 0.93194310625 0.210367146875 0.7444950421875001 0.2201532296875 0 0.54351170625 0 0.56582625 0.1020951140625 0.9468504 0.18229714375 1 0.5356410656249999 1 1 0.8755753984375 1 0.46435893437500003
659 0.136931428125 0.9410279750000001 0.14622884687499998 0.9304486437499999 0.1285724328125 0.894739190625 0.11671119062499999 0.8655650203125 0.1068719703125 0.8439371453125 0.0877353328125 0.8328886015625001 0.07264274062500001 0.83693265 0.1029730984375 0.9501270828124999 0.125611984375 0.9440610109375 0.136931428125 0.9410279750000001
659 0.257878171875 1 0.2542424953125 0.9864314734375 0.2444032765625 0.9648035984375 0.22600674999999998 0.9414246000000001 0.1973017921875 0.9248517843749999 0.16233245000000002 0.9301777437500001 0.1396935640625 0.936243815625 0.10674624531250002 0.9491160703125001 0.11775452500000001 1 0.257878171875 1
1585 0 0.5392629890625 0.48947380625000003 0.32488239218750004 0.4806456 0.3070276640625 0.4927051546875 0.2916641734375 0.442841534375 0.2564965203125 0.4367754625 0.2338576328125 0.390486678125 0.242216628125 0.3809183578125 0.23669235624999999 0 0.356719096875 0 0.5392629890625
1585 0 0.3529649890625 0.17541725625 0.29984430624999997 0.168340171875 0.273432271875 0.164296125 0.25833968125 0.1416572375 0.2644057515625 0.1293267828125 0.26366564062500003 0 0.298318646875 0 0.3529649890625
340 0.822105746875 0.10230036093749999 0.643016678125 0.158375228125 0.6027213765625 0.12873184531249998 0.5018574 0.1598023140625 0.475445365625 0.1668793984375 0.45731973750000005 0.15960400156250001 0.138353303125 0.23698270625 0.1434083625 0.2558484453125 0.16604724843750002 0.24978237343749998 0.17440624375 0.29607115781250004 0.3761341984375 0.2339302203125 0.38570251875 0.2394544921875 0.4357644515625 0.23008448593750003 0.442841534375 0.2564965203125 0.48893200625000005 0.29267518593749997 0.48441874687500003 0.30601665312500004 0.48947380625000003 0.32488239218750004 0.7434840312500001 0.21638008125 0.9336942296874999 0.20180984062500001 0.9097008437499999 0.12735789687500002 0.8669143078125 0.1186022765625 0.8618592484375001 0.0997365375 0.822105746875 0.10230036093749999
658 0.5922872203125 0.2407169546875 0.5668861984375 0.2515671859375 0.5759853046875001 0.285525515625 0.605159475 0.27366427187500003 0.6056286875 0.2452302140625 0.5922872203125 0.2407169546875
1939 0.43417374999999997 0 0 0.11633650625 0 0.298318646875 0.148192521875 0.25861058125 0.138353303125 0.23698270625 0.4563087265625 0.1558308546875 0.475445365625 0.1668793984375 0.6027213765625 0.12873184531249998 0.6420056656249999 0.1546020796875 0.822105746875 0.10230036093749999 0.8618592484375001 0.0997365375 0.8659032953124999 0.1148291296875 0.9134739921874999 0.126346884375 0.8774607703124999 0 0.43417374999999997 0
838 0.6225307515625 0.9120132171875 0.6393744671875 0.8994118625 0.65695829375 0.874480053125 0.6707689734375 0.8505592546875 0.6581676187500001 0.8337155390625 0.6256895124999999 0.8181537359375 0.609585909375 0.8184246359375 0.5849249984375 0.8169444125 0.579400728125 0.82651273125 0.5539997046875 0.8373629625 0.5504974578125 0.8544775765624999 0.526107446875 0.86910095625 0.5102747437499999 0.8854754578125 0.5029993484374999 0.9036010859375001 0.5183628390624999 0.9156606406250001 0.5583872390625 0.9292004203124999 0.5823080375 0.9430111 0.59261646875 0.9362049156250001 0.6029249015625 0.9293987328125001 0.6225307515625 0.9120132171875
1666 0.7922498140625 0.8058764187499999 0.7572804718749999 0.8112023781250001 0.7593024953125 0.8187486734375 0.6289934484375 0.8455767828124999 0.6204361406250001 0.8438256578125 0.6070946734375 0.8393123984375 0.5920020828125 0.8433564453125 0.5816936515625 0.8501626296874999 0.5884998343750001 0.8604710609374999 0.6076364734374999 0.8715196046875 0.6265022124999999 0.8664645453125001 0.6395727796874999 0.8548742015625 0.7603135078125 0.8225218218749999 0.7661086796875 0.8290571046874999 0.7849744171874999 0.8240020453125 0.7962938609375 0.820969009375 0.7970339734375 0.8086385546875 0.7922498140625 0.8058764187499999
838 0.6321522093749999 0.7517172999999999 0.6248768124999999 0.7698429265625 0.6080330984375 0.7824442828125 0.610055121875 0.7899905781250001 0.6168613046875 0.800299009375 0.6339759203125 0.8038012578125 0.6634209906249999 0.8080436171875001 0.6911149359375 0.820843284375 0.7137538218749999 0.8147772124999999 0.7502033890625001 0.78479034375 0.7760736234375 0.7455060546875 0.779575871875 0.7283914390625 0.7644832796875 0.7324354875 0.737060234375 0.7357394234375 0.726480903125 0.7264420031250001 0.724458878125 0.7188957078125 0.715901571875 0.717144584375 0.6960248203125 0.7184264953125 0.67817009375 0.7272547031250001 0.661326378125 0.7398560578125 0.6434716515625001 0.748684265625 0.6321522093749999 0.7517172999999999
838 0.7344964109375 0.695985921875 0.74130259375 0.706294353125 0.7735098 0.705752553125 0.7810560953125 0.7037305296875 0.7991817218749999 0.711005925 0.8160254374999999 0.6984045703125 0.8290960046875 0.6868142265625 0.841155559375 0.6714507359375 0.8343493765625001 0.6611423046875 0.821007909375 0.6566290453125 0.8114395890624999 0.6511047734375001 0.7953359875 0.6513756734375 0.7754592359375 0.652657584375 0.758615521875 0.6652589390625 0.745544953125 0.6768492828125 0.7304523625 0.6808933296874999 0.7344964109375 0.695985921875
838 0.851193090625 0.64854095 0.872820965625 0.6387017312500001 0.883869509375 0.6195650921875 0.900713225 0.6069637375 0.904215471875 0.589849121875 0.8918850171875 0.589109009375 0.8795545625000001 0.5883688984375001 0.8596778109375001 0.5896508093749999 0.84633634375 0.58513755 0.8340058890625001 0.5843974375000001 0.820935321875 0.5959877812500001 0.8040916062499999 0.6085891359375 0.790010028125 0.61640633125 0.798838234375 0.6342610578125 0.8292943171875 0.642276565625 0.851193090625 0.64854095
1050 0.17371926875000002 0.14258142499999998 0.1613888140625 0.1418413125 0.159637690625 0.1503986203125 0.1568755546875 0.1551827796875 0.158897578125 0.162729075 0.1732500578125 0.1710154828125 0.191104784375 0.16218727500000002 0.18908275937500002 0.15464097968749999 0.1785034296875 0.1453435609375 0.17371926875000002 0.14258142499999998
1050 0.29850404531249997 0.125321634375 0.3025480921875 0.1404142265625 0.3083432640625 0.146949509375 0.3196627078125 0.1439164734375 0.3309821515625 0.1408834375 0.327949115625 0.1295639953125 0.31736978437499996 0.120266575 0.3098234890625 0.1222886 0.29850404531249997 0.125321634375
1050 0.4353483765625 0.0926983546875 0.4240289328125 0.095731390625 0.41749365000000005 0.10152656093750001 0.41951567343749996 0.10907285781250001 0.4300950046875 0.11837027656250002 0.442425459375 0.1191103890625 0.44417658437499996 0.11055308125 0.4411435484375 0.0992336375 0.4353483765625 0.0926983546875
1050 0.5251638109375001 0.0807645234375 0.5186285265625 0.08655969531249999 0.5206505499999999 0.094105990625 0.5339920171875 0.0986192515625 0.5432894375 0.08803992031249999 0.537494265625 0.0815046359375 0.5327101062499999 0.0787425 0.5251638109375001 0.0807645234375
838 0.535874078125 0.830087565625 0.5620152125 0.8069068796875 0.5486737453125 0.8023936203125 0.5428785734375 0.7958583375 0.526774971875 0.7961292359375001 0.5013739484374999 0.8069794671875 0.48351922187499996 0.815807675 0.47698393906250003 0.8216028468750001 0.48001697343750005 0.8329222890624999 0.473481690625 0.8387174609375 0.4641842703125 0.8492967921875 0.452124715625 0.8646602828125 0.4503735921875 0.8732175906249999 0.43352987656249997 0.8858189453125 0.44788235624999995 0.8941053531250001 0.47705652499999995 0.8822441109374999 0.500435525 0.863847584375 0.535874078125 0.830087565625
1666 0.45811820000000003 0.82665790625 0.5275150828124999 0.78379878125 0.542607675 0.779754734375 0.5395746390625 0.768435290625 0.5189577765625 0.7820476578125 0.452323028125 0.820122621875 0.4344683015625 0.8289508296875001 0.42213784531250004 0.8282107171875 0.41459155000000003 0.8302327406250001 0.40428311875 0.8370389250000001 0.4158734625 0.8501094921875 0.4347392015625 0.8450544328125 0.4536049390625 0.8399993734375 0.45811820000000003 0.82665790625