1146 0.515686565625 0.4978723484375 0.5937248312500001 0.2335081421875 0.4876613234375 0.20907645625 0.416748190625 0.46917840625 0.515686565625 0.4978723484375
2001 0.3834690390625 0.16498214687499999 0.2350708703125 0.12798232812500002 0.180770521875 0.3700842203125 0.320626046875 0.4170316234375 0.3834690390625 0.16498214687499999
2006 0.697291515625 0.48678986562500004 0.7115605703125001 0.490347540625 0.7948903203125 0.2655480765625 0.7344877875 0.25250095 0.6573569515625 0.4889105640625 0.6801874406249999 0.49460284374999997 0.697291515625 0.48678986562500004
1506 0.327861128125 0.7892123046874999 0.5287823640625 0.66418379375 0.3009124125 0.5812015109375 0.12459894687499999 0.6318487375 0.11520523906249999 0.7059974765625 0.327861128125 0.7892123046874999
407 0.5483604 0 0.8621173687500001 0.0810179375 0.9306651968749999 0.134341340625 0.9491492078125001 0.09667866093750001 0.5566504609375 0 0.5483604 0
218 0.3863576421875 0.4938078671875 0.3715785078125 0.467980925 0.34776543437499996 0.44191448749999995 0.2317041921875 0.4089513359375 0.18220682187499998 0.3764810828125 0.1377914734375 0.5546213125 0.1265077515625 0.6363504890625 0.36745749375000003 0.569612221875 0.381178890625 0.5267362531249999 0.3863576421875 0.4938078671875
183 0.342718203125 0.5594181890625001 0.3322855453125 0.5769462078125 0.4269525984375 0.610613940625 0.4721034921875 0.5997292328125 0.461595678125 0.5689285 0.375017553125 0.5392904796875 0.342718203125 0.5594181890625001
1894 0.7938485843749999 0.5128771640625 0.82320018125 0.43162697968749997 0.8719620062500001 0.296841709375 0.8809395765625 0.260834640625 0.8585815921875 0.2532472515625 0.81006680625 0.2411511578125 0.7144143828125 0.491059075 0.7472426015625 0.5052828218750001 0.7938485843749999 0.5128771640625
872 0.7938673734374999 0.5249593515625001 0.7862509484375 0.519034528125 0.7025266343750001 0.49010804375 0.691130178125 0.4993440921875 0.5519134703125 0.8631910828124999 0.5590573921875001 0.8710110140625 0.543899696875 0.9074901203125 0.5638763734375 0.912470865625 0.5766527625 0.8733851156249999 0.6451630140625 0.9025441421875 0.7938673734374999 0.5249593515625001
676 1 0.116286478125 0.9325927890625 0.15092528125 0.615792628125 0.9717121390625 0.6171568671875 1 0.7857141859375 1 1 0.49355808906250004 1 0.116286478125
931 0.7598095296875 0.6372428125 0.7426866640625 0.6329736015625 0.7355427421875 0.6251536703125 0.725545009375 0.6166222046875001 0.711767246875 0.6232516078125 0.710841028125 0.6391240140625001 0.74603176875 0.6438722171875 0.7536481921875 0.6497970390625001 0.7598095296875 0.6372428125
1939 1 0.52943709375 0.8014023453125001 1 0.887611596875 1 1 0.5492347375 1 0.52943709375
967 0.9215693249999999 0.7057549 0.9134803953124999 0.7017251859375 0.8830334828125 0.690108084375 0.8584069234375 0.7524071796875 0.8845637249999999 0.7569158859375 0.89741526875 0.7661588874999999 0.9215693249999999 0.7057549
1939 0.1184508375 0 0 0.47508035781249996 0 0.8878158624999999 0.06559235 0.90498390625 0.260260025 0 0.1184508375 0
1939 0.3099165890625 0 0.266274903125 0.0149873328125 0.16428925781249998 0.47265959375 0.6100502140625 0.6421748828125 0.7499245296875 0.7012044734375 0.9321014968749999 0.14073820312500002 0.852610928125 0.08267355 0.5325829578125 0 0.3099165890625 0
819 0.7555300968750001 1 0.748979521875 0.704994690625 0.1638167546875 0.47455470312500003 0.0684461609375 0.905695440625 0.116960946875 0.9177915359375 0.455212278125 1 0.7555300968750001 1