575 0.0166666671875 0 0.03 0.2416666671875 0.6233333328125 0.2416666671875 0.6366666671875 0 0.0166666671875 0
1939 0.5566666671875 0.48333333281249996 0.5533333328125 0.7833333328125 0.8333333328125001 0.9708333328125001 0.9400000000000001 0.0041666671875 0.5700000000000001 0.0041666671875 0.5566666671875 0.48333333281249996
1939 0.06999999999999999 0.9916666671875 0.5533333328125 0.7916666671875 0.5633333328125001 0.0083333328125 0.02 0 0.0533333328125 0.5041666671875 0.06999999999999999 0.9916666671875
1606 0.3933333328125 0.5125 0.4933333328125 0.5708333328124999 0.6599999999999999 0.5333333328125 0.5433333328125001 0.475 0.3933333328125 0.5125
1716 0.26 0.4791666671875 0.05 0.5125 0.0566666671875 0.5541666671875001 0.1233333328125 0.6541666671875 0.1266666671875 0.6833333328125 0.1366666671875 0.9958333328125001 0.36 0.9958333328125001 0.3566666671875 0.6083333328125 0.2666666671875 0.525 0.26 0.4791666671875
575 0.6766666671875 0.5583333328125 0.36666666718749996 0.6375 0.38333333281250004 0.9958333328125001 0.6599999999999999 0.8833333328125 0.6766666671875 0.5583333328125
2036 0.2666666671875 0.5166666671875 0.3533333328125 0.6041666671875 0.3566666671875 0.6375 0.7 0.5375 0.5333333328125 0.45416666718750004 0.2666666671875 0.5166666671875
578 0.7833333328125 0.9958333328125001 0.8300000000000001 0.9958333328125001 0.8533333328125 0.7833333328125 0.77 0.8375 0.7833333328125 0.9958333328125001
2001 0.8633333328124999 0.625 0.9366666671875 0.0125 0.78 0.0166666671875 0.75 0.5625 0.8633333328124999 0.625
1939 0.9433333328125 0.0041666671875 0.8333333328125001 0.9916666671875 0.9966666671875 0.9958333328125001 0.9966666671875 0 0.9433333328125 0.0041666671875
1939 0.0166666671875 0.0041666671875 0.01 0.0041666671875 0.0066666671875 0.9916666671875 0.0666666671875 0.9958333328125001 0.0166666671875 0.0041666671875
819 0.8266666671875 0.9708333328125001 0.55 0.7958333328125 0.0733333328125 0.9958333328125001 0.7033333328125 0.9958333328125001 0.8300000000000001 0.9958333328125001 0.8266666671875 0.9708333328125001
578 0.0633333328125 0.9833333328125 0.1266666671875 0.9833333328125 0.11333333281249999 0.65 0.1066666671875 0.6458333328125 0.0533333328125 0.5583333328125 0.06999999999999999 0.6666666671875 0.0633333328125 0.9833333328125