2001 0.5235334375 0 0.5988249171875 0.4269992046875 0.9802887328125 0.3804598328125 0.9728788843749999 0.338436496875 0.9132033984374999 0 0.5235334375 0
214 0.531091284375 1 0.8871904531249999 0.9394411828125 0.8906528437500001 0.908688134375 0.8820458562500001 0.831081628125 0.8985203390625 0.8093376484375 0.8982659109375 0.735910084375 0.8764976421874999 0.670043809375 0.84435228125 0.6173107421874999 0.3614029453125 0.5705941546875 0.2713763390625 0.48473722343750003 0.2607686078125 0.46776856875000006 0.2145494953125 0.22724233906250002 0.21404426875000002 0.28196476875 0.2036671765625 0.2950979796875 0.187606390625 0.290394296875 0.162789428125 0.22883340312499997 0.1547590359375 0.2264815609375 0.161110853125 0.2912983578125 0.14082802187500001 0.298642584375 0.12283423281250001 0.282976290625 0.1085673421875 0.2308585859375 0.0931508921875 0.22980910625 0.09830556875 0.25904273125 0.09656933281249999 0.31398221875 0.07376682343749999 0.3142351 0.0494788765625 0.2412774765625 0.027849718750000002 0.23378783125 0.0344083828125 0.2853807953125 0.0374232078125 0.31687564375 0.017140378125 0.3242198703125 0.0016086078125 0.30811945625 0 0.30443686875 0 0.41126405468750005 0.0056375140625 0.43174700312500003 0.0445044390625 0.6377753609375 0.0789150515625 0.624172209375 0.11662878593749999 0.6796912374999999 0.08116014218749999 0.7160878484375 0.118002534375 0.9394283625 0.1582121578125 0.9587130374999999 0.169257375 0.992559728125 0.178156996875 1 0.18671320625 1 0.192646559375 0.9884355828125001 0.2005616328125 0.9757364921875 0.208687246875 1 0.531091284375 1
214 0.3745807546875 0.1990245109375 0.3622706578125 0.2011951125 0.3660451359375 0.2513950984375 0.3630541015625 0.2632259484375 0.353182234375 0.22163673125 0.3426321625 0.21219354375 0.3426559515625 0.2555192421875 0.332278859375 0.26865245312499997 0.3243399953125 0.238025846875 0.3149056140625 0.21331466406250002 0.30751955625 0.21461702656249998 0.3155737390625 0.2602945671875 0.299041596875 0.2745130796875 0.29025155156250004 0.2534561 0.2760999796875 0.216389328125 0.26818490625 0.2290884203125 0.27612376875 0.2597150265625 0.269555025 0.287247990625 0.26023596250000003 0.27758774375 0.24919074531250002 0.243741053125 0.24286271718750002 0.2222499546875 0.2437614796875 0.299331721875 0.274367375 0.472906371875 0.36755799375 0.5695088546875 0.84435228125 0.6173107421874999 0.8763823234375 0.654992875 0.8887500796875001 0.6603477390625 0.8910967796874999 0.6448626859375 0.8942946640624999 0.619808003125 0.8965260453124999 0.5892720171875 0.898964275 0.5455122 0.83668800625 0.5018598421875 0.4911065296875 0.4855549375 0.4285996234375 0.411800715625 0.40935103437500003 0.353025784375 0.3884339484375 0.277589878125 0.3745807546875 0.1990245109375
1460 0 0.27296808281249996 0.393069690625 0.23909430468749998 0.3957385578125 0.22543635312500002 0.4102800359375 0.1927297640625 0.390170184375 0.2226503921875 0 0.2480588875 0 0.27296808281249996
1196 0.5052343109375 0.4792960125 0.4985841171875 0.4559778125 0.525401821875 0.4569008515625 0.50577340625 0.388773353125 0.506302421875 0.3773766234375 0.47787387968750006 0.367318075 0.43191282500000006 0.401796965625 0.488000175 0.48233485624999994 0.5052343109375 0.4792960125
1454 0.6955355875 0.5003741046875 0.8508157875 0.495600915625 0.838895596875 0.42799815937499996 0.6892990890624999 0.4506082421875 0.6955355875 0.5003741046875
1939 0.4669398421875 0 0.424577165625 0.0074696828125000005 0.5254155328125 0.579352478125 1 0.619697715625 1 0.49224798437499995 0.9132033984374999 0 0.4669398421875 0
1939 0 0.53654586875 0.08115369375 0.996791334375 0.5239200140625 0.585267903125 0.42768352031249995 0.010689765625 0 0.08291321406249999 0 0.53654586875
819 1 0.6232047328125 0.533445925 0.5817043203125001 0.0888009046875 1 0.525065240625 1 1 0.9125711578125 1 0.6232047328125
1050 0.43204830312500003 0.2585960421875 0.4258593859375 0.2954815734375 0.45311457656250004 0.31328264843750003 0.448604234375 0.2877032265625 0.46487186875 0.2791830796875 0.45051344843749996 0.2553401375 0.43204830312500003 0.2585960421875
1050 0.45770636875 0.389713234375 0.4768158484375 0.390111534375 0.46503476718750003 0.3808854078125 0.45311457656250004 0.31328264843750003 0.45770636875 0.389713234375
1354 0.3503815171875 0.5800731640625 0.27448269375 0.48795730624999994 0.0695383296875 0.6069864953125 0.1554582109375 0.719942271875 0.3503815171875 0.5800731640625
589 0.353074175 0.6097409093749999 0.2571908984375 0.48347068281250005 0.1505882015625 0.526758421875 0.258367878125 0.6773057109375 0.353074175 0.6097409093749999
1355 0.36481775625 0.45318971250000006 0.2948231828125 0.48813854531249995 0.3736553828125 0.5608980859375 0.4150145671875 0.5291145375 0.36481775625 0.45318971250000006
589 0.482547121875 0.49459982656249996 0.408408321875 0.390870178125 0.3548543609375 0.4398752609375 0.43204185468749995 0.5392995265625 0.482547121875 0.49459982656249996