1650 0 0.880676234375 0.41137354843749996 0.9794682437500001 0.9135247890624999 0.7153256828125001 0.9490240546875001 0.6005030078125 0.9705803859375 0.5967165953125 0.9726960281249999 0.5331170140625 0.9500384078125 0.4999848046875 0.917695215625 0.491920740625 0.9273633984374999 0.43936522968749997 0.932730746875 0.40405941875 0.8755882109374999 0.38523168124999996 0.7408133234375 0.33330650624999997 0.7159965921875 0.295055465625 0.6976745796875 0.299648284375 0.036972153125000004 0.414327475 0.0359317203125 0.47361463125 0.0079067515625 0.47578823124999997 0 0.5075004796875 0 0.880676234375
589 0.6827086 0.4974590671875 0.8735247328125 0.5312933578125 0.9412802515625 0.28709792031250003 0.7569588375 0.29610749062499997 0.6827086 0.4974590671875
589 0.5555297218749999 0.5252963765625001 0.6805581843749999 0.50608391875 0.718216559375 0.39638007656249996 0.681476903125 0.25438520625 0.54459506875 0.279803296875 0.5555297218749999 0.5252963765625001
589 0.543519859375 0.284115721875 0.5424185703125 0.24719709843749998 0.493929865625 0.27633205156249996 0.42064181562499997 0.2947033296875 0.3613488640625 0.284500440625 0.37005485625 0.4149252296875 0.37010701875 0.49738732499999994 0.3917068203125 0.5623193265624999 0.549061084375 0.5236835640625 0.543519859375 0.284115721875
589 0.12103836875 0.394062990625 0.11783013125 0.4344876328125 0.1706805265625 0.48430875625 0.22462351875 0.55730481875 0.2645366375 0.6039003187499999 0.3906316125 0.5666317515625 0.3733587265625 0.525681096875 0.36037798125 0.45373705781250007 0.3624849296875 0.37639379375000004 0.359189753125 0.279381609375 0.27082270468749997 0.3168957953125 0.2309443609375 0.325275028125 0.1835134765625 0.3226101890625 0.11237584375000001 0.332356615625 0.12103836875 0.394062990625
589 0.1879447171875 0.511515728125 0.1555754453125 0.46222061718749996 0.0391312640625 0.41944630624999996 0.03163958125 0.504608015625 0.0758970015625 0.602672225 0.17406264062500001 0.7187577671875001 0.2441685328125 0.78204218125 0.262377525 0.5987814859375 0.1879447171875 0.511515728125
823 0.9131770375 0.16557837656250002 0.887259015625 0.0904087125 0.8559910328125 0.0780322234375 0.7978254515625001 0.1459790046875 0.8420394046874999 0.17532480156250002 0.81840220625 0.29768552812500004 0.8367242203125 0.293092709375 0.8452998062500001 0.21736225625 0.8592862078125 0.17504440937500002 0.9131770375 0.16557837656250002
1939 1 0.11226404375000001 0.8344260078125 0.068074953125 0.6988888890625 0.5152347828125 0.9727742734374999 0.6568101578125 1 0.5414919593749999 1 0.11226404375000001
1939 0.116667953125 0 0 0.47596798281249997 0 0.697019125 0.6967384734375 0.523859634375 0.829041271875 0.07589339843750001 0.540107903125 0 0.116667953125 0
819 0.887207434375 1 0.9695486484375 0.669747434375 0.6967384734375 0.523859634375 0 0.7000190046875 0 0.8851800359374999 0.4789191703125 1 0.887207434375 1
389 0.887207434375 1 0.9082617671875 0.915555684375 0.8230594874999999 0.8439268156249999 0.5492126015625 1 0.887207434375 1