2001 0.9614127109374999 0.36042586875 0.971649921875 0.013711809375 0.6291718796875 0.0512183765625 0.635209803125 0.36969821718749996 0.9614127109374999 0.36042586875
581 0.819373559375 0 0.79366798125 0.0054372 0.733671346875 0.0124931 0.687941890625 0.0207570953125 0.6526317125000001 0.0245634296875 0.6387734109375 0.031157128125 0.6065956 0.026976079687499998 0.5787767781250001 0.0382130296875 0.5654295687500001 0.054558968750000006 0.5697885578124999 0.0699769671875 0.5770754734375 0.0735066875 0.5625744687500001 0.20334980625000001 0.59403675 0.1938777171875 0.6004036984375001 0.17985340156250001 0.6284269578125 0.1725173484375 0.617189928125 0.16137142499999999 0.6270981140624999 0.14716152031250002 0.6513756984375 0.13611015937499998 0.703778759375 0.11967319375 0.718250375 0.124782184375 0.7471936015625 0.13500016718750002 0.7476024765625 0.142801959375 0.7762390484374999 0.147168596875 0.7840370578125 0.1604505578125 0.81114035 0.13556047031250001 0.8256119640625 0.1406694609375 0.8567675890625001 0.1253460265625 0.8946990359375 0.1038000703125 0.9154353796875 0.0929342984375 0.9611648359375 0.084670303125 0.97199299375 0.0880144328125 0.9701385531250001 0 0.819373559375 0
1340 0.47448877031250003 0.2842425921875 0.4803810390625 0.3289173140625 0.551205828125 0.32520554375 0.5488547984375 0.2803452328125 0.47448877031250003 0.2842425921875
1984 0.49853954843750004 0.607645834375 0.5053153703125 0.6014233124999999 0.49700626718749996 0.578389109375 0.47878897656249997 0.5695648109375 0.44640672812500004 0.561482865625 0.453627840625 0.631513415625 0.48144666249999996 0.6202764671875001 0.49853954843750004 0.607645834375
483 0.8743856125 0.529274415625 0.8558686890624999 0.7180021609375 0.9338781765625 0.7158696625000001 0.9564110187500001 0.468257290625 0.8698221875 0.5099555203125 0.8743856125 0.529274415625
1962 0.8698950140624999 0.6468580796875 0.8986338046875 0.653175165625 0.910177490625 0.670172434375 0.92900809375 0.6906994234375 0.9305049593750001 0.65150486875 0.9563452140625 0.534758121875 0.9032266218749999 0.5375419484374999 0.8500058109375 0.538375328125 0.8008373328125 0.5487753609375 0.748843146875 0.57301411875 0.7536110093749999 0.5962339109375 0.769104809375 0.620847384375 0.83407374375 0.6409121718749999 0.8698950140624999 0.6468580796875
1536 0.17150484531250001 0.19450781718750002 0.2174598078125 0.8003548875 0.33864328593750004 0.7411971859375 0.306378603125 0.1933067984375 0.17150484531250001 0.19450781718750002
407 0.515760721875 0 0.431439365625 0.0048627421875 0.4301469375 0.04795819375 0.7073612046875 0 0.515760721875 0
1939 0.8026754828125 0 0.4266056984375 0.0481437828125 0.4288545078125 0.0910536453125 0.4473631109375 0.6474881796874999 1 0.6861328999999999 1 0.5546635281250001 0.9709313171874999 0 0.8026754828125 0
1939 0.17484164687499998 0.19042133125 0.2921114265625 0.1920987046875 0.27906385 0.010892599999999999 0.162305165625 0.01896746875 0.17484164687499998 0.19042133125
1939 0.2861463296875 0.0105214234375 0.3390521609375 0.748998978125 0.2175620265625 0.8023053359375 0.2353046375 0.8698286718749999 0.44246363593750004 0.75727005 0.4243568875 0.005233920312499999 0.2861463296875 0.0105214234375
1939 0.2382013109375 1 0.15168144687500001 0.019524234374999998 0 0.025692217187499998 0 0.3098235625 0.0361706140625 1 0.2382013109375 1
1506 0.43845499375 1 0.44097379375 0.9998679953125 0.4937857296875 0.991232821875 0.6705704375 0.8411499421874999 0.6733961468749999 0.8273112156250001 0.6620568984374999 0.8142148421875 0.647278628125 0.80325450625 0.6146919421875 0.791271665625 0.5682469546875 0.785882521875 0.5359669234375 0.779751025 0.4824394578125 0.774733059375 0.4434858234375 0.7767745328125 0.4115124484375 0.77649438125 0.2357135125 0.877630465625 0.23738542499999998 0.9772889171875001 0.2627874140625 0.9876924875 0.2951696625 0.9957744328125001 0.32769009531250004 1 0.43845499375 1
685 0.9948899734375001 0.5249148546875 0.9905603749999999 0.374544746875 0.9013349265624999 0.975741490625 0.9402885609375 0.9737000171875 0.9948899734375001 0.5249148546875
1939 1 0.6000261640625 0.989370165625 0.419590646875 0.9473710390625 0.9733288390625001 1 0.9677947874999999 1 0.6000261640625
819 0.428514209375 1 0.7739525234375 0.984373125 0.9436253625000001 0.9696135312499999 0.9607770296875 0.687078678125 0.44028063125 0.64785935625 0.4425658546875 0.7592204984375 0.2214463359375 0.8764223718749999 0.22792276406249998 1 0.428514209375 1