2001 0.20045522343750002 0.5269405109374999 0.3464893609375 0.49523522499999995 0.29472759531250003 0.220196425 0.1458371453125 0.2286389109375 0.20045522343750002 0.5269405109374999
216 0.061958032812499994 0.937504353125 0.1109860109375 0.9216455109374999 0.1846958390625 0.8870137781249999 0.212710053125 0.8953808203125 0.2415360390625 0.8859380578125 0.28394192500000004 0.864988928125 0.33663798906250003 0.8545830796875 0.3720860640625 0.8502306031250001 0.408583940625 0.8300068859374999 0.4639959828125 0.8172997656250001 0.50854410625 0.8137977359375 0.5425640265625 0.7978138593749999 0.5859220171875 0.784618996875 0.63838005625 0.77227458125 0.6778319359375 0.751688159375 0.675128371875 0.6319847640625 0.6550240734375 0.6147753359375 0.6836120343750001 0.6033940046875 0.7062919796875 0.5927380875 0.7344038875 0.5774796234374999 0.78414594375 0.56743648125 0.77291608125 0.427134265625 0.7407577296875 0.40943709687499996 0.763871090625 0.35346873125 0.74838698125 0.3494665640625 0.712938903125 0.353819040625 0.6915467796875 0.350542284375 0.669202553125 0.33951126249999997 0.6433305734375 0.3485913203125 0.6153163593750001 0.3402242765625 0.58530024375 0.3399742078125 0.5594282640625 0.3490542640625 0.533556284375 0.358134321875 0.511688109375 0.3509804328125 0.49124809062499997 0.3554579453125 0.47033201875 0.3560583234375 0.47899865156250004 0.40222121718750004 0.46103658750000004 0.4024588890625 0.4332604 0.3960304125 0.406198290625 0.3954176359375 0.39557239375000003 0.4065612953125 0.36641068906249996 0.43769099999999994 0.363835040625 0.46555634687499997 0.3583053859375 0.4937844 0.019211034374999998 0.5649368390625 0.061958032812499994 0.937504353125
1790 0.8074422765625 0.5862217703125 0.8062521468750001 0.5765289375 0.7779999046875 0.566223328125 0.7398358484374999 0.5728770765625 0.7262559468750001 0.5843834421875 0.7156300515625 0.5955271015625 0.7197741875 0.6048572296875 0.75617436875 0.60825901875 0.7936243484375 0.59578956875 0.8074422765625 0.5862217703125
589 0.4282494359375 0.4773251796875 0.41181322187499997 0.46556874375 0.3851294703125 0.492458609375 0.3798378421875 0.522625228125 0.4012299640625 0.525901984375 0.44591841875 0.547964028125 0.4648876421875 0.48266553593749995 0.4282494359375 0.4773251796875
407 0.4739282796875 0 0 0.059474846875 0 0.1651772625 0.3107428125 0.1552606390625 0.626216946875 0 0.4739282796875 0
1939 0.6379267875 0 0.3109808390625 0.15719920625 0.31845734062500003 0.1936692671875 0.298255346875 0.2000853453125 0.3443897640625 0.5269777046875 0.9317237390625 0.8169360046874999 0.9578531859374999 0.15058159531249998 0.939364090625 0 0.6379267875 0
1194 0.8927479093749999 0.8413995609375 0.936581953125 0.83208183125 0.9520908953125 0.592074665625 0.8173540921875 0.5692624109375 0.6614081374999999 0.61792705625 0.6756044250000001 0.6358618984375 0.6798764765625 0.792760765625 0.689452575 0.797488346875 0.691692503125 0.7913099406249999 0.725138678125 0.7950744375000001 0.7445288984375 0.806468165625 0.7548190734375 0.817011446875 0.7825952609375 0.8234399234374999 0.8208996515625 0.8423502468749999 0.8567260859375001 0.8655004109375 0.863445871875 0.846965190625 0.8927479093749999 0.8413995609375
1050 0.8380569703124999 0.32271413125000004 0.8352006578125 0.29945133125 0.8257648921875 0.3202878234375 0.787600834375 0.32694157343749997 0.74099575625 0.41137566249999996 0.778110015625 0.420593153125 0.82856615 0.41636571250000004 0.8234148546875 0.4720964046875 0.8088828484375 0.47584850312500004 0.8277970171875 0.4833650984375 0.8219742812499999 0.582469671875 0.8088704328125 0.5978531703125001 0.8016745953125 0.61251125625 0.82897473125 0.6150626 0.8678528671875 0.61422455 0.875286728125 0.60150503125 0.8497504687499999 0.5888981484375 0.8337050296875 0.48263968593750006 0.8509530171874999 0.4765863140625 0.834992853125 0.4687070125 0.8406202015625001 0.416853453125 0.8706363187499999 0.417103521875 0.9258103359375 0.402457834375 0.8648810546875 0.321388340625 0.8380569703124999 0.32271413125000004
1343 0.9461224390625 0.25041158281250003 0.9385180203125 0.06637277968750001 0.8224999984375 0.0983281359375 0.8341082203125 0.266132990625 0.9461224390625 0.25041158281250003
1340 0.3702439375 0.2246987328125 0.38662509843750004 0.3092702546875 0.44913528437499994 0.305530553125 0.42884801406250006 0.21356747187499997 0.3702439375 0.2246987328125
1050 0.35817747031249997 0.3462156578125 0.3508413015625 0.3353096703125 0.352745509375 0.3508182046875 0.3347834453125 0.3510558765625 0.312957909375 0.3930915671875 0.35207406875 0.39419208437500003 0.3577866953125 0.44071768593750005 0.36888864374999997 0.433451159375 0.364128121875 0.3946798265625 0.40429408125000005 0.37990910312500004 0.373185528125 0.34634069375 0.35817747031249997 0.3462156578125
1196 0.0042580312500000005 0.49199671718750004 0.0130649953125 0.5637236859375 0.124365134375 0.5421865765625 0.1263243984375 0.48488002343750003 0.10350411718750001 0.4699718671875 0.0042580312500000005 0.49199671718750004
1939 0 0.45731783437500007 0.0171114390625 0.5966793203125 0.21112375625 0.5649864328125 0.20069325 0.528879078125 0.14288313749999998 0.2290016171875 0.29448956875 0.21825785781249998 0.2925853609375 0.202749325 0.31845734062500003 0.1936692671875 0.3021188203125 0.158287325 0 0.1652043859375 0 0.45731783437500007
1939 1 0.4938398453125 0.9604714734375 0.17190582968749998 0.944479453125 0.9452441125 1 0.938427046875 1 0.4938398453125
819 0.4907390875 1 0.9324254 0.9447563718750001 0.938345828125 0.8220262921874999 0.3325737390625 0.52842853125 0.3299554515625 0.5071042968749999 0.0196870875 0.5688139734375001 0.0672810765625 1 0.4907390875 1
389 0.4825021609375 1 0.5927146640625 0.98646760625 0.8539124125 0.8914271906250001 0.653864165625 0.77627675 0.061146260937499995 0.9553141593750001 0.0709138203125 1 0.4825021609375 1