1340 0.1524222109375 0.374983834375 0.22540035937499997 0.3611540421875 0.17528077343749998 0.16142715624999998 0.09444497187499999 0.14990415625 0.1524222109375 0.374983834375
1146 0.5769406187499999 0.572793103125 0.616905015625 0.5635665953125 0.539911621875 0.204024234375 0.499285603125 0.2103849484375 0.5769406187499999 0.572793103125
216 1 0.6966246921875 0.9651444265625001 0.6914485546875 0.9282427453125001 0.6878938125 0.815218403125 0.7019133734375 0.4427153921875 0.7728197625 0.41028146562499995 0.7712521 0.37462123125 0.7643922062499999 0.338715609375 0.7304220906250001 0.3004979421875 0.6517076312500001 0.2700561328125 0.589309221875 0.25508424218750003 0.550506175 0.22628560156250002 0.5994144453125 0.206838703125 0.6280524484375001 0.19782139999999998 0.6150415484375 0.1725089640625 0.5574960140624999 0.1562138328125 0.5129613765625 0.13461848125 0.5149285156250001 0.11691105625 0.5250536796875 0.088944884375 0.525473096875 0.0717354890625 0.520390575 0.0635433984375 0.52831895 0.0522067953125 0.5399918359375 0.0388853296875 0.5430673374999999 0.0070312281249999995 0.53532873125 0.0026452687499999997 0.5423783906249999 0.1082955421875 1 0.52546193125 1 1 0.8889615734375 1 0.6966246921875
1354 0.1655365546875 0.7704036265624999 0.197465196875 0.8566071046875001 0.2179009 0.8669818578124999 0.2526541265625 0.8438657359375 0.29907839531249997 0.7757955625 0.34482653124999996 0.84371585 0.372220134375 0.78003925 0.25831054999999997 0.55579840625 0.1980667875 0.6421517718749999 0.12210771718749999 0.6777995515625 0.1655365546875 0.7704036265624999
589 0.317181328125 1 0.32379649375 0.9783683 0.34638790625000004 0.9459857890625001 0.367656075 0.9078716890624999 0.29394902031250003 0.7709426875000001 0.20912898281249998 0.8810811812500001 0.2599971921875 1 0.317181328125 1
1196 0.3449228375 0.7138963328125 0.3732979890625 0.75866061875 0.42112003906249995 0.7747869 0.4470195546875 0.7567333609375 0.43511038125 0.7051490625 0.3449228375 0.7138963328125
1050 0.30506200156249996 0.5238751921875 0.329801865625 0.51816354375 0.3461860484375 0.5023067921875 0.2881943 0.4160833734375 0.26726056875 0.42091630625 0.2651121140625 0.3942454421875 0.26668074218750004 0.42708725156250005 0.2514562109375 0.4306021109375 0.2511145171875 0.5333114078125 0.300014421875 0.5280590593750001 0.32954196874999997 0.62990958125 0.364198890625 0.7366129781249999 0.3770223265625 0.7487451625 0.3615524078125 0.7251498 0.3426107921875 0.6691519859375 0.3267318953125 0.6003729234375 0.30506200156249996 0.5238751921875
407 0.45006122499999995 0 0.390089159375 0.015241404687499998 0.4171410703125 0.054274101562499996 0.5771848890625 0 0.45006122499999995 0
407 0.5397552859375 0.1165226234375 0.549017975 0.15664374375 0.630768040625 0.12871463125 0.6322621296875 0.0830915703125 0.5397552859375 0.1165226234375
581 0.69004675625 0.5678102843749999 0.6802114953125 0.46443198125 0.7176930015625 0.4618157765625 0.650207684375 0.16950475781250002 0.63746604375 0.16640931406249998 0.624144578125 0.1694848171875 0.6134695953125 0.184023496875 0.600066334375 0.178062259375 0.5848418015625 0.18157711875 0.573423403125 0.1842132640625 0.5562958046875 0.18816748125 0.6436297421875 0.5664523296875 0.69004675625 0.5678102843749999
183 0.710080734375 0.4635732078125 0.6827761828125001 0.46685841874999995 0.7063418875 0.6123449203125 0.743161771875 0.606862921875 0.710080734375 0.4635732078125
1939 0.5956361421875 0 0.414658178125 0.060884404687500004 0.5775059328125 0.7054784171875 0.66306213125 0.6766705875000001 0.6477630578125 0.6017205765625 0.5309015734375 0.12158520625 0.6341651953125 0.08265221406249999 0.75498915 0.6494104796875 0.7715369234375 0.6516272078124999 0.79387569375 0.6615626046874999 0.647012709375 0 0.5956361421875 0
1939 0.5533386375 0.774447246875 0.5714622953124999 0.74007765625 0.571796734375 0.7067964890625 0.41217528750000004 0.06749470937499999 0.39017095625 0.0242781453125 0.366590740625 0.0176479 0.5533386375 0.774447246875
1939 0.380323175 0.8325022625 0.550275921875 0.787228496875 0.35964009531249996 0.022271125 0.20118754375 0.07394548749999999 0.380323175 0.8325022625
1939 0.3246036484375 1 0.38098479531249996 0.8353680578124999 0.20491188125 0.06403003125 0 0.1113376671875 0 0.5206047046875 0.10867108437499999 1 0.3246036484375 1
819 0.7267848453125 0.5532915453125 0.642388296875 0.5697574828125 0.6592559984374999 0.6775493015625 0.5705552875000001 0.710101640625 0.5477930296875 0.7938388 0.8243175031250001 0.7239610125 0.8079405749999999 0.6703896359375 0.7518446375 0.6531549890624999 0.7267848453125 0.5532915453125
1939 0.6470665437500001 0 0.7932958671875 0.66773355 0.817203265625 0.7105107562499999 0.938917728125 0.673355134375 0.8149088703125 0 0.6470665437500001 0
676 0.8155662031249999 0 0.9434672781250001 0.684378953125 1 0.6852106609375 1 0.451714640625 0.8957134578125 0 0.8155662031249999 0