433 0.7309289453125001 1 0.73617025625 0.9834969375 0.7140354921875 0.944956559375 0.7172853406249999 0.9184886625 0.734911059375 0.9116971843749999 0.8808502218750001 0.8445376546875 0.8877156484375 0.7065681578125 0.87893210625 0.7234009609375 0.79339444375 0.6815535046875 0.723315934375 0.6505598390625 0.72049045 0.6188681625 0.68439028125 0.7487702625 0.5913282765625001 0.7955553640625 0.5997460875 0.8637562640625 0.5871124187500001 0.8845941500000001 0.6043137734374999 0.9359622468750001 0.633304771875 1 0.7309289453125001 1
1758 0.9350330015624999 1 0.9584530750000001 0.7868987640625 0.7200521859375 0.9233062078125001 0.7162606953124999 0.954185421875 0.7400203859375 0.979491853125 0.7293190109375 1 0.9350330015624999 1
1939 1 0.0576373671875 0.686657184375 0.0191637078125 0.5762139937499999 1 0.9291907625 1 1 0.45396933281249996 1 0.0576373671875
1939 0.0609957328125 0 0 0.49677038125 0 0.9337916453125 0.509030721875 1 0.562867265625 1 0.683348696875 0.0187574765625 0.5305813109375 0 0.0609957328125 0
857 0.14846009843750002 0.9561134203125 0.3839043296875 0.9805445140625 0.43819965781250003 0.346882675 0.266641328125 0.294473209375 0.08202496406250001 0.32106120625 0.051737778125 0.8412475171875 0.0655133671875 0.8384611265625 0.11736587812499999 0.8537834578125001 0.1400422859375 0.8879125203125 0.14846009843750002 0.9561134203125
1812 0.2253731953125 0.3297065140625 0.25129945 0.3373676796875 0.26784188750000004 0.33939883593750003 0.279758 0.24234987812500003 0.24222272031249997 0.21982983906250003 0.2253731953125 0.3297065140625
811 0.2019792328125 0.2193663828125 0.1889798359375 0.3252379703125 0.2182145796875 0.33330536875 0.23620602656249998 0.241480190625 0.2295890515625 0.24066772812499998 0.2350641046875 0.22342869375 0.2019792328125 0.2193663828125
811 0.1285922359375 0.1879664859375 0.11650020781249999 0.20439305624999998 0.1071750265625 0.22563717656249999 0.1018172484375 0.296624465625 0.12112653124999999 0.30347316874999997 0.1391179765625 0.211647990625 0.13304264375 0.2064242109375 0.13466756875000002 0.1931902625 0.1285922359375 0.1879664859375
501 0.57209153125 0.5693023171875 0.577566584375 0.5520632828125 0.5785912296875 0.516366521875 0.5900243390625 0.450603009375 0.5078538015625 0.43603591562500005 0.500388096875 0.5515425984375 0.49936345156249995 0.5872393609375 0.5412905015625 0.6013429984374999 0.57215016875 0.5961764453125 0.57209153125 0.5693023171875
840 0.48637795468749995 0.44683247656249997 0.49239464843749997 0.4251821265625 0.4879442421875 0.4067244 0.48680231875 0.38867290312499997 0.46141770624999995 0.376600421875 0.4432503453125 0.38780321562500003 0.4394588546875 0.418682428125 0.42609372968750003 0.6095877203125 0.465195296875 0.59199968125 0.46730322500000004 0.5474802875 0.47326128125 0.49895580781250004 0.46881087499999996 0.48049808125000004 0.470977440625 0.4628528171875 0.48637795468749995 0.44683247656249997
575 0.5561087828125 1 0.5953095796875 0.5990200640625 0.5157886109375001 0.5355222578125 0.4287433 0.5606570093750001 0.4222436015625 0.6135928046875 0.397138278125 0.9821694390625 0.5423565531250001 1 0.5561087828125 1
2001 1 0.092047809375 0.8715081 0.10007222499999999 0.7884023953125 0.6675070937500001 0.958877440625 0.728739190625 1 0.407565278125 1 0.092047809375
1850 0.8196138906250001 0.8235853125 0.8554656078124999 0.8324651718749999 0.8614236640625 0.78394069375 0.807946228125 0.7818523109375 0.7858701015625 0.7701860609375 0.7787701234375 0.8006590421875 0.77660355625 0.8183043078125 0.7749786328125 0.8315382578125 0.7412934812499999 0.8050131328125 0.719876271875 0.8426838234374999 0.7171680640625 0.8647404046875 0.734852421875 0.8848230562499999 0.7508532156250001 0.891265528125 0.8208144484375 0.8685109375 0.8196138906250001 0.8235853125
575 0.06675386093749999 0 0.0653791515625 0.019003321875 0.079755021875 0.0386797421875 0.3323419671875 0.08760480468750001 0.3284193015625 0.31101423437500003 0.43988321875 0.3605228546875 0.43373534999999996 0.5747034203125 0.5152469703125 0.5399335749999999 0.592542734375 0.5942025156249999 0.5937571921875 0.39284966718750003 0.62932961875 0.0210804109375 0.4576434515625 0 0.06675386093749999 0
1869 0.5186866328125 0.347809590625 0.5335455062500001 0.336200565625 0.5428706875 0.314956446875 0.5472038203125 0.2796659171875 0.543295053125 0.2567968734375 0.52007700625 0.22707912812500003 0.5002260828125 0.224641740625 0.46996669375 0.2522711046875 0.4695423296875 0.3104306796875 0.47068424999999997 0.32848217343749997 0.4806683484375 0.356574996875 0.4939022984375 0.35819992031250003 0.5186866328125 0.347809590625