1939 0.0370839296875 0 0 0.530324903125 0 0.5340639640625 0.706938309375 0.50333229375 0.7609927546875 0.0170294421875 0.5174603859375 0 0.0370839296875 0
1939 1 0.0337424578125 0.76764318125 0.017494485937500002 0.7096434656249999 0.5124320515624999 0.9812106796875 0.6428043140625 1 0.393708653125 1 0.0337424578125
872 0.5307019937499999 0.49100865000000005 0.5322521375 0.46884055937499997 0.8214606078125 0.53807225625 0.8223055921875 0.5737737218750001 0.8352964171874999 0.5791374265625 0.8434969890625 0.557434378125 0.8746944078125001 0.35021694062500003 0.748421396875 0.2923788015625 0.65292029375 0.272334821875 0.50080545625 0.2973402953125 0.506580515625 0.45367953125 0.518951284375 0.4679104734375 0.5307019937499999 0.49100865000000005
1794 0.7093638203125 0.3252900078125 0.7641173796875 0.30684226406250004 0.773813375 0.12039778593749999 0.6145131546875 0.1048031328125 0.6054372171875 0.282380375 0.6065922296874999 0.31364822187499997 0.7093638203125 0.3252900078125
1441 0.4983495609375 0.666958240625 0.5023799359375001 0.60932120625 0.53323694375 0.598113046875 0.5296868031249999 0.553311821875 0.5288418203125 0.5176103578125 0.5207263531249999 0.49031108437500004 0.49660487499999995 0.4529819671875 0.4775836796875 0.43828598437500005 0.45284214531250006 0.40982410312499995 0.426550465625 0.40353031250000004 0.3993287 0.4105373765625 0.38146251875 0.427109240625 0.36151123749999997 0.4257141125 0.3352195578125 0.41942032031250004 0.30165739375 0.42152872343750003 0.2765207265625 0.44650277968749996 0.2686849046875 0.6063455484375 0.3259734140625 0.6950022015624999 0.38582725625 0.699187590625 0.4263498765625 0.6931106125000001 0.4983495609375 0.666958240625
1650 0 0.9573469484375 0.1830986734375 0.9701504546875 0.184958846875 0.9435487468750001 0.191384346875 0.8994450890625 0.20477030468750002 0.8513728546875001 0.21753620312500002 0.8121678578125 0.24360295625 0.773892946875 0.25211355625 0.74775628125 0.27539005 0.7493839328125 0.249268578125 0.645085503125 0.23264250937500003 0.6439228953125 0.2212869328125 0.5673887828125 0.2291774734375 0.550119353125 0.20243594374999999 0.454688159375 0.192460303125 0.4539905953125 0.194010446875 0.431822503125 0.19201045 0.3648531921875 0.014844050000000001 0.3658304015625 0 0.5621913796875 0 0.9573469484375
819 0.9592093625 1 0.9769553796875 0.6558726453125 0.706938309375 0.50333229375 0 0.538480528125 0 0.9572422250000001 0.6539248578125 1 0.9592093625 1
1652 0.959574596875 1 0.9836058062499999 0.6563376890625 0.9639645546875 0.6505089421875 0.9364327609374999 0.6619496218750001 0.9073508218749999 0.6955583953125 0.8972900781250001 0.7438631499999999 0.8876244671875 0.738731965625 0.8383663218749999 0.72637690625 0.7899531609375 0.7497233125 0.7249139312499999 0.7719071109375 0.6380632484375 0.8192974875000001 0.5809145609375 0.82421185625 0.540391940625 0.8302888328125 0.45903667343750004 0.8468764046875 0.4091584703125 0.8433885812499999 0.38348685 0.8282275562500001 0.31799776875 0.7612739484375 0.269049653125 0.744485271875 0.2584539546875 0.75265494375 0.243912984375 0.7694593296875001 0.2281319015625 0.8039981859375 0.21266084687500003 0.8341034265625 0.194089503125 0.908544846875 0.1830986734375 0.9701504546875 0.648199378125 1 0.959574596875 1
589 0.24847831406249998 0.751957378125 0.254733609375 0.805858359375 0.2622290203125 0.84202486875 0.29300092499999997 0.8798190265624999 0.337073684375 0.9185432734375001 0.36514043281249997 0.9472376765625 0.38841692656250004 0.948865328125 0.435900003125 0.938819775 0.49730398906250006 0.9208370734375 0.5620331890625 0.90308689375 0.3745263984375 0.765226815625 0.2847456328125 0.7589487328125 0.264794353125 0.7575536031250001 0.24847831406249998 0.751957378125
589 0.9730101078125 0.664507359375 0.9636545249999999 0.654942559375 0.9064207359375 0.7088592484375 0.891089503125 0.8325355078125 0.9346273078125 0.831124671875 0.9664144015625 0.8066156578125 0.9730101078125 0.664507359375
589 0.013999065625000001 0.330128934375 0.050941162500000005 0.4708263953125 0.155882953125 0.45143285781250003 0.0974394328125 0.3315083578125 0.013999065625000001 0.330128934375
589 0 0.653198528125 0.042710209375 0.6841051031250001 0.1300958453125 0.6768498093749999 0.1727886671875 0.63973750625 0.045980703125 0.5417642828125 0 0.571972496875 0 0.653198528125
2001 0.3045085296875 0 0.30453275468749996 0.33262384218749996 0.462367934375 0.3213842640625 0.48406994843750006 0.0110310046875 0.3263192359375 0 0.3045085296875 0
1441 0.6314128203125 0.8188324437500001 0.6662151 0.7989895703125 0.7594061812499999 0.7564978546875001 0.7772723640625 0.739925990625 0.7849379812499999 0.6780878593749999 0.7267193828125 0.6027320625 0.570659275 0.6363722484375 0.5476624265625001 0.8218866406249999 0.6008658421875 0.8256069859374999 0.6314128203125 0.8188324437500001