1939 0.48690704843750005 0 0.24747599375 0.01254805 0.2930350515625 0.4997202140625 0.99959136875 0.5428009546875 0.9711443765625001 0 0.48690704843750005 0
1939 0 0.35164403593750004 0.0163703328125 0.6343842796875 0.29017149531249997 0.508771375 0.24081846406250002 0.01289695625 0 0.0255177171875 0 0.35164403593750004
872 0.155552959375 0.5514307828125 0.16337351093750002 0.57327364375 0.1764559671875 0.5681374765625 0.1779238984375 0.532456196875 0.4682965828125 0.46828242812500004 0.46945960312499996 0.49047419531249997 0.48161164218749997 0.46758461562500003 0.494228890625 0.453571740625 0.5027315671875 0.2973571046875 0.35107630156249997 0.26970066875 0.255239928125 0.288074871875 0.12797673437499998 0.343700434375 0.155552959375 0.5514307828125
1794 0.3966762921875 0.3118163125 0.3983768265625 0.28057338593750003 0.392401421875 0.1028647921875 0.2328533 0.1156768984375 0.23929391406249997 0.3022621984375 0.2937171765625 0.3216627140625 0.3966762921875 0.3118163125
1441 0.6661616546875 0.4223084078125 0.6397641375 0.4281423875 0.6197915468749999 0.4291891078125 0.60221730625 0.412307959375 0.575121975 0.4048268765625 0.5487244578125 0.41066085625 0.5234899640624999 0.438686603125 0.5042151859375 0.45304838125 0.47944589843749996 0.4899508359375 0.470855228125 0.5171043171874999 0.4693872984375 0.552785596875 0.465055809375 0.5975180390625 0.495712509375 0.6092630203125 0.49873636406250005 0.666961615625 0.5702686609375001 0.6943665734375 0.6106790515625 0.7011498421875 0.6705968234374999 0.698009684375 0.7294238796875 0.6103663578125 0.7243788921875 0.450411178125 0.699681909375 0.42500223125 0.6661616546875 0.4223084078125
1650 1 0.5909126125 0.9874236406250001 0.37431797499999997 0.810301278125 0.370248934375 0.8071328109374999 0.43717314218750003 0.8082958328125001 0.45936490937499996 0.7983095375 0.45988827031249996 0.769906575 0.5548382234375 0.777494521875 0.5722427328124999 0.7648049703125 0.64856700625 0.74816114375 0.6494392718750001 0.720223390625 0.753265934375 0.7435247453125 0.7520447625 0.7515779015625 0.7783259765625 0.7769726953125 0.8170499859374999 0.7890524296875 0.8564718078125001 0.801597371875 0.9047703374999999 0.8072521781249999 0.9489794171874999 0.8086478046875 0.9756095390624999 1 0.9655811968749999 1 0.5909126125
819 1 0.5520725640624999 0.9998239734375 0.5472393078125 0.2930350515625 0.4997202140625 0.020396909375 0.6475248859375 0.032410115625 1 0.27967180156250004 1 1 0.9655130875 1 0.5520725640624999
1652 0.286047221875 1 0.8086478046875 0.9756095390624999 0.798733815625 0.913821496875 0.78146448125 0.8390673 0.7665211921874999 0.8086966390624999 0.7513452984375 0.7738876234375 0.73709981875 0.756832021875 0.726648315625 0.748478675 0.6774146515624999 0.7644105328124999 0.61076704375 0.830211 0.5848347359375 0.8449216859374999 0.5349032593749999 0.8475384828125 0.45384987499999996 0.8295335921874999 0.4134394859375 0.8227503234375 0.3563852703125 0.8168393203125 0.2703748921875 0.767940409375 0.20573272812500001 0.7446248984375 0.15773439218750002 0.7204371218750001 0.1082681234375 0.7319306265625001 0.0985144328125 0.7368923406250001 0.0892982546875 0.6884193578125 0.060807299999999995 0.6543081546875 0.0334793671875 0.6423887203125 0.0137393796875 0.6478737921875 0.032193532812499995 1 0.286047221875 1
589 0.6037322984375 0.9507443562500001 0.627033653125 0.949523184375 0.6555969140625 0.9213229843749999 0.7003387921875001 0.8833738109375 0.731765609375 0.8461224515625 0.7398910703125 0.8100922640625001 0.7470861140625 0.7563086625000001 0.73067489375 0.76161928125 0.7107023031249999 0.7626660015625 0.6208256453125001 0.7673762375 0.43094142187499995 0.9019428734374999 0.4953509796875 0.9208200296875001 0.5564317734374999 0.9398716390624999 0.6037322984375 0.9507443562500001
589 0.0283054546875 0.7984289046875 0.059659965625 0.823488946875 0.1031665171875 0.8256594078124999 0.0899960671875 0.7017344171875 0.0337119703125 0.6468270734375 0.024190884375 0.656227140625 0.0283054546875 0.7984289046875
589 0.9494995921875 0.4786679953125 0.9888915734375001 0.33863669218750003 0.9054398406249999 0.3385596703125 0.8449122499999999 0.45744592500000003 0.9494995921875 0.4786679953125
589 1 0.5815966687499999 0.9532212609374999 0.5496816515625 0.8247227421875 0.6454268484375 0.8667613609375 0.6832785921875 0.954007065625 0.6920578703125 1 0.659983740625 1 0.5815966687499999
2001 0.698358590625 0.3360607078125 0.704214628125 0.001963021875 0.5244613109375 0.0113834953125 0.540743609375 0.3220682390625 0.698358590625 0.3360607078125
1441 0.236156821875 0.7519315265625 0.3285921265625 0.7960431796874999 0.3630428 0.8164904140625 0.3934668953125 0.8237970421874999 0.4467271359375 0.8210057921875 0.42697146249999995 0.6351183046875 0.271522225 0.5987596171875 0.21199735468749997 0.6730878828125 0.21858258125000002 0.735050378125 0.236156821875 0.7519315265625