1340 0.7049489578125 0 0.702580221875 0.14506840781250002 0.7964664609375001 0.147333371875 0.7967884984375 0 0.7049489578125 0
1340 0.6278469609374999 0 0.598004453125 0.004588153125 0.6009829171875001 0.1458444921875 0.6675420625 0.14906373906249998 0.667966525 0 0.6278469609374999 0
2001 0 0.167229871875 0.2893500046875 0.1761293546875 0.273789859375 0.010366431249999999 0 0.019927384375000003 0 0.167229871875
214 0.2812655890625 1 0.8261595312500001 0.6618459828125001 0.8365545890625 0.5118073125 0.814889953125 0.5070203156249999 0.8511066515625 0.48080965625000005 0.850931746875 0.4198367890625 0.8482248609375 0.3423217125 0.8464847203125 0.2924905890625 0.8531323671875001 0.2589971890625 0.8621186468750001 0.236509209375 0.8708149031250001 0.2057160421875 0.8685729453125001 0.1974790171875 0.855296096875 0.20902974218749998 0.534598675 0.2035981140625 0.5338252781249999 0.1814509484375 0.5161427421875 0.23473209687500002 0.5242220609375 0.29820070625 0.49374605000000005 0.37687455625 0.04165203125 0.47027163125 0.0073090390625 0.43820965625 0.018909979687500002 0.7704171328125 0.032766875 0.775476784375 0.0435117421875 0.7473838484375 0.2113136 1 0.2812655890625 1
1354 0.4392852125 0.384319915625 0.5234900046875001 0.445130165625 0.5594166796875 0.41061431875 0.597313734375 0.320594234375 0.4812794875 0.29970029375 0.4392852125 0.384319915625
1354 0.59955569375 0.32883125625 0.5488651625000001 0.4442440453125 0.69553188125 0.5028730765625 0.747110928125 0.3569397734375 0.59955569375 0.32883125625
1194 1 0.54723673125 0.9984685375 0.5033813828125 0.9232315796874999 0.4755192265625 0.8225043453125 0.501210871875 0.833134090625 0.5257856171874999 0.808845246875 0.7816367890625 0.8450435000000001 0.81086220625 0.8721772453125001 0.8043711312499999 0.8904213828125 0.8231364328125 0.909940734375 0.8224548015625001 0.9382345734375 0.8491844765625001 0.9538500546875 0.8486391718749999 0.9738527796875 0.86179951875 1 0.8799317546875001 1 0.54723673125
463 0.3189375015625 0.12797601875 0.3401232140625 0.3988698140625 0.43157414687499995 0.38736096249999996 0.47532700625 0.29713638750000004 0.514655734375 0.3040783125 0.5124322203125 0.2404052140625 0.5150793234375 0.20427974375 0.5121790875000001 0.12122787500000001 0.42590724062499996 0.1131534671875 0.3189375015625 0.12797601875
1051 0.9312511140625 0.425347290625 0.94421949375 0.46092745468749996 0.9261502593750001 0.5031350203125 0.9152120453125001 0.5256911640624999 0.9448777703125 0.5357423 0.9760120593750001 0.5318832953125 0.9851916890625001 0.5149321062500001 0.9783691375 0.4874526390625 0.9791609796875 0.454163728125 0.9877605609375 0.4206021640625 0.9946982312499999 0.395413953125 0.9926680671874999 0.33727764374999997 0.9919913453125 0.3178988734375 0.981844971875 0.3071661078125 0.9834102078125 0.2960243609375 0.9772643796875 0.2879236625 0.9907345765625 0.28190973124999996 0.9852241296875001 0.12411117812500001 0.9399429218750001 0.1146053484375 0.8671826109375 0.26959363125 0.93236986875 0.2894914140625 0.9520825703125 0.294346575 0.9433863140625001 0.3251397421875 0.9187845515624999 0.3481730265625 0.9202346703125001 0.38969896249999997 0.9312511140625 0.425347290625
1790 0.9166990531250001 0.456344946875 0.9027454828125 0.4485169015625 0.88156421875 0.4575718828125 0.8683840453125 0.4718910015625 0.8633016343750001 0.49424265624999997 0.8911121 0.5071303515625 0.9233282546874999 0.478287621875 0.9166990531250001 0.456344946875
389 1 0.8930387124999999 0.7715651296875 0.7773950968750001 0.49773704687500003 0.994840253125 1 0.974588471875 1 0.8930387124999999
1939 0.5706456296875 0 0.3870021015625 0.0064129734374999995 0.409389246875 0.4796041390625 1 0.7922178718749999 1 0.547236746875 0.980890071875 0 0.5706456296875 0
1939 0 0.268222246875 0.0059555953125 0.39945211875000003 0.0134962078125 0.615386978125 0.4077273359375 0.4879774875 0.38309823125000003 0.006549298437499999 0 0.02531620625 0 0.268222246875
819 1 0.797668640625 0.4076306609375 0.48520909218749997 0.017400078125 0.6152506515625 0.0269570546875 1 0.13880043749999998 1 1 0.9771745968750001 1 0.797668640625