1939 0.3417529984375 0 0.198677009375 0.619730196875 0.6276372484375 0.8510426671875001 0.8495722421874999 0.0675530578125 0.544877784375 0 0.3417529984375 0
1939 0.1061970515625 0 0 0.47016095937499996 0 0.59045926875 0.191181428125 0.6225610578125 0.34127108906250003 0 0.1061970515625 0
1939 1 0.10228204062499999 0.9762403515625 0.09679669375 0.777040659375 0.8855351625000001 0.8293290687500001 1 0.8908759296875 1 1 0.5273317265624999 1 0.10228204062499999
1939 0.8885470453125001 0.07655110000000001 0.85282014375 0.06830289375000001 0.6383807328125 0.8489616453125001 0.7790402249999999 0.8768740953125 0.9697445515625001 0.09529702031250001 0.8885470453125001 0.07655110000000001
819 0.8301355296875 1 0.7790402249999999 0.8768740953125 0.6318849328125 0.847461971875 0.2021734640625 0.634221471875 0 0.591527834375 0 0.8880388578125 0.49766043125000003 1 0.8301355296875 1
1146 0.5369668812499999 0.6066035375000001 0.680929984375 0.042302978125 0.5899887781250001 0.021307546875 0.4565206046875 0.56978564375 0.5369668812499999 0.6066035375000001
1567 0.8874549171874999 1 0.9189540578125 0.8635622328125001 0.856244171875 0.8536458671875 0.7448269234375 0.713889378125 0.712596475 0.7201324484375 0.668108940625 0.8831930531250001 0.7434058765625 1 0.8874549171874999 1
1794 0.978692453125 0.5899887781250001 0.9634583062500001 0.5226127765624999 0.8872597109375 0.4822141875 0.787823140625 0.46838014843750003 0.7305869875 0.7014791265625 0.8012839906250001 0.7953437937500001 0.8587631265625 0.6352825375 0.96894318125 0.647035553125 0.978692453125 0.5899887781250001
1178 0.8097793578125 0.7881824 0.86573931875 0.8421539390625 0.921202175 0.8686426031250001 0.96894318125 0.647035553125 0.948455996875 0.6468670640624999 0.852267325 0.6337828640625001 0.8097793578125 0.7881824
1931 0.6361493281249999 0.6659924203124999 0.6086692390625 0.636841384375 0.5689432062499999 0.6459153140625 0.5956776374999999 0.6338420375 0.6161648203125 0.6340105234375 0.6346524390625 0.6428400796875 0.642396575 0.6537506578125 0.6451473703125 0.62701761875 0.6384030171874999 0.6117765078125 0.6176672812499999 0.5978665828125 0.5971800968750001 0.5976980937499999 0.571445446875 0.6054408375 0.5577026171874999 0.6205134609375 0.5432085578125 0.6536580562500001 0.520467684375 0.7077054828125 0.5009747124999999 0.762502746875 0.5964065828125 0.8529552031250001 0.6079012953125 0.832802209375 0.6263944859375 0.7823354796875 0.6476384703125 0.7051357109375 0.6361493281249999 0.6659924203124999
214 0 0.885163071875 0.2626073765625 0.9355388906250001 0.4242623 0.8725101359374999 0.394771503125 0.970612734375 0.4359944234375 0.9846911484374999 0.4734834796875 0.851944278125 0.49146842187499995 0.8925872421875001 0.5004664640625001 0.8536124390625 0.5089674 0.7871547624999999 0.5014773890625001 0.7306893359375 0.458011921875 0.6522342703125 0.3965559421875 0.592432521875 0.3420928671875 0.5616133265625 0.2868785640625 0.5488660999999999 0.22716802500000002 0.52595813125 0.17170516875 0.4994694671875 0.11099484687500001 0.48089203437499994 0.0350448078125 0.4542348828125 0.007564715625 0.4250838453125 0 0.46019819531249995 0 0.885163071875