214 0.8786261328125 1 0.9106367890625 0.854380896875 0.9478344968749999 0.721490515625 0.9631841874999999 0.6279043953125 0.976661403125 0.5585701328125 0.949783290625 0.5287297265625 0.9282823234375 0.515082734375 0.8838617359375001 0.49508709375000004 0.7950205593749999 0.4550958140625 0.73422064375 0.42434225156250005 0.6544100187499999 0.4182962640625 0.6170903140624999 0.412935575 0.598228340625 0.41494975624999997 0.5172126015625 0.4881975859375 0.47482845156250003 0.523510028125 0.414547159375 0.5704918218749999 0.380831284375 0.5904474765625001 0.3263809578125 0.63666916875 0.2847557125 0.660767971875 0.2447054703125 0.7060017078125 0.2102802671875 0.7296065328125 0.14624641249999998 0.7739653750000001 0.109033478125 0.8046024234375 0.0761337 0.85690664375 0.063720475 0.9207671484375 0.46642118281249995 1 0.8786261328125 1
216 0 0.8555087921875 0.00935408125 0.8496065765624999 0.08236129375 0.795630825 0.12981750625 0.7707719203125001 0.18051526874999999 0.721927278125 0.2031793828125 0.71497158125 0.22604181250000002 0.6777580296875 0.26558865468750004 0.6570422734375 0.3127893609375 0.618879025 0.34797346875 0.5840605640625001 0.3837181703125 0.568286325 0.39862165156249996 0.5427803859375 0.4267620703125 0.536889175 0.4481066875 0.52210289375 0.46113769531250004 0.5208488140624999 0.46970681093750005 0.5206209562499999 0.47152970781250003 0.5039335625 0.4832907984375 0.4872844328125 0.49378196875 0.45524025156250003 0.49889599531249995 0.40700265625 0.47931708124999994 0.3615393390625 0.44731733125 0.3288098625 0.23069069375 0.22989614687499998 0.03315479375 0.303217059375 0 0.47850783906250005 0 0.8555087921875
589 0.23582755625 0.3350385515625 0.273807009375 0.344314534375 0.3000253734375 0.3702396484375 0.30879280468750003 0.33975393125000003 0.33246371875 0.28376227656249997 0.35593631875 0.2580284796875 0.3093381703125 0.25654481875 0.29508682343750003 0.234839384375 0.265626909375 0.2329000078125 0.2473255265625 0.2539584109375 0.235514859375 0.27817200625 0.2020049109375 0.31899646718749997 0.23582755625 0.3350385515625
589 0.4449338421875 0.326453034375 0.440571109375 0.3123503265625 0.3725215734375 0.289655209375 0.34894220468750003 0.27939126718749996 0.3254200265625 0.31268952968749997 0.30042961562500003 0.3608505984375 0.2989613828125 0.37571340468750003 0.35205024375 0.3803522578125 0.383943225 0.37708400000000003 0.43018670937500003 0.38039224531250004 0.4369253171875 0.3457251140625 0.4449338421875 0.326453034375
589 0.8906651468750001 0.55510883125 0.892941865625 0.5214679234374999 0.8927359375 0.500599115625 0.7891400156249999 0.46342037812500003 0.7637377484375001 0.46984383125000007 0.740825740625 0.5146218499999999 0.7161899921875 0.5609583328125 0.717764996875 0.5820932625 0.74920415625 0.5957785171875 0.8055917609375 0.619993834375 0.858020875 0.6207173953125 0.8742934328124999 0.595477578125 0.8906651468750001 0.55510883125
589 0.7380875890625 0.51408960625 0.7554737171875 0.4758115671875 0.7553173671875 0.4473782953125 0.721090478125 0.4407252609375 0.6735770765625 0.4220219625 0.6667812765625001 0.4131268921875 0.6302776703124999 0.4401147671875 0.60609574375 0.4694977359375 0.5659387312499999 0.4787337328125 0.56644974375 0.5053424203125 0.615843234375 0.550920525 0.637954371875 0.576047275 0.68004105 0.586121621875 0.7110683546875001 0.5580692609375 0.7380875890625 0.51408960625
1063 1 0.088130215625 0.5464476515625 0.0015636875000000002 0.47906157499999996 0.348234996875 0.49706548437500003 0.3725633828125 0.5027477140625 0.3944966765625 0.5814447703125001 0.41358088593750003 0.6133377515625 0.410312625 0.6838699328125 0.42023564062499996 0.7314824921875 0.423810009375 0.9453709781249999 0.5221914828124999 0.9658079546874999 0.5413122328125 1 0.44137007500000003 1 0.088130215625
581 0.8818711671875 0.0667634125 0.6765098296875001 0.0268452125 0.6648555109375 0.07949208125 0.657159684375 0.1556307078125 0.640540075 0.233821778125 0.63228365625 0.29091618124999996 0.6230624031249999 0.3383554125 0.6064923734375001 0.40898201875 0.6246945984375001 0.40305254531249995 0.6469048921875 0.413050365625 0.675655478125 0.41863891249999996 0.7195650546875 0.4120258671875 0.7425342546875 0.41081005 0.7546500078125 0.39233633437500004 0.7768526890625 0.3512074875 0.8150724203124999 0.2715344796875 0.8426446343749999 0.19547238125 0.8734088203124999 0.102989009375 0.8818711671875 0.0667634125
1939 0.259306859375 0 0.2016006671875 0.3283855171875 0.4676627625 0.41418620937500006 0.5439181390625001 0 0.259306859375 0
1939 0.091365 0 0.0089385140625 0.44241782656249995 0.2016006671875 0.3283855171875 0.2593360671875 0 0.091365 0
1939 1 0.4426519671875 0.9626655625 0.5501690406249999 0.8727922937500001 1 0.9107473890625 1 1 0.5408351234375 1 0.4426519671875
819 0.8695440640625 1 0.951159978125 0.5801225140625 0.48611288124999996 0.3704344125 0.4683225109375 0.41810150156250003 0.20058625624999998 0.3262948109375 0.0154292296875 0.44557301875000005 0 0.5156950046875 0 0.9045940921875 0.49082085 1 0.8695440640625 1