2001 1 0.11825724062500001 0.7351811796875001 0.0472992515625 0.6204172609375 0.475604025 0.9858092765625001 0.5946386046875001 0.9968535031249999 0.553420990625 1 0.5416781046875 1 0.11825724062500001
214 0.693327078125 1 0.7063299921875 0.9615214125 0.730450346875 0.9487770921875001 0.7612515859375 0.88212159375 0.7693591265624999 0.8132268078125 0.7625114921875 0.7518492015625 0.34455403125 0.5054063859375 0.299246925 0.38954669218750004 0.29680431875 0.369684846875 0.35656635312499996 0.1321610125 0.332981765625 0.18154285781249999 0.3180265890625 0.18906004062499998 0.3054584375 0.178009475 0.3089833890625 0.11172825625 0.30269931250000004 0.10620297187500001 0.2810632515625 0.167631334375 0.2595769609375 0.1657155703125 0.2498899109375 0.14391258125 0.2589856109375 0.0906484515625 0.24545709062499999 0.083182025 0.23777415 0.1118551484375 0.21298215625 0.16091346875 0.19220919218750002 0.1515059 0.20103006093750003 0.075119309375 0.18459264687500002 0.0591905078125 0.16873268749999998 0.10872142343749999 0.1581547484375 0.1385395703125 0.1366684578125 0.1366238046875 0.129396221875 0.11546786406250001 0.1312196875 0.0410477953125 0.116017471875 0.044657314062499995 0.1083623234375 0.092545234375 0.0963577296875 0.13734698750000002 0.0808003921875 0.22921516406250003 0.028954442187500002 0.432366140625 0.0658899890625 0.4345800515625 0.07660688437499999 0.5008358921875 0.0290795046875 0.518832728125 0 0.6227540125 0 0.8235360375 0.00031325 0.8242046437500001 0.015021385937500001 0.8127797953125 0.027561746874999998 0.804615565625 0.021841229687499998 0.854942603125 0.039952339062499995 0.859795459375 0.05106604375 0.8666148390625 0.0501334671875 0.8894137765625001 0.0769434671875 0.9004389640625 0.43967016875000003 1 0.693327078125 1
214 0.4799581234375 0.328486215625 0.4928813984375 0.251278125 0.5135293 0.17421910625 0.5014552265625001 0.17098386875 0.48366063593749997 0.21807567031250003 0.4759499046875 0.22753399531250001 0.484579315625 0.1856693328125 0.47900856718749996 0.1726522453125 0.460719896875 0.2119287171875 0.445764721875 0.21944590000000003 0.45151303125000003 0.188333659375 0.453405975 0.16195058125 0.44616153125 0.16000943750000002 0.43415693749999995 0.20481119374999998 0.413164725 0.21071075781249998 0.41409730156249996 0.18791181875000001 0.41693671718749997 0.14833720156250002 0.40439635625000003 0.156501434375 0.398648046875 0.1876136734375 0.3810588078125 0.2097909421875 0.3766954671875 0.197097378125 0.3809893296875 0.16175394999999998 0.3843367203125 0.139602059375 0.3525751125 0.2098416984375 0.30695765625 0.380088365625 0.3505910671875 0.5070240046875 0.7625114921875 0.7518492015625 0.7756154109375 0.7995372921875 0.7845613421875 0.8096172875000001 0.793232440625 0.796574821875 0.8067192734375 0.7752190515625 0.8216466578125001 0.748487071875 0.8423501421875 0.7098576484375 0.8043569578125 0.6439760890625 0.49804452499999996 0.483149784375 0.4725639109375 0.38988919843750003 0.4799581234375 0.328486215625
1460 0.5133517390625 0.2183484359375 0.521542653125 0.2070980390625 0.5485441109375 0.183601296875 0.5176733921875 0.20221980468749998 0.10635821406249998 0.0420691234375 0.099635640625 0.0671581046875 0.5133517390625 0.2183484359375
1196 0.479794459375 0.38222294218749997 0.496590078125 0.478918596875 0.5134937796875 0.48344793125 0.5173213546875 0.4595039703125 0.54123635625 0.4716741796875 0.5522388953124999 0.4016343703125 0.5575348124999999 0.391528996875 0.5360207296875 0.3703984359375 0.479794459375 0.38222294218749997
1454 0.8375730109375 0.5779676390625 0.6924370984375 0.5352371171875 0.677057321875 0.5829759640625001 0.8198062125 0.644274234375 0.8375730109375 0.5779676390625
1939 1 0.1182572421875 0.6397960046875 0.021740871875 0.48949848906250004 0.5826588375 0.9224250203125001 0.8311918687500001 1 0.541678103125 1 0.1182572421875
1939 0.1176306015625 0 0 0.4390033796875 0 0.7442981734375 0.48564312187500003 0.587388 0.6412504515624999 0.025972059375000002 0.5470546749999999 0 0.1176306015625 0
819 0.8771930171875001 1 0.921464653125 0.8347760093750001 0.4957825640625 0.5881841203125 0 0.7516788015625 0 0.8828087203124999 0.45089049843750006 1 0.8771930171875001 1
1050 0.5614843640625 0.285026115625 0.5585476796875 0.25734894218750004 0.5404365703125 0.25249608437500004 0.5192390046875001 0.2833101796875 0.5364175390625 0.3109619734375 0.5431401109375 0.2858729921875 0.5614843640625 0.285026115625
1050 0.5186507390624999 0.377268571875 0.5364175390625 0.3109619734375 0.508278153125 0.382172184375 0.5254288953125 0.3906091828125 0.5186507390624999 0.377268571875
1354 0.0646547890625 0.41504173125 0.0947874734375 0.553725740625 0.3305592234375 0.509339428125 0.300701371875 0.39377788125 0.0646547890625 0.41504173125
589 0.1720167671875 0.376583559375 0.20607429531250002 0.5585753984374999 0.32046146875 0.5373655046875 0.2869258125 0.382403790625 0.1720167671875 0.376583559375
1355 0.359756246875 0.5017968671874999 0.4106727046875 0.49047033593749995 0.3972661625 0.40044498749999996 0.3190595203125 0.4025384015625 0.359756246875 0.5017968671874999
589 0.3938631890625 0.3841672828125 0.42180030625000003 0.5068971140625 0.4864645328125 0.487729875 0.46311000468749997 0.3623864765625 0.3938631890625 0.3841672828125