407 0.10026343906249999 0 0.18191128437499998 0.0580502640625 1 0.178810428125 1 0.090341534375 0.49747330625 0 0.10026343906249999 0
959 0.081493996875 0.174041825 0.05310741875 0.16226699375 0.0051381109375 0.44151291718749996 0.029106121875 0.44235437031249997 0.09246644375 0.4501417484375 0.13703614375 0.197374425 0.081493996875 0.174041825
504 0.07192609062500001 0.6242195875000001 0.07706618750000001 0.6166640359375 0.082059575 0.5955435953125 0.089298921875 0.583281065625 0.09132481718749999 0.5717916421875 0.085748596875 0.5674236484375 0.081040615625 0.558131615625 0.0955112984375 0.4760643046875 0.0631422765625 0.46527963906250003 0.0272469734375 0.6112643203125 0.0427446265625 0.624151240625 0.058747753125 0.6269730234375 0.07192609062500001 0.6242195875000001
575 1 0.2749086953125 0.58366458125 0.1982776953125 0.536050028125 0.4251224640625 0.499649253125 0.5811722828125 0.6872722046875 0.632871425 0.7382170171875 0.401536740625 0.96262355 0.4461828 0.9880386296875001 0.43881751874999997 1 0.38132815 1 0.2749086953125
1228 0.502111271875 0.581606403125 0.4545007265625 0.8372222984375 0.6365474578125 0.8845534484375 0.6866933765625001 0.63615411875 0.502111271875 0.581606403125
579 0.10057002500000001 0.404184053125 0.2773299484375 0.4455058625 0.2897053875 0.39691665625 0.446911859375 0.41955926562499996 0.4349725453125 0.4800720171875 0.5152775890625 0.49253958437499995 0.582360215625 0.191278190625 0.11899509999999999 0.11972868437499999 0.10278392968750001 0.1828729484375 0.13978757656250002 0.1961671984375 0.10057002500000001 0.404184053125
774 0.2908630421875 0.3903512703125 0.28232734375 0.45315655 0.430411275 0.484344875 0.447274628125 0.42470036406249995 0.2908630421875 0.3903512703125
1716 0.2797466625 0.6405554296875 0.2103820109375 0.6740187671875 0.369981153125 0.7190841781249999 0.40205274687500003 0.673967934375 0.2797466625 0.6405554296875
1869 0.1040750453125 0.6146569171875 0.0863354375 0.6216832109375 0.1696119796875 0.6532908890625 0.189666896875 0.6331338234375 0.1040750453125 0.6146569171875
578 0.44060486406250005 0.8872357921875 0.4650623203125 0.762927596875 0.36737643124999997 0.7338562937499999 0.31708379999999997 0.9686907328125001 0.3937691703125 0.987289565625 0.41323323749999996 0.8841018125 0.44060486406250005 0.8872357921875
706 0.1973503828125 0.69033709375 0.152780684375 0.9431044171874999 0.31281194375 0.971322246875 0.3636834015625 0.7332051140625 0.1973503828125 0.69033709375
575 0.11718804218750001 0.6626632890625 0.0626275625 0.9289003671874999 0.148798240625 0.9440945812500001 0.1964087875 0.6884786859375 0.11718804218750001 0.6626632890625
575 0 0.9126172 0.0625542078125 0.9221179218750001 0.11631980156249999 0.667587328125 0.016542675 0.700765259375 0 0.8051121 0 0.9126172
857 0.6512542328125 0.9379179796875 0.8409764359375 0.98491014375 0.9353372999999999 0.536144646875 0.9263574625000001 0.5294841265625 0.74221148125 0.48685995625 0.6512542328125 0.9379179796875
426 0.8429759000000001 1 0.84474281875 0.9923437703125 0.644883125 0.9452564703125 0.6318752359375 1 0.8429759000000001 1
426 0.5946133 1 0.6046225749999999 0.9432345812499999 0.4181572765625 0.8849700531250001 0.39528959218750004 0.9858652812500001 0.47169915937500007 1 0.5946133 1
657 0.5925125078125 0.8175556796875 0.6211684640625 0.683833528125 0.6149400609375 0.6759657812500001 0.5865534828125 0.6641909515625 0.5520852109375001 0.658113265625 0.5485388921875 0.671026975 0.517636975 0.7958912140625001 0.5407367453124999 0.8016567046875 0.570280978125 0.80686615 0.5925125078125 0.8175556796875
2036 0 0.7002357078125 0.1125534171875 0.6601537015625001 0.46194811874999997 0.7589937234375 0.47881147031250004 0.6993492125 0.0998725375 0.5952997453125 0 0.6075463156249999 0 0.7002357078125
1939 1 0.1804478640625 0.18068027343749998 0.057833204687499994 0.16446910312500002 0.12097746718749999 0.021641475 0.9165962796875 0.0379340140625 0.9177767171875001 0.48793396875 1 0.84466103125 1 1 0.2094001140625 1 0.1804478640625
1939 0.0828293859375 0 0.071629890625 0.0572208328125 0 0.463454128125 0 0.9102491562499999 0.025913331249999998 0.91396476875 0.177566071875 0.05389933125 0.0967555171875 0 0.0828293859375 0
1939 1 0.2279872390625 0.8461145015625 1 0.8654355406249999 1 1 0.44962764843749997 1 0.2279872390625
676 1 0.4406920484375 0.8617497640625 1 0.917126925 1 1 0.534233809375 1 0.4406920484375
657 0.41162343124999995 0.7636591453125 0.40141258437499994 0.7567815640625 0.376429621875 0.7472992609375 0.3730993625 0.751789178125 0.3474802453125 0.85389163125 0.3860776703125 0.8725440437499999 0.402292846875 0.83817090625 0.409744246875 0.788713459375 0.41162343124999995 0.7636591453125