407 0.42919032343749997 0 0.7451710125 0.12872994843750002 1 0.149959621875 1 0.081087259375 0.5171283375 0 0.42919032343749997 0
581 1 0.163484996875 0.979021284375 0.16798080625 0.9563492203124999 0.15803334375 0.9306247484375 0.16539695625 0.8906924328124999 0.1543893015625 0.8670028984375 0.150212196875 0.8551544578125 0.158039271875 0.8172497359375 0.1553221578125 0.7844250140625 0.1435845078125 0.7658081359375 0.1502181265625 0.7082764125 0.14007373125 0.684586878125 0.13589662656249998 0.65717396875 0.133046246875 0.6436370921875 0.1306593296875 0.6155458687500001 0.13165585468750002 0.574935240625 0.1244951046875 0.47325438281250004 0.523049596875 0.657683303125 0.58531821875 0.6488725796875 0.61549673125 0.5178834640625001 0.6459477046875 0.434627265625 0.643166921875 0.412264971875 0.7106210296875 0.4420446296875 0.719838496875 0.503970696875 0.74464051875 0.5398331328125 0.7787296046875001 0.58078291875 0.7839669015624999 0.607856671875 0.7887407343749999 0.6562458609374999 0.8111558406249999 0.6636852656250001 0.8283336484375001 0.7032784249999999 0.84126475625 0.7296738640625 0.8498854953125001 0.7560619562500001 0.8783374890625 0.784824146875 0.8933253140625 0.874841434375 0.9171308109374999 1 0.4199041265625 1 0.163484996875
1460 1 0.15611142656250002 0.5559865515625 0.11322091875 1 0.161964159375 1 0.15611142656250002
835 0.26709705625 0 0.5461730515625 0.1095072796875 0.57697018125 0.1129543890625 0.5959262140625 0.10439731875 0.598646815625 0.0691784421875 0.42160455468749997 0 0.26709705625 0
1146 0.488184621875 0.4185864265625 0.5556400484374999 0.134975628125 0.177647021875 0.002877840625 0.1372286125 0.39041875 0.488184621875 0.4185864265625
1960 0.45561089375 0.642900390625 0.647855109375 0.621267090625 0.6542990843750001 0.5847214890625 0.45903919374999996 0.5245095859375 0.4566871375 0.4784799875 0.21673204687499997 0.473851278125 0.20011337343750002 0.5681004578125 0.45561089375 0.642900390625
783 0.41267025 0.5302162765625 0.41064265625 0.5219257359375 0.3930432484375 0.5227889968749999 0.39473903125 0.5131717328125001 0.413355909375 0.506538115625 0.43332206875 0.5120419421875 0.44685894531250003 0.5144288593749999 0.43840206875 0.5030214078124999 0.40489903437499997 0.4951306640625 0.3828979375 0.5011675531249999 0.3707103421875 0.51091808125 0.35717346562499996 0.508531165625 0.349380209375 0.5329393203125 0.41267025 0.5302162765625
1362 0.400431225 0.67878559375 0.385198565625 0.686015940625 0.378769284375 0.6828990296875 0.3689631296875 0.659354134375 0.3202347828125 0.63886248125 0.309411159375 0.62108794375 0.280988128125 0.604176665625 0.25527834843749997 0.571877765625 0.26947884375000003 0.6100802890625 0.30264272187499996 0.6198944843749999 0.30669790625000004 0.6364755640624999 0.2958669359375 0.6385322828125 0.263381371875 0.6248711796875 0.25457799531249997 0.6352184375000001 0.2880810296875 0.64310918125 0.3002612796875 0.653189909375 0.3527130015625 0.6723548390625 0.3523664984375 0.694109546875 0.3736819359375 0.71175081875 0.3990672515625 0.7063106593749999 0.40958110625 0.646683628125 0.3767563859375 0.634945978125 0.404501103125 0.6557041625 0.400431225 0.67878559375
474 0.19908855625 0.593702071875 0.10974957968750002 0.5660496687500001 0.0440927921875 0.5624056265624999 0.0484136640625 0.7753758078125 0.1052817703125 0.749704596875 0.13371215 0.7467846203125 0.1753475953125 0.7283437562499999 0.2122789296875 0.6178436953124999 0.19908855625 0.593702071875
339 0.27621054843750004 0.710430025 0.213598821875 0.7093061625 0.1882135046875 0.714746321875 0.1824551890625 0.7276137625 0.18379712343750002 0.7595824624999999 0.231176190625 0.7679366703125 0.281939475 0.7768876078125 0.3147641953125 0.78862525625 0.34758891875 0.80036290625 0.35945939843749997 0.7330420640625 0.315132740625 0.70737678125 0.27621054843750004 0.710430025
1979 0.41695438749999997 0.8423427359375 0.37026098125 0.8103103671874999 0.31780925937500004 0.7911454375 0.251142346875 0.7734404984375 0.18379712343750002 0.7595824624999999 0.16585855625 0.762369175 0.1513042109375 0.7657526156250001 0.11441695781250001 0.7572651421875001 0.06026210625 0.7675487328124999 0.0440119765625 0.7805494375 0.035872218750000004 0.8267123 0.0328051140625 0.8836858859375001 0.0459954875 0.9078275093749999 0.0740793625 0.926662240625 0.317064825 0.97347364375 0.32180566875 0.9663765625 0.34448508125 0.9564927687500001 0.3840855859375 0.9495926203125 0.4270776578125 0.9234579453125 0.42878813437499996 0.8741781718749999 0.41695438749999997 0.8423427359375
1939 0.09450267968750001 0 0.09405166875 0.002020509375 0.0409669140625 0.7780292546875 0.41631280937500004 0.7470333640625 0.5922175328125 0.06606153125 0.42218130625 0 0.09450267968750001 0
1939 0.721820634375 0.12262939218749999 0.608121159375 0.074815534375 0.6128473109375 0.1073809640625 0.721820634375 0.12262939218749999
1594 0.9036330093749999 0.8527936140625 0.44206667031249997 0.6603447296875 0.4166519671875 0.7451099109375 0.8575738359375 0.9359018734375001 0.9036330093749999 0.8527936140625
676 0 0.9175665609375001 0.0226377625 0.9215582093749999 0.08659757031250001 0.0245052125 0 0.5386948421875 0 0.9175665609375001
1939 1 0.40996099218750004 0.8319712562499999 1 0.9160603765625 1 1 0.5239547390625 1 0.40996099218750004
819 0.8199359296875001 1 0.8342234578125 0.9298013171875 0.40209762031249996 0.748493353125 0.0335201625 0.7806827015625 0.033129578124999996 0.92142494375 0.47177216875 1 0.8199359296875001 1