407 0.44303219531250004 0 0.38752447343749996 0.012814967187500002 0.5419379375 0.11856770937500001 0.914203696875 0.101043659375 0.8891341140625 0 0.44303219531250004 0
1939 0 0.5332879375 0.06480087031250001 0.8080151328125 0.6516654546875 0.6086678453125 0.59693154375 0.41604334375 0.53968981875 0.1236480796875 0.3842765734375 0.013564804687500001 0 0.1022820421875 0 0.5332879375
1716 0.3189657609375 1 0.386365275 0.9709664234375 0.3036374546875 0.6570869796875 0.264905634375 0.5930473 0.23791150781249998 0.47612289218750004 0.024301325 0.5436840953125001 0.061287703125 0.6446175546874999 0.0630498578125 0.785612628125 0.1455296609375 1 0.3189657609375 1
575 0.5214953234374999 0.5931064734375 0.3111330390625 0.6599178390625 0.3836144828125 0.9442333843749999 0.5887293 0.8695107875 0.5214953234374999 0.5931064734375
1939 1 0.47994342031250004 0.9152034796875 0.1053741953125 0.5461856203125001 0.12214840625000001 0.6429215375 0.6152478890624999 1 0.8183031421875 1 0.47994342031250004
819 1 0.819314465625 0.6364257375 0.6167475625 0.061552968750000006 0.8087649703125 0.1057030546875 1 0.51745303125 1 0.8735558796875 0.9177871796874999 1 0.8885952546875 1 0.819314465625
2036 1 0.7845529296875 0.5896900859375 0.4587673296875 0.2634031765625 0.55690335625 0.30688535625 0.6563371421875 0.518495975 0.580114871875 0.8395744171875 0.8891416078125 0.8648119609375 0.9243672249999999 1 0.8821133218749999 1 0.7845529296875
1606 0.589204121875 0.604842775 0.6886518359375 0.70960130625 0.7820897125 0.669784065625 0.80207421875 0.6378021687500001 0.7066256359375 0.5503657734375 0.589204121875 0.604842775
783 0.7328629609374999 0.589921925 0.7523503625 0.585422903125 0.7630938453125 0.587503925 0.7695896453125 0.5860042515624999 0.77408588125 0.5758435125 0.780830234375 0.5606024 0.763088275 0.5282076421874999 0.7418498609374999 0.5103041578124999 0.7668388515625 0.5592712140625 0.7623426156249999 0.56943195625 0.7503507984375 0.5767618359375 0.739607315625 0.5746808140625 0.7328629609374999 0.589921925
256 0.9432363875 0.6417031265625 0.9327414562499999 0.625880665625 0.9287423265625 0.60855853125 0.9214897265625 0.53268995 0.914237125 0.4568213671875 0.888751028125 0.4353371859375 0.8595199265625 0.4420857171875 0.856023475 0.45657699375 0.8535268031250001 0.4753988015625 0.8605252812499999 0.5057125375 0.8592825156250001 0.574419725 0.8612765109374999 0.5237845078125 0.8697774468749999 0.5902421859375 0.8535379453124999 0.5939913703124999 0.8263064078125 0.6094009687499999 0.81306625625 0.626141753125 0.810569584375 0.6449635625 0.82181574375 0.6788579953125 0.8340616875 0.7170829609375 0.8338131328125 0.7308243984375 0.891032575 0.7860345234375 0.9434960828125 0.7465542578125001 0.9622322546875001 0.723983265625 0.9539854421875 0.703080434375 0.9624752359375 0.65094554375 0.9432363875 0.6417031265625
839 1 0.5623409578125 0.9889499718750001 0.5581676890625 0.94997516875 0.56716573125 0.963723571875 0.6415346390625001 0.97172183125 0.676178909375 0.9574818953124999 0.6885891609375 0.9634805890625 0.7145723609375 0.957487465625 0.74788544375 0.9387512953125 0.7704564359375 0.9574930374999999 0.807181728125 0.9914744984375 0.8358273031250001 1 0.8354974468749999 1 0.5623409578125
774 0 0.4990087734375 0.23865716718750002 0.434898578125 0.19741753281250002 0.2710881375 0 0.32042788125 0 0.4990087734375
575 0 0.3212269171875 0.198417315625 0.2754186703125 0.1666728296875 0.12310015781250001 0 0.155388425 0 0.3212269171875
575 0.16867239375 0.131761225 0.247401084375 0.42831853437499995 0.5409604390625 0.3514223140625 0.4727266796875 0.070687465625 0.16867239375 0.131761225
575 0.994688971875 0.479299759375 0.90745934375 0.116284771875 0.7175786734375 0.12363136562499999 0.7463349546875 0.3815508484375 0.994688971875 0.479299759375
1373 0.7235885093750001 0.2682071359375 0.6976053078125 0.27420583125000003 0.686613271875 0.285866246875 0.6573821703125 0.29261477812500003 0.6376462171874999 0.3108552375 0.6234062796875001 0.3232654890625 0.6436449109375 0.33683843750000003 0.6661316609375 0.34533101875 0.6688824531249999 0.37206405625 0.6988647859375 0.383387496875 0.6921148609375 0.339332325 0.7355859 0.32017354062500003 0.7295872046875 0.2941903390625 0.7235885093750001 0.2682071359375
575 0.5854814 0.870260625 0.64794830625 0.9333819812499999 0.680929984375 0.957697021875 0.7338961703125 0.9500301640625001 0.697401325 0.7623175453125 0.5279911234375 0.5916068 0.5854814 0.870260625
743 0.7371440703125 0.949280328125 0.8540684781250001 0.9222862015625 0.8200870171875 0.8936406281249999 0.703897125 0.7608178718749999 0.7371440703125 0.949280328125
811 0.347600028125 0.5511490375 0.36933554687500003 0.5415696453125001 0.353339028125 0.47228110624999997 0.3273558265625 0.47827980156249994 0.347600028125 0.5511490375
811 0.4275491984375 0.54181401875 0.41455202656249995 0.4855170828125 0.39081694218749996 0.48643540625000004 0.404813896875 0.5470628765625001 0.4275491984375 0.54181401875