407 0.3500776609375 0 0.5453579890625 0.188032209375 0.9277262765625001 0.2332482765625 1 0.14616344375 1 0.049797978124999996 0.5262038875 0 0.3500776609375 0
473 0.388462453125 0.7480332359374999 0.40852710468750003 0.7484662703125 0.42876597031249997 0.747241765625 0.44472908437500003 0.7388644734375001 0.4582058921875 0.7302258609375001 0.464398 0.7191457484375 0.48405190156250005 0.60390215625 0.47283987656250004 0.5909927953125 0.4435268625 0.58288433125 0.40073703906249997 0.58341448125 0.349838753125 0.6132576453125 0.339607428125 0.73451913125 0.388462453125 0.7480332359374999
1979 0.41342011406249995 0.7975801125 0.4200079578125 0.8066517578125 0.4148288421875 0.8798446859375 0.5965033015625 0.89726359375 0.6314857828125 0.899264553125 0.647623109375 0.8892297250000001 0.639151203125 0.8263329468749999 0.6602611406250001 0.8168207609374999 0.6810226484374999 0.8106236484375 0.702655228125 0.7961388515625 0.7191409828124999 0.78278895 0.7205346953125 0.7695286593749999 0.7173042265625 0.7524306515625 0.6858533359375001 0.74074579375 0.63433779375 0.728627903125 0.5975658640625 0.7197354765624999 0.493141065625 0.7087599875 0.492444209375 0.715390134375 0.47237955625000005 0.7149571015625 0.46352692968750003 0.7274334296875 0.436921740625 0.741395584375 0.403031853125 0.7529162375 0.3683978 0.7476002046875 0.372895075 0.7765622875 0.41342011406249995 0.7975801125
1828 0.393293140625 0.6781553828125 0.39712585 0.64168958125 0.3704733546875 0.6321849015625001 0.35930863749999997 0.6427423734375 0.343868165625 0.6461470546875 0.3350155390625 0.6586233828125 0.34339283125 0.674586496875 0.36328326875 0.6766770656250001 0.3788979546875 0.6716148468750001 0.3830468 0.703892003125 0.393293140625 0.6781553828125
1864 0.3837887015625 0.9838364515625001 0.40472442343750004 0.9759818015624999 0.41375126562500003 0.9618479359375 0.4411006171875 0.96472246875 0.44053066718749995 0.9462282468750001 0.42295232031249996 0.9460565359374999 0.415351484375 0.8748720765625 0.4202767875 0.8519278859374999 0.41669789062499996 0.8381449515625 0.38987117968749996 0.830297809375 0.35754921875 0.826900634375 0.3172457 0.82769210625 0.2934752453125 0.83860050625 0.28104372187500004 0.8372939 0.2670442703125 0.8509051234375 0.281787884375 0.8541305875 0.2858894234375 0.8629409109375 0.2779228828125 0.962654421875 0.3837887015625 0.9838364515625001
1536 0.42433328125 0.5741636171875 0.45364629531249995 0.58227208125 0.4965975796875 0.22145176718749998 0.7503748765625 0.24644898906249998 0.7086258140624999 0.76324944375 0.90417281875 0.792181496875 0.9712602640625001 0.2495548140625 0.46867827812499996 0.2000830125 0.42433328125 0.5741636171875
1586 0.8509001187499999 0.7011141078125 0.49963429374999996 0.6708979703125 0.47359905625 0.703354346875 0.47752637968749995 0.7138222078124999 0.50077419375 0.707886415625 0.6176305156249999 0.7201685109375 0.6735960265625 0.7377816515625 0.7050469171875 0.749466509375 0.7249846625 0.7750239109375 0.702655228125 0.7961388515625 0.683508953125 0.8108849687499999 0.6545916734375 0.822928265625 0.91726890625 0.8589159890625 0.9155590578125 0.8034333218749999 0.8509001187499999 0.7011141078125
1961 0 0.86883264375 0.0012784921875000001 0.8682198874999999 0.0496904734375 0.8381154015625001 0.0771667328125 0.815865565625 0.078338925 0.780795978125 0.0683463984375 0.7562838625 0.027821359375 0.7352660375 0.001517290625 0.7224462859375 0 0.7224314640625 0 0.86883264375
1648 0.251259896875 0.3314093546875 0.257927340625 0.2918898 0.2232932875 0.28657376874999996 0.2187637203125 0.3296697171875 0.251259896875 0.3314093546875
783 0.5378968125 0.4503560078125 0.5396862609374999 0.45724747343749994 0.5604950765625001 0.47451719218750005 0.5549525171874999 0.455500328125 0.538245240625 0.44704093437500003 0.5067943500000001 0.43535607656249997 0.4952812046875 0.44922862031250005 0.5378968125 0.4503560078125
1939 0.49448747031250007 0.6720328656250001 0.8509001187499999 0.7011141078125 0.9250657578125001 0.2346444921875 0.5405595937500001 0.1858520296875 0.5320704109375 0.29053815 0.49448747031250007 0.6720328656250001
1939 0.225761928125 0 0.1246903671875 0.961631659375 0.247041940625 0.9694637875 0.4748658609375 0.7152184234375001 0.4964511328125 0.6772667953125 0.540908021875 0.18253695625 0.34070439218750004 0 0.225761928125 0
1939 0.059734284375 0 0 0.554940015625 0 0.9480712609375 0.11243305625 0.9586675187499999 0.22294465937500002 0 0.059734284375 0
1939 1 0.14881036875 0.9248915437499999 0.23630202812499998 0.8477169578125 0.7074829328125001 0.9159074859375 0.80011825 0.9112510125 0.868338565625 0.9501758312499999 0.9763322531249999 1 0.5022869562500001 1 0.14881036875
819 0.9476882515625 1 0.9500016171875 0.9779897890625 0.9021768640625 0.8590056 0.406309628125 0.7934810765625 0.25236297812499997 0.9666713578125 0.536634225 1 0.9476882515625 1
1844 0.9593468578125 0.769491121875 0.9821861828125 0.38477094375 0.9541399734375 0.3885265578125 0.9194240593749999 0.6949094875 0.9429407015625 0.7342498234375 0.9593468578125 0.769491121875
1050 0.7197650265625 0.03542671875 0.7091229515624999 0.04101158125 0.6963429999999999 0.0430200484375 0.6908477484375 0.047470015625 0.6899766781250001 0.055757696875 0.6970871625 0.059856734375 0.7065097406249999 0.065874628125 0.7391801296875 0.06595672968750001 0.7336375703125 0.046939865625 0.7197650265625 0.03542671875