2001 0 0.2977318140625 0.017355948437499998 0.7191997875 0.0344777890625 0.731943340625 0.272315171875 0.6658248796875 0.22829255625 0.1692809875 0 0.185972203125 0 0.2977318140625
1718 0.12977354375 1 0.107692434375 0.8227768531249999 0.0141797546875 0.72375785625 0.02382634375 1 0.12977354375 1
855 0.6064501171875001 0.5874493265625 0.6892673609375 0.571215825 0.6699669187499999 0.3050605984375 0.5333835062500001 0.309830196875 0.403772915625 0.32325060625 0.4358663 0.8602354578125 0.555719184375 0.9494403265625 0.6215696953125 0.9249050078125001 0.6064501171875001 0.5874493265625
1050 0.4989036234375 0.1820668078125 0.46612993906250005 0.1031625265625 0.41616039843749997 0.10490750156249999 0.4027611703125 0.1987656390625 0.44606810625 0.1972533265625 0.4529669125 0.299296946875 0.446769634375 0.3128548203125 0.46993364531250004 0.30759876249999996 0.45583288906249997 0.285855403125 0.4539715828125 0.23255455937499997 0.452575603125 0.1925789265625 0.4989036234375 0.1820668078125
1606 0.6971708359375001 0.6065170578125 0.845299246875 0.6458158359375 0.9340035500000001 0.607140984375 0.8128357796874999 0.575795028125 0.6971708359375001 0.6065170578125
2001 1 0.5867848312499999 0.9823267578125 0.08068938437499999 0.780358159375 0.1233195109375 0.7954037203125 0.554168 1 0.5914591984375 1 0.5867848312499999
581 0.7461215546875 0.28905976093749997 0.73496786875 0.3517094046875 0.7423320015625 0.4670782359375 0.74086200625 0.5204954109375 0.7644913421874999 0.5285645640625 0.791141765625 0.5276339109375 0.763701646875 0.12390116874999998 0.750376434375 0.12436649531249999 0.7457302453125 0.182341740625 0.7461215546875 0.28905976093749997
575 1 0.67274435 0.9701085359375 0.6859289328125 0.606760334375 0.5963328015625 0.6215696953125 0.9249050078125001 0.713531284375 0.9795066359375 0.7230598671874999 0.9658324281249999 0.7471545296875 0.9872267921875 1 0.9783972343749999 1 0.67274435
2036 1 0.600266896875 0.74163755 0.542704096875 0.6099365296875 0.5917747328125 0.9701085359375 0.6859289328125 1 0.6430325156250001 1 0.600266896875
1939 0.5125697687499999 0 0.5550176546875 0.8338388328124999 1 0.9715933859374999 1 0.731015325 0.979394365625 0 0.5125697687499999 0
1939 0 0.222190440625 0.026972698437499998 0.9945874828125 0.125981128125 0.9644471093749999 0.545023746875 0.834187828125 0.5093557828125 0.0038156703124999996 0 0.0172171859375 0 0.222190440625
819 0.319771953125 1 0.5905833 0.99269438125 0.9970022359374999 0.9785019187499999 0.541847553125 0.838745896875 0.026972698437499998 0.9945874828125 0.02852841875 1 0.319771953125 1