2001 0.5132722265624999 0.01215381875 0.5026828359375 0.22282949375 0.8801472328125 0.25585334843749996 0.9130354468749999 0.036806514062500004 0.5132722265624999 0.01215381875
1340 0.062495090625000006 0 0.06280298281249999 0.1637008828125 0.15469864375 0.16657968437499998 0.1530242484375 0.0064413421875 0.1210540890625 0 0.062495090625000006 0
214 0.645633284375 1 0.7451630625 0.76788805 0.768063275 0.7750525859375 0.7871428640625 0.7586582374999999 0.78810983125 0.7251961578125 0.7793483343750001 0.690882946875 0.7908692046875 0.6712467828124999 0.7933337625 0.643076753125 0.801104775 0.576663271875 0.7951851734375001 0.532276640625 0.8081211125 0.4740565734375 0.7897844390625 0.459549753125 0.7552218296875 0.5184582468750001 0.27155800937499996 0.42195235625 0.253657678125 0.335229328125 0.2558156625 0.26574425625 0.23388241875000002 0.225117640625 0.023676835937499998 0.229951659375 0 0.5005791296875 0 0.84422125 0.4430263296875 0.9943448546875 0.5189336250000001 1 0.645633284375 1
1354 0.1756884390625 0.37485715000000003 0.2713457171875 0.4916076546875 0.3692199859375 0.44856026875 0.3081370765625 0.33999565781249996 0.1756884390625 0.37485715000000003
1354 0.0171203578125 0.3945309203125 0.0005996078125 0.49372557656250005 0.0574845578125 0.56063469375 0.261617253125 0.49075652343750004 0.1512906359375 0.3624005640625 0.0171203578125 0.3945309203125
99 0.6196484515625 0.23048214531250003 0.633468834375 0.09492404374999999 0.5976209265625 0.0788851890625 0.5156777796875 0.07429660625 0.51046560625 0.223510396875 0.6196484515625 0.23048214531250003
463 0.2579264015625 0.3536663890625 0.3124765625 0.33521428750000004 0.37206188125 0.43848684843749997 0.4511631328125 0.45314885 0.4654081 0.17828015625 0.473638971875 0.17383923750000002 0.37747458749999996 0.152523375 0.2581151765625 0.1498223203125 0.25888160937500004 0.2531099234375 0.26337438281250003 0.268986071875 0.2579264015625 0.3536663890625
872 1 0.41068985781249995 0.8797226484375 0.3951639421875 0.8844394734375 0.40847918125 0.8434029093750001 0.6758428859375 0.900806725 0.7144117484375 0.906797090625 0.735579946875 0.9165255546875001 0.7364310781250001 0.9198155515625001 0.72123583125 0.9715238171875 0.7128571499999999 1 0.44668862656249997 1 0.41068985781249995
1894 1 0.30225776249999997 0.9161484281250001 0.29254972343749996 0.89976920625 0.34530751406250004 0.8972338843750001 0.3966959765625 0.9512651796875 0.40658413125 0.9904030859375 0.40742774062500003 1 0.3887939359375 1 0.30225776249999997
1939 0.044324003125 0 0 0.5930180015625 0 0.7223885703125 0.363772003125 0.533240584375 0.391137453125 0 0.044324003125 0
1939 0.3989510578125 0 0.370882621875 0.5416042234375 0.9836343171875 0.6416622984375 1 0.45460168437500004 1 0.0444149265625 0.49233506406250005 0 0.3989510578125 0
1340 1 0.0536107625 0.9551685359375 0.0482342234375 0.9445556281249999 0.12472112500000002 1 0.1295718796875 1 0.0536107625
1340 1 0.1703516515625 0.9392491734374999 0.162964578125 0.9325276515625 0.23979193125 1 0.2506984796875 1 0.1703516515625
819 0.9519234421875 1 0.9795188796875 0.6438827593750001 0.3652695953125 0.538532634375 0 0.7285371921875 0 0.9530045609375 0.5371603359375 1 0.9519234421875 1