214 0.45411683593749996 1 0.9905657484375 0.9731154249999999 0.9841716187499999 0.7445122390625001 0.988115303125 0.60657033125 0.9803685109375 0.5120506921875 0.9766719203124999 0.44151552031249996 0.9433731546875 0.4190639046875 0.9192093515625 0.41102384062499997 0.8712708625 0.4023684703125 0.7753938828125 0.38505772656250004 0.7089600234375 0.36992650781249997 0.630057459375 0.38336804999999996 0.592549440625 0.3871950484375 0.5747350234375 0.393712525 0.5138460515625 0.4843840640625 0.48126374375000003 0.528901228125 0.4341389890625 0.5890708265625 0.406252328125 0.6165903203124999 0.36460145 0.6746117578125 0.3300426796875 0.7080647828125 0.30212513125 0.7616439125000001 0.2744330296875 0.792875784375 0.223032628125 0.8514081718750001 0.1943368515625 0.8901377921875 0.175067871875 0.9488475296875001 0.177748659375 1 0.45411683593749996 1
216 0 0.43216340937500003 0.03109335 0.973144496875 0.061929259375000004 0.975251028125 0.085995784375 0.981434903125 0.108505846875 0.9579197578124999 0.16628651875 0.8878852734375 0.2063191640625 0.8522840875 0.24369439843750001 0.792625440625 0.26400255625 0.7803934140625 0.2771831 0.738754340625 0.3105436375 0.709086684375 0.3471097546875 0.6606381625 0.372825396875 0.6183421515624999 0.4036921953125 0.5943890484375001 0.411982534375 0.5660352671875 0.4378618484375 0.55351126875 0.454995315625 0.534000471875 0.46733585624999996 0.5296311578124999 0.47559530937499994 0.5273370125 0.4733270125 0.51070430625 0.4807109578125 0.4917044625 0.48313830781249995 0.458074084375 0.47643069374999997 0.4100321578125 0.4464347875 0.3706558640625 0.40746758906249997 0.3466400328125 0.17334629375 0.303071203125 0 0.42160309218750003 0 0.43216340937500003
589 0.20376682031249999 0.40384770937500003 0.24286218593750003 0.4036600953125 0.2745736046875 0.42247232500000004 0.27570544375 0.39077113125 0.28512762343750003 0.33071615468750004 0.30167741718749996 0.300068228125 0.256104503125 0.30990175 0.23702546249999998 0.292288771875 0.2079714546875 0.2975340015625 0.195308190625 0.322394384375 0.18970615 0.3487459921875 0.1670679203125 0.3964645828125 0.20376682031249999 0.40384770937500003
589 0.40458473125000005 0.34492982968749997 0.3969398375 0.3323014734375 0.3254212171875 0.3267431703125 0.300059184375 0.32248847812500003 0.28529129375 0.36048816875 0.272694421875 0.41326437499999996 0.274865440625 0.42804089218749997 0.3274995765625 0.41969859375 0.357654534375 0.40881180468749995 0.40332472812500003 0.400834471875 0.40147643125 0.365566884375 0.40458473125000005 0.34492982968749997
589 0.8923927562499999 0.4589614109375 0.8864633734374999 0.42576899375000005 0.881214940625 0.405569896875 0.771701909375 0.3945576484375 0.7486081734375001 0.4069356625 0.73720953125 0.4559264984375 0.72451538125 0.5068465171875001 0.731156603125 0.5269726203125 0.7649726484375 0.53264554375 0.825543515625 0.5425001671875 0.87659030625 0.530518484375 0.8862734343750001 0.5020917093749999 0.8923927562499999 0.4589614109375
589 0.7344239546875 0.45607248437500003 0.7420333453125 0.41472538124999997 0.7350030078125 0.387174521875 0.7001832890624999 0.38899934687500004 0.6495565015625 0.38234614843750003 0.640810653125 0.3753593515625 0.6119203171875001 0.41037659375 0.59556508125 0.4447369 0.55883529375 0.46341340937500003 0.56576835 0.48910807968750003 0.6247209859375 0.521382953125 0.6522540390625 0.5404141625000001 0.6955277671875 0.5400075703125 0.7188469484375 0.5052823 0.7344239546875 0.45607248437500003
1063 0.516454115625 0 0.4244853 0.005132671875 0.442968259375 0.3578085296875 0.46632294375 0.37705871874999997 0.47714253125 0.39696584375 0.5581188375 0.3964446296875 0.5882737953125 0.38555783906249996 0.659111465625 0.3781228203125 0.706174446875 0.37007249375 0.9375101625 0.41378730937499997 0.9619658015624999 0.42739593906250006 0.982746496875 0.18433957343750002 0.9730856687499999 0 0.516454115625 0
581 0.556847971875 0 0.558228525 0.0521008046875 0.5691808984375 0.12783957968749998 0.5719710953125 0.2077286875 0.5777723124999999 0.2651245515625 0.5803015593749999 0.3133854578125 0.5813098531249999 0.3859228046875 0.5975369234375 0.3757659453125 0.6215061687500001 0.38009363125 0.6507547312499999 0.378560778125 0.691760165625 0.36152148125 0.7137529484375 0.3547850265625 0.721039615625 0.33392899374999996 0.7326328140625 0.288650534375 0.7504426109375 0.20209796562500001 0.758794725 0.1216249140625 0.76627133125 0.0244461625 0.7659080328125001 0 0.556847971875 0
1939 0.168947103125 0.40567253281250004 0.44786308124999996 0.42455833125 0.42160244375 0.00342246875 0.141749184375 0.01995024375 0.168947103125 0.40567253281250004
1939 0 0.40360232500000004 0.00959475 0.5629267890625 0.168947103125 0.40567253281250004 0.1416519046875 0.0180940546875 0 0.0255177171875 0 0.40360232500000004
1939 1 0.5135560140625001 0.9831356124999999 0.191764328125 0.9610594062500001 0.436749875 0.9862901031250001 0.9714782156249999 1 0.9693955000000001 1 0.5135560140625001
819 0.37103108281249997 1 0.9833099671875001 0.9679118234375 0.9571419890625 0.46859705625 0.4551806359375 0.3776426625 0.449450428125 0.428197715625 0.1674570359375 0.4038893375 0.0166559734375 0.5644180125 0.02875225 1 0.37103108281249997 1