1939 0.2538475484375 0 0.252176171875 0.7957153156250001 0.7267592546875 0.8724095625 0.806419828125 0.02945188125 0.5262038890625 0 0.2538475484375 0
676 0.054266903125 0 0 0.5163150937500001 0 0.9463288328124999 0.24289809999999998 0.9690282515625 0.2621964015625 0 0.054266903125 0
931 0.22866195312499998 0.6792862671875 0.23238519375000002 0.6863809828125 0.2456454859375 0.6877746953125 0.2599510625 0.6792231890625 0.26064791875000004 0.6725930453125 0.261693203125 0.662647825 0.24878134062499999 0.6579390390625 0.23552104687500003 0.6565453265625 0.23656633125 0.64660010625 0.232843090625 0.639505390625 0.219234371875 0.6414267515625001 0.199114984375 0.6627739781249999 0.19667598749999998 0.6859794890625001 0.209936278125 0.6873732015625 0.22866195312499998 0.6792862671875
473 0.354734184375 0.585282775 0.38915915 0.55538404375 0.2830768140625 0.544234340625 0.2548140875 0.5580222781249999 0.2535498640625 0.6550885375 0.2701849703125 0.666892040625 0.26402273125 0.683002834375 0.25855735 0.6924834828125 0.25611835156249996 0.71568899375 0.3526636359375 0.7325397 0.366600765625 0.5999367796875 0.354037328125 0.591912921875 0.354734184375 0.585282775
1979 0.3482435390625 0.7320751296875 0.25611835156249996 0.71568899375 0.25173829375 0.96995739375 0.2861632578125 0.9400586609375001 0.30151411875 0.9215619359374999 0.3270988875 0.8907340609375 0.318716590625 0.8429293265625001 0.3262725421875 0.813558240625 0.345107684375 0.7619107859375001 0.3482435390625 0.7320751296875
1146 0.48645069999999996 0.139944625 0.46393235625000007 0.43923033437500003 0.73867524375 0.4614035890625 0.7615420171875 0.15880280468750002 0.48645069999999996 0.139944625
1939 0.87540989375 0.8612198187500001 0.9655433312499999 0.046176435937499996 0.810839925 0.029916453125 0.7387353046875 0.843503046875 0.87540989375 0.8612198187500001
1939 1 0.05109979218750001 0.974383525 0.047105578125000006 0.861280190625 1 0.93698370625 1 1 0.42527140625 1 0.05109979218750001
1586 0.859868990625 1 0.87064136875 0.8640703203125 0.7336183515625 0.849668621875 0.7129315968750001 0.9614519625 0.7119118171875 1 0.859868990625 1
1460 0.8900532484375001 0.0415938015625 0.8808646250000001 0.043979734375 0.821900178125 0.09476112343750001 0.8900532484375001 0.0415938015625
581 1 0.0515631390625 0.8985450140625 0.04583801875 0.9022682546875 0.052932734375 0.879819340625 0.053924953124999994 0.8658621921874999 0.0591613859375 0.8559767125000001 0.0681774625 0.853537715625 0.091382975 0.8751803046875001 0.1405814203125 0.8783361781250001 0.2381122515625 0.8609147671875 0.4038659 0.8322141640625 0.5918959187499999 0.8000292796874999 0.8130766656249999 0.7874858640625 0.93241929375 0.767102253125 1 0.9367952453124999 1 1 0.39864692968750004 1 0.0515631390625
481 0.354037328125 0.591912921875 0.3706724328125 0.603716425 0.3579300984375 0.937546578125 0.366421865625 0.9417907921875001 0.3847991109375 0.9370189312500001 0.392006634375 0.9109629171875 0.42329574374999995 0.9108998421875001 0.46342504843750004 0.91176590625 0.512394546875 0.9135611140625001 0.5647388578125 0.9257661125000001 0.6347635578124999 0.9398293921875001 0.6864110125 0.9586645359375 0.67815820625 0.9946657671875 0.7090988874999999 0.9979177640625 0.7564851234375001 0.5470678390625 0.461035459375 0.5093114390625 0.43009477812499997 0.5060594421875 0.426958925 0.5358950984375 0.354037328125 0.591912921875
783 0.61329986875 0.5487769328125001 0.6228369203125 0.5430759296875001 0.619113678125 0.5359812109375001 0.6058533875000001 0.5345874984375001 0.588172996875 0.5327292140625 0.589566709375 0.5194689234375 0.5909604234375 0.50620863125 0.583513940625 0.492019196875 0.575022175 0.48777498281250004 0.5706020781250001 0.4873104125 0.5658335515624999 0.49016091250000005 0.5651366953125 0.496791059375 0.5732800328125001 0.5043503484375 0.5803780875 0.5218548546874999 0.5704926078125 0.5308709312500001 0.55758074375 0.5261621453124999 0.543972025 0.5280835046875 0.55141850625 0.542272940625 0.554444890625 0.555997803125 0.5761969484375 0.5616357296875 0.6112093 0.5686673718749999 0.6000395765625 0.5473832203125 0.61329986875 0.5487769328125001
1643 0.447426740625 0.5112327999999999 0.45731221875 0.502216721875 0.4587059328125 0.4889564296875 0.481503275 0.4846491390625 0.4641713140625 0.47947578125 0.442070828125 0.4771529265625 0.4447487828125 0.4941928625 0.44812359687500003 0.504602653125 0.4345148765625 0.5065240125 0.428701065625 0.519319734375 0.4313790234375 0.5363596703125 0.46673980000000004 0.5400762375 0.46406184531249994 0.5230363015624999 0.45591850625 0.5154770140625 0.447426740625 0.5112327999999999
1340 0.3618816484375 0.177127303125 0.26836275 0.174001459375 0.2716280921875 0.22797176874999997 0.36887023281250003 0.2381923296875 0.3618816484375 0.177127303125
1340 0.3620111390625 0.2609332703125 0.2684922375 0.2578074265625 0.27175758125 0.31177773593749997 0.3601595265625 0.32106915625 0.3620111390625 0.2609332703125
1340 0.3565657765625 0.39778040468750003 0.362837484375 0.338109090625 0.274087109375 0.3321327453125 0.2715386421875 0.39889877500000004 0.3565657765625 0.39778040468750003
819 0.7094401515625 1 0.7264108265625 0.8757246343749999 0.2654364640625 0.7971090281250001 0.252086721875 0.966642321875 0.35340053125000004 0.980642525 0.5375746 1 0.7094401515625 1
676 0.7210348953125 0.7142782765625 0.5622598203125 0.69423865 0.5440320843750001 0.9101829640625001 0.6895468671875 0.9288288796874999 0.7210348953125 0.7142782765625
676 0.5486511000000001 0.696160009375 0.3990646484375 0.6737344515625 0.3903739625 0.8839777625 0.5311202203125001 0.905474178125 0.5486511000000001 0.696160009375
1960 0.5363066046875 0.6010151125000001 0.589347771875 0.6065899640625 0.6423889390624999 0.6121648140625 0.6689095234375 0.614952240625 0.6961269640625 0.6111095203125 0.6982175328125 0.59121908125 0.68669938125 0.573250003125 0.6656441796875 0.5609819296875 0.6129514406250001 0.55209200625 0.5463015515625 0.5484385140625 0.49663519687499996 0.553273453125 0.45406689531250005 0.5756128984375 0.46628190312499995 0.5869518296875 0.4836138640625 0.5921251859375001 0.5363066046875 0.6010151125000001