407 0.4668027046875 0 0 0.080639696875 0 0.264013359375 0.1043170640625 0.26514159375 0.7844766640625 0.155365371875 0.9123828390625001 0.0617321984375 0.9035559531249999 0 0.4668027046875 0
1050 0.37796223906250004 0.051037553125 0.38060268124999996 0.040417706250000004 0.364577775 0.026319551562499998 0.341535503125 0.023613015625 0.310897040625 0.029015403125 0.2852143265625 0.0369287140625 0.266802675 0.060483717187499994 0.3003352734375 0.0714947921875 0.3315525640625 0.069375096875 0.3659891234375 0.059918246875000004 0.37796223906250004 0.051037553125
1050 0.4037557703125 0.17172540625 0.406975040625 0.1643882515625 0.410194309375 0.15705109687500002 0.4002828078125 0.1520292515625 0.3859943828125 0.14777917499999998 0.3728636140625 0.150094484375 0.3346289578125 0.16360579687500001 0.34743459374999996 0.18504110468749999 0.3818711546875 0.1755842546875 0.4037557703125 0.17172540625
1050 0.0971174421875 0.1987159734375 0.1052924609375 0.1938897421875 0.096863746875 0.1716826640625 0.066225284375 0.177085053125 0.0355868203125 0.182487440625 0.053348207812500006 0.20643367031249998 0.0708559015625 0.2033465921875 0.0971174421875 0.1987159734375
1939 0.13991127812499998 0.262250128125 0.238240475 0.8710917828125 0.8603424171875 0.7647831796875 0.7938093390625001 0.1571045234375 0.13991127812499998 0.262250128125
1939 0.151788278125 1 0.24757314843749997 0.8728309359375 0.1410689328125 0.26881551406250004 0 0.2629504359375 0 0.5181498046875 0.08496319062499999 1 0.151788278125 1
1939 1 0.5362125859375 0.9222943406249999 0.0667540453125 0.7987650890625 0.1596154484375 0.8652981671875001 0.7672941046874999 1 0.8602900421875 1 0.5362125859375
819 1 0.8621243218749999 0.8647193390625001 0.7640114109375 0.2525288984375 0.875341859375 0.1542926734375 1 0.5177888187499999 1 1 0.9130091437500001 1 0.8621243218749999
575 0 0.41885865000000005 0.012948445312500001 0.5148004671875 0.1284849328125 0.5045825328125 0.1293174546875 0.5348985359375 0.1768847859375 0.5231263765625 0.1346303953125 0.2834898234375 0 0.29516795 0 0.41885865000000005
575 0.44387710937499997 0.4760484265625 0.4097977390625 0.231585640625 0.15213808906249998 0.28040274374999996 0.19059438125 0.524093759375 0.44387710937499997 0.4760484265625
575 0.7158251828125 0.4314813984375 0.6779477171875 0.1910730765625 0.4141746609375 0.230813871875 0.44825403125 0.47527665781249995 0.7158251828125 0.4314813984375
774 0.8548005140624999 0.34943545625 0.8576946515625 0.36584891875 0.840765784375 0.372218690625 0.8363888609375 0.372990459375 0.8439136140624999 0.4156654640625 0.9238558890625 0.40833899375 0.9632482 0.40139306562500005 0.9569525375 0.314499521875 0.9044294578125 0.323760759375 0.8548005140624999 0.34943545625
1716 1 0.6354174125000001 0.9872338125000001 0.5630167703125 0.764010721875 0.6023770234375 0.7881785906250001 0.8418179625000001 0.8679779906249999 0.936059346875 0.941806859375 0.9196565703124999 0.9199543 0.6933464 0.91499855 0.690835478125 0.9077274890625 0.675193784375 1 0.6490145890625 1 0.6354174125000001
575 1 0.6588522484375 0.965785146875 0.6717261640625 0.9088851437500001 0.6817591703125 0.9231735671875001 0.686009246875 0.9461837843750001 0.9188848000000001 1 0.910929409375 1 0.6588522484375
1142 0.9532652625000001 0.44715514843750004 0.8184845968750001 0.450612084375 0.7344190937499999 0.4857436328125 0.7389782734375 0.5627890984375 0.903239746875 0.5473643921875 0.9677359437499999 0.5292224609375 0.9532652625000001 0.44715514843750004
855 0.1860466 1 0.10200907968749999 0.6615649328125001 0.1539533328125 0.6490210046875 0.12468683750000001 0.5086369953125 0.009729175 0.5221376234374999 0.090037215625 1 0.1860466 1
1606 0.173451203125 0.6828153109375 0.22043970625 0.6677604609375 0.27180513125 0.6519338390625 0.17641677656250002 0.6484448484375 0.120674428125 0.6650432390625001 0.12092812187499999 0.6920765484375 0.173451203125 0.6828153109375
666 0.46026652968750004 0.645781053125 0.49814399531250003 0.8861893765625 0.7525843765625 0.8447094265624999 0.72346075625 0.6027575656249999 0.46026652968750004 0.645781053125
575 0.19168792343750002 0.99099718125 0.202503384375 0.9755511015625 0.3443728515625 0.9099186234375001 0.2939434421875 0.6751083015625 0.1293568375 0.7142836265625 0.19168792343750002 0.99099718125
575 0.34874977500000004 0.909146853125 0.48823249375 0.8811675296875 0.4520915109375 0.650607284375 0.3070742125 0.6727929921875 0.34874977500000004 0.909146853125
575 0.7733433953125 0.6041161765624999 0.74096845 0.5996704859374999 0.72346075625 0.6027575656249999 0.7575401265624999 0.8472203500000001 0.7838016671875 0.8425897328125 0.7733433953125 0.6041161765624999
2036 0.12440108593750002 0.7117727031250001 0.7540992203125 0.597355178125 0.7739222234375001 0.60739886875 0.9916107359374999 0.562245 0.819824509375 0.5349947046875 0.6190648609375 0.573778803125 0.15833025625 0.6482492343749999 0.154532159375 0.652303696875 0.10696482968750001 0.6640758546875001 0.12440108593750002 0.7117727031250001
1506 0.4861566265625 1 0.7579760796875 0.952070896875 0.7088151421875 0.8524271234375 0.3443728515625 0.9099186234375001 0.3133378171875 0.9898555546875001 0.3098339875 1 0.4861566265625 1