407 0.34554975 0.015966959375 0.40870962187500004 0.026921454687500002 0.4679806765625 0.0009918890624999999 0.34554975 0.015966959375
1939 0.5519307328124999 0.6698796421875 0.5357144953125 0.2484984234375 0.5501252390625 0.22491988749999997 0.5154886453125 0.1611181234375 0.48472878750000004 0.1712889171875 0.506026684375 0.6523149828125 0.5519307328124999 0.6698796421875
1939 0.48097699687500006 0.17433845312500001 0.45757161718750006 0.1755650765625 0.47751548593750004 0.6680737546875 0.5021257875 0.6525194203125 0.48097699687500006 0.17433845312500001
2006 0.244835725 0.146773315625 0.25616772656250003 0.3630007921875 0.2215069734375 0.373376025 0.23960911093749998 0.532190440625 0.270816284375 0.5305549421875 0.3653445140625 0.5056305390625 0.3376996375 0.164729825 0.244835725 0.146773315625
575 0.1235372421875 0.3699516609375 0.25616772656250003 0.3630007921875 0.23675987968749998 0.0673149984375 0.08643833437500001 0.0352522390625 0.116219003125 0.2676303390625 0.0674577953125 0.27018580625 0.0762791671875 0.363869615625 0.1235372421875 0.3699516609375
578 0.3324730234375 0.55014695 0.23150910625 0.52690911875 0.10382325625 0.5535712390625 0.1951840359375 0.5801652625 0.20547230156250001 0.7764770515625 0.3413831015625 0.832118346875 0.3231680984375 0.5591933390625 0.3324730234375 0.55014695
1720 0.2032236421875 0.7708890734375 0.19353179843749999 0.585957678125 0.098270121875 0.5595680921875 0.0954371203125 0.505511221875 0.0106611328125 0.5299245328125 0.023931503125 0.7831382890625 0.13077092343750002 0.7318924703125 0.2032236421875 0.7708890734375
1267 0.167926078125 0.4332423328125 0.198835040625 0.42591663906250005 0.20423906875000003 0.41707468593749997 0.20319533281250002 0.397158996875 0.19839980468750001 0.38029284375 0.1232269515625 0.4013499625 0.1289171109375 0.43528670625 0.167926078125 0.4332423328125
1758 0.4042193296875 1 0.4439509390625 0.9979177546875 0.4432174921875 0.946603765625 0.46197644843749996 0.9313560859375001 0.45539165625000005 0.8803487531249999 0.1270191328125 0.7349420062500001 0.023931503125 0.7831382890625 0.0317076296875 1 0.4042193296875 1
576 0.8975649640625001 0 0.892420803125 0.0015712265625 0.8906598484374999 0.341160121875 0.9902818171875 0.3387920671875 0.972526478125 0 0.8975649640625001 0
575 0.7168079765625001 0.2333018921875 0.88380100625 0.21028559531250002 0.8849172203125001 0.0076702968750000005 0.6796607515625 0.046956457812500005 0.6809543812500001 0.2209163359375 0.7168079765625001 0.2333018921875
575 0.6752521421875 0.22406809062500002 0.6699085109375 0.0474675515625 0.5425208687499999 0.0798198703125 0.5620899015624999 0.34126226718749997 0.673414559375 0.3382809 0.720821740625 0.347208046875 0.7169570828125 0.236146990625 0.6752521421875 0.22406809062500002
1606 0.7188229734375 0.49566425625 0.6715528187500001 0.52667070625 0.81527749375 0.5448146281249999 0.8425958484375 0.50629506875 0.7188229734375 0.49566425625
666 0.5248218796875 0.5258018109375 0.530129271875 0.8136678406250001 0.6609463343749999 0.8467527875 0.656694759375 0.5417139468750001 0.5248218796875 0.5258018109375
575 1 0.58598390625 0.818420784375 0.5674731984375 0.8222129640625001 0.9010652390624999 1 0.9573989875000001 1 0.58598390625
575 0.8125694390625 0.567779853125 0.6625461046875001 0.5414072921875 0.6733945515624999 0.8603649671875001 0.8148584874999999 0.9100094109375 0.8125694390625 0.567779853125
2036 1 0.53503718125 0.5794465125 0.48585119062500004 0.5123736640625001 0.5121896296874999 1 0.5942282140625 1 0.53503718125
783 0.7905422453125001 0.4833468703125 0.780652978125 0.44392436718750006 0.782591346875 0.48091064531249994 0.7591859671875001 0.48213727031250003 0.785287321875 0.49503391875 0.7905422453125001 0.4833468703125
1648 0.915245990625 0.39978278125 0.8897410578124999 0.39826652500000004 0.8922758484375001 0.44663319843749993 0.9117803312499999 0.44561101093750005 0.915245990625 0.39978278125
1648 0.6001800765625 0.396324296875 0.5992612859374999 0.453430703125 0.6258220359375 0.4377741484375 0.6255359046875 0.39499545468749997 0.6001800765625 0.396324296875
1939 0.48827985937499996 0 0.47578247031250004 0.0005830140624999999 0.39910648593750003 0.0302776453125 0.4344444390625 0.704565965625 0.464446690625 0.7172581765625 0.4817025140625 0.7106480109375 0.44391847812499996 0.1762806078125 0.54039715625 0.15125398437499998 0.5558074703125 0.7438522 1 0.8819697921874999 1 0.5242260171875001 0.972526478125 0 0.48827985937499996 0
774 0 0.2578813 0.1105167640625 0.2707820921875 0.1064909203125 0.19396443593749998 0 0.18885939375 0 0.2578813
575 0 0.18355831875 0.1064909203125 0.19396443593749998 0.08448788593749999 0.035354457812500004 0 0.0277567140625 0 0.18355831875
1939 0 0.39750822812500003 0.0007960234375 0.41632503437499996 0.028976923437500003 0.9540486296875 0.4288913046875 0.7105628171875 0.39535469375 0.03332718125 0.33774795625 0.016375832812499998 0 0.028622248437499997 0 0.39750822812500003
1939 1 0.8869551421875 0.552204784375 0.749746834375 0.5502784953125001 0.6756720578125 0.50227489375 0.6553645171875 0.4797641453125 0.6736617328125 0.4803484875 0.7221306234375 0.4630926625 0.7287407890625001 0.4305435421875 0.7047704031250001 0.029275134375 0.9597388265625 0.0344726515625 1 0.2794037359375 1 0.724666390625 0.98035316875 1 0.9632900109375001 1 0.8869551421875