407 0.3287513265625 0.0216520546875 0.3922550296875 0.0303956296875 0.45058505000000004 0.0024133296875 0.3287513265625 0.0216520546875
1939 0.5578278125 0.6679637984375 0.5269154609375 0.2474052140625 0.540494546875 0.2233381140625 0.503652403125 0.160784015625 0.47326623906250004 0.172022115625 0.5113387296874999 0.6520118687500001 0.5578278125 0.6679637984375
1939 0.4696231609375 0.1752007296875 0.446274846875 0.17724344218750002 0.48339487343750004 0.6687560671874999 0.50744734375 0.6523523203125 0.4696231609375 0.1752007296875
2006 0.23266373125 0.15589359687499998 0.251535059375 0.371593871875 0.21725751093749998 0.3831724265625 0.2408911640625 0.5412583421875 0.2720222484375 0.538534725 0.3656230453125 0.5103265171875 0.32609774687500004 0.17059826250000001 0.23266373125 0.15589359687499998
575 0.11922795156249999 0.38316924375 0.251535059375 0.371593871875 0.22181975 0.07676552656249999 0.07047080156249999 0.04996844375 0.1083432078125 0.28116565625 0.0597008890625 0.28542130781249997 0.071786403125 0.37874018593750003 0.11922795156249999 0.38316924375
578 0.33432517968750003 0.555963009375 0.23261177968750002 0.5362629234375 0.1059342046875 0.5673649734375 0.1981674484375 0.5907543515625 0.21530062968750002 0.7865874984375 0.353070490625 0.8374516796875 0.3253416375 0.565328625 0.33432517968750003 0.555963009375
1720 0.21285832187499998 0.7810813999999999 0.1967183703125 0.5966009015625 0.100593740625 0.573551975 0.09587590781250001 0.51962690625 0.012003574999999999 0.546983984375 0.0341028953125 0.7995803593749999 0.139088778125 0.744637115625 0.21285832187499998 0.7810813999999999
1267 0.16579855937500002 0.4448722125 0.1964330296875 0.43647227343750006 0.2015251875 0.42744710937499997 0.1997870390625 0.40757997812499996 0.1944058109375 0.3908914609375 0.12001363437499998 0.414559246875 0.1268847046875 0.448276734375 0.16579855937500002 0.4448722125
1758 0.4564531859375 1 0.46136216093750004 0.9995705203125 0.458838328125 0.9483133875 0.47705372187500006 0.9324203171875001 0.4686928109375 0.8816738640624999 0.1354457 0.7478157296875 0.0341028953125 0.7995803593749999 0.048306040625000005 1 0.4564531859375 1
576 0.8751382578125 0 0.8848784375 0.32762305 0.9843570749999999 0.32177968125 0.9562050015624999 0 0.8751382578125 0
575 0.8435228421875 0 0.663740315625 0.0409623703125 0.67110426875 0.21477112968749998 0.7073682734375 0.22589786875 0.8734563171874999 0.19706761875 0.8676613312500001 0 0.8435228421875 0
575 0.6655154984375 0.2181199703125 0.6540118515625 0.0418135015625 0.5278308921875 0.078591875 0.5565122109375 0.339192059375 0.6676650046875 0.332327334375 0.715354859375 0.33959455625 0.70761658125 0.2287360296875 0.6655154984375 0.2181199703125
1606 0.7185383578125 0.48803008593749997 0.6723791078125 0.5206673515625 0.8166494421875001 0.533784303125 0.84260684375 0.4943348125 0.7185383578125 0.48803008593749997
666 0.5257072296875 0.524919821875 0.54105776875 0.8124252656250001 0.6729497890625 0.8409246078124999 0.6580551 0.53621996875 0.5257072296875 0.524919821875
575 1 0.568301715625 0.820581590625 0.5563193703125 0.8360136562499999 0.8895758515625 1 0.9353041859375001 1 0.568301715625
575 0.8147445125000001 0.5568300484375001 0.6638921796874999 0.5357092906250001 0.6858654796875 0.8540940593749999 0.8289758062500001 0.8987712406249999 0.8147445125000001 0.5568300484375001
2036 1 0.517491071875 0.5789043296874999 0.4830871671875 0.5127915375 0.5117503703125 1 0.57632556875 1 0.517491071875
783 0.78978406875 0.47321723593750004 0.7785249999999999 0.43416387968750003 0.781752990625 0.471059978125 0.758404678125 0.47310269062500004 0.78494021875 0.48508055937499994 0.78978406875 0.47321723593750004
1648 0.9114955046875 0.3853519546875 0.885953190625 0.3847267328125 0.890174409375 0.43297547812500004 0.9096313374999999 0.4312732171875 0.9114955046875 0.3853519546875
1648 0.5965008187499999 0.3928912203125 0.5975755734375 0.449994903125 0.6235737375 0.43342092968749996 0.621794825 0.39067828125 0.5965008187499999 0.3928912203125
1939 0.4795713046875 0 0.458367821875 0.001732425 0.3827748734375 0.0340849203125 0.4416236234375 0.7067292046875 0.4720505484375 0.718366621875 0.4890651703125 0.7111582640624999 0.4326549984375 0.178435025 0.5282014875 0.150056590625 0.5642837921875 0.741756 1 0.8607305515625001 1 0.5005791234375 0.9562050015624999 0 0.4795713046875 0
774 0 0.276142203125 0.1027544359375 0.2845144953125 0.09605014843750001 0.20788413437500003 0 0.20663584531249998 0 0.276142203125
575 0 0.2018729296875 0.09605014843750001 0.20788413437500003 0.068525109375 0.0501386703125 0 0.0463811625 0 0.2018729296875
1939 0 0.4546016875 0.0451099265625 0.9702105031249999 0.43628315781250004 0.7129162046874999 0.3791317953125 0.037263534375000004 0.32096855625 0.022332959375 0 0.045208403125000005 0 0.4546016875
1939 1 0.8657239828125001 0.560889021875 0.7477727734374999 0.5563787328124999 0.6738103484375 0.5076956515625 0.65519048125 0.48583717968749995 0.6742621625 0.4881127046875 0.7226811359374999 0.471098084375 0.72988949375 0.4377322375 0.7070696578125 0.045606540625000004 0.9758868265625 0.049579390625000004 1 0.3903869140625 1 0.7412936125 0.9722198078125001 1 0.947098490625 1 0.8657239828125001