2001 0.2039431015625 0.5529450421875 0.3466582375 0.508632690625 0.2711222296875 0.23915183125 0.1235341640625 0.2605388484375 0.2039431015625 0.5529450421875
216 0.10175593125 0.974017390625 0.149215153125 0.9539458265625 0.2196261390625 0.9130216421874999 0.24826298593749999 0.918915246875 0.2761562890625 0.9069960640625 0.316574971875 0.8824307375 0.3681635828125 0.8674717218750001 0.403097425 0.8600463046875 0.4376938015625 0.8367185453125 0.4917874859375 0.8192303000000001 0.5358608671875 0.8118589734375 0.5683582453125 0.7929708890625 0.6104012390625 0.7760473390625 0.661583771875 0.759177878125 0.6990913 0.7352313359375 0.6859651859375 0.6162190796875 0.664437490625 0.6008273421875 0.691924715625 0.5869977171875 0.713589634375 0.5744056609375 0.7402647046874999 0.5567551453124999 0.788942159375 0.5424149140625001 0.7655268859375 0.40362533906250003 0.7319484968750001 0.388798296875 0.7500959390624999 0.331028446875 0.734321940625 0.3283910359375 0.699388096875 0.3358164546875 0.6777917890625 0.3344166140625 0.654571171875 0.32537499687500004 0.629589021875 0.3366753921875 0.600952175 0.3307817890625 0.571028484375 0.33314874687499996 0.5460463343749999 0.34444914375 0.521064184375 0.355749540625 0.49865572187499996 0.3505288125 0.47868372499999995 0.35677075 0.4578995703125 0.3591918 0.47055658593749994 0.4044236828125 0.4526835875 0.40622594687499997 0.42445281718750005 0.4022427875 0.3974402796875 0.4039909625 0.387826053125 0.4160183234375 0.3614884484375 0.4495711796875 0.36135122656249996 0.4775549734375 0.3583028515625 0.5061575515625 0.026700201562499998 0.6065932546874999 0.10175593125 0.974017390625
1790 0.8137870875000001 0.5590983109375001 0.8117566999999999 0.5495460875 0.7827137750000001 0.5417420390625 0.74527485625 0.5516966859375 0.7327494765625 0.5643428328125 0.72313525 0.5763701953125 0.7280767890625001 0.5853036328125001 0.76463494375 0.58551999375 0.8008556296875 0.5698340125 0.8137870875000001 0.5590983109375001
589 0.42654622656249996 0.48366493750000006 0.4091479171875 0.47338575 0.3849093125 0.5024989328125 0.3822670140625 0.5330119546875001 0.40386332031250005 0.5344117953125 0.45030455625 0.55249503125 0.46351045781250005 0.48579174218750004 0.42654622656249996 0.48366493750000006
407 0.4498367609375 0 0 0.09687070625000001 0 0.206762959375 0.2814169796875 0.17306732656249998 0.5671388281249999 0 0.4498367609375 0
1939 0.576768234375 0 0.28182305625000004 0.17497777187500002 0.2924496828125 0.2106574328125 0.2728837625 0.21880981562500001 0.3473331703125 0.540437371875 0.9577036921875001 0.7781027640625 0.9256570953125 0.1120067046875 0.9018493359375 0 0.576768234375 0
1194 0.9210083171875001 0.805870196875 0.963863465625 0.7927675359374999 0.9583953890625001 0.552321975 0.8221830812500001 0.541339615625 0.6710719515625 0.6034106625 0.6867773406250001 0.62003996875 0.7047077749999999 0.7759694546875 0.7146594687500001 0.779844434375 0.7163523890625 0.773494315625 0.7499993890625001 0.7743294609375 0.7703088515625 0.7839898640625 0.781478778125 0.7935961765624999 0.8097095484375 0.7975793375 0.8495163218749999 0.813079253125 0.8872240953125001 0.83301884375 0.8923028593750001 0.8139684890625001 0.9210083171875001 0.805870196875
1050 0.8213190812500001 0.2939251515625 0.81644615 0.2709998171875 0.8088623109374999 0.2925794015625 0.771423390625 0.3025340484375 0.732354575 0.390708740625 0.7701309609375 0.3966564359375 0.8200266484375 0.3880475390625 0.8197522046874999 0.44401512500000007 0.8056025140624999 0.44901949375 0.8250998234375 0.45485900625 0.827936778125 0.5540939421875 0.816223553125 0.570560978125 0.810332634375 0.58579044375 0.83775125 0.5859527140624999 0.8764084015625 0.5817294015625001 0.8827053953125 0.5684103796875 0.856167546875 0.5580771015625 0.8309221296875 0.4536214375 0.8475768968749999 0.4460878390625 0.830990740625 0.43962954062500004 0.8320773406249999 0.38748284375000003 0.8620010312499999 0.385115884375 0.9156886390625001 0.3657171953125 0.8479255406249999 0.2902665328125 0.8213190812500001 0.2939251515625
1343 0.9226717437499999 0.212479209375 0.8990562234375 0.0298034984375 0.7862647796875 0.0717488921875 0.812453984375 0.23790347656250002 0.9226717437499999 0.212479209375
1340 0.34674361249999996 0.237055321875 0.37043333125 0.3198773125 0.43237971093749994 0.3107037203125 0.404154528125 0.2208587375 0.34674361249999996 0.237055321875
1050 0.345313959375 0.3591615015625 0.33705518749999996 0.3489364046875 0.34030380625 0.3642199609375 0.3224308078125 0.366022225 0.3043519765625 0.40980017812499997 0.3434152046875 0.4074873109375 0.353161065625 0.4533379796875 0.3635874484375 0.44513150625 0.355465896875 0.406922615625 0.3941916609375 0.38870740625 0.360275803125 0.35797802343749996 0.345313959375 0.3591615015625
1196 0.005446946875 0.5352339328125 0.020471815625 0.6059203796875 0.12947134062500001 0.5747647796875001 0.1264285546875 0.517505534375 0.1023957796875 0.5046430265625 0.005446946875 0.5352339328125
1939 0 0.5096080578125 0.027375134375 0.6383979375 0.2178869578125 0.5899163625 0.20434917968750002 0.5548554859375 0.12062301093750001 0.2611576328125 0.270716153125 0.2372413859375 0.2674675328125 0.2219578296875 0.2924496828125 0.2106574328125 0.2730895953125 0.1768341265625 0 0.2070393046875 0 0.5096080578125
1939 1 0.46176256875000005 0.9301239484374999 0.13302159375 0.98159365625 0.9048108875 1 0.9008984984374999 1 0.46176256875000005
819 0.5292547828124999 1 0.9695429624999999 0.9053755828125001 0.9647442312500001 0.782596528125 0.33568855625 0.5429125109374999 0.331221703125 0.521897621875 0.027512356249999998 0.61041414375 0.10535057343750001 1 0.5292547828124999 1
389 0.5243700812500001 1 0.6347603015625001 0.976535834375 0.8866807968750001 0.8590921921874999 0.6773577703125 0.7618152874999999 0.102499475 0.9918301749999999 0.10504877812499999 1 0.5243700812500001 1