1650 0.898914396875 0.823107053125 0.9205694734375 0.7408761484374999 0.913759528125 0.717478459375 0.9055043312500001 0.6804132875 0.9240666718749999 0.6201883390625 0.938715496875 0.6357114640625 0.9787366093750001 0.6144073296875 0.9921424140624999 0.5669220453125 0.9830605125 0.5117881953125 0.964075928125 0.455262615625 0.9329226343749999 0.4374199390625 0.9378710109374999 0.40221040625000004 0.94158229375 0.375803259375 0.6544045546875 0.335443059375 0.6502769546875 0.3169104734375 0.565280428125 0.32291748125 0.4107569765625 0.296712503125 0.330916984375 0.289979846875 0.28140358125 0.2830211921875 0.2294159890625 0.2936673015625 0.1576230359375 0.30152995 0.14710180781249999 0.30453941093750003 0.1347249390625 0.3207524453125 0.13163220312499999 0.342758403125 0.08108986406249999 0.3670719984375 0.054272326562499994 0.3902317734375 0.04602305625 0.42497739531249995 0.057579148437500005 0.462506478125 0.082130653125 0.4794213359375 0.0608859671875 0.5347811828125 0.062128989062499994 0.59778959375 0.0625453046875 0.6427293281249999 0.05429603281249999 0.6774749484375 0.045220059374999996 0.69415189375 0.05326709843750001 0.7087472 0.041716934375 0.743028909375 0.0576028546875 0.7497496531250001 0.077408215625 0.752533115625 0.085449328125 0.6953176265625001 0.1739549078125 0.712244396875 0.42523913437500005 0.7924413171875 0.7450154203125 0.8643116796875001 0.8104147453125 0.8779910765625001 0.8401227875 0.8821662703125 0.8580725062500001 0.89815330625 0.852297425 0.9152941609375 0.8659173156250001 0.9620895390624999 0.8931452421875001 0.9120587015625 0.898914396875 0.823107053125
1341 0.786826978125 0.0398852390625 0.7688891124999999 0.1675197890625 0.8580132390624999 0.18004536875 0.873268759375 0.047545717187499996 0.786826978125 0.0398852390625
1341 1 0.06535663124999999 0.9590919906250001 0.0596073859375 0.9522879718749999 0.108020490625 1 0.11264588906249999 1 0.06535663124999999
2001 0.318004128125 0 0.282022128125 0.27862 0.4800757421875 0.3064546203125 0.48790869687500005 0.2267692640625 0.51821750625 0.011110884375000001 0.43915945624999997 0 0.318004128125 0
581 0.5221369453125 0.007173603125 0.4765666921875 0.2835208421875 0.4800757421875 0.3064546203125 0.5196864640625 0.31202154375 0.5368094796875 0.3099399046875 0.5601061125 0.1202247640625 0.57495124375 0.01459616875 0.5221369453125 0.007173603125
1800 0.060642248437500004 0.081446553125 0.027448862499999997 0.34158075625 0.12503041718750002 0.3418305828125 0.159258665625 0.12223492031250001 0.10747330468750001 0.0835401046875 0.060642248437500004 0.081446553125
126 0 0.9256671234375 0.2005879953125 0.9538579281249999 0.173556371875 0.8827370421875 0.1382754796875 0.8463617781250001 0.10980453125 0.8333842031250001 0.06565582187499999 0.8361557515625 0.027490350000000004 0.8442563125 0 0.832626165625 0 0.9256671234375
589 0.4524315 0.3115457203125 0.421087828125 0.48666555625 0.5485855828124999 0.5135604421875 0.6139849078124999 0.527239840625 0.6329576359375 0.44014383281249997 0.64367516875 0.31598265312499996 0.4524315 0.3115457203125
589 0.9292054249999999 0.3920162921875 0.8776282234374999 0.37579134375 0.8318320281249999 0.41423633593750003 0.8248198515625 0.44017957343749997 0.7854232140625 0.5288933109375 0.766860875 0.589118259375 0.7961585265625 0.6201645109375 0.8299941671875001 0.642872290625 0.883623315625 0.5247419437499999 0.9292054249999999 0.3920162921875
589 0.7235210890625 0.3945261015625 0.68639048125 0.4431652078125 0.648849484375 0.5186753703125 0.6899113859375 0.609720571875 0.7540676890625 0.5603915578125 0.7963548312500001 0.49901279218749994 0.81800990625 0.416781884375 0.76684309375 0.373685878125 0.7235210890625 0.3945261015625
589 0.2711082921875 0.5239329015624999 0.39406213125 0.48735546406249997 0.346184359375 0.3011017796875 0.2356073875 0.32146618125000004 0.2711082921875 0.5239329015624999
589 0.19910718125 0.50932568125 0.26161599999999996 0.4956701109375 0.23106939999999998 0.32980465468750003 0.263870178125 0.31197389062499997 0.2570602328125 0.2885762015625 0.14256382031249998 0.3128778828125 0.1685665078125 0.41527101875000005 0.19910718125 0.50932568125
874 0 0.6325619890625 0.03737525 0.6302156609375 0.0575910015625 0.606128065625 0.05717468437499999 0.5611883296875 0.06397870312500001 0.5127752250000001 0.0656261875 0.477101784375 0.042103615625 0.42891467499999997 0.0621112078125 0.3823572109375 0.0862464 0.3543323328125 0.030131207812499998 0.3464458578125 0 0.5803955921874999 0 0.6325619890625
1939 0.078165909375 0 0 0.51778736875 0 0.584569809375 0.0957564703125 0.5980275046875 0.9568852296875001 0.8177899546875 1 0.5110124234375 1 0.06535663124999999 0.5349634046875 0 0.078165909375 0
819 0.931277278125 1 0.9568852296875001 0.8177899546875 0.09513792343750001 0.602428696875 0 0.589057934375 0 0.92493015625 0.5920963734375 1 0.931277278125 1
389 0 0.925148596875 0.3596494328125 0.9717244328125 0.48445891406249997 0.9219434234375001 0.62350090625 0.8427458046874999 0.028091117187499997 0.624422740625 0 0.6315863171875 0 0.925148596875