407 1 0.057637368749999994 0.560934671875 0.0037269234375000002 0.669866296875 0.1559145109375 1 0.25877034375 1 0.057637368749999994
1939 0.0612692671875 0 0 0.51936765625 0 0.6409018015625 0.6053523171874999 0.6539870140625 0.6198007234375 0.4542590890625 0.6660161671875 0.1599195953125 0.557626184375 0.00332069375 0.5305813046875001 0 0.0612692671875 0
1716 0 0.9282639953125 0.15772664218750002 0.9079951718749999 0.232138284375 0.9036983078124999 0.26175265468750003 0.5804535296875 0.247259509375 0.507028853125 0.2618838296875 0.38792331406249997 0.0380486234375 0.3783510921875 0.0382831765625 0.48584760625 0 0.5952654109375 0 0.9282639953125
575 0.23869662187500001 0.8776366421875 0.45699813593750005 0.8775737687499999 0.4883547078125 0.5948433 0.2678279875 0.5856773078125 0.23869662187500001 0.8776366421875
1939 1 0.2633058828125 0.6726331421875 0.1607320578125 0.5948852140625001 0.6571796359375 0.88638998125 1 0.9324916640625001 1 1 0.468908471875 1 0.2633058828125
819 0.8856747453124999 1 0.5882682406249999 0.6563671734375001 0 0.640656725 0 0.9334069890625001 0.5423565499999999 1 0.8856747453124999 1
2036 0.9103452265625 1 0.5983835156249999 0.4919297796875 0.258209615625 0.472550784375 0.2650611421875 0.5808597609375 0.48997963125000005 0.58160935 0.68600130625 0.9818147875 0.69108550625 1 0.9103452265625 1
1606 0.736725796875 0.7328071484375 0.6769384765625001 0.617998475 0.5479661140625 0.6290295875 0.6055868703125 0.7614835281250001 0.7070080515625 0.756025196875 0.736725796875 0.7328071484375
783 0.708998703125 0.657757546875 0.6996148828125001 0.6521275375 0.688064496875 0.6641427921874999 0.7079154203125 0.6665801796874999 0.717299240625 0.6722101875 0.7239162140625 0.67302265 0.731616471875 0.66501248125 0.7431668578124999 0.652997225 0.737574528125 0.616488003125 0.7237403 0.5924002640625 0.7304745500000001 0.6469609859375 0.7227742921875 0.65497115625 0.708998703125 0.657757546875
256 0.8571491703125 0.8461053515625 0.8829581515625 0.800018259375 0.8680406390625001 0.7847531562500001 0.8635902296875001 0.7662954281250001 0.865756796875 0.7486501624999999 0.8848901640625 0.67487648125 0.90402353125 0.6011027984374999 0.8874224578125001 0.5721975140625 0.8576460734375001 0.5685414328125 0.8494041749999999 0.5809629203125 0.840620634375 0.5977957234375 0.83682914375 0.6286749375 0.8121620843749999 0.6928135234374999 0.8313540906249999 0.6459139703125001 0.8166124921875 0.7112712515624999 0.80007005625 0.7092400953125 0.7692103890624999 0.7144066484375 0.7510430296874999 0.725609440625 0.7422594890624999 0.74244224375 0.7412348421875 0.7781390046875 0.7396685578125 0.8182470828125 0.7347351453125001 0.8310748 0.76962085625 0.9025255484375 0.8324234734375 0.8833698109375 0.85774945 0.8685681640625 0.8571491703125 0.8461053515625
839 0.9229444765625001 1 0.9307707203125 0.9850017640625 0.9438287546874999 0.906004303125 0.938236425 0.869495078125 0.9348693000000001 0.8422147203125 0.959477721875 0.751202003125 0.9577941578125 0.7375618234375 0.939568159375 0.7218904875 0.8998663125 0.7170157140625 0.8873499203125 0.7916018578124999 0.8830167875000001 0.8268923890625001 0.8653910687499999 0.8336838656250001 0.8621412203125001 0.8601517624999999 0.84511578125 0.8894060515625 0.8197898046875001 0.9042076984375 0.8248404921875 0.9451282375 0.84697525625 0.9836686171875 0.8695930265625 0.9909235515624999 0.9131776796875 1 0.9229444765625001 1
774 0.276684065625 0.3494401609375 0.29395795625 0.1814039140625 0.0485882640625 0.15575412500000002 0.027464245312500003 0.3277954578125 0.276684065625 0.3494401609375
575 0.067712465625 0 0.0485882640625 0.15575412500000002 0.293416315625 0.1858152296875 0.3156822546875 0.03182539375 0.1155658546875 0 0.067712465625 0
575 0.589306784375 0.3743919390625 0.621204996875 0.0872501546875 0.314598971875 0.040648025 0.28715116875 0.3462475375 0.589306784375 0.3743919390625
575 1 0.27425420312500004 0.8331827281249999 0.2207454609375 0.771991134375 0.47294572187500006 0.9719354765625001 0.6497417296875 1 0.40298008750000003 1 0.27425420312500004
1373 0.782882603125 0.4115935265625 0.7861324515625 0.385125628125 0.7893823015625 0.35865773125 0.762914403125 0.35540788125 0.748597171875 0.362605590625 0.7188207875 0.35894950937500003 0.6940364531250001 0.369339840625 0.676410734375 0.37613131875 0.6907866046875 0.3958077375 0.7090126031249999 0.411479075 0.702454265625 0.4375407390625 0.726755596875 0.458435853125 0.7354804984375 0.4147289234375 0.782882603125 0.4115935265625
575 0.5663283078125 1 0.5957786828125 0.814013090625 0.49497168125 0.5956557625000001 0.45368965 0.8771675374999999 0.49080056406250006 0.9578471499999999 0.5134769703125001 0.9919762125 0.5520068046875 1 0.5663283078125 1
743 0.677994490625 1 0.6661503828125 0.9793774015625001 0.6023956578125 0.8148255531249999 0.5697600578124999 1 0.677994490625 1
811 0.3716641859375 0.423791753125 0.3451962890625 0.42054190468749997 0.3392968703125 0.4959405125 0.362997921875 0.4943728140625 0.3716641859375 0.423791753125
811 0.4020408515625 0.449910646875 0.3944578703125 0.5116690734375 0.4176172796875 0.5145126906249999 0.42465861875 0.45716558125000006 0.4020408515625 0.449910646875