407 0.48148006875 0 0 0.109465025 0 0.209874128125 0.0345142734375 0.2174702859375 0.8416464578125 0.00718204375 0.8441756328125001 0 0.48148006875 0
959 0 0.5477042328125 0.02162450625 0.6395203015625001 0.0440159578125 0.6309298140624999 0.10538221249999999 0.613341284375 0.047644775 0.3632529671875 0 0.3634303375 0 0.5477042328125
504 0.15449234843749998 0.781606534375 0.15627164375 0.7726432171875001 0.1526156671875 0.751250678125 0.1544881703125 0.7371343203125 0.15186374062500002 0.7257666703125001 0.145024090625 0.7239247140625 0.1370596859375 0.7172109078125 0.118313765625 0.636013403125 0.0843040203125 0.63873365 0.108302978125 0.7871386703125001 0.12760396406250002 0.7929457281250001 0.14343747812500002 0.7892902734375 0.15449234843749998 0.781606534375
575 0.6808072593750001 0.3162852875 0.9048191671874999 0.26969958437499997 0.925336028125 0.2529893453125 0.893465871875 0.0927174796875 0.45912135625 0.1895727984375 0.5039272421875001 0.41698899687499996 0.5313936734375 0.574856528125 0.724301975 0.5491357125 0.6808072593750001 0.3162852875
1228 0.5338295984375 0.57429415 0.5898809468749999 0.8281927453125 0.7759496 0.8006299734375 0.7250518125000001 0.5523836140625 0.5338295984375 0.57429415
579 0.094884496875 0.56787068125 0.27373858125 0.5368420031250001 0.2661449171875 0.4872799328125 0.419701409375 0.446697103125 0.432355428125 0.5070644468750001 0.511148078125 0.48716322187500005 0.45518575781250004 0.1836393765625 0.0006993 0.2988288828125 0.01044926875 0.3632876921875 0.0497057828125 0.3610666390625 0.094884496875 0.56787068125
774 0.26464524375 0.4807841328125 0.28132806875 0.541931859375 0.42982629687499996 0.5127798625 0.4220441265625 0.4512877640625 0.26464524375 0.4807841328125
1716 0.35217511562500003 0.715441790625 0.301399784375 0.773347884375 0.46592002812500005 0.752470459375 0.477813765625 0.6984093687499999 0.35217511562500003 0.715441790625
1869 0.180349184375 0.7602424531249999 0.16676518125 0.7736416078125 0.2557717453125 0.770197890625 0.2663564015625 0.743807134375 0.180349184375 0.7602424531249999
578 0.5323561156250001 1 0.5926132078124999 0.990060103125 0.5702113093750001 0.8874700578124999 0.5966315671875 0.8796599546874999 0.5705736921875 0.7556773671875 0.46929429375 0.7670860109375 0.5141971203125 1 0.5323561156250001 1
706 0.51050066875 1 0.46564040625 0.7679295765624999 0.2957801859375 0.7934608453124999 0.3434635078125 1 0.51050066875 1
575 0.3400798859375 1 0.2941873046875 0.7921180828125001 0.21117734531250001 0.7993088953124999 0.251711634375 1 0.3400798859375 1
575 0.25062273125 1 0.2123021015625 0.8041807453125 0.1334204234375 0.873707221875 0.1648889859375 1 0.25062273125 1
707 0.1628664671875 1 0.132202459375 0.8739884109375 0.0833928390625 0.9126251078125 0.10417669062499998 1 0.1628664671875 1
857 1 0.7961482265625001 0.9148529359375001 0.3631714890625 0.9039844796875001 0.36054914843749997 0.7178226203125 0.393264959375 0.8103384421875001 0.8440058890625 1 0.813666315625 1 0.7961482265625001
426 1 0.8201705562500001 0.8073411828125 0.85325039375 0.821590171875 0.9371966046875 1 0.8944860765625 1 0.8201705562500001
426 0.7874872203125001 0.9450698921875 0.7694911359375001 0.8671202875 0.575083159375 0.8863453015625 0.5934562515625 0.9881549656249999 0.7874872203125001 0.9450698921875
657 0.7092371015625 0.7561640281249999 0.683365640625 0.6218753640625 0.6745581921875 0.6170666953125 0.643827415625 0.617319428125 0.6097244640625 0.6251927140625 0.6115058484375 0.6384655031250001 0.6318488296875 0.7654779828125 0.6553650375 0.761759346875 0.6845961390624999 0.7550108140625 0.7092371015625 0.7561640281249999
2036 0.5661699687499999 0.753273034375 0.5583878 0.6917809359375 0.16891730625 0.7440661328125 0.060241103124999994 0.8067871625 0.0728951234375 0.86715450625 0.0842358828125 0.9107199703125 0.2059305765625 0.7988097 0.5661699687499999 0.753273034375
1939 1 0.7655767171875001 0.8408034140625 0.00908718125 0.033296310937500004 0.21775147499999997 0.0430462796875 0.282210284375 0.20642446875 1 0.528109240625 1 1 0.894128703125 1 0.7655767171875001
1939 0.210043971875 1 0.0288925875 0.2153471421875 0 0.20988644843749998 0 0.5514110390625 0.103564921875 1 0.210043971875 1
1939 0.8462789468749999 0 0.8440823828124999 0.006619665625 1 0.757736678125 1 0.6227416015625 0.9125783546875 0.0865945078125 0.8956258953124999 0 0.8462789468749999 0
676 1 0.45118842968750006 0.9158573249999999 0.084126990625 0.912766859375 0.0985245375 1 0.642174409375 1 0.45118842968750006
657 0.521668775 0.7772309984375 0.5095823562499999 0.7748898484375 0.4828803875 0.7759229624999999 0.4815692171875 0.781357190625 0.4978813015625 0.8853531796875 0.5406984968749999 0.8874416 0.5421939921875001 0.8494651875000001 0.5297284765625 0.8010278734374999 0.521668775 0.7772309984375