2003 0.642317396875 0.079521690625 0.7000461984374999 0.529171271875 0.9885818859375 0.45848069999999996 0.9429248609374999 0.066120296875 0.642317396875 0.079521690625
407 0.469418684375 0 0.1437828484375 0.039983053125 0.9374407390625 0.021455720312500003 0.9348063078125 0 0.469418684375 0
1587 1 0.621765934375 0.80037079375 0.6898088140625 0.7981637234375001 0.7538887640625 1 0.812717884375 1 0.621765934375
473 0.46493625781250003 0.747786828125 0.484584065625 0.743695196875 0.5059007765625 0.73268191875 0.5402336609375 0.7251080046875 0.588845390625 0.71074331875 0.6045900234375 0.6953766578125 0.5914314890625 0.5676952265625 0.5782122000000001 0.5626016203125 0.55775193125 0.5600762765625 0.5300506796875 0.5601191953125 0.48310785312500004 0.5675622328125 0.42188618125 0.5817960421875 0.36416145312500003 0.6039963953124999 0.39094550625 0.74007991875 0.42254993125 0.75131203125 0.44797293125 0.753228028125 0.46493625781250003 0.747786828125
1822 0.7114143171875 0.90894999375 0.706089334375 0.88609525625 0.6985300796875 0.845043840625 0.7026803484374999 0.8378175203125 0.7359976546875 0.8219723875 0.756095671875 0.8010336484374999 0.7662682265625 0.7813136015625 0.7685904546875 0.7591990875 0.7518742234375 0.7461389359374999 0.7248262984375 0.730988990625 0.6824839484375 0.714358596875 0.6204937937499999 0.701819834375 0.6010491015625 0.7075657078125 0.577047909375 0.7172294171875 0.5305113140625 0.7279809421875 0.484584065625 0.743695196875 0.4357692203125 0.7564056390625 0.41323381562500006 0.7574934546875001 0.41734010625 0.7704227296874999 0.4290936078125 0.784092228125 0.4519912640625 0.8064684953125001 0.476557825 0.821923115625 0.4810263671875 0.8583164734375 0.4730880828125 0.8962332 0.5055049703125001 0.9140822875 0.5286497203125 0.9179572 0.5552914140625 0.9297986578125 0.575098359375 0.94751686875 0.6215909749999999 0.956920940625 0.6741058796875 0.9538312875000001 0.7092952046875001 0.93271875 0.7128361265625001 0.9205296984375 0.7114143171875 0.90894999375
1961 0.1515764921875 0.6368152765625 0.12098764531249999 0.633854384375 0.0928801640625 0.630588815625 0.0335305109375 0.6395552203125 0.016160953125 0.6416879343749999 0.025910499999999996 0.7210916265625 0.057558903125000005 0.7121681421875 0.07659736406249999 0.70311378125 0.11776499843749999 0.6896631156249999 0.1465258046875 0.6777358171875 0.16019530312500002 0.665982315625 0.168902071875 0.6548381609375 0.1515764921875 0.6368152765625
1147 0 0.4169379203125 0.0104632921875 0.410660259375 0.041502348437499996 0.39677404374999997 0.058262559375 0.3896786 0.08995494062500001 0.36059951875 0.1140001109375 0.3307802140625 0.11900682031250001 0.310015271875 0.1209228171875 0.2845922703125 0.12076368125 0.2627824296875 0.115032465625 0.2366192078125 0.1049478671875 0.2160280609375 0.0853440390625 0.19996409531249998 0.065333978125 0.180591640625 0.045933265625000004 0.16618191875 0.01371949375 0.149987075 0 0.1460559984375 0 0.4169379203125
1849 0.2439900046875 0.9176461734375 0.291542178125 0.91516586875 0.3124526578125 0.900844103125 0.22131224062500002 0.794491925 0.1919420875 0.8014564937499999 0.164691046875 0.7846523046875 0.038909896875 0.826963215625 0.072890953125 0.9806340718750001 0.12711873906249999 0.950467175 0.175933584375 0.937756734375 0.209657121875 0.9252200890625 0.2439900046875 0.9176461734375
1864 0.416741184375 0.9501688546875 0.42463549062499995 0.932407725 0.410779653125 0.8400747578125 0.3976043421875 0.8148255531249999 0.3641278984375 0.8088608453124999 0.32918566718750003 0.811472028125 0.2919651875 0.8160421296875 0.2729267265625 0.8250964906249999 0.2667013234375 0.8359359718749999 0.2902083265625 0.8632749703125 0.304805446875 0.9001038781249999 0.29463289062500003 0.9198239265625 0.28921995 0.9372803812500001 0.282747453125 0.9666212156249999 0.3265555890625 0.9746757171875 0.3464065125 0.9722383296875 0.38570212812500004 0.9640550703124999 0.416741184375 0.9501688546875
1828 0.6541189484375 0.544885528125 0.6197860656249999 0.5524594421875 0.6028227390625001 0.55790064375 0.6015600671875 0.568130778125 0.602778759375 0.5780562390624999 0.613110453125 0.5801460328125 0.6182762984375 0.5811909296875 0.6428868375000001 0.5764899515625 0.6825886828125001 0.571615178125 0.680557528125 0.55507274375 0.67230096875 0.5493697890625 0.6663226609375 0.54170791875 0.6541189484375 0.544885528125
1825 0.6969659109374999 0.7092220703125001 0.7186448734375 0.7216728765625 0.7209231234375 0.7197139578125 0.713726121875 0.7021266265625 0.6913938328125 0.7048686859375 0.6855034812499999 0.6568956218750001 0.683746621875 0.7041284625 0.67133979375 0.7056518296875 0.6969659109374999 0.7092220703125001
1939 1 0.5492256531249999 0.9376438546875001 0.0231099640625 0.1340605015625 0.042855990625 0 0.0593165515625 0 0.5100675390625 0.0577996453125 0.98080786875 0.7960885906249999 0.757501925 0.80037079375 0.6898088140625 1 0.6167869265625 1 0.5492256531249999
819 1 0.815912946875 0.7966979375000001 0.7624646562499999 0.06089035625 0.9854659265624999 0.062150317187500005 1 0.5107122359375 1 1 0.9390845921875 1 0.815912946875
1461 0.8569927328125001 0 0.707892453125 0.0597158046875 0.71118628125 0.06602810625 0.8777768921875 0 0.8569927328125001 0
931 0.887038596875 0.2879176984375 0.8791882687499999 0.2855232296875 0.8690596921875 0.28508768125 0.8626311734375 0.29427291875 0.8675939046875 0.293663571875 0.8781287125 0.297407609375 0.8839039062499999 0.3034152375 0.8876039640625001 0.313036025 0.8875599859375001 0.333191621875 0.8952511765625 0.3137762484375 0.8985889828125 0.299932953125 0.8973702890625 0.2900074921875 0.887038596875 0.2879176984375
543 0.050098029687500004 0.8155143875 0.267080353125 0.75696783125 0.3144733890625 0.7326776828125 0.3237895046875 0.726496259375 0.3020393609375 0.651924421875 0.19380368125 0.611480234375 0.0209205671875 0.63942434375 0.050098029687500004 0.8155143875