1146 0.4876937734375 0 0 0.059881265625 0 0.42674062656249995 0.013928315625000002 0.53387728125 0.6609703984374999 0.43423542812499993 0.6594977375 0 0.4876937734375 0
1089 0.4278495890625 0.6558342203125 0.40732259062500004 0.6538668234375 0.3773463640625 0.6575474421874999 0.3678971375 0.66319545625 0.384799025 0.7733150234374999 0.39533394843749997 0.776509290625 0.42449590312499996 0.7661969625 0.440335090625 0.7575204640625001 0.451288646875 0.7090536953125001 0.46325429375000005 0.6963650125 0.45918293437499996 0.66320645625 0.4278495890625 0.6558342203125
1960 0.112073315625 0.5622167390625 0.059053671875000005 0.5709706296875 0.0190853703125 0.5758781203125001 0.035048771875 0.6232837984375 0.064753575 0.6173926109375001 0.1039076046875 0.605853409375 0.14000236562499999 0.5969337343750001 0.17555427968749998 0.5835929203125 0.188062775 0.575325378125 0.176985003125 0.56770996875 0.1459230828125 0.5625483046875 0.112073315625 0.5622167390625
783 0.0311246234375 0.5362536343750001 0.03105101875 0.5631894375 0.0563394328125 0.548864925 0.05083735 0.53158931875 0.0311246234375 0.5362536343750001
481 0.3808978703125 0.5763310734375 0.3767529078125 0.5701083203125 0.036948740625 0.6387577921875 0.09752226562500001 0.9118074421875001 0.39049892812500003 0.8197370046874999 0.3581258765625 0.58361491875 0.3808978703125 0.5763310734375
1979 0.8701461609375001 0.953818884375 0.865283525 0.80407483125 0.8572650218750001 0.79383989375 0.8523057859375 0.7809854296875 0.862569284375 0.7819691265625 0.8629143140625001 0.75724389375 0.870734996875 0.73833245625 0.8194175015624999 0.7334139671875 0.7719735437499999 0.7325076609375001 0.722284590625 0.7408525953125 0.6903347921874999 0.755995021875 0.6755813015625 0.7735138046875 0.67190558125 0.7986479937500001 0.6718319765625 0.825583796875 0.6958874859375 0.8562886093750001 0.722459415625 0.8799527546875 0.699613815625 0.9141724 0.7051158984375 0.9314480062499999 0.733316371875 0.9683755734374999 0.8701461609375001 0.953818884375
474 0.86923066875 0.7811512109375001 0.8564507499999999 0.7872081828125 0.864469253125 0.7974431203125001 0.871673484375 0.8010463453125001 0.8708362171875 0.9043684187500001 0.892421296875 0.72220633125 0.8715492687499999 0.7449641687499999 0.86923066875 0.7811512109375001
1460 0.8524152359375 0 0.760835921875 0.036023171874999996 0.7503009984375 0.0328289046875 0.748870275 0.0487118546875 0.7621930421875 0.047076025 0.9102510531249999 0 0.8524152359375 0
581 0.904361090625 0 0.9054863921875 0.0025550484375 0.88964720625 0.011231546875 0.8760530140625 0.010656806250000001 0.8616445515625 0.0034503546874999997 0.8602138281249999 0.01933330625 0.83356829375 0.022604965625 0.8260926375000001 0.01679116875 0.8080084546874999 0.0347189078125 0.786938609375 0.028330371875 0.772456540625 0.0480597234375 0.7524816296875 0.6563645671875 0.77130648125 0.6720043437500001 0.7946213249999999 0.669141640625 0.79624986875 0.6824050625 0.8012091031249999 0.6952595296874999 0.8153461421875001 0.7002554109375 0.8325424484375 0.7026317625 0.8525266 0.7001780171875 0.8741392937500001 0.710987696875 0.8974541359374999 0.70812499375 0.935014240625 0 0.904361090625 0
1939 0.725442746875 0 0.72406034375 0.7002444109375 0.7371116859375 0.696398009375 0.74271036875 0.576784028125 0.852351775 0.5610778609375 0.8987100359375001 0.553141884375 0.9289069718749999 0 0.725442746875 0
1594 0.8493937265625 0.72973335 0.8796413765625 0.728263303125 0.8897070578124999 0.7001006265624999 0.7539123546875001 0.640481615625 0.7376545343750001 0.7008191515625 0.7559365359375 0.7120377859375 0.8493937265625 0.72973335
676 0.93588363125 0 0.8795953875 0.9481708718749999 1 0.936497178125 1 0.49695395312499996 0.938981728125 0 0.93588363125 0
1939 0.653115753125 0 0.6561629921875001 0.6704349046875 0.7212725 0.7050745093749999 0.7029333703125 0 0.653115753125 0
1939 0.5368805625 0 0 0.0624287265625 0 0.44797551562500004 0.045339887499999995 0.8172392609375001 0.5414887484375 0.7002224125 0.613678271875 0.6823830656250001 0.6497730328125 0.673463390625 0.6434396203125 0 0.5368805625 0
819 1 0.7738880546875 0.8848720359375 0.7433283375 0.734866690625 0.70564925 0.7184846546875 0.7099046078125 0.6464423421875 0.6738723484375 0.045611310937499996 0.81944983125 0.070439990625 1 0.4940311515625 1 1 0.9378748375000001 1 0.7738880546875
1506 0.5050259625 0.843821103125 0.48306824062500003 0.8577366578125 0.5109972890625001 0.8924536546875 0.5907130781250001 0.963446084375 0.6206157 0.9867012687500001 0.7266549890625 0.9691934890624999 0.6937667046875 0.9216220265624999 0.70437523125 0.8978804921875 0.722459415625 0.8799527546875 0.6964303328125 0.8607097515625 0.672917671875 0.8344260796875 0.6663298921874999 0.8083081906249999 0.6577685421874999 0.7936521125 0.63581081875 0.80756766875 0.5411207250000001 0.8349014296874999 0.5050259625 0.843821103125
1506 0.4451038578125 1 0.506286484375 0.99176354375 0.5335484703125 0.965977221875 0.5333506515625 0.936830846875 0.4946152546875 0.8967090125 0.45805125 0.8742717421874999 0.41815655312500005 0.8522434296875 0.377916828125 0.8549403484375 0.32544003125 0.8681153796875 0.10383862031249999 0.9357147625 0.11782038125000001 1 0.4451038578125 1