855 0.7442845453125 0.5884146875 0.7493955 0.5621211015625 0.8835512140624999 0.58819833125 0.9285627734374999 0.374103415625 0.9596746921875001 0.26645489843750003 0.9286574375000001 0.2513300703125 0.7526811578125 0.230767275 0.624731515625 0.8016637359375001 0.6106966625 0.9262752234375 0.6644833375 0.9640173484375 0.7532489906250001 0.5947050421875 0.7442845453125 0.5884146875
183 0.41760276718749995 0.7841411984375 0.43252999374999995 0.7597557015625 0.43436885937499997 0.7328260875 0.421280496875 0.7302819671874999 0.3458872 0.733818365625 0.357001484375 0.7814571859375 0.37407855 0.798420159375 0.39698318593750004 0.8028723703124999 0.41760276718749995 0.7841411984375
291 0.421821346875 0.6576216203125 0.41527716718749996 0.6563495609375 0.41698081875000004 0.6475850328125 0.4023240171875 0.635640353125 0.38923565625 0.6330962328124999 0.3800007828125 0.663136053125 0.363816090625 0.746399071875 0.3989572625 0.7577776671875001 0.41787319375000004 0.7478110250000001 0.421821346875 0.6576216203125
1606 0.8970857640625001 0.6408554468750001 0.7956509546875 0.6211385171875 0.8390805078125 0.7296329 0.919449546875 0.7179680046875 0.8970857640625001 0.6408554468750001
575 0.8352814765625001 1 0.8565090968750001 0.9194822125 0.7522619515625 0.6172523921875 0.667755428125 0.964653378125 0.6736528453124999 1 0.8352814765625001 1
2036 0.7451363703125 0.5840324234375001 0.857360921875 0.9150999484375 0.87825093125 0.860038603125 0.9329435484375 0.6660168625 0.897491403125 0.5863601875 0.748543675 0.566503365625 0.7451363703125 0.5840324234375001
575 0.09985845625 0.54955995 0.0713425625 0.7486699296875 0.0487894515625 0.917104059375 0.1764009859375 0.941909228125 0.22634773749999998 0.6150775578125 0.2345955703125 0.6075850890625001 0.23558260937500003 0.5850377375 0.09985845625 0.54955995
1716 0.34110078593750004 0.49640017500000005 0.180903559375 0.44706962031249997 0.17718528125 0.39632059375 0.1694782984375 0.3311527140625 0.12510225625 0.3498139390625 0.1072544625 0.5464497453125 0.2388547 0.5856737671875 0.235447396875 0.6032028234375 0.23374374375 0.6119673531250001 0.1862172578125 0.9438173187500001 0.23857070781249998 0.9539937984375 0.29330387343750003 0.864580315625 0.30195734375 0.8025925859375 0.31674935937500004 0.796372178125 0.34110078593750004 0.49640017500000005
657 0.335178553125 0.6316842828125 0.3357194046875 0.5590239343750001 0.3010244203125 0.5977583375 0.2838121421875 0.5989604515625 0.26139424375 0.7492294953124999 0.3115978546875 0.71805750625 0.32482143125 0.702436540625 0.335178553125 0.6316842828125
1434 0.23809753906250003 0.4672826875 0.2449121453125 0.43222457500000006 0.24831945000000002 0.4146955171875 0.276199825 0.41101922812499997 0.23935500312500002 0.4084051625 0.2090543625 0.4070631578125 0.20762113593749998 0.3794975125 0.1926939078125 0.4038830078125 0.160689615625 0.41130553125 0.1523065703125 0.43696308593750005 0.1326740265625 0.43314690625 0.15714709843750002 0.446999675 0.174088953125 0.482127734375 0.2068098578125 0.488488034375 0.22487396406250001 0.48290365468749996 0.23809753906250003 0.4672826875
1142 0.2697503078125 0.286973825 0.20004936718750002 0.296164546875 0.193545734375 0.39950074375 0.2091895734375 0.38889807187500003 0.21887063437499998 0.408971246875 0.28274400625 0.4122912890625 0.254011803125 0.42034984218749993 0.25714868125 0.4391509578125 0.2939935046875 0.44176502500000003 0.34903764531250003 0.420629625 0.3637891109375 0.309800959375 0.2697503078125 0.286973825
575 0.24890084843750002 0.4466434265625 0.2389493640625 0.46290042500000006 0.34764496718750004 0.4976722359375 0.32755266875 0.775732915625 0.3632346921875 0.7144511625 0.3901821453125 0.505940625 0.3981190046875 0.43017007500000004 0.351457909375 0.4256479171875 0.28247358125 0.44862146249999996 0.24890084843750002 0.4466434265625
575 0.1766809453125 0 0.17419718281250002 0.0273645328125 0.293425671875 0.0778272578125 0.285624025 0.135432721875 0.307541621875 0.1624322828125 0.3058379703125 0.1711968109375 0.1723988671875 0.1589024046875 0.1628935703125 0.22527239843750002 0.26674864375 0.2500076203125 0.34541403125 0.2471072546875 0.3904144671875 0 0.1766809453125 0
774 0.28405558750000004 0.1260321640625 0.29499410937500004 0.08722781562500001 0.17092509375 0.026728503125000004 0.1487776203125 0.140667371875 0.30498614375 0.1755790765625 0.30668979531249996 0.166814546875 0.28405558750000004 0.1260321640625
1939 0.39759599375 0 0.27376599375 0.7379907921875 0.7416749515625 0.8289430796874999 0.8079685890625001 0.8372814156249999 0.9818221640625 0.1525160296875 0.9978716421874999 0.08741809687499999 0.5481445234375 0 0.39759599375 0
1939 1 0.09250273906249999 0.8062649375 0.8460459437500001 0.8643373015625 1 0.9053767484374999 1 1 0.51320556875 1 0.09250273906249999
1939 0.15765432031249998 0 0.049641278125 0.9127217953125 0.27860652343750003 0.74802738125 0.39753530000000004 0 0.15765432031249998 0
1939 0.091227528125 0 0 0.46932494843750006 0 0.90762035 0.0487894515625 0.917104059375 0.1641404796875 0 0.091227528125 0
819 0.8542293531249999 1 0.8054131124999999 0.8504282078125 0.2884227953125 0.7499354703125001 0.0553336328125 0.91837611875 0.35963805937500004 0.9775269078125 0.475252096875 1 0.8542293531249999 1