685 0.601592140625 0.6009049796875 0.8196327875 0.48948448593749994 0.8554908265625001 0.05094092812499999 0.6447752515625 0.06429333125 0.601592140625 0.6009049796875
1609 0.795475290625 0.507447375 0.6932001296875 0.5721129125 0.848502940625 0.6041035109374999 0.85694906875 0.536248096875 0.8201728062500001 0.5263384578125 0.8184086171875 0.5178189453125001 0.795475290625 0.507447375
576 1 0.045180478125 0.952972421875 0.0410660984375 0.923587840625 0.31956483593749996 0.9373686843750001 0.33415476875 1 0.3396342984375 1 0.045180478125
579 0.0430891875 0 0.038300710937499996 0.054732545312500006 0.0365575953125 0.0746564390625 0.1477579421875 0.0944234078125 0.144105378125 0.1074881140625 0.32159414218750004 0.1297085015625 0.326763653125 0.28575285 0.37202819374999996 0.284693884375 0.3803279328125 0.11811671093750001 0.5102069296875 0.13951784843749998 0.5006408718750001 0.277542671875 0.5277457078125 0.28326010468749996 0.5460683578125 0.002120540625 0.5218304671875 0 0.0430891875 0
855 0 0.9509202984374999 0.19755676718749998 0.9737765312500001 0.29441517500000003 0.9136561890625 0.29653197656249997 0.9038031859375 0.30099400468750004 0.8958283984375001 0.3229846453125 0.12815712031249998 0.0926767140625 0.092950490625 0.034316609375 0.114613171875 0 0.5002046375 0 0.9509202984374999
578 0.54375098125 0.630978228125 0.5739894343749999 0.6152203859375 0.5858796453124999 0.4506303703125 0.5501412734375 0.4575418671875 0.54375098125 0.630978228125
2036 0.48993607031249997 0.6580576609375 0.48761191718749997 0.684622853125 0.8335412046874999 0.775116934375 0.8614942640625 0.5416648484375 0.8277895265625 0.5253318015625 0.9106597390625 0.46733371718749994 0.860268965625 0.4696172265625 0.48993607031249997 0.6580576609375
2036 1 0.43142930625 0.956920021875 0.42620907499999994 0.8282253046875001 0.520350828125 0.9893185531249999 0.5578671234375 1 0.480140915625 1 0.43142930625
575 0.3198965640625 0.507665453125 0.30616125625 0.8511085812499999 0.406464875 0.794635721875 0.40945323437500003 0.774820771875 0.42277722500000003 0.7659482718749999 0.43516417812499997 0.48094333593750005 0.3198965640625 0.507665453125
1720 0.5373795046875001 0.632093828125 0.5445792609375 0.4637473859375 0.44485555000000004 0.41319686562499996 0.437258775 0.3422648453125 0.33326044375 0.3549156 0.3450498015625 0.4496368859375 0.4346452328125 0.47253276875 0.4248319328125 0.7711471359375001 0.415534190625 0.77702581875 0.4139363359375 0.795289390625 0.42557930468749994 0.7912889187500001 0.49309189218749994 0.7654078765625 0.5082000171875001 0.6931162109375 0.486511934375 0.6828535828125 0.4897908109375 0.6597179859375 0.5373795046875001 0.632093828125
2036 0.317882875 0.4589713203125 0.3169702984375 0.5124285375000001 0.43684519999999993 0.47607130781249996 0.341023553125 0.452630703125 0.317882875 0.4589713203125
2036 0.44940074531249996 0.4186136171875 0.53988880625 0.45999095937499995 0.574153509375 0.44123930156249996 0.48389387343749996 0.41159317656249994 0.44940074531249996 0.4186136171875
1142 0.50078613125 0.27588234843750004 0.5113069140625 0.14128711875 0.38406366406250003 0.11844354531250001 0.375244978125 0.27661015 0.50078613125 0.27588234843750004
1527 0.35849797968749997 0.41066065625 0.355738046875 0.442206821875 0.3689999453125 0.4483861875 0.386433353125 0.4499114125 0.4160907671875 0.44079486718750005 0.41511496875000004 0.40892186875 0.39672683750000004 0.40396705 0.38873643125 0.3949028140625 0.38691015 0.40143516874999996 0.3730672140625 0.40189709999999995 0.35849797968749997 0.41066065625
1527 0.4773982109375 0.44281250937500005 0.4985673484375 0.44466456875000004 0.5136555296875 0.4443115796875 0.5177438703125 0.42626590000000003 0.5301131375 0.41396380625000007 0.5599158125 0.4031869375 0.520151190625 0.4130922484375 0.507325071875 0.4019319109375 0.4923821515625 0.400624575 0.48337492812500005 0.40318260937500006 0.47517717031249995 0.41083056406249996 0.4773982109375 0.44281250937500005
1648 0.8683624828125 0.420134325 0.8884316359375 0.42021711718750004 0.8916273468749999 0.383689978125 0.87060346875 0.38017759375 0.8683624828125 0.420134325
657 0.8480261421874999 0.65257975625 0.845576675 0.6088665953125 0.804919421875 0.600290446875 0.779205090625 0.5930216359375 0.7646358546875 0.601785190625 0.7449403875 0.6117732921875 0.7336711046875 0.62584465625 0.7506687328125 0.6323508546875 0.7780640875 0.6347476375000001 0.78759025625 0.64060016875 0.799378484375 0.634939371875 0.8168950578124999 0.6498561390625001 0.8480261421874999 0.65257975625
1939 1 0.0449376859375 0.5983685796875 0.006696217187500001 0.5468778234375 0.0072104578124999995 0.500949078125 0.0015191796875 0.4897418875 0.000538678125 0.44554308750000005 0.649154678125 0.5918176015625 0.655259909375 0.6402300578125 0.0588765796875 0.85922655625 0.0512677625 0.796618553125 0.6664855375000001 0.9824714078125 0.7078410515625 1 0.47153869843749996 1 0.0449376859375
1939 0.0443439625 0 0.0357692046875 0.0980099265625 0 0.5147647421875 0 0.8413367546874999 0.445107309375 0.6541356515625 0.48667036250000006 0.0069620875 0.4235910578125 0 0.0443439625 0
575 0.9527772578124999 1 0.986247028125 0.5642905328125 0.8619300421875 0.536683875 0.83588643125 0.7769951484375001 0.5095905203125 0.69156483125 0.48439852187500004 0.9938528328125 0.5546609625000001 1 0.9527772578124999 1
1648 0.759638325 0.9744343375 0.7760537859375 0.8871997515625001 0.73429655 0.876854334375 0.7220525984374999 0.9594347796875 0.759638325 0.9744343375
819 0.9526417296874999 1 0.9738999640625 0.7054181140625 0.5929175843750001 0.657029178125 0.4488430390625 0.6544624859375 0 0.8423625328125001 0 0.9498004218749999 0.4272625859375 0.9871810546875001 0.5737837984375 1 0.9526417296874999 1