575 0.01975026875 0.1446627875 0.0456427703125 0.3634910953125 0.242530965625 0.335543903125 0.207948040625 0.1250174625 0.01975026875 0.1446627875
575 0.3830408296875 0.0958362578125 0.2098312328125 0.1213006515625 0.239787546875 0.2767944234375 0.40343848125 0.25470786093750003 0.3830408296875 0.0958362578125
575 0.43238385 0.3900713578125 0.5024780484375 0.38448137187500003 0.44806828593750003 0.07590827343749999 0.38796486875 0.0949680171875 0.43238385 0.3900713578125
1142 0.2452904125 0.279208875 0.26076803125 0.41017759062500003 0.42934300312499996 0.38722278593750004 0.41038841406250004 0.2653290421875 0.2452904125 0.279208875
504 0.23042089843750002 0.46122280625 0.22376438593749998 0.42347184374999997 0.20167956562499997 0.42059648125000004 0.1696733140625 0.426240046875 0.17604041406249998 0.462349665625 0.1814659171875 0.5003176890625001 0.1952884234375 0.5571136265625001 0.23337636874999998 0.55716720625 0.24387662968749999 0.551930971875 0.23042089843750002 0.46122280625
575 0.5258386875000001 0 0.57591051875 0.325839046875 0.65056999375 0.295750790625 0.7830869234375 0.255460703125 0.8335583203124999 0.24656123437500002 0.796341471875 0 0.5258386875000001 0
291 0.6444762796875 0.376367028125 0.643465334375 0.3562367515625 0.6299975828125 0.35184197031250003 0.6315873546875 0.3752549375 0.62789031875 0.40467724531249993 0.6232516859375 0.43595795937500004 0.6430785234374999 0.5340046140625 0.6644378046875 0.5471621734375 0.695286403125 0.5349532234375001 0.669377871875 0.43120942500000004 0.653741521875 0.40011898125 0.6444762796875 0.376367028125
291 0.6078113593750001 0.5571469437500001 0.5858159234375 0.432404628125 0.573799246875 0.40744545 0.567428140625 0.40010695937499996 0.5497618875 0.3862982203125 0.5506341359375 0.36245113125 0.5383240390624999 0.3646217328125 0.5362207812500001 0.3886858828125 0.5311500328125 0.4031190140625 0.5226023125 0.4266271171875 0.5272289234375 0.481659784375 0.5396697031250001 0.5810088015625 0.5709504171875001 0.5856474328125 0.5850703515625 0.5865424625 0.60114683125 0.576938234375 0.6078113593750001 0.5571469437500001
578 0.4370677890625 0.5534060890625 0.2789930765625 0.5711246609375 0.3296404609375 0.858360253125 0.4829378453125 0.827945034375 0.4370677890625 0.5534060890625
576 0.53269775 1 0.5970349359375 0.9855262953124999 0.9159398 0.922525253125 0.8795630671874999 0.5938486703125 0.5103335140625 0.6521842921875 0.44684251093749994 0.5584520515625 0.481054653125 0.8316618468750001 0.527122896875 1 0.53269775 1
1720 0.237836234375 0.7696204 0.25490763125 0.89523095625 0.3239175296875 0.8762931390625001 0.2689289390625 0.5644373500000001 0.277839428125 0.5357881484375 0.26090672812500004 0.4541549546875 0.083135859375 0.4753464890625 0.0870329265625 0.5694324828124999 0.14835933750000002 0.607697934375 0.1713617109375 0.7813416515625 0.237836234375 0.7696204
426 0.512655153125 1 0.560178 0.98525565625 0.5338373515625 0.864664275 0.473391203125 0.74500948125 0.39266205625 0.6830872109375 0.317211703125 0.67269785625 0.2553718046875 0.681909521875 0.19389066875 0.7147512140625001 0.1578979671875 0.7481757421874999 0.14131200625 0.776485959375 0.1560107671875 0.7806636828125 0.20735441250000003 0.7479171234375 0.25652545312499997 0.717246034375 0.2727366234375 0.7803902968750001 0.3007330078125 1 0.33337575625000004 1 0.299888184375 0.797603653125 0.287435384375 0.78456801875 0.2670257125 0.7120097984375 0.3051870125 0.70528093125 0.3156139171875 0.70682714375 0.3269010484375 0.7708396468750001 0.3309488328125 0.822589621875 0.3578242328125 1 0.38485928125 1 0.347172025 0.799420503125 0.34036879999999997 0.7752344296875 0.326766359375 0.6980911562500001 0.376365509375 0.713038775 0.3860588625 0.7824094374999999 0.41735559218749996 1 0.4411454734375 1 0.4093013359375 0.791850184375 0.3984423140625 0.773456390625 0.3867924140625 0.7145849859375 0.4164059953125 0.731364221875 0.43892293125000004 0.7510871671875 0.45165713125 0.8233064015625 0.461118396875 0.9993377828125001 0.46274873124999993 1 0.512655153125 1
578 0.0327057609375 0.70763253125 0.046597615625 0.78641715 0.1713617109375 0.7813416515625 0.1518323015625 0.6273940890625 0.0327057609375 0.70763253125
2036 0.51354110625 0.4976123375 0.277839428125 0.5357881484375 0.26979718125 0.5693613875 0.441413 0.5492551546875 0.5182984 0.6541646234375 0.883908278125 0.5896977375 0.8772517640625 0.5519467734375 0.8563246 0.5556367984375 0.6032581031250001 0.49533183125 0.51354110625 0.4976123375
1939 0.8027064046874999 0 0.9226003203124999 0.9315050890625001 1 0.9142824828125 1 0.5007484125 0.9130121953125 0 0.8027064046874999 0
1939 0 0.5289189453125 0.067435396875 0.90459408125 0.4791714609375 0.8353786609375 0.3863831109375 0.014012795312500001 0 0.0906283453125 0 0.5289189453125
1939 0.49471292812499995 0 0.39557900625000003 0.015776065625 0.4723642296875 0.8399637140625 0.8942417921875 0.7418820296875 0.8358616078125 0.34600538593749997 0.8242890703124999 0.251580409375 0.7949064031249999 0 0.49471292812499995 0
819 0.51527271875 1 0.9176762828125 0.9323733296875 0.896124984375 0.738165215625 0.07293826249999999 0.907008534375 0.0878862703125 1 0.51527271875 1
1047 0.8785040375 0.918971921875 0.84968935 0.8851280421875 0.759246815625 0.897690746875 0.7540253484375 0.9544598953125 0.7806020890625 0.9396194328125 0.8785040375 0.918971921875
1175 0.5124447859375 0.5705778890625 0.515049509375 0.58535000625 0.5427839046875 0.5770749265624999 0.534610975 0.50912855 0.5016631265625 0.5166305234374999 0.5027474265625 0.529978353125 0.4928993484375 0.531714834375 0.49941315781249995 0.5542595609375 0.5124447859375 0.5705778890625