407 0.48253961562500003 0 0.2406698515625 0.01691318125 0.4904962609375 0.18489536875 0.874907203125 0.163026946875 0.9642001375 0.006416690625000001 0.9637514390625 0 0.48253961562500003 0
473 0.43322747812499995 0.7636333453125 0.45306249843749996 0.7605756109375 0.4727812578125 0.7558552671875 0.48704715312499997 0.7448332796875 0.4988191390625 0.7339856828125 0.502993134375 0.7219986546875 0.502336609375 0.6050930078125 0.4890532328125 0.5943267156250001 0.45877752968749996 0.5914315890624999 0.41672983906249994 0.599384059375 0.3717870234375 0.6376122343749999 0.382767971875 0.7588081359375 0.43322747812499995 0.7636333453125
1979 0.4664097015625 0.808093640625 0.4744727359375 0.8158835015625 0.4820821203125 0.8888638078125 0.6640213 0.8744706437499999 0.6988197796875 0.8703665609375 0.712969415625 0.8576819671875 0.69370430625 0.7972118640625 0.7128417609375 0.7841784859375001 0.7322117375 0.7744703234375 0.7510004109375 0.7564491265625 0.764917525 0.74043931875 0.7639874390625 0.7271384656250001 0.7578370109375 0.7108611796875001 0.724834875 0.70481523125 0.6719977187499999 0.70182701875 0.634240284375 0.6994550671875001 0.529496059375 0.7067794968750001 0.529961103125 0.7134299234375 0.5101260828124999 0.7164876609374999 0.5035744390625 0.7303116875 0.47979794531250003 0.7486816671875001 0.4484234609375 0.7659122140625 0.4133924578125 0.7666910828125 0.422850621875 0.7944322234375 0.4664097015625 0.808093640625
1828 0.4258506140625 0.6939782531249999 0.423292878125 0.65740090625 0.3953948234375 0.6526687812499999 0.3862330078125 0.66500459375 0.3716183296875 0.6710387609375 0.36506668593749997 0.6848627890625 0.3760886734375 0.699128684375 0.39603995468750003 0.6977335546875 0.410538371875 0.69003678125 0.4202290578125 0.7211031359375 0.4258506140625 0.6939782531249999
1864 0.4695715296875 0.99666576875 0.488825246875 0.9852949984375 0.49526062968750006 0.9698083640625 0.522693640625 0.9678900609375001 0.5189208625 0.949775778125 0.5015797531249999 0.9526591234374999 0.48173333906250004 0.8838759875 0.482599596875 0.8604251015625 0.476681690625 0.8474730296875 0.448899896875 0.8444035124999999 0.41647906562500003 0.8466705984375 0.37692528593749997 0.8544486765625001 0.35541018125 0.8693190515625 0.34294063124999996 0.8701910078124999 0.3315174265625 0.8860264234375 0.3465971484375 0.886642684375 0.3521662734375 0.894606934375 0.3616358296875 0.9941889484375 0.4695715296875 0.99666576875
1536 0.4383612046875 0.58617629375 0.46863690937499997 0.58907141875 0.44827987656249996 0.2262743640625 0.7025424499999999 0.20682385781249998 0.75116910625 0.7230226 0.948769309375 0.7175587296875 0.9206114109374999 0.171526153125 0.41707408749999997 0.21007838437499998 0.4383612046875 0.58617629375
1586 0.8804922562499999 0.637125565625 0.529315971875 0.66836515 0.50931225625 0.7048494125 0.5149976421875 0.7144762703125 0.5368615296875 0.7045937171875 0.6540753046875001 0.69639733125 0.7122490640625 0.7040245796875 0.7452511984375 0.7100705296875 0.769324040625 0.731777503125 0.7510004109375 0.7564491265625 0.7347056484375 0.7742959328125 0.708318984375 0.791177696875 0.9732547609375001 0.7810052640625 0.961936425 0.726662415625 0.8804922562499999 0.637125565625
1961 0.13844 0.884491084375 0.1335046140625 0.8497507343749999 0.1194074125 0.8273461953125001 0.07584833125 0.813684778125 0.04771775625 0.8056274406249999 0.0303766453125 0.8085107859375 0.041770203125 0.971446246875 0.0727959046875 0.94922788125 0.11524481093750001 0.9111740968750001 0.13844 0.884491084375
1648 0.225763359375 0.377163890625 0.22546701093750002 0.33708693749999996 0.1904360078125 0.337865809375 0.1934587890625 0.38109358437499996 0.225763359375 0.377163890625
783 0.5287004859375 0.4445294984375 0.5316594390625 0.451005534375 0.555150978125 0.4643994734375 0.546390378125 0.44663397343750005 0.5284679640625 0.44120428437500003 0.4954658296875 0.4351583375 0.48653653593749996 0.4508193625 0.5287004859375 0.4445294984375
1939 0.5244444125000001 0.670376540625 0.8804922562499999 0.637125565625 0.8725295531249999 0.16486394531249998 0.48539217968750004 0.18358154375 0.4952105203125 0.28815137812499997 0.5244444125000001 0.670376540625
1939 0.3362956625 1 0.5126199921875 0.71631326875 0.5272871046875001 0.67518996875 0.485159659375 0.1802563296875 0.23342064375 0.02076156875 0.14340735625 0.023714437499999998 0.1425410984375 0.047165323437500004 0.2091697890625 1 0.3362956625 1
1939 0.196831015625 1 0.138535796875 0.025725826562499998 0 0.03541319375 0 0.38670581875 0.0413400921875 1 0.196831015625 1
1939 1 0.5183785921874999 0.96454891875 0.0114045109375 0.8726458140625001 0.16652655 0.8784633890625001 0.643950384375 0.961703903125 0.7233372015625 0.9689645062500001 0.7913296875 1 0.8454747062499999 1 0.5183785921874999
819 1 0.8505423609375 0.9584075609375 0.7837142187499999 0.45869545 0.8052916015625 0.338753103125 1 0.3817874859375 1 1 0.9642129953125 1 0.8505423609375
1844 0.9991649890625001 0.6856322015625 0.954851375 0.3027907796875 0.9278834078125 0.3113595109375 0.9468977437499999 0.61911615 0.9768884921875 0.6537751968750001 0.9991649890625001 0.6856322015625
1050 0.6357539984375 0.004322834375 0.6262434015625 0.011670828125000001 0.614006371875 0.015867996875000002 0.609367334375 0.0212045984375 0.6099486390625 0.0295176328125 0.617662890625 0.0323196734375 0.6279873140625 0.036609928125 0.6601756234375 0.031017628125000002 0.651415025 0.013252128125000002 0.6357539984375 0.004322834375