1506 0.5456541765625 0.7288343578124999 0.5922166453125 0.9102552156250001 0.7567079453125001 0.8870517296875 0.678046553125 0.7178767359375 0.5456541765625 0.7288343578124999
1716 0.48419521874999993 0.6672742781250001 0.49830926406250003 0.68944985 0.5941029906249999 0.6852962781249999 0.5622273843750001 0.3633350375 0.551383315625 0.33490102187500004 0.459376634375 0.3564008234375 0.48419521874999993 0.6672742781250001
857 0.4459615796875 0.67720755 0.4583288125 0.6640781921875 0.48194535624999996 0.6645533703125001 0.43458609062500003 0.1579047578125 0.37129653125 0.13498298749999998 0.43616566562500003 0.7521715734375001 0.4408610015625 0.7221043015624999 0.4459615796875 0.67720755
575 0.67068209375 0.7038638875000001 0.7225407500000001 0.8048789031249999 0.6990356984375 0.43176246875 0.658747809375 0.403465746875 0.5705141546875 0.38612308125 0.6024875671875 0.690329778125 0.67068209375 0.7038638875000001
575 0.5582088109375001 0 0.36513377812500003 0.020293003125 0.36904666875 0.13226207968749998 0.441028240625 0.163142415625 0.44758221562499995 0.20681422500000002 0.6829231484375 0.1850362734375 0.7585799390625 0.1948286890625 0.760213634375 0 0.5582088109375001 0
1917 0.1935861203125 0.854559521875 0.1938795359375 0.8012958921875001 0.16911703281249998 0.715177215625 0.1413919859375 0.6382420484375 0.0385412375 0.631307834375 0.0175938171875 0.6749127796875001 0.0418813140625 0.9059928671874999 0.143711946875 0.92190643125 0.1787734140625 0.9004770593750001 0.1935861203125 0.854559521875
831 0.08588615000000001 0.6706923421875 0.10571564687499999 0.6538212921875 0.14998619375 0.66395515625 0.1479319421875 0.6257251625 0.17881514062499998 0.6579677359375 0.1735887171875 0.608241640625 0.15558981875 0.5864743828125001 0.17909453749999998 0.548515409375 0.166811090625 0.487701528125 0.149832309375 0.456954921875 0.15677750625 0.42960855468750003 0.22393789687500001 0.39593331875 0.19949685 0.3689284015625 0.164127946875 0.3874327109375 0.14684172812500002 0.3537610390625 0.099916078125 0.35573574531249996 0.114952434375 0.3866865109375 0.10258520156249999 0.39981586875 0.091335890625 0.38621133125 0.065776921875 0.38594031093750003 0.055966987499999996 0.404715640625 0.035410790625 0.37730240937500004 0.006386232812500001 0.41879892031250004 0.0148268875 0.6485871999999999 0.0435580296875 0.660354321875 0.08588615000000001 0.6706923421875
1761 0.3060294328125 1 0.3183486578125 0.9952300703124999 0.3620600765625 0.8131931765625 0.3578537703125 0.75448773125 0.255799484375 0.6617058640625 0.0175938171875 0.6749127796875001 0.0517618609375 1 0.3060294328125 1
2001 0.367691409375 0.437014384375 0.315958265625 0.019546803125 0.0168247265625 0.050987004687500004 0.06957798750000001 0.45947523593749995 0.367691409375 0.437014384375
126 0.46992875156249997 1 0.50308871875 0.9965147468750001 0.528703434375 0.810465140625 0.52532163125 0.7782894312499999 0.5072109078125 0.7180880234375 0.49800182812499993 0.6865247859375 0.48419521874999993 0.6672742781250001 0.4566938234375 0.6672074140625 0.4389185765625 0.722308459375 0.4285077890625 0.791422353125 0.4210455234375 0.795164046875 0.36277275625 0.8012887609374999 0.36451957031250004 0.8365936921875001 0.4234072109375 0.8363191046875 0.4299611859375 0.8799909156249999 0.42363086250000004 0.913187409375 0.413820928125 0.9319627390624999 0.341028871875 0.9307413609375 0.3215295890625 1 0.46992875156249997 1
1939 0.7615533734375 0 0.79639498125 0.9656870171874999 1 0.9442872671875 1 0.5520446203125 0.9386565156250001 0 0.7615533734375 0
1142 0.7261875984375 0.2603381828125 0.641126115625 0.25449161875000004 0.6135269140624999 0.272179296875 0.622135140625 0.3540811015625 0.7043318890625 0.35135662968750003 0.7340831453125001 0.35414439999999997 0.7261875984375 0.2603381828125
2036 0.6812183921875 0.318297428125 0.555673409375 0.319663228125 0.5758243640625 0.3619059375 0.6537310171875 0.374419259375 0.7630519578125 0.4989685203125 0.76035479375 0.3425110078125 0.6812183921875 0.318297428125
1939 0.67467770625 0 0.6881495703125 0.23476236875 0.720360653125 0.6720260625 0.7896173546874999 0.8451469062499999 0.7582804234375 0 0.67467770625 0
1939 0.5709739546875 0 0.352556915625 0.012742753125 0.43019852500000005 0.6019725031250001 0.66523201875 0.5772694875 0.7197457796875 0.666175934375 0.6691999359375 0 0.5709739546875 0
1939 0 0.5075187890625 0.0375772 0.8650419656249999 0.4397571 0.805026890625 0.3573640765625 0.0211096328125 0 0.05344639375 0 0.5075187890625
819 0.51277835625 1 0.5736309125 0.9950152187500001 0.7944525546875 0.965891175 0.794424515625 0.853513784375 0.66523201875 0.5772694875 0.4308133984375 0.6078226328125 0.44783423906250003 0.8071353265625 0.0411546140625 0.8617085875000001 0.058791800000000005 1 0.51277835625 1