1939 0.3761527640625 0 0.22690434218750002 0.7548352078125 0.714124378125 0.7434781609375001 0.8786312671875001 0.0836770671875 0.5550596765625 0 0.3761527640625 0
1939 1 0.10935718593749999 0.8797064750000001 0.0793646421875 0.7195178062500001 0.7494034 0.929757240625 0.8155634921875 1 0.5394258562500001 1 0.10935718593749999
1939 0.1162279453125 0 0 0.46616482656249997 0 0.7797703890625 0.0781256640625 0.7177405171875 0.24153578593749997 0 0.1162279453125 0
1939 0.24774445156249997 0 0.0802760796875 0.7091156671875 0.21827659375000003 0.7481035640625 0.37238789843750003 0 0.24774445156249997 0
819 0.887207434375 1 0.9329915609375 0.8163699 0.7044301140625 0.7548026250000001 0.22474523125 0.7497163765625 0.0802760796875 0.7091156671875 0 0.7775866703125 0 0.87919343125 0.094410278125 0.900440425 0.4844013203125 1 0.887207434375 1
1146 0.546580303125 0.0100484734375 0.41866527500000006 0.578201834375 0.50705840625 0.5819186968750001 0.6371412375000001 0.03262785 0.546580303125 0.0100484734375
1567 0 0.8676578015624999 0.1762478328125 0.7651076484375 0.2106371140625 0.59962266875 0.1847538671875 0.5794277343750001 0.0220322546875 0.6533693046875 0 0.6462045640625 0 0.8676578015624999
1794 0.076789640625 0.3097424640625 0.03262785 0.36285876250000004 0.015415821875 0.4181138875 0.1189227265625 0.457662571875 0.097470721875 0.6263731781249999 0.2030758796875 0.5748349140625 0.2579028171875 0.341157534375 0.1630236609375 0.3083404953125 0.076789640625 0.3097424640625
1178 0 0.63833665625 0.01878924375 0.6388192171875 0.0931525 0.6161355140625 0.125391365625 0.459275384375 0.033746528125 0.42726474999999997 0.015415821875 0.4181138875 0 0.4762855828125 0 0.63833665625
1931 0.39174159531249997 0.61729405625 0.393874625 0.5811818390625 0.3884725015625 0.5615129203125 0.36905789218749996 0.5429307984375 0.35072718593749996 0.5337799359375001 0.3259365359375 0.5367599421875 0.31300795312499996 0.547278 0.30332238437500003 0.572346146875 0.31517575937500003 0.5661405140625 0.33565688125 0.5666665265625 0.3539875875 0.5758173906249999 0.37232698750000004 0.5987119359374999 0.3410503109375 0.5725917640625 0.303331078125 0.586089828125 0.2753234953125 0.6157507953125 0.2592040625 0.6941808593750001 0.2527702 0.7475427765625 0.253862796875 0.770717715625 0.379957771875 0.73344915 0.3874668421875 0.67577480625 0.39174159531249997 0.61729405625
214 0.881827059375 1 0.9727742734374999 0.6568101578125 0.9350550390624999 0.6703082218749999 0.8552809640625 0.659579321875 0.79275369375 0.6485700265625 0.731310325 0.6469919890625 0.6677078453124999 0.6402951203125 0.6127244203125 0.6265862125 0.5502058437499999 0.6293206 0.46829873906249997 0.6547039171875 0.39395287031250004 0.7048749828124999 0.3616444546875 0.7517856515625 0.3390476890625 0.8148592203125 0.3293708140625 0.8536710484375 0.363847034375 0.8256228968749999 0.336984209375 0.9609208984375 0.3801055671875 0.9670917546875 0.398366721875 0.86629315625 0.5137878578125 0.9958419890625001 0.5281551234374999 1 0.881827059375 1