1146 0.0522160953125 0 0.017506665625 0.4320769953125 0.67112603125 0.4691401703125 0.7638233734375001 0.02564299375 0.7038446515625 0.018159856250000002 0.4962765453125 0 0.0522160953125 0
1089 0.3970264921875 0.6374279546875 0.377357103125 0.6312357484375 0.3472706859375 0.628603528125 0.336853659375 0.6321635140625 0.3304910546875 0.7433908046875 0.3401316390625 0.7487056046875 0.3708003875 0.7446817359375 0.388097396875 0.7394879921874999 0.4088883984375 0.6943577109375 0.42323069375 0.6844341046875 0.42614235625 0.6511536578125 0.3970264921875 0.6374279546875
1960 0.10761485781249999 0.48020266093749997 0.0539337828125 0.4777418546875 0.013818560937499998 0.474232228125 0.0195769296875 0.52392095625 0.0498574578125 0.5243344796875 0.0905550125 0.52118801875 0.1277155203125 0.5199677828125 0.1652642515625 0.5143101546875 0.17921832499999998 0.5088239421874999 0.1699659625 0.49907175 0.14065598906250001 0.48756474375 0.10761485781249999 0.48020266093749997
783 0.0338331203125 0.43797673281250005 0.028160856249999998 0.4643086203125 0.05587489062499999 0.45555489062500004 0.0540848421875 0.43751284999999995 0.0338331203125 0.43797673281250005
481 0.367630415625 0.54990033125 0.3648698125 0.5429517734375 0.018218153125 0.53945183125 0.020697787500000002 0.8191286359375001 0.326414728125 0.78998343125 0.34384164687499996 0.55229044375 0.367630415625 0.54990033125
1979 0.7714340421875 1 0.7940804906250001 0.8733767828125 0.7883651734375 0.8616983625 0.7861869031250001 0.848093715625 0.7960215984375 0.8511898171875 0.8014997515625 0.8270766249999999 0.81308144375 0.8102044609375 0.7639079703125 0.7947239453125 0.7176892078125 0.783973290625 0.66735106875 0.781804953125 0.6329511625 0.7899737453125 0.6148777109375 0.8040422765624999 0.606056621875 0.8278629984375 0.6003843578125 0.8541948874999999 0.61753030625 0.889230146875 0.6386015234375 0.9179017875 0.609140490625 0.9466237859375 0.610930540625 0.9646658265625 0.627684175 1 0.7714340421875 1
474 0.8027074687500001 0.8517747546875001 0.78894750625 0.8550422734375 0.7946628234374999 0.8667206937499999 0.800960471875 0.8717430234375 0.7786596343750001 0.972633184375 0.8376466562499999 0.7989395640625 0.8124991125 0.81686055 0.8027074687500001 0.8517747546875001
1460 1 0.0756331265625 0.8516022390625 0.1003930171875 0.8419616546875 0.09507821718750001 0.83725994375 0.1103166234375 0.8506316843749999 0.1114864984375 1 0.09673971249999999 1 0.0756331265625
581 1 0.0977458375 0.9827531546875001 0.10292451875 0.969575525 0.099535946875 0.9569802265625 0.0894912859375 0.952278515625 0.10472969218749999 0.9255350343750001 0.102389940625 0.9194314968749999 0.0951489125 0.8980151093750001 0.10892497500000001 0.8787339421875 0.09829537656250001 0.8604663796875001 0.11458260312499999 0.7144542796875 0.705441509375 0.72961606875 0.724653425 0.7530166171875 0.7267007078125001 0.751851953125 0.7400128859375 0.7540302234375 0.753617534375 0.76681963125 0.7614434984375 0.7831460859375 0.7673432359375 0.803203696875 0.7690980484375001 0.8220966437499999 0.7841650421875 0.845497190625 0.7862123249999999 1 0.21105445 1 0.0977458375
1939 1 0.0418344125 0.8310703015625001 0.0270549796875 0.6775309328125 0.7424533546875 0.691096784375 0.741404534375 0.7214422671875 0.6255684359375 0.8319532421875 0.633001215625 0.8789484453125 0.634877084375 1 0.1870100125 1 0.0418344125
1594 0.7939943875 0.797356165625 0.8238866937499999 0.8022070828125001 0.8395877640625 0.7767526015625 0.719155990625 0.6902031015625 0.6907085625 0.745841928125 0.706258575 0.76061645 0.7939943875 0.797356165625
676 1 0.21162678750000002 0.7828846031250001 1 0.9547970640625 1 1 0.483328075 1 0.21162678750000002
1939 0.617315046875 0.6991786046875 0.6737997765625 0.7465982796875 0.8076697546875 0.025007696875000002 0.7569433937500001 0.0272767515625 0.617315046875 0.6991786046875
1939 0.05193998125 0 0 0.59367670625 0 0.7155407140625 0.4989535390625 0.70447306875 0.5732745578125 0.7020326 0.610435065625 0.7008123640624999 0.7467204765625 0.028618042187499998 0.4421238578125 0 0.05193998125 0
819 0.9547970640625 1 0.9645701859375 0.8882926984375 0.8258708531250001 0.8180304265625 0.68697740625 0.74998685 0.6700686203124999 0.750743203125 0.60709213125 0.7005198953125 0 0.7176887703125 0 0.951660190625 0.279634784375 0.9781591015625001 0.5292773937499999 1 0.9547970640625 1
1506 0.6216195421874999 1 0.6018722875 0.9526949359374999 0.6171851375 0.9316778484375 0.6386015234375 0.9179017875 0.617142084375 0.893667540625 0.5996079140624999 0.8630696734375001 0.5985943078125 0.836152846875 0.5932672125 0.8200370343750001 0.5688961124999999 0.8290832343750001 0.470592215625 0.836132509375 0.4334317078125 0.83735274375 0.40906060625 0.84639894375 0.42916127031249995 0.8861640656249999 0.4923749203125 0.972178984375 0.5158255484375001 1 0.6216195421874999 1
1506 0.022422881250000002 0.9534202984375 0.40390571875000003 0.9823243640625 0.43593324375 0.9627696203125 0.44179961875 0.9342190359375 0.4122524828125 0.8869204171874999 0.38115245937500003 0.857371371875 0.3467095015625 0.82752985625 0.306788390625 0.82180153125 0.25271909375 0.8237781171874999 0.021905503125 0.8438267671874999 0.022422881250000002 0.9534202984375