1156 0.4653721125 0.4873927953125 0.5655273828125 0.470097653125 0.5461830515625 0.45424182812499997 0.575938009375 0.4439236984375 0.5833399015625 0.42238278749999997 0.5986234578125 0.41913416718749996 0.5723946093750001 0.2769491171875 0.3958215578125 0.31048736093749996 0.4220504046875 0.45267241093750005 0.4373339609375 0.44942379062500004 0.4490365140625 0.466903925 0.48886971562500003 0.466424153125 0.4599269125 0.480563171875 0.4653721125 0.4873927953125
1156 0.1380675796875 0.60089221875 0.166678 0.6227655109375 0.2010660015625 0.615456115625 0.2583793375 0.6032737906250001 0.29276733906249996 0.5959643953125 0.3116318984375 0.5719870203124999 0.3421990109375 0.5654897796875 0.3703296578125 0.547529871875 0.38537332812499997 0.5243646515625 0.367745803125 0.4602216921875 0.34304876875 0.38160733125 0.3218402421875 0.338193128125 0.08494511875 0.388546740625 0.06990145 0.4117119609375 0.0766385765625 0.462195675 0.068424528125 0.4799156953125 0.10912477812500002 0.6150312375 0.1380675796875 0.60089221875
423 0.40080427343749997 0.59696154375 0.41876418125 0.625092190625 0.43705647187499996 0.6172105265625001 0.4435537125 0.6477776390625001 0.46070146406249995 0.6720873968750001 0.48272214687500004 0.719322490625 0.42483654218750005 0.7476005265625 0.3953214703125 0.77783525625 0.3865351546875 0.8116509890625 0.416769884375 0.8411660609375 0.43912294999999996 0.8523888421875 0.492043128125 0.8571143828125001 0.533260753125 0.8443597875 0.5676487546875 0.8370503921875001 0.5864208171875 0.8690019296875 0.6091611578125 0.9759868234375 0.6465578937500001 0.9640443843750001 0.6308870625 0.871530890625 0.633655909375 0.846981246875 0.6543846656250001 0.85056225 0.689584821875 0.84707374375 0.7163310453125 0.8413886578125 0.720724203125 0.8244807921874999 0.7256896296875001 0.7914772140624999 0.7516236984375 0.7819712390625 0.7628464796875 0.7596181734375 0.7585458187499999 0.720597128125 0.7457912234374999 0.6793795031250001 0.7090592531250001 0.6192973203125 0.690859459375 0.571250071875 0.7083395953125 0.55954751875 0.7312649296875 0.5546745890625 0.7424877109375 0.5323215234374999 0.740383628125 0.48484654374999997 0.7360829671875 0.4458254984375 0.6960098796875 0.42638867031250005 0.6578009890625001 0.43451022031250003 0.611138165625 0.44043519218749994 0.569920540625 0.45318978593750003 0.5543046015625 0.49245071874999996 0.549339175 0.525454296875 0.5459980578125 0.5660996515625001 0.50234396875 0.5673915796875 0.44803936718750004 0.5749408609375 0.41446352031249994 0.5860711453125 0.40080427343749997 0.59696154375
423 1 0.6131846328125 0.958469084375 0.59024473125 0.8845802640624999 0.5620215875000001 0.8240183078125 0.55892035625 0.7536179953125 0.56589736875 0.7023221265624999 0.56881360625 0.6949202359375 0.5903545171875 0.72620700625 0.643607078125 0.7574937765625 0.6968596390624999 0.7770779953125 0.7326320640625 0.7851995453125 0.7708409546875 0.8042114937499999 0.8227090921875 0.820786978125 0.8631145609375 0.84720081875 0.8934417874999999 0.89109479375 0.9120664609375 0.9377576187500001 0.9061414890625 1 0.8929114625000001 1 0.6131846328125
1564 0 0.1902320296875 0.050594721875000005 0.2081528 0.194736465625 0.15355341875 0.079390134375 0.11816826875 0.0122184796875 0.09251086562500001 0 0.095107984375 0 0.1902320296875
278 0.16856251093750002 0.14314279218749998 0.15150725468749998 0.062904121875 0.0177761375 0.09132954843749999 0.16856251093750002 0.14314279218749998
836 0.03610300625 0.72240340625 0.04581430625 0.768091484375 0.219985453125 0.723253165625 0.2134882125 0.692686053125 0.0934163421875 0.71022108125 0.03610300625 0.72240340625
2001 0.44744788281250003 0 0.3272681515625 0.025544990625000003 0.40012221875 0.34950840625 0.4120646578125 0.3869051421875 0.6369248437499999 0.3550837046875 0.64465911875 0.2975304828125 0.6360577968750001 0.2194883921875 0.6819084656250001 0.20974253125 0.70020075625 0.20186086718750001 0.69671225 0.16666071093749998 0.72785163125 0.144067759375 0.7099842203125 0.0600082 0.7572193125 0.0379875171875 0.7899830046874999 0.02303634375 0.8273797390625001 0.011093903125 0.8255211765625001 0 0.44744788281250003 0
517 0.7469733656249999 0.45948474375000004 0.745256559375 0.507771878125 0.7720027828125 0.50208679375 0.7188803218750001 0.289741315625 0.6241702499999999 0.31386608125 0.646910590625 0.420850975 0.663006303125 0.42142324374999995 0.6829229031249999 0.4211833578125 0.728201303125 0.42753320781250004 0.7469733656249999 0.45948474375000004
1658 0.6827206203125 0.2135634203125 0.6628040203125 0.21380330625 0.6292281734375 0.22493359062499999 0.6492921640625 0.3005392171875 0.7027846109375 0.289169046875 0.69361101875 0.2272226671875 0.6827206203125 0.2135634203125
517 0.886464775 0.08239886874999999 0.7005331390625 0.16584855468749998 0.7736270921874999 0.509728571875 0.9788105640625 0.498063621875 0.9962906984375 0.48636106874999996 0.9132109984375001 0.07671378281249999 0.886464775 0.08239886874999999
436 0.4470495078125 1 0.408703228125 0.9347315953124999 0.3740753390625 0.9221243890625 0.3366786046875 0.9340668296875 0.24521715312499998 0.97347515 0.142865303125 0.9992242265625 0.1408920828125 1 0.4470495078125 1
1016 0.32820738125000004 0.6123924890625 0.2117165140625 0.6091987624999999 0.10057834843749999 0.6687635703125 0.1046391234375 0.687868015625 0.206418703125 0.6782146515624999 0.32820738125000004 0.6123924890625
503 0 0.272059846875 0.057571734375 0.2785531125 0.0372678578125 0.1830308859375 0 0.188391921875 0 0.272059846875
1170 0.37405805000000003 0.602646628125 0.39072603125 0.5871231859375 0.3768268984375 0.578096984375 0.350080675 0.5837820703125 0.32796749531249997 0.5924758890625 0.3374734703125 0.6184099578125 0.3579623390625 0.602074359375 0.37405805000000003 0.602646628125
1016 0.9579893125 0.55041153125 0.982059184375 0.513347178125 0.7877661109375 0.5386713734375 0.7710981296874999 0.5541948156250001 0.8002808187499999 0.5599723984375 0.8431227531250001 0.55485958125 0.9579893125 0.55041153125
1564 0 0.3359404703125 0.0536583484375 0.3352941796875 0.059343434375000004 0.362040403125 0.18137199843750001 0.3161348421875 0.223974046875 0.291105425 0 0.2697475171875 0 0.3359404703125
627 0.42812276562499996 0.575180746875 0.4262585703125 0.54762236875 0.36130345625000004 0.5614290046875 0.29415176249999997 0.5836895734375 0.13668315625 0.6131670406249999 0.1058761578125 0.59974768125 0.094985759375 0.5860884343749999 0.0141748203125 0.6192394015625 0.067777053125 0.8714180796875001 0.3308837328125 0.6437717562499999 0.548674409375 0.59747891875 0.54762236875 0.5737414296875001 0.42812276562499996 0.575180746875