1156 0.46583319218749997 0.4861919796875 0.5665310421875 0.47240274062500004 0.5477518546875 0.4558814671875 0.577848784375 0.44660805625 0.585997934375 0.425338590625 0.6013855546875 0.4226253375 0.580134871875 0.2796115296875 0.402498915625 0.30696703125 0.42374959843750004 0.44998083906249997 0.4391372203125 0.4472675875 0.45022259687500005 0.46514548749999995 0.4900482765625 0.46605616562499996 0.460629659375 0.47917648125 0.46583319218749997 0.4861919796875
1156 0.134766971875 0.5881994984375 0.16259659531249998 0.61105795625 0.19721874374999998 0.6049531375 0.2549223234375 0.5947784390625 0.28954447031249997 0.5886736203125 0.3092343359375 0.565369215625 0.340009578125 0.559942709375 0.36874988124999997 0.5429754875 0.3845928421875 0.5203493953125 0.3692146125 0.45563031875000004 0.34727622343750003 0.376201934375 0.32759575 0.3320740109375 0.089087621875 0.374129428125 0.0732446625 0.39675552187499996 0.078215828125 0.447443603125 0.069388365625 0.4648661640625 0.10534835625000001 0.6013198140625 0.134766971875 0.5881994984375
423 0.3974807921875 0.5934405968750001 0.41444801406250004 0.6221808984375 0.4330042265625 0.614942428125 0.4384307328125 0.6457176703124999 0.45471964062500003 0.6706110671875 0.47507842812499995 0.718585896875 0.416241196875 0.744826528125 0.385688928125 0.7740127796875 0.3757278125 0.8075012750000001 0.40491406249999995 0.8380535421875001 0.4268618421875 0.8500495984375 0.4795848625 0.8566191468750001 0.5212225078125 0.845310796875 0.55584465625 0.839205978125 0.5734901906250001 0.8717931859375 0.5924829593750001 0.979506534375 0.6302736999999999 0.968876496875 0.6178410875 0.87587245625 0.62146501875 0.8514343984374999 0.642056171875 0.85573664375 0.6773566328125 0.8534787296875 0.7042849703125 0.8487305375 0.709265528125 0.831986290625 0.7153797375 0.7991761078125 0.7416297625 0.7905810109375 0.7536258171875 0.76863323125 0.750689590625 0.729485865625 0.739381240625 0.6878482203125 0.704768484375 0.626520709375 0.6882566015625 0.5778675671875 0.7061345015625 0.566782190625 0.729215934375 0.5627123125 0.7412119890625 0.5407645328124999 0.740766040625 0.4932450421875 0.7378298140624999 0.45409767656250005 0.698459475 0.4332741578125 0.659990421875 0.440057290625 0.6131492453125 0.44435014375000004 0.5715116 0.45565849375 0.5545349875000001 0.49435052031250004 0.5484207765625 0.5271607031250001 0.5436631921874999 0.5676646953125 0.4999906078125 0.5674323296875 0.445455621875 0.573081809375 0.4115117875 0.5830335328125 0.3974807921875 0.5934405968750001
423 1 0.633113253125 0.9550403015625 0.606190096875 0.8821814671875 0.5754054625 0.8217646343749999 0.570192540625 0.7511637125 0.5747083671875 0.6997973171874999 0.5758326281249999 0.6916481671875 0.59710209375 0.7210573921875 0.6514141078125 0.7504666171875 0.7057261203125 0.7687904640625 0.742160234375 0.7755735968749999 0.7806292859374999 0.7927637921875 0.8331293343749999 0.8079190468749999 0.874088665625 0.8332583921875001 0.905319246875 0.8764756374999999 0.9254644531249999 0.9233168140625001 0.9211715999999999 1 0.907650284375 1 0.633113253125
1564 0 0.1685915796875 0.061053807812500006 0.1926465671875 0.20701323437500002 0.1431109203125 0.09297209375 0.1037217984375 0.0267367890625 0.0757357671875 0 0.080450184375 0 0.1685915796875
278 0.18121855 0.131793178125 0.1669739734375 0.051008167187499995 0.0323322875 0.0747491296875 0.18121855 0.131793178125
836 0.0286238328125 0.706078153125 0.0367347265625 0.7520773171874999 0.21236460781250002 0.7133447984375 0.20693810156249998 0.68256955625 0.0863274125 0.6959034546875 0.0286238328125 0.706078153125
2001 0.45625566875 0 0.34393161562499996 0.0198057609375 0.40543514218750004 0.346114396875 0.4160651796875 0.3839051359375 0.6418989390625 0.35995059218750003 0.65163708125 0.302702353125 0.645764628125 0.2244076203125 0.691927490625 0.2162678625 0.7104837046875 0.20902939062499998 0.708225790625 0.1737289296875 0.7401346859375 0.152236490625 0.7252117953125 0.06760457343750001 0.773186625 0.0472457859375 0.8064521453125 0.0334471578125 0.8442428859375 0.0228171203125 0.841234721875 0 0.45625566875 0
517 0.748236878125 0.468128671875 0.7448359203125 0.516326475 0.7717642578125 0.5115782828125 0.7260849078125 0.29750821250000004 0.6305905890625 0.318312946875 0.6495833578125 0.4260262953125 0.6656492921875 0.4271599484375 0.6855621328125 0.4276152875 0.73059134375 0.4355414640625 0.748236878125 0.468128671875
1658 0.6926058046875 0.22011476718749998 0.6726929640625 0.219659428125 0.6387491296875 0.22961115156249998 0.6561623 0.30587094531250003 0.7100189734375 0.296374559375 0.7030128671875 0.2341457625 0.6926058046875 0.22011476718749998
517 0.9008034203124999 0.0961406859375 0.712072696875 0.1730506171875 0.773120884375 0.5192720921875 0.9785864640625 0.5147750484375 0.9964643640625 0.5036896718749999 0.9277317578125001 0.09139249375 0.9008034203124999 0.0961406859375
436 0.43079758437500004 1 0.3935869296875 0.93128055625 0.3594201203125 0.9174725359375 0.32162938125 0.9281025734374999 0.228848315625 0.9642949296875001 0.1256601859375 0.9864562906250001 0.0873338515625 1 0.43079758437500004 1
1016 0.3243895921875 0.606328546875 0.2080811453125 0.5990712921875 0.0949319015625 0.6547211484375 0.0983234671875 0.673955675 0.20037794375 0.6678602484375 0.3243895921875 0.606328546875
503 0 0.2288115703125 0.0044744890625 0.2541876609375 0.06556963437499999 0.2632474890625 0.048611804687499996 0.16707485625000001 0 0.17234370625 0 0.2288115703125
1170 0.3705524546875 0.5981887890625 0.3877520421875 0.5832565062499999 0.37417638593749997 0.57375073125 0.34724805000000003 0.5784989234375 0.32484493125 0.5864157078125001 0.333440028125 0.61266573125 0.3544865203125 0.5970551359375 0.3705524546875 0.5981887890625
1016 0.9559509796875 0.5663644171875 0.9812997171875001 0.5301626703125 0.7862412 0.5486907078125001 0.7690416124999999 0.563622990625 0.7980048890625 0.5704155140625 0.8409991609375 0.5668009734375 0.9559509796875 0.5663644171875
1564 0 0.318452771875 0.0596783984375 0.319817415625 0.064426590625 0.346745753125 0.1879828984375 0.305126890625 0.23143250937499998 0.2815995109375 0 0.251347834375 0 0.318452771875
627 0.42554278125 0.5726264703124999 0.4246414953125 0.5450198187499999 0.3592441046875 0.5565511437499999 0.2913564359375 0.5764545921875001 0.13295500625 0.600418528125 0.10263510312499999 0.5859321937499999 0.0922280390625 0.5719011984375 0.0103093765625 0.602211709375 0.055078046874999995 0.856107459375 0.3259691921875 0.6377821031249999 0.5452427937500001 0.59911825 0.5450198187499999 0.5753585046875 0.42554278125 0.5726264703124999