1156 0.4066689296875 0.43473682656249996 0.41699670156249996 0.4550379578125 0.44789809218750004 0.46111458125000004 0.430948721875 0.479508309375 0.5325363078125 0.48269621718750005 0.5369780140625 0.475175234375 0.5063491109375 0.465201875 0.545861428125 0.46013326875000005 0.5550173296875001 0.44119456718750005 0.5706042671875 0.4422845125 0.5767895234375 0.297832846875 0.397267246875 0.289195215625 0.391081990625 0.43364688124999995 0.4066689296875 0.43473682656249996
1156 0.6169020375 0.5081745875 0.635023278125 0.529020690625 0.665379696875 0.542890784375 0.6965535734375 0.5450706734375 0.71857155 0.5661892640625 0.7536421609375 0.568641640625 0.8120931796875 0.5727289343749999 0.847163790625 0.575181309375 0.8724516015624999 0.549539084375 0.90308050625 0.55951244375 0.9245802140625001 0.4200474578125 0.9139799546875 0.4036430609375 0.9136255406249999 0.352713025 0.8955043 0.331866921875 0.6539067562499999 0.314972775 0.6389467171875001 0.36091613125 0.6254310375000001 0.4422025859375 0.6169020375 0.5081745875
423 0.334620303125 0.45710921562499995 0.2956529578125 0.45438435312500003 0.2586749421875 0.47920911874999994 0.259846815625 0.5184489515624999 0.26437045000000003 0.5657547390625 0.27859495624999997 0.58632835625 0.3019753640625 0.5879632734375 0.3209140640625 0.5971191734375 0.309578275 0.6472317515625 0.2815656015625 0.7118413218749999 0.27467151875 0.754432915625 0.275843390625 0.793672746875 0.290067896875 0.814246365625 0.317072553125 0.8200505031249999 0.3265828671875 0.8520418390625 0.3332863921875 0.8681737500000001 0.3605635328125 0.870081153125 0.39590663125000003 0.86863679375 0.4159352765625 0.8622057562500001 0.42209382812499996 0.8861311359374999 0.41945089375 0.9799252515625 0.458145753125 0.9865468484375001 0.46577536718749996 0.8774382812500001 0.479917946875 0.8431851281249999 0.5149885578125 0.8456375046875 0.5575801515625 0.8525315875 0.609327646875 0.8404869703125 0.6299012640625 0.8262624625000001 0.6557340468749999 0.79282676875 0.6423269984375 0.7605629484375 0.6088913046875 0.7347301640625 0.547633496875 0.7147834468750001 0.562866021875 0.66494335625 0.576463628125 0.638483671875 0.5786435187500001 0.6073097953125 0.5978547046875 0.6125689609375 0.6117247984375 0.58221254375 0.5966828328125 0.5733291296874999 0.5618847078125 0.56698001875 0.5070579375 0.567061946875 0.46364888437499996 0.5718580671875 0.45468354375000003 0.5320732625 0.4451732296875 0.500081928125 0.4242451984375 0.4633763984375 0.3816536046875 0.456482315625 0.334620303125 0.45710921562499995
423 0 0.954510178125 0.1230265796875 0.9631130328124999 0.17005988125 0.962486134375 0.2109346296875 0.9379338546874999 0.232870678125 0.9042256734375 0.243661496875 0.8619065656249999 0.2552697734375 0.8078972546875001 0.25799463437500003 0.7689299093749999 0.2724097015625 0.730780021875 0.2959806671875 0.673691434375 0.3195516328125 0.616602846875 0.3092238609375 0.596301715625 0.2580213390625 0.6005528640625 0.18733514375 0.60344158125 0.12779418125 0.614941225 0.0585523453125 0.653173040625 0 0.697158371875 0 0.954510178125
1564 1 0.0337424578125 0.9263229374999999 0.0285904546875 0.8633758125 0.06334665 0.7540766859375 0.114440540625 0.9044144171875 0.1484479109375 1 0.0986801578125 1 0.0337424578125
278 0.7785470390625 0.10048851875 0.920654959375 0.0281941109375 0.78426925 0.01865709375 0.7785470390625 0.10048851875
836 0.9870767125000001 0.7022720046875001 0.9903349515625001 0.6556770078125 0.9318839328124999 0.651589715625 0.8105401890625 0.6509361109375 0.8083603 0.6821099875 0.9870767125000001 0.7022720046875001
2001 0.1093831171875 0 0.1077637203125 0.0614143578125 0.1464585796875 0.0680359546875 0.18098421874999998 0.0782818 0.23082430937499998 0.093514325 0.2248296125 0.179242484375 0.258810278125 0.1972817984375 0.2602546375 0.232624896875 0.2794658234375 0.2378840625 0.32622663749999997 0.241153896875 0.3285703828125 0.3196335609375 0.3442392484375 0.3755502765625 0.5713397984374999 0.3757675390625 0.5779613953125 0.3370726796875 0.605019459375 0.0061227265625 0.5174603890625 0 0.1093831171875 0
517 0.249791528125 0.4942510859375 0.26393410781250004 0.4599979328125 0.307888134375 0.44740834375 0.3276442921875 0.4448740390625 0.3435037171875 0.44206725 0.35113333125 0.33295868125 0.25398745312500004 0.3222497921875 0.23093475625 0.5399219546875 0.25821189843750003 0.541829359375 0.249791528125 0.4942510859375
1658 0.3244011625 0.323257809375 0.333747621875 0.2455956046875 0.298949496875 0.23924649375 0.2791933375 0.241780796875 0.27030992343750004 0.2568227625 0.26984687812499997 0.3194430015625 0.3244011625 0.323257809375
517 0.0255796953125 0.5647200171875 0.23038978281250003 0.547715425 0.25491354374999997 0.1970093125 0.059177429687500005 0.1402484359375 0.0319002875 0.13834103125 0.0066409953125 0.5555641171875 0.0255796953125 0.5647200171875
436 0.96625754375 1 0.9693535125 0.9557255703124999 0.9231376703124999 0.9446622671875 0.8181983234375 0.9334084046875001 0.722142390625 0.907112575 0.68344753125 0.9004909781249999 0.6509112234375001 0.9177947625 0.6179118703125 0.9977187843750001 0.6460399765625 1 0.96625754375 1
1016 0.8006754624999999 0.568014740625 0.68576275625 0.58738978125 0.8155268687499999 0.635621659375 0.9176594265625001 0.631016096875 0.9190218578125 0.6115324249999999 0.8006754624999999 0.568014740625
503 0.9728387953125001 0.1219063 0.914115290625 0.12171574062499999 0.907303134375 0.2191341046875 0.967116584375 0.203737725 0.9728387953125001 0.1219063
1170 0.6774243140625 0.5946382781249999 0.6832284515625 0.5676336234375 0.66012053125 0.5621019703125001 0.6328433890625 0.5601945671874999 0.6203357265625 0.5710673125 0.639001940625 0.584119946875 0.654861365625 0.5813131578124999 0.6774243140625 0.5946382781249999
1016 0.2390826390625 0.5913969640625 0.22041642499999997 0.578344328125 0.024489751562500002 0.5803069562500001 0.053483737499999996 0.613660721875 0.167851471875 0.60207915 0.2109880375 0.6011797640625 0.2390826390625 0.5913969640625
1564 1 0.193576215625 0.7442671828125 0.25472298437499996 0.7899380515625001 0.2735797578125 0.9171678625 0.3020554765625 0.919075265625 0.274778334375 1 0.264397378125 1 0.193576215625
627 0.7154922734375 0.554226575 0.6458960234375 0.541528353125 0.5796515359375001 0.5368960875 0.5816408671875 0.564445715625 0.4631039125 0.5796515359375001 0.4653657296875 0.6033044296875001 0.6874796 0.6188361453125 0.9797079890625 0.80764965625 0.9976920796875 0.550465175 0.9130538640625 0.528883540625 0.90417045 0.54392550625 0.875530878125 0.561501775 0.7154922734375 0.554226575