982 0.0753691828125 0 0.006750637499999999 0.4180272984375 0 0.4606491453125 0 0.9231906656250001 0.48495505000000005 1 0.9213523359375 1 1 0.5034381890625 1 0.0729596578125 0.539350853125 0 0.0753691828125 0
2001 0.5250715140625 0.467399003125 0.5506359703125 0.4675983375 0.553610009375 0.44882099374999995 0.5583684718749999 0.418777240625 0.5528196609375 0.4178983953125 0.49792635937499996 0.40535447343750003 0.4925730890625 0.4391536953125 0.4923734546875 0.4583704625 0.5250715140625 0.467399003125
2011 0.43530055624999997 0.44163164843749997 0.440258653125 0.3923711296875 0.35504243281250003 0.409671625 0.3441362578125 0.4964868328125 0.3552338796875 0.4982445234375 0.3815927765625 0.475471621875 0.43530055624999997 0.44163164843749997
2001 0.3171907375 0.4152255375 0.2759698296875 0.42409549531249996 0.26188998125 0.5489048171875 0.305490121875 0.5250129828125 0.3171907375 0.4152255375
2001 0.2517823421875 0.55885295625 0.2676466125 0.4227772265625 0.2079948484375 0.4402770578125 0.197088675 0.527092265625 0.1913361375 0.599325021875 0.2517823421875 0.55885295625
2001 0.0944233921875 0.6725181296875 0.1717156640625 0.61546583125 0.18103705 0.5207002609375 0.19293320625 0.44559088124999996 0.100978559375 0.4695234703125 0.1001841171875 0.49249570625 0.0942319453125 0.5839452296875 0.0944233921875 0.6725181296875
2001 0 0.789016315625 0.07559326718750001 0.7195815359375 0.074407746875 0.6731976390625001 0.07183706875 0.599646615625 0.077394065625 0.49273579375 0.039542371874999996 0.4982897046875 0.0121934921875 0.509356778125 0 0.5172945062500001 0 0.789016315625
2011 0.6614166484374999 0.4504971796875 0.655273028125 0.45337380312500003 0.6453650234375 0.4441051734375 0.63704180625 0.44278690468750004 0.6326826109375 0.434397121875 0.62990820625 0.43395769843750004 0.6277286078125 0.42976280781250004 0.6194053921875 0.42844453906249996 0.6172257937500001 0.42424964843749996 0.6011700765625 0.47175247656249997 0.6241556671875 0.5061904562499999 0.640602465625 0.528043759375 0.6520952609374999 0.545262746875 0.660813653125 0.5620423156250001 0.66913686875 0.5633605828125 0.6861866625 0.47366875 0.6768734656250001 0.46064465312499997 0.6685502484375 0.459326384375 0.6614166484374999 0.4504971796875
2001 0.7046052390625 0.6267233796875 0.708169990625 0.6580853984374999 0.716493209375 0.6594036671875 0.7495987203125 0.52220900625 0.7165054875 0.49771916562499996 0.691527653125 0.6015540296874999 0.69370725 0.6057489203124999 0.7046052390625 0.6267233796875
2001 0.739083625 0.678380346875 0.7432431859374999 0.705986896875 0.7462131328125 0.7411043859374999 0.7573107546875 0.7428620765625 0.7781249359375 0.665315496875 0.8025079640625 0.5652361015625 0.7567323203125 0.5310382125 0.724816425 0.6607219343749999 0.731950025 0.6695511421875 0.739083625 0.678380346875
2001 0.7644443562500001 0.7516912828125 0.78386519375 0.7547672421875 0.79476318125 0.7757417 0.8016971484375001 0.8037876734375 0.7969386859375 0.8338314265625 0.8100162703124999 0.8590007749999999 0.846486903125 0.7723849 0.8619478140625001 0.7286375406250001 0.885736034375 0.632313615625 0.815785184375 0.571188684375 0.8122163359375 0.5937214984375 0.7943761953124999 0.6524907343749999 0.7759412453125 0.7150154375 0.7644443562500001 0.7516912828125
2001 0.8780738046875 1 0.8825378 0.9936767312500001 0.9374392874999999 0.8984309859374999 0.965000084375 0.7064626453125 0.90396725625 0.6429005125 0.894254790625 0.66830995 0.8603589312500001 0.7745820140624999 0.8193294703125 0.872024871875 0.8734846781250001 1 0.8780738046875 1
1547 0 0.9106790390624999 0.0018575624999999998 0.9157855203124999 0.363125078125 0.969154996875 0.50327144375 0.479344921875 0.5046606921875 0.452617215625 0.5003014984374999 0.44422743281250004 0.4787010609375 0.43695658125000003 0.4537314125 0.43300177812499996 0.4442185796875 0.4391944484375 0.43530055624999997 0.44163164843749997 0.35860309218749997 0.49492847656250005 0.3300645953125 0.5135064875 0.305490121875 0.5250129828125 0.28527484062499997 0.5449092609374999 0.2717979890625 0.5581734453125 0.2345411015625 0.5599718890625 0.217695034375 0.5765521203125 0.2059985109375 0.6324447328125 0.1560592140625 0.624535125 0.13425914375 0.6364810421875 0.1090857671875 0.7056378390625 0.09699406875 0.746069153125 0.096199628125 0.769041390625 0.0343723609375 0.72845149375 0.017725928125000002 0.7258149578124999 0.005438690625 0.7315682046875 0 0.746199040625 0 0.9106790390624999
1547 0.8523170562500001 1 0.8662906359375 0.952606659375 0.8722387140625001 0.9150519687499999 0.8645103046875 0.9099782328125 0.841720253125 0.9102183203124999 0.8100121781249999 0.9128956078125 0.77770929375 0.919328365625 0.7933698390624999 0.8563642390625 0.8011023406250001 0.8075431421875001 0.8003119921874999 0.7766205453125 0.7937731984374999 0.7640358703125 0.78386519375 0.7547672421875 0.756715946875 0.746617546875 0.7400695140625 0.7439810109375 0.738684359375 0.7168138828124999 0.74225320625 0.69428106875 0.7396784328125 0.674624878125 0.724816425 0.6607219343749999 0.7053955875 0.6576459765625 0.7071800109375 0.6463795703125 0.6990564265625 0.625844534375 0.6909328453125 0.6053094984375 0.6760708359375001 0.59140655625 0.66913686875 0.5633605828125 0.660813653125 0.5620423156250001 0.647141259375 0.5406284328125001 0.6110780828125 0.4810211046875 0.5974056890624999 0.45960722499999995 0.5835336609375 0.4574101125 0.564112821875 0.45433415312500003 0.54687158125 0.4554530859375 0.5339895375 0.4649618015625 0.5270514765625001 0.49081066250000005 0.523877803125 0.5288047734375 0.4834185875 0.945861165625 0.479849740625 0.9683939796875001 0.4756860859375 0.9946822624999999 0.5092609593749999 1 0.8523170562500001 1