983 0.0863752078125 0 0 0.484163690625 0 0.9117145343749999 0.4930351921875 1 0.91782388125 1 0.9930911375000001 0.582926434375 1 0.5437443281250001 1 0.080450184375 0.5437443296875 0 0.0863752078125 0
2001 0.098724184375 0 0.024040309375 0.41205662500000007 0.0249092359375 0.44168132499999996 0.0379171125 0.46005032031250004 0.0759348984375 0.4747915609375 0.428085321875 0.5047344703125 0.44507985312500004 0.488976484375 0.45419592187499996 0.47182931093749997 0.50523764375 0.15932223750000002 0.5078497750000001 0.1329905671875 0.5066595921875 0.11670535 0.49699585468749996 0.090888340625 0.25612498906250003 0 0.098724184375 0
2001 0.7737004453125 0.21469714999999998 0.601796228125 0.1415181828125 0.586039303125 0.1387398125 0.5752748765625 0.14220020625000002 0.517818709375 0.49108540156249997 0.5238644734375 0.5028683375 0.7464784484375 0.5072912515625 0.7501438453125 0.4865037515625 0.789731203125 0.2389576125 0.7830903484375 0.21903206874999998 0.7737004453125 0.21469714999999998
1544 0 0.85889436875 0.095888828125 0.8453639234375 0.1045941453125 0.7959936125 0.06089927656250001 0.72130838125 0.0810643125 0.4917713703125 0.07730942187499999 0.46699624687499997 0.0692940421875 0.4548660171875 0.015198075 0.450685890625 0 0.5302875109375 0 0.85889436875
1543 0.32464341406249997 0.7919266234375 0.324048321875 0.7837840140625 0.321025440625 0.777892546875 0.26184748125 0.7219110359375 0.2591458578125 0.7026800843750001 0.26868338281250004 0.4873445109375 0.2567287734375 0.47451968750000006 0.2468806953125 0.4727832046875 0.11853442968750001 0.46354842500000004 0.10671673749999999 0.461464646875 0.0965474015625 0.47306764843750004 0.0669450390625 0.7330913171875 0.1301517234375 0.8353300406249999 0.3180920515625 0.8175636984375 0.32464341406249997 0.7919266234375
1543 0.4785051875 0.760113634375 0.41112750781249996 0.716082421875 0.407967709375 0.6994499078125 0.41049569999999996 0.51234985 0.4018852296875 0.492077009375 0.29021223749999997 0.48042372499999997 0.2755085796875 0.48318952499999995 0.271248090625 0.49583441562499997 0.261115471875 0.70302738125 0.263817096875 0.7222583328125001 0.3249646703125 0.7785871390625 0.3224894578125 0.8156598546874999 0.3314211859375 0.8225932109375 0.47662506562500007 0.8053289593749999 0.48120681093749995 0.779344584375 0.4785051875 0.760113634375
1543 0.5373672421875 0.714228859375 0.5282985953125 0.69655445625 0.5303684109375 0.5120528359375001 0.5234062984375 0.505466775 0.425520615625 0.49624456562499997 0.41626762968750003 0.5026506921875 0.411448765625 0.7027429390625 0.41552491406250003 0.7141785765625001 0.48244441718750003 0.7608082281249999 0.4779995890625 0.7975336468750001 0.49375651249999997 0.8003120171875 0.6045605796875 0.7823406015625001 0.607630884375 0.75341049375 0.5373672421875 0.714228859375
1543 0.6714854359375 0.7137644828124999 0.635437265625 0.6993705390625 0.6278800609374999 0.6846418703125 0.6283910125000001 0.5320160890625 0.6232615984375001 0.51503628125 0.5415910125 0.5059940046875 0.5367354328125 0.5104962875 0.5345287 0.6842568640625 0.536313975 0.7086846890625 0.60657761875 0.7478663234375 0.6050187546875 0.7797421625000001 0.7109672406249999 0.7662730296875 0.7081286984374999 0.7363010328125 0.6714854359375 0.7137644828124999
1547 0.8441797921875 0.5405939890625 0.83964546875 0.5317567875 0.7914583484375 0.52861855 0.787197859375 0.541263440625 0.7772128656249999 0.5287859125 0.7334231484375 0.52374383125 0.63356785 0.514174325 0.6282540953125 0.5212750453125 0.630766025 0.67979229375 0.639376496875 0.7000651328124999 0.6887538015625 0.7194885875 0.7150908109375 0.7428870937500001 0.7149064703125 0.766967621875 0.9672964437499999 0.717697878125 0.9718781890624999 0.6917135046875 0.9102250171874999 0.672804709375 0.8997818484375 0.66292561875 0.9015724765625001 0.572147675 0.8937414374999999 0.535936915625 0.8475239312499999 0.5331459734374999 0.8441797921875 0.5405939890625
1317 0.666087540625 0.5600968125 0.6655819421875 0.5975168234375 0.6617322062500001 0.6423848515625 0.657150459375 0.6683692265625 0.651057271875 0.691407865625 0.6749664921874999 0.7170575140625 0.7090450484375 0.731104159375 0.7319010015625 0.7512096359375 0.74509321875 0.7454981015625 0.7573690859375 0.7449834421875 0.78691331875 0.7501928875 0.7818733984375 0.7787756984375 0.776375303125 0.809956946875 0.776922971875 0.8529211296874999 0.7762330328125 0.9144216703125 0.770002928125 0.9267192640624999 0.7619401265625 0.9494106078125 0.7625352171875 0.9575532156250001 0.7832846390625 0.9665703515624999 0.7857124296875 0.9643192109375001 0.7970719468749999 0.9690014250000001 0.8296390625000001 0.9801023390625 0.8581300281249999 0.9797676125000001 0.8604209015625001 0.966775425 0.8475499421875 0.9591474765625 0.8236407218749999 0.9334978296875001 0.8095795796875 0.9095846625 0.8195645734375001 0.922062190625 0.8413672609375 0.936623496875 0.8516735140625 0.9357615390625 0.862896115625 0.929702709375 0.852316028125 0.909082575 0.830513340625 0.8945212687499999 0.8184218140624999 0.8709554 0.823919909375 0.83977415 0.8417412953125 0.77325666875 0.848155740625 0.7368785453125 0.8439426750000001 0.7147018609375 0.824109603125 0.7004878531250001 0.7942915359375 0.673796315625 0.7827951 0.6583730546875 0.7578326140625 0.6271792359374999 0.7457410875 0.6036133671874999 0.75082843125 0.5402089796875 0.7508758546875 0.50538740625 0.7463415312499999 0.49655020624999996 0.7407539437499999 0.4821688328125 0.7542674171875 0.463117815625 0.7616877046874999 0.46710543906249996 0.767459634375 0.4574062828125 0.7717201234375 0.4447613921875 0.773552821875 0.4343676421875 0.77630186875 0.41877701875 0.7802885234375 0.38465003593749997 0.7665012156250001 0.3822189625 0.74483544375 0.3783987015625 0.7219320671875 0.3931148 0.7212895515625 0.419793765625 0.7226166515625 0.44682002968749995 0.7183561640625 0.45946492031249997 0.6872530671875 0.48613131562499995 0.6717699765625 0.5048350359375 0.6604999515625 0.5457154390625 0.666087540625 0.5600968125
685 1 0.2676078171875 0.9405226703125 0.23607473125 0.887374415625 0.5374934640625 0.9884198984375001 0.5633481859375 1 0.5003133546874999 1 0.2676078171875
1803 0.93021641875 0.2369366875 0.869342678125 0.202089971875 0.8377286312500001 0.381382146875 0.90180959375 0.3980398015625 0.93021641875 0.2369366875
171 1 0.0830066609375 0.8587304734375 0.8727044515625 0.86857855 0.8744409328125 1 0.14015084687499998 1 0.0830066609375
171 0.2756994671875 0 0.1180548421875 0.9269699390625 0.1377509984375 0.9304429031250001 0.293898790625 0 0.2756994671875 0