423 0.11703299375000001 0.444037478125 0.0843209265625 0.45631036875 0.0698081734375 0.48227938437500006 0.0671599953125 0.5448453171875001 0.119098025 0.5738708234375001 0.103360328125 0.6114943921875 0.10091044375 0.6348035000000001 0.0727015640625 0.678971828125 0.08824096875000001 0.680605084375 0.1178848125 0.660154178125 0.168387878125 0.6654622640625 0.19517352187499998 0.6722053156250001 0.1984517671875 0.71575530625 0.213991171875 0.7173885640625 0.22625233125 0.6754718296875 0.24690152968749998 0.6658588484375 0.2667341 0.66401556875 0.273278859375 0.67648675 0.2918864859375 0.6862980249999999 0.3072041375 0.57793050625 0.304742521875 0.5266108125 0.24646975468750001 0.5204860984375 0.20700290625 0.48491583125000004 0.16712774375 0.45323041562500005 0.11703299375000001 0.444037478125
423 0.4846706171875 0.5337387171875 0.5006300671874999 0.6061159234375 0.6537725187500001 0.606500778125 0.6776882328125 0.5658089859375 0.6596872109375 0.5128560359375001 0.6236969 0.481578934375 0.5727855203125001 0.48015569999999996 0.5202408843749999 0.49427186875 0.4846706171875 0.5337387171875
1050 0.7341177203125 0.5521011312499999 0.7476155531249999 0.57315864375 0.767039809375 0.575200215625 0.78891395 0.5539326796874999 0.7956570015625 0.5271470359375 0.7833841125000001 0.4944349703125 0.8191644015625 0.49034009687499996 0.7989117859375 0.4214394265625 0.7527018859375 0.41265480312499997 0.7107968828125 0.4750224453125 0.7449439140624999 0.486466975 0.72920621875 0.5240905437500001 0.7341177203125 0.5521011312499999
214 0.942288459375 1 0.9802983078124999 0.6015423531249999 0.9590307734374999 0.5796682125 0.9553442140625 0.540003071875 0.86927088125 0.574161834375 0.8105898 0.5719219703125 0.769291403125 0.591147934375 0.5764838109375 0.5944496406249999 0.43765582031249994 0.607352596875 0.373048315625 0.624128675 0.2861700859375 0.7406859406249999 0.36060059375 0.7799310359375 0.4368743828125 0.8390087015625 0.5209178734375 0.8989029953125 0.650354634375 0.9753516140625 0.6579839203125 1 0.942288459375 1
1354 0.9745819078125001 0.6559302703125 0.95085275625 0.582736434375 0.8702975328125 0.60176410625 0.8711258921875 0.6686232046875 0.9099744031249999 0.6727063484375 0.9745819078125001 0.6559302703125
2001 0.2174325171875 0.49779532812499994 0.2697788609375 0.522935984375 0.32845994375 0.5251758468750001 0.345224290625 0.5151545515625 0.3783094796875 0.2751104078125 0.1740456265625 0.23793034531249999 0.1546565609375 0.459775175 0.18880359375 0.47121970625 0.2174325171875 0.49779532812499994
1373 0.3427744046875 0.5384636578124999 0.39675400625 0.5480649093750001 0.419246484375 0.5582844984374999 0.46872289843750004 0.5359903109374999 0.4744392984375 0.4816023953125 0.46523463125 0.45706834531249996 0.4175897671875 0.4245663015625 0.3157670078125 0.42171983125 0.3147520875 0.46874635937500003 0.3188469609375 0.5045266484375001 0.3427744046875 0.5384636578124999
1636 0.3967657375 0.622693709375 0.42825286093750004 0.6220753734375 0.4339692609375 0.5676874578125 0.429057759375 0.5396768703125 0.398795578125 0.528640653125 0.3362296453125 0.5259924765624999 0.3192787359375 0.6498993984375 0.34258784375 0.652349284375 0.3967657375 0.622693709375
581 0.3838275890625 0.2599793171875 0.401396834375 0.16755951875 0.17586544531249998 0.1085053140625 0.16157444375000002 0.2444751046875 0.367063240625 0.27000061406250003 0.3838275890625 0.2599793171875
581 0.6359345984375 0.2904045984375 0.45845638906249997 0.2599675875 0.44784021718749994 0.3609737171875 0.62613505625 0.3836410265625 0.6359345984375 0.2904045984375
2001 0.4429404453125 0.40759193125 0.4345641359375 0.4499169796875 0.44296390625 0.5568495328124999 0.4701578640625 0.5597077328125 0.4981684515625 0.5547962296875 0.49325694843749995 0.52678564375 0.5112462390625 0.50510979375 0.5292355296875 0.48343394375 0.553361265625 0.478114128125 0.5969112562500001 0.4748358828125 0.6028259484375 0.38119114062500004 0.4594947703125 0.36219866093749997 0.446206959375 0.376513121875 0.4429404453125 0.40759193125
407 0.28090933281249997 0 0.655347125 0.2178173703125 1 0.20968085468750003 1 0.049797978124999996 0.52620389375 0 0.28090933281249997 0
1354 0.8866535656250001 0.5956276609375 0.9310201859375 0.5845797140625 0.9524860140625 0.5671970296875 0.95023441875 0.5512493109375 0.9023912624999999 0.5580040921875 0.8813337499999999 0.5715019265625 0.8486216828125001 0.583774815625 0.8424969687500001 0.6420475828125001 0.873575778125 0.6453140984375 0.869072590625 0.613418659375 0.8866535656250001 0.5956276609375
1193 0.744757353125 0.6003526015625 0.749867146875 0.5891063625 0.777877734375 0.5841948609375 0.8175428734375 0.5805083015625 0.7911655453125 0.5698803984375 0.7333010921875001 0.5598708328125 0.7251230750000001 0.5629390562500001 0.694044265625 0.559672540625 0.68464130625 0.5743953171875 0.6787148828125 0.593411259375 0.744757353125 0.6003526015625
780 0.45305015624999995 0 0.6017523765624999 0.055073667187499994 0.4847985265625 0.0467090890625 0.47580388124999995 0.05754701250000001 0.510359228125 0.06510669375 0.63549109375 0.0704030484375 0.6489889265625 0.0914605625 0.676182884375 0.0943187625 0.68170099375 0.079187671875 0.6994919921875 0.09676864843750001 0.811336046875 0.11637946562499998 0.8487495921875 0.0967451875 0.7653244390625 0.068338015625 0.8695970828125 0.047875379687500004 0.866937175 0.0358125109375 0.720747796875 0.044013989062499995 0.7043917640624999 0.050150434375 0.697030375 0.0454489546875 0.7184962031250001 0.028066270312500002 0.7111348140625 0.023364790625 0.6105369984375 0.0088637671875 0.6089037421875 0.024403171874999997 0.5929560234375 0.026654765625 0.5244315328125 0 0.45305015624999995 0