1146 0.0164421046875 0.3870673046875 0.0368897203125 0.43084503593749995 0.0627702546875 0.461628628125 0.094083709375 0.47941808124999996 0.13317386874999998 0.4757990859375 0.1669388515625 0.46525647656249997 0.18398295781250001 0.43010854062500004 0.1942111921875 0.3803680296875 0.19368133125 0.33669804062500003 0.1839918109375 0.2868497859375 0.1597097140625 0.2438174015625 0.1276509125 0.22219346718750002 0.08941384375 0.20972918906250002 0.0587379953125 0.21569197031249998 0.0425469796875 0.234756634375 0.0194323484375 0.2591464734375 0.009311857812500001 0.28896923124999996 0.00451654375 0.3257156046875 0.0164421046875 0.3870673046875
1050 0.1076165625 0.3852622328125 0.105165034375 0.41359429687500004 0.1134716015625 0.43585583593750005 0.1164529921875 0.45119376093749997 0.120925078125 0.4742006484375 0.1461680078125 0.48123200625000007 0.15618075625 0.47132700156249996 0.150217975 0.44065115156249995 0.1457458890625 0.4176442640625 0.133604840625 0.396128071875 0.1283874078125 0.3692867046875 0.12167927812499998 0.3347763734375 0.1477753 0.325724459375 0.11880563125000002 0.2995206953125 0.099633225 0.3032474328125 0.0918565203125 0.3246558828125 0.0756655046875 0.34372054531249996 0.0994177390625 0.343082940625 0.1076165625 0.3852622328125
1506 1 0.705296725 0.2594785546875 0.777555634375 0.0710502625 0.9136664359375001 0.09094215781250001 1 0.4473178921875 1 0.5716522625 0.991451196875 1 0.9048161953125 1 0.705296725
2001 0.23204384843749998 0.0427270515625 0.3103053515625 0.4453475765625 0.4905259671875 0.4103162375 0.417589640625 0.014619328125 0.23204384843749998 0.0427270515625
1250 0.756973071875 0 0.8002747046875 0.22276759531249998 0.9436412046875 0.2028586953125 0.90720861875 0 0.756973071875 0
268 0.714174525 0.8443668125 0.7529414546875 0.900501078125 0.8733010671875 0.8850642640625 0.9094098359375 0.8661073437500001 0.955531353125 0.83724541875 0.9204911609374999 0.800283559375 0.8591394625 0.8122091203125 0.8300620515625001 0.8059231109375 0.8055644687499999 0.8027262343749999 0.7794684484375 0.8117781484375 0.73877985 0.8276459359375 0.714174525 0.8443668125
1354 0.7064243796875 0.4359989921875 0.737100228125 0.43003621093750005 0.739021896875 0.358034159375 0.6876829453125 0.36005471718750004 0.6447583046875 0.36441905937499997 0.5934193546875 0.3664396171875 0.569236146875 0.4467482359375 0.6205750984375 0.444727678125 0.6711687015625001 0.438872640625 0.7064243796875 0.4359989921875
1354 0.7510552015624999 0.3994681046875 0.787801575 0.4042634203125 0.809955371875 0.41587460624999995 0.8497908781250001 0.41609009218750004 0.876632246875 0.410872659375 0.9095441390625 0.416413321875 0.8909104484375 0.3205512921875 0.8602345984375 0.3265140734375 0.803462728125 0.34152876875 0.75670360625 0.346638459375 0.7510552015624999 0.3994681046875
214 1 0.49279956093750005 0.9451319 0.2105276578125 0.91829053125 0.21574509062499997 0.91669209375 0.22799388125000003 0.85928261875 0.2192563421875 0.8194471109375 0.21904085625 0.7604391984375 0.22255210937499997 0.70292198125 0.2337323234375 0.6461501109375 0.24874701875 0.5947034171875 0.2706853296875 0.5631744765625 0.2927313828125 0.5601930859375 0.2773934578125 0.537931546875 0.285700025 0.5668923609375 0.4551625453125 0.46921640781249996 0.5258805343749999 0.41233679375000004 0.5608129843749999 0.3791016734375 0.6150255828125 0.3619498234375 0.670091271875 0.3509762421875 0.715997303125 0.36002815625 0.7420933234375 0.38857570625000004 0.7047093453125 0.38516334375 0.769042434375 0.9340240156249999 0.7061277109375 0.95948243125 0.6733235609375 0.9813218515625 0.6014292515624999 1 0.5794360296875001 1 0.49279956093750005
1373 0.3999802609375 0.5791323 0.4407766015625 0.543346759375 0.5007453468749999 0.50383448125 0.4986170484375 0.47241328437499996 0.4933996140625 0.445571915625 0.4820039140625 0.42789020468750005 0.4696473796875 0.4462095203125 0.46134081250000003 0.42394798125 0.4607032078125 0.400195746875 0.42459443906249994 0.419152665625 0.4055297765625 0.40296165000000006 0.3807089640625 0.459518034375 0.355995896875 0.49615666562499994 0.3519459296875 0.5367375203125 0.3280859515625 0.557292878125 0.3187108078125 0.59095011875 0.33894293750000004 0.67456335625 0.35193707500000004 0.6799962765625 0.3674904859375 0.637179378125 0.3999802609375 0.5791323
1050 0.4221517640625 0.3042259734375 0.435038159375 0.329576646875 0.4478168125 0.3748450734375 0.44078545468749997 0.40008800312500004 0.4691175171875 0.4025395328125 0.479130265625 0.39263452656250003 0.44782566562500004 0.23158631718749997 0.40873550625000005 0.23520531249999999 0.39083830937499997 0.2864365203125 0.4260939875 0.283562871875 0.4221517640625 0.3042259734375
2001 0 0.11484582031249999 0.0249730109375 0.22623458125 0.0649162625 0.20653231249999998 0.09708280625 0.20823849375 0.1360652234375 0.224537253125 0.142135746875 0.2352953484375 0.1657802390625 0.254575496875 0.170252325 0.277582384375 0.1823933734375 0.2990985765625 0.1914452875 0.32519459687499996 0.1988987640625 0.363539409375 0.1933581015625 0.3964513015625 0.18632674375 0.42169423124999994 0.1785500390625 0.4431026796875 0.1784422953125 0.463020434375 0.2091181453125 0.457057653125 0.27664811093749997 0.4359724328125 0.201368 0.0486898328125 0 0.091715721875 0 0.11484582031249999
713 0 0.5414372281250001 0.0527398 0.7580511453125001 0.06424324375 0.755815103125 0.060516506250000004 0.736642696875 0.072765296875 0.7382411359375001 0.0809641203125 0.780420428125 0.0963020453125 0.7774390375 0.1003520125 0.7368581828125 0.30912017812500003 0.664442865625 0.315082959375 0.6951187156249999 0.3242426171875 0.7012969828125 0.33425536562499997 0.6913919765625 0.29336898749999996 0.4605777578125 0.2796295015625 0.45131035781250006 0.2512974375 0.448858828125 0.21678710781250002 0.4555669578125 0.0756566515625 0.4869793015625 0.01888478125 0.501993996875 0 0.5115936140625 0 0.5414372281250001
1373 0.1424589765625 0.1755420875 0.17835225937500002 0.196420675 0.1491671046875 0.21005241875 0.165142634375 0.23082326250000001 0.17568524375 0.2645882453125 0.199967340625 0.30762062968750004 0.19900650625 0.3436216546875 0.20496928749999999 0.3742975046875 0.207950678125 0.3896354296875 0.22243551250000002 0.4027373109375 0.2562004953125 0.39219470156249997 0.30988323281249996 0.381759834375 0.3200037234375 0.35193707500000004 0.3255443859375 0.31902518281250003 0.36005471718750004 0.3123170546875 0.38231625625 0.3040104875 0.37486277968750004 0.265665675 0.3833848328125 0.2480917078125 0.38668945312499997 0.203676371875 0.380726671875 0.17300052187499998 0.361024403125 0.133057271875 0.357297665625 0.11388486718749999 0.31991368750000004 0.0853373171875 0.3023397203125 0.0768152640625 0.2610135171875 0.068930815625 0.238751978125 0.0772373828125 0.1896490703125 0.0907613828125 0.1956118515625 0.1214372328125 0.1640829109375 0.14348328593749998 0.11955983125 0.1600964203125 0.1424589765625 0.1755420875