407 0.2747658671875 0 0.54361374375 0.17469261875 1 0.194362409375 1 0.0729596578125 0.5393508546875 0 0.2747658671875 0
1096 0.7205260546875001 0.530972953125 0.7223592703125 0.51939848125 0.7120069421874999 0.5098489500000001 0.7132290859375 0.502132634375 0.7369891046875 0.501940909375 0.7471497078125 0.4877304234375 0.716284446875 0.482841846875 0.7183452859375 0.41988918125 0.7266726734375 0.41725316718750005 0.7278948171875 0.409536853125 0.7201785015625 0.4083147078125 0.7218199937499999 0.37298021718749996 0.69683783125 0.3808882578125 0.6943935437500001 0.3963208875 0.49174440781250006 0.3523595921875 0.4960219125 0.3253524890625 0.4722618953125 0.3255442140625 0.46920653437500004 0.3448350015625 0.4576320625 0.34300178593749997 0.4551877734375 0.358434415625 0.4622930171875 0.3635147171875 0.4561822953125 0.40209629375 0.441971809375 0.391935690625 0.44686038593750005 0.36107042968749997 0.43161948125 0.38238615781249996 0.40847053593749993 0.378719725 0.3591295203125 0.7901287171875 0.3784203078125 0.793184078125 0.3967165734375 0.7525775609375 0.42819290624999995 0.75360798125 0.41413824843749997 0.8423456046875 0.43037367499999996 0.864691753125 0.4387010625 0.862055740625 0.4501197078125 0.764990728125 0.48159604062500005 0.7660211484375 0.5037145671875 0.8011639140625 0.5439017359375 0.8470783546874999 0.574766996875 0.8519669328124999 0.5408822734375 0.7912309328125 0.510628084375 0.7824841984375001 0.5059671296875 0.761971265625 0.581105340625 0.7620071640625 0.5782417046874999 0.8050579687500001 0.5969214203125001 0.8119714874999999 0.60792071875 0.7425246515625 0.6528047406249999 0.7338138140625 0.668237371875 0.7362581031250001 0.6497134828125 0.8282428124999999 0.672862428125 0.8319092453125 0.69940205 0.539492065625 0.7205260546875001 0.530972953125
1707 0.6629653453125 0.719603328125 0.6448967015625 0.7088316515625 0.6095622109375001 0.7071901609375 0.5961545218750001 0.7169314171875001 0.6014265484375 0.7335861921875 0.5601371640624999 0.8694245031250001 0.60792071875 0.7425246515625 0.6349278218750001 0.74680215625 0.61170708125 0.89341214375 0.6155652390624999 0.894023215625 0.6426441374999999 0.7480243 0.6702623125 0.748443646875 0.6681655765625 0.8865345234375 0.6785897000000001 0.745807634375 0.6629653453125 0.719603328125
179 0.808317290625 0.82567859375 0.743339684375 0.8114322109375 0.7412788453125 0.8743848765625 0.7780272046875 0.8920700703125 0.83589956875 0.9012361515625 0.8816222843749999 0.8372889640625001 0.808317290625 0.82567859375
589 0.7512836218750001 0.7612761625 0.7352399187499999 0.76269003125 0.76324154375 0.8106294140625 0.8385714796875 0.8344253296874999 0.89056074375 0.83079479375 0.8560649484375 0.7739169515625 0.8524344140625001 0.7219276875 0.8000258015625 0.753176396875 0.7512836218750001 0.7612761625
2001 1 0.32097041875 0.9389431359374999 0.3005857140625 0.81017416875 0.3395148421875 0.7567832703125 0.72655274375 0.9606545499999999 0.762797725 1 0.514380334375 1 0.32097041875
581 1 0.2865265203125 0.9850493015625 0.2841585625 0.9586532703125 0.27602289999999996 0.9367264703125 0.2646401515625 0.9143803203124999 0.28087557812499997 0.8784347578125 0.2830922453125 0.8227790609375001 0.309871725 0.7793089078125 0.3346262640625 0.7577655562500001 0.37076355156249996 0.7347724375 0.46599534687500005 0.7319088015624999 0.509046153125 0.7424528546875 0.5423557015625 0.7408113640625 0.5776901921875 0.7737015656249999 0.5947643140625 0.774923709375 0.5870479984375 0.80326065 0.3581945578125 0.827823465625 0.3779046921875 0.8700714734374999 0.36086646875 0.90135608125 0.3381368703125 0.924924375 0.314185128125 0.93710991875 0.3121601859375 0.96491981875 0.3363395515625 1 0.34189570625 1 0.2865265203125
2001 0 0.69905775625 0.28119946875 0.6828672046875 0.305570559375 0.678817321875 0.373207840625 0.22680181406250002 0.2656346734375 0.1069354078125 0.116196946875 0.05162726250000001 0.071312925 0.0603380984375 0 0.5105901875 0 0.69905775625
581 0.0808695421875 0 0.06764649218749999 0.0834870453125 0.089992640625 0.0672516171875 0.1297963609375 0.0656460234375 0.1505010171875 0.08474508593749999 0.1661253734375 0.1109493921875 0.19007711562500001 0.1345176859375 0.2241894609375 0.1438754921875 0.26399318125 0.1422698984375 0.2861117078125 0.1774126640625 0.29604468906250003 0.2145803703125 0.3463924625 0.24628432656250002 0.3811158796875 0.251783975 0.38394361875 0.2838713796875 0.37863569375 0.342354815625 0.3659949046875 0.4471361421875 0.354384534375 0.5204411375 0.3632870953125 0.5890851765625 0.375664365625 0.610820253125 0.3895273 0.49832261093749997 0.39319373125 0.475173665625 0.412939765625 0.375472640625 0.42451423750000006 0.37730585625 0.43264990000000003 0.350909825 0.42252519375 0.28998210156250004 0.39757892968749997 0.22275193125 0.3787074890625 0.19207839531249998 0.35536681875 0.1646519453125 0.3287790640625 0.13275626406250002 0.306049465625 0.10147165625000001 0.2847337359375 0.0862307515625 0.2544795484375 0.0774840171875 0.234997034375 0.0506686375 0.20860100468749998 0.042532975 0.18606313125 0.0350083859375 0.1273879703125 0.00594044375 0.0898814859375 0 0.0808695421875 0
323 0.419026825 0.8114803453125001 0.41681015937500004 0.7755347828125 0.436100946875 0.7785901421875 0.43915630781250004 0.7592993546875 0.4223098078125 0.7408113640625 0.434303628125 0.7150264046875 0.40080235468750003 0.701810440625 0.4038577140625 0.682519653125 0.2470871234375 0.6735093984375 0.23123514531249997 0.698683284375 0.273674878125 0.705405078125 0.27325553125 0.733023253125 0.280971846875 0.734245396875 0.27791648593749996 0.7535361859374999 0.289490959375 0.7553694015625 0.293540840625 0.7797404921875 0.3059181109375 0.8014755687499999 0.419026825 0.8114803453125001
1804 0 0.8099413468750001 0.1303960078125 0.9358282156250001 0.25434819375 0.777487928125 0.00386736875 0.5361136265625001 0 0.5562384312499999 0 0.8099413468750001
1708 0.3836564359375 0.8849770640625 0.3970641265625 0.8752358078125001 0.37372345625 0.84780935625 0.32356740624999997 0.83986541875 0.27665844375000004 0.8363907109375001 0.24071288124999998 0.8386073765625 0.23116335000000002 0.84895970625 0.23257721875 0.8650034078125 0.2506458625 0.875775084375 0.22176964531249999 0.9582102625 0.23781334843750002 0.9567963921875 0.252670803125 0.887960628125 0.2719615921875 0.8910159890625 0.2564930640625 0.9637099109375 0.279642009375 0.96737634375 0.29064130781249997 0.8979295078125 0.33369211249999997 0.90079314375 0.3259399 0.974709209375 0.3375143734375 0.9765424265625 0.3458776578125 0.8987682015624999 0.358063203125 0.8967432609375001 0.3568051609375 0.9795977859375 0.372237790625 0.9820420750000001 0.3747179765625 0.8914712343750001 0.3836564359375 0.8849770640625
1939 1 0.1978489046875 0.543002671875 0.1785507765625 0.47449079843749997 0.760940846875 0.9411002421875001 0.8862587671875 0.9953718500000001 0.5685718390625001 1 0.53935085 1 0.1978489046875
1939 0.08118060625 0 0 0.5263944375 0 0.86378925 0.47387972500000003 0.7647990046875 0.54361374375 0.17469261875 0.2726056046875 0 0.08118060625 0
819 0.9230854000000001 1 0.9404891703124999 0.8901169250000001 0.4777378828125 0.7654100765625 0 0.8626772734375001 0 0.9230854015625001 0.4856196640625 1 0.9230854000000001 1
1050 0.701258928125 0.053328312499999996 0.684604153125 0.05860033906249999 0.6827709375000001 0.07017481249999999 0.68540695 0.0785022 0.7046977375 0.0815575609375 0.7258217421875 0.0730384484375 0.7166915578124999 0.0557726015625 0.701258928125 0.053328312499999996