423 0.659277909375 0.6336935140625 0.6403584578125 0.7414905625 0.6610872140625 0.737909559375 0.67116545625 0.7280712031250001 0.6894577468749999 0.7359528671875 0.7061257265625 0.751476309375 0.7048338000000001 0.7951303984375 0.7201173562500001 0.7983790187500001 0.7366928390624999 0.75797355 0.76425121875 0.7598377453125 0.8139227765625 0.7703957609375001 0.83579606875 0.79900618125 0.851079625 0.8022548015625001 0.8379001515625 0.7515312015625 0.8427730812500001 0.7286058671875 0.839431965625 0.6879605125 0.8977973421875 0.6764053484375 0.9146127125 0.616083278125 0.9088351296875 0.5869005890625 0.8815166375000001 0.5651197921875 0.831032925 0.5583826671875001 0.783318059375 0.5761951843750001 0.7347910390625 0.5978285921875 0.677477703125 0.585646265625 0.659277909375 0.6336935140625
423 0.310672353125 0.50767938125 0.32084309375000003 0.5537699375 0.46660914687500005 0.6007275390625 0.504153271875 0.5368244671875 0.48251986406249997 0.488297446875 0.43690908281249996 0.45863498593749996 0.38804967968750004 0.44425608125 0.344155703125 0.46288075468749995 0.310672353125 0.50767938125
1050 0.23999454999999997 0.3329156328125 0.199441690625 0.39218566250000003 0.2322053828125 0.40713683593749994 0.21042458593750002 0.434455328125 0.20856039062499998 0.46201370624999993 0.2227919046875 0.488999815625 0.24189634999999998 0.493060590625 0.26124068125 0.47720476562499997 0.2745675453125 0.452082853125 0.271226428125 0.411437496875 0.307238740625 0.41110511406250005 0.28665737343750003 0.3388406046875 0.23999454999999997 0.3329156328125
214 0 0.8889179437499999 0.192964765625 0.9299338718750001 0.21011251718750001 0.9056241140625 0.356838115625 0.872915315625 0.45527657968749996 0.8419233234375 0.546073265625 0.8093070203125 0.6289882875 0.794983009375 0.5823803562500001 0.6572836140625 0.5261190609375 0.6213637984375 0.3980730296875 0.5661921484375 0.21572239531249998 0.5034712171875 0.18238643593749998 0.47242433281249996 0.1258852546875 0.4564211171875 0.054580289062499995 0.39733608125000003 0.0388169609375 0.4339206625 0.0118308515625 0.44815217812499997 0 0.5012942218750001 0 0.8889179437499999
1354 0.00046068125 0.5016446250000001 0.056721975 0.5375644390625001 0.094930865625 0.545685990625 0.11637927968749999 0.4823551859375 0.045646584375 0.43936586093749996 0.00046068125 0.5016446250000001
2001 0.6425174328125001 0.562241159375 0.655364525 0.576952446875 0.7118657046875 0.5929556609375 0.769418928125 0.5852213859375001 0.8048589703125 0.5687932921875001 0.8408712812499999 0.5684609093749999 0.8909850078125 0.3514823875 0.6852292671875 0.3237217265625 0.6425174328125001 0.562241159375
1373 0.546330440625 0.469912659375 0.52999484375 0.49040152968750006 0.5186246734375 0.5438939765625 0.55879025625 0.580386059375 0.5833399015625 0.5776172125000001 0.637644503125 0.58516649375 0.6708879671875 0.560284465625 0.685839140625 0.5275207749999999 0.6994058890625 0.4824822609375 0.601687084375 0.45372445156249996 0.546330440625 0.469912659375
1636 0.5552092531249999 0.5596573046875 0.541882390625 0.5847792171874999 0.5305122203125 0.6382716640625 0.5602671765625 0.64858979375 0.6026293390624999 0.6935358109374999 0.6255546734374999 0.6984087421875 0.647722746875 0.5753281359375 0.5874006765625001 0.5585127671875 0.5552092531249999 0.5596573046875
581 0.6846569984374999 0.307626015625 0.6975040906250001 0.322337303125 0.9008233656250001 0.36156063125000004 0.9292487921875001 0.22782951406250002 0.6965069421875001 0.21430036874999997 0.6846569984374999 0.307626015625
581 0.4159953328125 0.35035816406250003 0.5925683859374999 0.3838964078125 0.6136844171875 0.2845532921875 0.43548705468750004 0.2586568265625 0.4159953328125 0.35035816406250003
2001 0.456013528125 0.46269576093750003 0.4773145515625 0.47521046875 0.487725178125 0.5013844234375 0.498135803125 0.527558378125 0.48480894062499996 0.5526802921875 0.509930853125 0.5660071546875 0.5366770765625 0.571692240625 0.577709709375 0.47258901093750005 0.582822525 0.42974707656250005 0.589319765625 0.3991799640625 0.58110571875 0.3814599421875 0.4389206671875 0.3552310953125 0.4156080578125 0.446120278125 0.456013528125 0.46269576093750003
407 0.1070885375 0 0.0938585109375 0.06224238125 0.43945533281250004 0.18362347031249998 0.9240454203124999 0.0789633390625 0.55255211875 0 0.1070885375 0
1354 0.1152347421875 0.45016376406249997 0.0993789171875 0.43081943125000005 0.0559647140625 0.4096109046875 0.0488952046875 0.42408230468749997 0.06393887499999999 0.44724752656250005 0.10272003437499999 0.4714647875 0.113942815625 0.49381785312500004 0.09980379687499999 0.52276065625 0.130370909375 0.5292578953125 0.142553234375 0.47194455937499996 0.1152347421875 0.45016376406249997
1193 0.25961637187500003 0.48484654374999997 0.20149088124999998 0.4764851078125 0.173120346875 0.4784418 0.209704928125 0.49420512812500006 0.23482684062499998 0.5075319921875 0.236211265625 0.5198068140625 0.30116637968750004 0.53361345 0.301406265625 0.51369685 0.2970131078125 0.4967889828125 0.2664459953125 0.49029174375 0.25961637187500003 0.48484654374999997
780 0.3676233984375 0 0.3810523515625 0.007475296875 0.2929320171875 0.00871233125 0.3224470890625 0.0389470609375 0.43487718124999997 0.0548577796875 0.457230246875 0.0436349984375 0.45780251562499996 0.059730709375 0.4845487390625 0.0654157953125 0.503893071875 0.0495599703125 0.6245372109375 0.083190709375 0.6597373671875 0.086679215625 0.6545320546875 0.0735922375 0.5407175375 0.0454066984375 0.730045184375 0.037727315625 0.6319756984375 0.016882003125 0.557865290625 0.0210969390625 0.5433938890625 0.0140274296875 0.5463755109374999 0 0.4486541640625 0 0.453076975 0.00681053125 0.4446230421875 0.0090071109375 0.43332590312499997 0 0.3676233984375 0