1050 0 0.48628426718749995 0.10409645781250002 0.46951307656249996 0.093975965625 0.49933583593749997 0.057014106249999995 0.534376028125 0.052218792187499995 0.5711224015624999 0.07575554062499999 0.610320303125 0.12858518593749999 0.6159687093749999 0.17843344218749999 0.606279190625 0.22753635 0.5927551890625 0.2545932046875 0.5477022484375 0.24032385625 0.49476485937500003 0.16459506562499998 0.47367078593749995 0.16470280937499998 0.4537530328125 0.19772244375 0.4393759421875 0.265360153125 0.39837296875 0.215727384375 0.36822698125 0.16545700937500002 0.31432875781249997 0.142557865625 0.298883090625 0.108900625 0.28950794687500003 0.0398799640625 0.3029242046875 0 0.41140255156250005 0 0.48628426718749995
1250 0.026894678124999998 0.154232528125 0.0599054609375 0.28311419375 0.0828046046875 0.29855986093750003 0.1218947640625 0.294940865625 0.1775980578125 0.33584495 0.14778415312499998 0.182465703125 0.026894678124999998 0.154232528125
1250 0.2851790171875 0.275139709375 0.2843259265625 0.29122298125 0.3655953796875 0.27940516249999997 0.34536325 0.19579192343750002 0.264093796875 0.2076097421875 0.2851790171875 0.275139709375
2001 0.5635965953125 0.356319125 0.51451139375 0.0833256140625 0.36954645625000004 0.11548330468750001 0.43396958281250003 0.3854954265625 0.5635965953125 0.356319125
1250 0.82035225 0 0.6787564796875001 0.0275234296875 0.7106986859375 0.212323875 0.901677396875 0.1712220109375 0.875894515625 0 0.82035225 0
1506 1 0.5118295374999999 0.9942171015625 0.48352116875 0.644533965625 0.5475133234375 0.8968378156249999 0.924262165625 1 0.9019221359375 1 0.5118295374999999
125 0.4915644140625 1 0.618519128125 0.9664237515625 0.6956397234375 0.8718457859375001 0.7206671671875 0.91871265 0.7368581828125 0.8996479875000001 0.7432519359375 0.850652821875 0.7267465453125 0.786211990625 0.7154585875 0.748612525 0.6734947796874999 0.7169758421875 0.5740137562500001 0.6965193734375 0.452271190625 0.684369471875 0.3628029140625 0.6540079984375 0.291761696875 0.61608530625 0.20378411562499998 0.59339279375 0.1515920734375 0.6114966234375 0.089387284375 0.6395054578125 0.092368675 0.6548433828125 0.060202129687499994 0.6531372015625 0.031762323437500004 0.6706034265625 0.047630109375 0.7112920234375 0.19758814062500002 0.8890699640624999 0.21036679375 0.934338390625 0.23007945468750002 1 0.4915644140625 1
125 0.44759247343749997 0.5579393359375 0.4835934984375 0.5589001703124999 0.5002066328125 0.6034232484375 0.5239588671875001 0.60278564375 0.5272634875 0.5583703078125 0.5580470796875 0.5324897734375 0.5894682765625 0.5303614734375001 0.6169472500000001 0.5488962749999999 0.6378258359375 0.5130029921875 0.61056235 0.45463268437500004 0.5668923609375 0.4551625453125 0.5501714843750001 0.4305572203125 0.5180049390625 0.42885103906250005 0.5027747578125 0.41191467499999995 0.4883976671875 0.378895040625 0.46475317499999996 0.3596148921875 0.41884714375 0.348641309375 0.368253540625 0.354496346875 0.33438081406250003 0.3849567109375 0.3730400015625 0.4610087296875 0.42341811875 0.4949891984375 0.45782070625 0.5081988234375 0.44312038749999993 0.53493245 0.44759247343749997 0.5579393359375
1050 0.34024470625 0.2922915578125 0.3266129625 0.263106403125 0.2928479796875 0.2736490140625 0.2827274890625 0.303471771875 0.2702632109375 0.3417088421875 0.33694008593749997 0.33670689375 0.3684690265625 0.314660840625 0.34024470625 0.2922915578125
1636 0.38698612187500003 0.5736993796875 0.41286665625 0.604482971875 0.42244843281250005 0.67424898125 0.43778635781249997 0.6712675906250001 0.451103725 0.6169472500000001 0.44599403437499996 0.5701881281250001 0.43939364843749995 0.5157600437500001 0.4349215625 0.49275315624999994 0.3897608796875 0.48561405625000004 0.35301450624999997 0.480818740625 0.3261731375 0.4860361734375 0.2885736734375 0.49732413124999997 0.2562993859375 0.5155357046875 0.2638606046875 0.5339627625000001 0.2499056328125 0.56453086875 0.2382944453125 0.586684665625 0.360144753125 0.5789168140625 0.38698612187500003 0.5736993796875
803 0.6561451515625001 0.5253595265625 0.9950701921875 0.46743789687500004 0.9422582515625001 0.175271978125 0.6040785609375 0.2370280890625 0.6561451515625001 0.5253595265625
1354 0.510228234375 0.4502594875 0.492762009375 0.42181968124999997 0.4283211765625 0.438325071875 0.4342839578125 0.46900092187500003 0.44642500625 0.4905171140625 0.4755024171875 0.4968031234375 0.520025496875 0.4801899890625 0.510228234375 0.4502594875
1250 0 0.39822205 0.0025948765625 0.3977176578125 0.0297594734375 0.3327469625 0.0035645625 0.218457875 0 0.218362740625 0 0.39822205
1250 0.21988509375 0.307728371875 0.21115640781249997 0.22187909062500002 0.1828243453125 0.2194275625 0.19762355468749998 0.3160349390625 0.21988509375 0.307728371875
459 0.26151681875 0.5423770718750001 0.24830719375000002 0.576779659375 0.3173278546875 0.563363403125 0.3710105921875 0.5529285359375 0.400195746875 0.5392967921875 0.394232965625 0.5086209421875 0.369843125 0.4855063125 0.33149831406249997 0.4929597890625 0.2893190203125 0.5011586125 0.2708919625 0.5087198328125 0.26151681875 0.5423770718750001
581 0.49981107343750003 0.1100592390625 0.39553473437500003 0.12634914375 0.4118246390625 0.2306254828125 0.44697257500000004 0.24766958906249997 0.487661171875 0.23180180312499998 0.5207885515624999 0.1975069578125 0.49981107343750003 0.1100592390625
407 0.451855478125 0 0.16254387812499999 0.056236478125 0.1912475078125 0.0785125921875 0.5785301078125 0.00323248125 0.59515978125 0 0.451855478125 0
1636 0.25204278593749996 0.452693309375 0.22349523593749998 0.4900772875 0.29485968281249997 0.46824672031250003 0.298586421875 0.48741912656249997 0.317758828125 0.4836923890625 0.3110506984375 0.4491820578125 0.25204278593749996 0.452693309375
1250 0.19219063593750002 0.329029078125 0.1996441109375 0.36737389062500003 0.2630163671875 0.40678727812500004 0.2488547625 0.3339321359375 0.2427842375 0.323174040625 0.19219063593750002 0.329029078125
1373 0.4555935171875 0.353436625 0.4862693671875 0.34747384375 0.49095693906250004 0.3306452234375 0.47647210468749995 0.317543340625 0.459643484375 0.3128557703125 0.44579625468749995 0.323506121875 0.44952299375000004 0.342678528125 0.4555935171875 0.353436625
598 0.7468074546875 0.1933669546875 0.7574578078124999 0.207214184375 0.7958026203124999 0.1997607078125 0.8794158578125 0.179528578125 0.88175964375 0.17111426875 0.8718546390625 0.1611015203125 0.8482101468750001 0.141821371875 0.8198780828125001 0.13936984218749998 0.7921836250000001 0.1606705484375 0.7553295078125 0.1757929875 0.7468074546875 0.1933669546875
1416 0.6386789265624999 0.4969197203125 0.62973475625 0.45090594531250006 0.6290971515625 0.4271537109375 0.6000197390625 0.42086769999999996 0.5762675046875 0.4215053046875 0.561674928125 0.4283211765625 0.5454839125000001 0.447385840625 0.5704036140625 0.5141704578125 0.5787101812500001 0.5364319984375 0.629303784375 0.530576959375 0.6386789265624999 0.4969197203125