1794 0.5965232 0.3227742125 0.583303284375 0.3919431375 0.670478290625 0.41367830781250003 0.6827532 0.3482996 0.5965232 0.3227742125
1250 1 0.152506571875 0.9772719734375 0.1520004671875 0.9281315890625 0.3490917859375 1 0.369414828125 1 0.152506571875
214 0.9813168937500001 0.555592428125 0.957600015625 0.5053949671875 0.9263434546875 0.517731003125 0.8628445734374999 0.48176978125 0.8580889718750001 0.4524032359375 0.792740828125 0.4884459625 0.73020733125 0.480906278125 0.650622946875 0.4771670015625 0.6288266484375 0.4677067390625 0.43742574999999995 0.4280368046875 0.2924524703125 0.39591674062500004 0.22424892812500002 0.41111836406249996 0.1921084890625 0.5238798859375 0.203581021875 0.687773690625 0.8516369296875 0.736628809375 0.9018140140625001 0.680700175 0.9709727515625 0.6778142125 0.9832578484375001 0.6285413828124999 0.969031796875 0.6048652578125 0.9813168937500001 0.555592428125
581 0.1475921421875 0 0.0224835125 0.4614584578125 0.065131103125 0.4841692 0.198723540625 0.49734836250000003 0.20912881093750002 0.47176184687499995 0.21667868124999998 0.42533422656250003 0.272556375 0.39498192187500003 0.3673016296875 0.40250122812500005 0.46005596562499995 0 0.1475921421875 0
581 0.692975084375 0.032807278125 0.61451909375 0.3151835890625 0.6874782359375 0.3293485125 0.7564637765625 0.052662621875 0.692975084375 0.032807278125
389 0.8906428125 1 0.9350624703125 0.8218424843750001 0.845956696875 0.7432642375 0.2016910078125 0.6953541249999999 0.1892734671875 0.5352505390625 0.1911431046875 0.49545834843750003 0.005442815625 0.4813647421875 0 0.502291884375 0 0.878565309375 0.487047940625 1 0.8906428125 1
1050 0.707404896875 0.378600965625 0.7027002359375001 0.4297638109375 0.7443926296875001 0.4401588921875 0.7595229359375 0.3956212875 0.707404896875 0.378600965625
2001 0.6029752421875 0.0385486390625 0.48926871250000004 0.010198415625 0.4221731875 0.279303871875 0.5434499640625 0.2934382296875 0.6067654609375001 0.0394936453125 0.6029752421875 0.0385486390625
1354 0.7501034265625 0.4818410984375 0.7065210171875 0.4790264515625 0.66578381875 0.48094703125000005 0.7027613640625 0.5263990796875 0.7416085484375 0.5320589359375 0.7851909578125 0.5348735812500001 0.8230829453125 0.5282177765625 0.8477142671875001 0.5263073859375 0.7870605953124999 0.4950813890625 0.7501034265625 0.4818410984375
1354 0.7833009421875 0.5424540171875 0.7349833078125 0.54248458125 0.7435189390625 0.55669025625 0.839260140625 0.6409487359375 0.9699971812499999 0.633286796875 0.9254290109375001 0.5698388546875 0.894152075 0.5499631359375 0.8524596796875 0.5395680546875 0.8202479234375 0.5395884296875 0.7833009421875 0.5424540171875
1193 0.8752723031249999 0.6579792453125 0.8639322140625 0.7034618578125 0.8696430109375 0.7451440640625 0.932207071875 0.8010013812500001 0.9391575031249999 0.8054182093750001 0.976642796875 0.65507290625 0.8942233906249999 0.6627042828125 0.8752723031249999 0.6579792453125
1799 0.5567921375 0.4175398421875 0.5511220921875 0.44028114843750005 0.6742990734375 0.46294095 0.710301046875 0.46386558125 0.75388345625 0.466680228125 0.75008305 0.44962934218750006 0.7311319625 0.44490430468750003 0.6960648078125 0.424083578125 0.6875291765625 0.40987790312500005 0.5274052140625 0.3900836875 0.53878605625 0.4090245875 0.5567921375 0.4175398421875