1950 0.4824108140625 0.9371811843750001 0.5188449281249999 0.9555050328125001 0.5330895046874999 0.8747200218750001 0.4991456703125 0.8647682968750001 0.4824108140625 0.9371811843750001
291 0.9415022125 0.6730449968750001 0.9349420546875 0.6877543046875 0.9268022953124999 0.73391716875 0.9582558515624999 0.73549676875 0.96368235625 0.7047215265625 0.9587017984375 0.687977278125 0.9713667765625 0.6386458234375 0.9528105625000001 0.6314073515625 0.9415022125 0.6730449968750001
291 0.9134402234375001 0.6522308703124999 0.90189950625 0.6501959312500001 0.8844863374999999 0.7264557234375 0.9254456687499999 0.741610978125 0.9396902468749999 0.6608259671875001 0.9281495312500001 0.658791028125 0.9335760359374999 0.6280157859375 0.9220353203125 0.625980846875 0.9134402234375001 0.6522308703124999
1483 1 0.454062903125 0.8179177296875 0.429129146875 0.78016455625 0.6882284265624999 0.9646744328124999 0.7440855765625 1 0.5437443296875 1 0.454062903125
410 0.308044334375 0.0139708734375 0.3182284234375 0.0236996234375 0.3297691390625 0.0257345640625 0.34515676093750003 0.028447817187500002 0.35036029218750003 0.021432318750000002 0.3370076109375 0.00717835 0.3216199890625 0.0044650968749999995 0.30170715000000004 0.0049204375 0.308044334375 0.0139708734375
410 0.44857725625 0.0942817625 0.46713346875 0.10152023437499999 0.478674184375 0.10355517343750001 0.483877715625 0.0965396765625 0.4813874375 0.0881675515625 0.47052503437500004 0.0822857078125 0.45129050781249996 0.078894140625 0.44857725625 0.0942817625
410 0.7488588421875 0.123430446875 0.7603995578125 0.1254653859375 0.779634084375 0.12885695156250002 0.7950217046875 0.1315702046875 0.7977349578124999 0.116182584375 0.78755086875 0.106453834375 0.7592659046875 0.1093994515625 0.7488588421875 0.123430446875
1606 0.2411424765625 0.5733517406249999 0.2422761296875 0.589417675 0.269204465625 0.5941658671875001 0.296132803125 0.598914059375 0.3223828265625 0.6075091578125 0.43348774062500006 0.6072674 0.415609840625 0.5961820234374999 0.38166600625 0.5862303 0.3484004859375 0.5724316703125 0.2411424765625 0.5733517406249999
1608 0.260377003125 0.57674330625 0.2796115296875 0.580134871875 0.283458434375 0.5808131859375 0.2854933734375 0.5692724703125001 0.2920535328125 0.5545631625 0.2863946609375 0.5416658203125 0.27485394531249996 0.5396308796875 0.261278290625 0.54913665625 0.2624119421875 0.565202590625 0.260377003125 0.57674330625
300 0.326898653125 0.5369082359374999 0.3642340546875 0.5276254328125 0.36694730625 0.5122378125 0.3800676234375 0.48281919687499997 0.384815815625 0.455890859375 0.348158728125 0.46132675624999997 0.3368409859375 0.435532071875 0.358788765625 0.42353601718749995 0.39046529531249996 0.401355871875 0.39136658125 0.373749221875 0.4185178921875 0.35473766875 0.39747140000000003 0.339127075 0.37869221406250003 0.35564834843750004 0.34588203125 0.3617625578125 0.3513085375 0.330987315625 0.339767821875 0.3289523765625 0.31329482343750004 0.3441170234375 0.318944303125 0.2895820359375 0.3069482484375 0.2676342578125 0.28206424218750004 0.318777678125 0.27730665781249997 0.2782736859375 0.26780088125 0.26469803125 0.254680565625 0.294116646875 0.2483621640625 0.41993086875 0.2264143859375 0.43192692343749994 0.2092147984375 0.41699464218750004 0.19360420312499999 0.438041134375 0.201075040625 0.46315750468749994 0.187499384375 0.47266328125 0.1757356953125 0.49438808749999996 0.17370075625 0.505928803125 0.17935962656249999 0.5188261453125 0.326898653125 0.5369082359374999
1373 0.586406315625 0.2574126015625 0.57758824375 0.30742237031249997 0.5929758656249999 0.3101356234375 0.660863534375 0.33003907187500003 0.7025011796875 0.341347421875 0.7262609234374999 0.3415703953125 0.7194684 0.31260711875 0.7106409375 0.29518455781249997 0.687104165625 0.2712018390625 0.6859705140625 0.2551359046875 0.67714305 0.23771334375 0.6791779906250001 0.226172628125 0.63618371875 0.2225580890625 0.5936447874999999 0.2388563890625 0.586406315625 0.2574126015625
1373 0.21234582500000002 0.15179054218750002 0.23429360312499997 0.1397944875 0.23089264687500002 0.091596684375 0.204642621875 0.0830015859375 0.19355724531250001 0.1008794875 0.1609700375 0.08323395156249999 0.145127078125 0.060607859374999996 0.1344876484375 0.0309662703125 0.11276284375000001 0.0192025796875 0.0856115328125 0.0382141328125 0.074535546875 0.12352436250000001 0.20126044843750002 0.1696684421875 0.21234582500000002 0.15179054218750002
407 0.2525121625 0 0.638896971875 0.2071704671875 1 0.2034687828125 1 0.080450184375 0.54374433125 0 0.2525121625 0
183 0.7491569484375 0.6391293375 0.7754069718750001 0.6477244343749999 0.7885272875 0.61830581875 0.726298490625 0.6112997124999999 0.7491569484375 0.6391293375
1342 0.3705712375 0.5366758703125 0.42374959843750004 0.5500191609375 0.43007739218749996 0.4916372671875 0.378710996875 0.49051300624999994 0.3705712375 0.5366758703125
296 0.08725687343750001 0.47878688281250004 0.071869253125 0.47607363124999996 0.0745825046875 0.460686009375 0.059194884375 0.45797275624999995 0.051055125 0.5041356203125 0.0447273328125 0.5625175125 0.0761808890625 0.5640971125 0.1261906578125 0.572915184375 0.1356870421875 0.5190585109375 0.12550295312499998 0.5093297609375 0.12889451875 0.490095234375 0.0981192765625 0.48466872812500006 0.08725687343750001 0.47878688281250004
291 0.000599409375 0.5428370390625 0.023680840624999998 0.5469069171875 0.03792541875 0.46612190625 0.018012578125 0.4665772453125 0.000599409375 0.5428370390625
351 0 0.910225790625 0.0375358203125 0.9182353734375001 0.0934274328125 0.9161910421874999 0.14113233125 0.6231479265625001 0.0191650140625 0.6175078390625 0 0.610031884375 0 0.910225790625
666 0.099309278125 0.9053286390625 0.10496814843749999 0.91822598125 0.26517215312500003 0.8869766171875 0.3081288578125 0.6208618390625 0.15402967343750001 0.61748905625 0.099309278125 0.9053286390625
1567 0.7388885734375 1 0.7555223062499999 0.8504767624999999 0.711849721875 0.850709128125 0.585124821875 0.8045650468750001 0.5506643671875 1 0.7388885734375 1
353 1 0.346029259375 0.8541100859374999 0.33634808125000004 0.83148399375 0.352191040625 0.683266653125 0.33795585625 0.607006859375 0.3205426859375 0.5461346890625001 0.3058427703125 0.48141561250000003 0.290464540625 0.448178265625 0.47896289999999997 0.502713253125 0.484612378125 0.5758044531250001 0.4975003296875 0.6733337109375 0.5067643484375 0.8048068046875001 0.5259800921875 0.816561103125 0.43682295781249997 0.8416774734375 0.4293521203125 1 0.4534877640625 1 0.346029259375
1699 0.7563484609375 0.2834114765625 0.7665325515625 0.2931402265625 0.7749046749999999 0.29064994843749997 0.7681215421875 0.32911900156249996 0.8059122828125 0.33974903749999996 0.8219782171875 0.33861538593749996 0.8323852796875 0.324584390625 0.8477729015625 0.32729764375000003 0.8389454375 0.3098750828125 0.8332865671875 0.296977740625 0.8063582296874999 0.29222954843750004 0.7923272359375 0.281822484375 0.7789745531250001 0.267568515625 0.7577050875 0.275717665625 0.7563484609375 0.2834114765625
994 0.48914698906250004 0.561550484375 0.47919526562500003 0.5954943187499999 0.5106488203125 0.59707391875 0.5212788578125 0.5592831796875 0.5169766124999999 0.5386920265625 0.4977420859375 0.5353004609375 0.48914698906250004 0.561550484375
994 0.535086878125 0.5934499875 0.5497961859375 0.6000101453125 0.5651838078125 0.6027233984375 0.5758138453125 0.5649326593749999 0.5443602890625 0.563353059375 0.535086878125 0.5934499875
1387 0.2225862625 0.56611326875 0.21624907968749998 0.5570628328125 0.1918110203125 0.5606867640625001 0.17121986875 0.5649890078124999 0.15130702812500002 0.565444346875 0.1422565921875 0.57178153125 0.1562875859375 0.5821885953125 0.17099689375 0.588748753125 0.19792523125 0.5934969453125001 0.2210066625 0.597566825 0.2339040046875 0.591907953125 0.2275668203125 0.5828575171875 0.2225862625 0.56611326875
1387 0.447305153125 0.7088665375 0.4934680171875 0.717006296875 0.5326153828125 0.7199425234375 0.55003794375 0.711115059375 0.537363575 0.6930141859375001 0.5258228593750001 0.690979246875 0.5020631140625 0.690756271875 0.47830336874999996 0.6905332984375 0.4629157484375 0.6878200453125001 0.45069671875 0.6896320109375 0.434630784375 0.6907656640625001 0.42807062656249995 0.705474971875 0.447305153125 0.7088665375
1716 0.6903385 0.7477533640625 0.7342340578125001 0.723761253125 0.7566371765625 0.7316780374999999 0.776550015625 0.7312226984375 0.804156665625 0.7321239859374999 0.8344765687500001 0.7176376515625 0.6518600546875 0.673537903125 0.5509392296875 0.683508409375 0.548225978125 0.69889603125 0.6575283171875 0.7538675734375 0.6903385 0.7477533640625
353 0.919549815625 1 0.9547729109375 0.800239903125 0.775435146875 0.8500214234374999 0.7552566765625001 1 0.919549815625 1
1387 0.80891425 0.772627978125 0.8396894921875001 0.778054484375 0.8564337390625001 0.7730739265625 0.8636722109375 0.7545177125 0.8457943109375 0.7434323359375 0.8265597843749999 0.7400407703125 0.7951062296875 0.7384611703124999 0.7706681703125 0.7420851015625 0.7564142031250001 0.7554377828125001 0.779495634375 0.7595076625 0.80891425 0.772627978125
1910 0.6851349671875 0.7547688609375001 0.6953190578124999 0.7644976109375 0.7236040203125 0.76155199375 0.7299412046875 0.7706024296875 0.760038134375 0.779875840625 0.7665982921875 0.7651665328125 0.748943365625 0.7303214109375 0.7297088390625001 0.7269298453124999 0.6851349671875 0.7547688609375001
896 0.8503101375 0.6728314140625 0.8643411328124999 0.683238478125 0.85235446875 0.728723028125 0.8894668953125 0.7431999703125001 0.9028101859375001 0.690021609375 0.9118606218749999 0.683684425 0.9043897859375001 0.6585680546875 0.88334329375 0.642957459375 0.8595835484375 0.6427344859375 0.8503101375 0.6728314140625
544 0 0.598049371875 0.0128278296875 0.6084574015624999 0.6215307609375 0.6205919078125001 0.784234434375 0.6651469953125 0.76454456875 0.641842590625 0.7260755156250001 0.6350594578125001 0.7204166453124999 0.622162115625 0.6428002265625 0.6124427578125 0.524224475 0.5875681421875 0.4382359328125 0.5803390625 0 0.5540167265625 0 0.598049371875
1416 0.5787594625 0.5932176218749999 0.621075421875 0.6006790671875 0.6298934921875 0.5506692984375 0.5798837234375 0.5418512265625 0.5787594625 0.5932176218749999
1387 0.6672476765625001 0.6762511546875001 0.6858038890625 0.6834896265625 0.7204260375 0.6895944453125 0.7781296156249999 0.69976914375 0.769302153125 0.6823465828125 0.750745940625 0.6751081109375 0.723817603125 0.67035991875 0.6878388281250001 0.6719489109375 0.668604303125 0.6685573453125 0.6672476765625001 0.6762511546875001
947 1 0.080450184375 0.843124153125 0.052788740625 0.8282778343749999 0.07793650468749999 0.817647796875 0.1157272453125 0.8237620078125 0.1485374265625 0.9115625156249999 0.1679855359375 0.9783165328125 0.17182304843750001 1 0.168607596875 1 0.080450184375
943 1 0.14156897968749999 0.9907585359375 0.1462513390625 0.978771871875 0.1917358890625 0.9387232187500001 0.21640631250000003 0.9749343578125 0.2584899046875 1 0.2438800515625 1 0.14156897968749999
2001 0.21664806875 0.1723816953125 0.24357640625000002 0.1771298875 0.2110267640625 0.4292136703125 0.17120108437499998 0.43012435 0.1562781953125 0.514756265625 0.35518361718749997 0.5339626171875 0.3737304390625 0.47376875937499996 0.391153 0.464941296875 0.421472903125 0.4504549625 0.46217169374999995 0.2196406453125 0.22478782812500003 0.12621883125 0.21664806875 0.1723816953125
819 0.0728362796875 0.9204932859375001 0.276043946875 0.960290790625 0.292100490625 0.8917248093750001 0.0728362796875 0.9204932859375001
1866 0.474001125 0.6699421453125 0.5323830171874999 0.6762699390625 0.540522775 0.630107075 0.48146257031250006 0.6276261875 0.474001125 0.6699421453125