1794 0.590279309375 0.31951356249999996 0.5794814078125 0.3891017203125 0.66736185625 0.4077812859375 0.6773476031250001 0.3420140171875 0.590279309375 0.31951356249999996
1250 1 0.1351113296875 0.964836225 0.1355559078125 0.9226041625000001 0.3342421390625 1 0.3532379296875 1 0.1351113296875
214 0.9829638359375 0.5387608453125 0.9575095390625 0.4894216703125 0.9267025406249999 0.5028410296875 0.8619873124999999 0.46911779375 0.8562097312500001 0.4399351046875 0.79215926875 0.4782364921875 0.7294007328125 0.47288379062499997 0.64973433125 0.4719242453125 0.627621153125 0.46323042656249996 0.4349523890625 0.43026445156250004 0.28894644999999997 0.40322345000000004 0.22131498437500002 0.42079608124999995 0.19312944375000002 0.5346105984375 0.2103148 0.6980041765625 0.8596809484374999 0.7242127093749999 0.9078755859375001 0.666566990625 0.9768914750000001 0.66126918125 0.987449490625 0.6115976234375 0.9724058203125001 0.588432403125 0.9829638359375 0.5387608453125
581 0.1333060203125 0 0.021429321874999997 0.478147021875 0.0648435265625 0.4993555484375 0.1988145296875 0.507864375 0.208320503125 0.48193030625000005 0.21424547500000002 0.4352674828125 0.26902985 0.4029835640625 0.3639798078125 0.40719172812500004 0.44296001875 0 0.1333060203125 0
581 0.6765527375 0.026357145312500004 0.60799933125 0.31129951562499997 0.681408378125 0.322909571875 0.740695696875 0.0439846703125 0.6765527375 0.026357145312500004
389 0.9048920171875 1 0.9460295828125 0.806462965625 0.8542357484374999 0.7310423328125 0.208690490625 0.7056459546875 0.1906929796875 0.546073265625 0.1911727515625 0.506240065625 0.005093725 0.49863589062499997 0 0.5214637171875001 0 0.8929114625000001 0.5038119578125 1 0.9048920171875 1
1050 0.7030417859375 0.37143659218749997 0.7001255484375 0.422732459375 0.742155328125 0.431666165625 0.755722078125 0.3866276515625 0.7030417859375 0.37143659218749997
2001 0.5868080921875001 0.0352359578125 0.4721814203125 0.01087130625 0.4145184125 0.2821544296875 0.53621459375 0.2920476796875 0.59062898125 0.0360481125 0.5868080921875001 0.0352359578125
1354 0.7493173343749999 0.4731236765625 0.70566324375 0.47183174843750003 0.6650178875 0.475172865625 0.7035591609375 0.519306728125 0.7425802078125 0.5236073890624999 0.786234296875 0.5248993171875 0.82387091875 0.51692515625 0.8484205640625 0.5141563078125 0.78671406875 0.485066115625 0.7493173343749999 0.4731236765625
1354 0.7846099875 0.5325410953125 0.736322853125 0.5342579015625 0.7453490546875 0.548157034375 0.8439725125 0.629022865625 0.9743625124999999 0.6168029359375 0.9276071921875 0.554949053125 0.89565565625 0.536176990625 0.8536258765625 0.527243284375 0.821434453125 0.5283878234375 0.7846099875 0.5325410953125
1193 0.88055709375 0.64478619375 0.8708112328125001 0.6906368625 0.8779732390625 0.7320943734375 0.9424485796875001 0.7857342109375 0.9495489218750001 0.7899057796875 0.9817644046874999 0.638343846875 0.8996615390624999 0.6488469703125 0.88055709375 0.64478619375
1799 0.553879721875 0.4156080578125 0.5490067921875 0.4385333921875 0.6728995531249999 0.456880575 0.7089118640625001 0.4565481921875 0.7525659546875 0.4578401203125 0.7481727953124999 0.440932253125 0.72906835 0.43687147812499993 0.6932959249999999 0.4172872609375 0.6842697234374999 0.403388128125 0.523552496875 0.38919421718749997 0.5355874328125 0.40772639374999997 0.553879721875 0.4156080578125