1950 0.443781478125 0.860411040625 0.40869875625 0.8649302578125001 0.4101303984375 0.9469490140625 0.448982428125 0.9345503140625 0.443781478125 0.860411040625
291 0.010546228125 0.660910403125 0.041859642187500004 0.6642706703125 0.041041559374999995 0.6174028109374999 0.0368632109375 0.6018483640625 0.0322076484375 0.55895433125 0.0127475453125 0.563200853125 0.01753945625 0.6139061953125 0.010000840625 0.6296651625 0.010546228125 0.660910403125
291 0.0419959890625 0.6720819812500001 0.084821846875 0.6635207624999999 0.0795527234375 0.5854758343750001 0.0678357578125 0.5856803562499999 0.06345288906249999 0.55840894375 0.0517359234375 0.5586134640625 0.052281310937500006 0.5898587046875 0.0405643453125 0.590063225 0.0419959890625 0.6720819812500001
1483 0 0.504363459375 0.0028630828125 0.6683893828125 0.193839321875 0.64208363125 0.197083009375 0.3802683953125 0 0.376131153125 0 0.504363459375
410 0.726703875 0.05847622500000001 0.7423264953125 0.058203531249999996 0.7540434609375 0.0579990109375 0.7656240796875 0.049983181249999994 0.7732990421875 0.0420355234375 0.75370259375 0.0384707359375 0.7380799734375 0.0387434296875 0.7226618734375 0.0507330890625 0.726703875 0.05847622500000001
410 0.5830808937499999 0.111772159375 0.5947978593750001 0.1115676390625 0.6142579609375 0.1073211171875 0.6139852671875 0.09169849687500001 0.5944569921875 0.09203936406249999 0.5828082 0.0961495390625 0.5790388921875 0.1040290234375 0.5830808937499999 0.111772159375
410 0.28186823906249997 0.08968193125 0.30139651562499997 0.0893410640625 0.31311347968750003 0.08913654374999999 0.3050294765625 0.0736502703125 0.27755354374999996 0.0663161734375 0.26597292499999997 0.0743320046875 0.26624561875 0.089954625 0.28186823906249997 0.08968193125
1606 0.6586122734375001 0.6339709890624999 0.6858836859374999 0.62958811875 0.7132232703125 0.6291109046875001 0.74056285625 0.628633690625 0.7441958171875 0.612942896875 0.6384022640625 0.5952553046875 0.603387715625 0.6036801765625001 0.5683049921875 0.6081993921875 0.5489130640625 0.6163515703125 0.6586122734375001 0.6339709890624999
1608 0.6968507421875 0.58642139375 0.7010290921875 0.601975840625 0.7012336125 0.6136928046875 0.7051392671875 0.61362463125 0.7246675421875 0.6132837640625 0.724463021875 0.6015668 0.7280959828125 0.58587600625 0.716174496875 0.5743635609375 0.7044575328125 0.57456808125 0.6968507421875 0.58642139375
300 0.8010081328125 0.5103732640625 0.8123160578125 0.48673481250000006 0.8001900515625 0.463505403125 0.780866296875 0.47556323593750005 0.761065328125 0.46028148281250003 0.774506396875 0.3350278265625 0.7661496999999999 0.3039189328125 0.7546372546875 0.31584041875 0.7436020234375 0.3551014890625 0.727024975 0.30069501249999997 0.711743221875 0.32049598125 0.7087919953124999 0.37524332656250003 0.6850171984375 0.3561240921875 0.6733002328125 0.3563286125 0.6738456203125 0.38757385312500003 0.642395859375 0.376402275 0.626432371875 0.35714669374999997 0.6032029624999999 0.3692727 0.6270459328125 0.3922975890625 0.6236174921875001 0.4197053484375 0.6514342921875 0.44656771875 0.6712352609375001 0.46184947187500003 0.65602168125 0.485556096875 0.6206662656249999 0.47445269218749997 0.6211434796875 0.501792278125 0.629500178125 0.5329011718750001 0.629772871875 0.5485237921875 0.6651964609375 0.56353285 0.8137477000000001 0.5687535687499999 0.821354490625 0.55690025625 0.8211499703125 0.5451832921875 0.8129296187499999 0.5218857078125 0.8010081328125 0.5103732640625
1373 0.35462427500000004 0.22905839062500002 0.3509913140625 0.24474918437499998 0.32399259687500004 0.26475467343750003 0.31254832499999996 0.2805818140625 0.3013085734375 0.3081259203125 0.32481067812500003 0.311622534375 0.367704709375 0.306966971875 0.4378701546875 0.2979285390625 0.45349277499999996 0.2976558453125 0.45260651875 0.2468823296875 0.448359996875 0.22742222812500001 0.40889440625000006 0.20467003125 0.3658640265625 0.20151428437500002 0.366068546875 0.21323124999999998 0.35462427500000004 0.22905839062500002
1373 0.9343853281250001 0.0939195828125 0.9192399218749999 0.1215318625 0.9000525140625 0.1414010046875 0.8651061390624999 0.15373153125 0.8569539625000001 0.13433960312499998 0.82968255 0.138722471875 0.8187836656249999 0.185794853125 0.8385846359375 0.20107660625 0.8467368125 0.220468534375 0.9791200437500001 0.19471670624999998 0.9815258828125 0.108724121875 0.9576829124999999 0.08569923125 0.9343853281250001 0.0939195828125
407 0.495636603125 0 0 0.008651368750000001 0 0.120027228125 0.4086217109375 0.1890474109375 0.9515174046875 0 0.495636603125 0
183 0.259076509375 0.5745285453125 0.1965178546875 0.571713665625 0.20487455156249998 0.6028225593750001 0.23214596406250002 0.598439690625 0.259076509375 0.5745285453125
1342 0.6212798265624999 0.5096035875 0.5703699640625 0.5026785328125001 0.5674869109375 0.5613315328125 0.622097909375 0.5564714484375 0.6212798265624999 0.5096035875
296 0.85780068125 0.6304941421875 0.908574196875 0.6296078875 0.9398876109375 0.6329681546875 0.9427706640625001 0.5743151546874999 0.9419525828124999 0.52744729375 0.9263299625 0.5277199875 0.92660265625 0.5433426078125 0.9109800359375001 0.5436153015625 0.8993312437500001 0.547725478125 0.8680860046875001 0.5482708656249999 0.8684268718749999 0.567799140625 0.8568462531250001 0.5758149718750001 0.85780068125 0.6304941421875
291 0.9812818265625 0.5423881796875001 0.9616853781250001 0.5388233921875 0.963117021875 0.6208421484375 0.9865509515625 0.6204331078124999 0.9812818265625 0.5423881796875001
351 1 0.9432825671874999 0.9954530374999999 0.6827872421875 0.9565328328125 0.6912802859375 0.8351848328125 0.67777104375 0.8364603609374999 0.9746690015624999 0.8913440515625 0.9854315375 1 0.97965076875 1 0.9432825671874999
666 0.8323501859375 0.963020209375 0.8233315203125 0.670164253125 0.6706019328124999 0.6493890890625 0.671400246875 0.9189474609375001 0.8247433953125001 0.974873521875 0.8323501859375 0.963020209375
1567 0.23589550468749998 0.81325071875 0.1927969515625 0.8061893171875001 0.18428413906250002 0.989959625 0.37182375625 0.9905929531250001 0.3682787359375 0.787498890625 0.23589550468749998 0.81325071875
353 0 0.3132144015625 0.0055695640625 0.375797584375 0.17358090625 0.3767717796875 0.19721935625 0.3880797046875 0.194881690625 0.47797794531250004 0.3277421359375 0.4795657015625 0.42551985937500003 0.485672675 0.49972730624999995 0.48437737968750005 0.55447465 0.48732860625 0.55113415 0.2959515078125 0.4848061875 0.30101611250000004 0.42238388125000004 0.3060125421875 0.34433895312499996 0.3112816671875 0.19571954062500002 0.30215529375 0.1758503984375 0.2829678859375 0 0.266953575 0 0.3132144015625
1699 0.202576421875 0.2473397765625 0.1949696328125 0.25919308750000003 0.1835253609375 0.275020228125 0.19914798125 0.274747534375 0.20723198593749997 0.2902338078125 0.222922778125 0.29386676875 0.26191115625 0.2892793796875 0.261229421875 0.2502228296875 0.26910890468750004 0.2539921375 0.28068952343750003 0.24597630625 0.2805531765625 0.238164996875 0.26082038125 0.2267888984375 0.24540228125 0.2387785578125 0.2299160078125 0.2468625609375 0.202576421875 0.2473397765625
994 0.5056099921875 0.597573203125 0.501090775 0.56249048125 0.49670790625 0.53521906875 0.47717963125 0.5355599359375 0.4697091875 0.5552245578125 0.474296578125 0.5942129359375 0.5056099921875 0.597573203125
994 0.4507263 0.5868106656250001 0.44627525781250005 0.5556336 0.41496184375 0.55227333125 0.4195492328125 0.591261709375 0.43517185312500006 0.5909890156250001 0.4507263 0.5868106656250001
1387 0.8110691671874999 0.639123534375 0.8266236140625001 0.634945184375 0.8421098875 0.62686118125 0.83416223125 0.6191862171875 0.8145657828124999 0.6156214296875 0.7949011593749999 0.6081509875 0.7713308828125001 0.6007487171875 0.7636559187499999 0.608696375 0.756117303125 0.6244553421875 0.748442340625 0.6324029984374999 0.7602956515625 0.6400097890625001 0.7837295828124999 0.6396007484374999 0.8110691671874999 0.639123534375
1387 0.49162353437500006 0.69158161875 0.46812143125 0.6880850046875 0.44461932656250003 0.6845883890625 0.43290236093749995 0.684792909375 0.4175524359375 0.7006882234375 0.43337957656250004 0.7121324953125 0.47250430000000004 0.715356415625 0.5193721609375 0.714538334375 0.5389004359375 0.7141974671875 0.5347220874999999 0.6986430203125 0.51903129375 0.695010059375 0.5072461546875 0.691308925 0.49162353437500006 0.69158161875
1716 0.13559536249999998 0.6626345078125 0.163275815625 0.6816855687500001 0.190683575 0.685114009375 0.21028002343750002 0.688678796875 0.2336457796875 0.6843641015624999 0.27324771875 0.7149276078125 0.3046974796875 0.726099184375 0.4212535703125 0.6889030859374999 0.42098087656249994 0.673280465625 0.3228622859375 0.6476452171875 0.13559536249999998 0.6626345078125
353 0.173200503125 0.8026245281250001 0.0038582296875 0.72540129375 0.0085978359375 0.9969330859375001 0.1687296921875 0.9941379734375 0.173200503125 0.8026245281250001
1387 0.139910059375 0.6860002640625 0.1203817828125 0.6863411328125 0.10098985468749999 0.694493309375 0.105236378125 0.7139534109375 0.1209953453125 0.721492028125 0.15224058437500002 0.720946640625 0.183349478125 0.7125899421875 0.206783409375 0.7121809015625 0.19479375000000002 0.6967628015625 0.1712234734375 0.6893605328125 0.139910059375 0.6860002640625
1910 0.23055820625 0.7313001359375 0.23823317031250002 0.723352478125 0.2657091015625 0.730686575 0.2772897203125 0.72267074375 0.23761960937499998 0.6882015828125 0.21809133281249998 0.68854245 0.19520279062499998 0.7201967312499999 0.1993811390625 0.735751178125 0.23055820625 0.7313001359375
896 0.072423146875 0.6246687328125 0.07728323125 0.6792797296875001 0.116203434375 0.6707866859375 0.11147969843750001 0.6239869984374999 0.126965971875 0.61590299375 0.122514928125 0.5847259265625 0.099012825 0.5812293125 0.0757834140625 0.59335531875 0.06447549062499999 0.61699376875 0.072423146875 0.6246687328125
544 0.46237509218749995 0.582700490625 0.341367959375 0.5887195234375 0.26318668437500004 0.5861773375 0.25557989375 0.59803065 0.21652334374999999 0.598712384375 0.19343028125 0.6186497 0.36110075468749997 0.600095621875 0.964207796875 0.6833326296875 0.9990178249999999 0.6631907921875 0.9906611265624999 0.6320819 0.54843585 0.589011984375 0.46237509218749995 0.582700490625
1416 0.414552803125 0.5288394015625 0.3637792875 0.52972565625 0.36466554218749997 0.580499171875 0.4076277484375 0.5797492640625 0.414552803125 0.5288394015625
1387 0.20548811250000001 0.6379734546875 0.19404384218749998 0.6538005953125 0.2526286671875 0.65277799375 0.2877795640625 0.6521644328125 0.307239665625 0.6479179109375 0.30710331874999997 0.6401066 0.28757504218749996 0.6404474671875 0.2522878 0.6332497187499999 0.224948215625 0.6337269328125 0.20548811250000001 0.6379734546875
947 0.0161473484375 0.086506415625 0.0435551078125 0.08993485625 0.0789105234375 0.10103826093749999 0.14544300625 0.107690621875 0.2352049 0.102216978125 0.2463764765625 0.0707672171875 0.2417890875 0.031778839062499994 0.231059528125 0.004618209375 0.038706017187500004 0.007975753125 0.01526109375 0.0357329 0.0161473484375 0.086506415625
943 0 0.13856850625 0.01716995 0.1450912421875 0.068693375 0.1871671921875 0.11104201875 0.1512663890625 0.0753457359375 0.12063470937500001 0.07062199999999999 0.07383502187499999 0.054794859375000005 0.0623907515625 0.0354029296875 0.070542928125 0.0319744890625 0.0979506875 0.012446214062499999 0.0982915546875 0 0.11441844062499999 0 0.13856850625
2001 0.62881844375 0.49384462031250004 0.6377205296875 0.5561987546875 0.83718163125 0.568344528125 0.8356818140625 0.4824201171875 0.7964889171875 0.4752905421875 0.8037746078125 0.2212184421875 0.8311141921875 0.220741228125 0.8302961109375 0.1738733671875 0.5812204421875 0.22900998437500003 0.58531085 0.4633492890625 0.612991303125 0.48240035 0.62881844375 0.49384462031250004
819 0.6491934390625 0.9896582921875 0.8561249828124999 0.9821394437500001 0.6440606609375 0.9194246749999999 0.6491934390625 0.9896582921875
1866 0.49834406875 0.628954790625 0.439622896875 0.6221660828125 0.440440978125 0.6690339421875 0.4990939765625 0.6719169953125 0.49834406875 0.628954790625