1950 0.6546293671875001 0.9093000437500001 0.69532684375 0.91193129375 0.6768738265625001 0.8320024984375 0.6417399140625 0.8361048015625 0.6546293671875001 0.9093000437500001
291 1 0.499026371875 0.99568580625 0.49380492656249997 0.9880686437499999 0.44344648124999997 0.9681592640625001 0.44403392343750003 0.974018996875 0.4867801015625 0.9737277234375 0.5028833500000001 0.9842723046874999 0.5485569453125 1 0.5427936390625 1 0.499026371875
291 0.940055071875 0.478585290625 0.9286366718749999 0.4812214359375 0.942404840625 0.5582228109375 0.986029734375 0.5561692125000001 0.9675767171875 0.4762404171875 0.95615831875 0.4788765625 0.9491285984375001 0.4484274984375 0.9377101984375 0.45106364374999997 0.940055071875 0.478585290625
1483 1 0.4430321984375 0.9573425171875 0.25826233906249996 0.7649533640625 0.3105426828125 0.8314395390625 0.5637961671875 1 0.545611953125 1 0.4430321984375
410 0.13339716875000002 0.127610884375 0.1465729984375 0.1325870046875 0.157991396875 0.1299508609375 0.1732159296875 0.126436 0.1752646328125 0.11794501875 0.1574039546875 0.1100414796875 0.1421794234375 0.113556340625 0.12402747343750001 0.12175604843750001 0.13339716875000002 0.127610884375
410 0.29413836875 0.1466268609375 0.31404774999999996 0.1460394171875 0.3254661484375 0.14340327343749998 0.32751485156250004 0.1349122921875 0.3219512890625 0.128178740625 0.30965417500000003 0.12700875312499998 0.290623509375 0.131402328125 0.29413836875 0.1466268609375
410 0.581938325 0.056129003125 0.593356725 0.0534928578125 0.6123873890625 0.04909928125 0.627611921875 0.045584421874999996 0.6240970609375001 0.0303598890625 0.6109212328125 0.02538376875 0.58603573125 0.039147040625000004 0.581938325 0.056129003125
1606 0.29038120156249997 0.6686643250000001 0.2977021953125 0.6830101421875 0.32434512656250003 0.6768591374999999 0.35098805781250003 0.67070813125 0.3785097046875 0.668363259375 0.48068785468749997 0.624728571875 0.459899759375 0.62150988125 0.424765846875 0.625612184375 0.38875321875 0.625908353125 0.29038120156249997 0.6686643250000001
1608 0.3094118671875 0.66427075 0.3284425328125 0.659877175 0.332248665625 0.658998459375 0.3296125203125 0.6475800609375 0.32990379375 0.6314768140625 0.31965538125 0.62181584375 0.3082369828125 0.6244519890625 0.299454728125 0.638506534375 0.306775721875 0.6528523515625 0.3094118671875 0.66427075
300 0.35508056718750003 0.6016102937500001 0.38582090468749997 0.5784773265625 0.38230604375 0.56325279375 0.382888590625 0.5310463000000001 0.376737584375 0.50440336875 0.3451185328125 0.523730203125 0.324621709375 0.504408265625 0.3401375140625 0.48479015781249996 0.360629440625 0.4519962203125 0.3506723015625 0.4262320046875 0.3682368109375 0.398122915625 0.3427638671875 0.39197680625000003 0.331932909375 0.41452233281249995 0.304119990625 0.4329704515625 0.2970902703125 0.40252138750000005 0.28567187031249996 0.4051575328125 0.2672286484375 0.4294604875 0.251120503125 0.377053340625 0.231502396875 0.36153753437499997 0.22857987500000002 0.4183382578125 0.208374325 0.38291307343750003 0.19431978125 0.37413081875 0.19373723437499998 0.4063373140625 0.2370806484375 0.5246187109375 0.22156484375000002 0.54423681875 0.19989803281250001 0.5372119953125 0.193751925 0.5626849390625 0.21044261406250003 0.5828855921875 0.20166035937500001 0.5969401359375001 0.199320384375 0.6215343640625 0.20195652968750002 0.6329527640625 0.212204940625 0.6426137328125 0.35508056718750003 0.6016102937500001
1373 0.484750984375 0.242935484375 0.49617428124999996 0.292415215625 0.5113988125 0.2889003546875 0.5816666390624999 0.28069575 0.6244128171875001 0.2748360171875 0.6463709 0.26575759374999997 0.6288014953125 0.2417508078125 0.6138682359375001 0.2291624203125 0.5828317296875001 0.21628276093749998 0.5755107359375 0.20193694375 0.5605774765625 0.18934855625 0.55794133125 0.1779301578125 0.5169525828125 0.19140215625 0.4841635421875 0.2230261046875 0.484750984375 0.242935484375
1373 0 0.3176695390625 0.0959379703125 0.312655040625 0.0991566609375 0.2918669453125 0.114672465625 0.2722488375 0.0927094859375 0.2292113859375 0.0651878390625 0.23155625781250003 0.061969148437499996 0.252344353125 0.02507780625 0.24883439062499998 0.001653565625 0.2341973 0 0.2324081625 0 0.3176695390625
407 0.44303219531250004 0 0 0.1022820421875 0 0.1294586734375 0.5134377234375 0.1761776234375 0.8994777734375001 0.007622593749999999 0.897717959375 0 0.44303219531250004 0
183 0.7837123421875 0.5307158546874999 0.8112339890625 0.5283709828125 0.811816534375 0.49616448750000003 0.7517971203125 0.5140300609375 0.7837123421875 0.5307158546874999
1342 0.3951906015625 0.5843321625 0.449355178125 0.575836284375 0.43236832031250005 0.5196230046875 0.3846460203125 0.538658565625 0.3951906015625 0.5843321625
296 0.11177932343750001 0.6417448109375 0.0965547921875 0.6452596703125 0.09303993125 0.6300351390625 0.0778153984375 0.6335499984374999 0.0883599796875 0.6792235953125 0.1053468390625 0.7354368765625 0.13491718749999998 0.7246010234375 0.18439691875 0.713177728125 0.1720949078125 0.6598918640625 0.158919078125 0.65491574375 0.154525503125 0.6358850781250001 0.1240764375 0.6429147984375 0.11177932343750001 0.6417448109375
291 0.057037096875000005 0.7345630578125 0.0798738953125 0.7292907671875 0.0614208796875 0.6493619734375 0.043268928125 0.65756168125 0.057037096875000005 0.7345630578125
351 0.27809466718750003 1 0.217778296875 0.753579034375 0.1033030328125 0.7960437328125 0.063484271875 0.7972186171875 0.1103000421875 1 0.27809466718750003 1
666 0.3580124546875 1 0.4350436375 0.9479684031250001 0.37060616562500004 0.6862239375 0.227439265625 0.743330621875 0.2831024578125 1 0.3580124546875 1
1567 0.8320416703125 0.7400531734375 0.69736085625 0.7470926875 0.7430540390625 0.9450116062499999 0.9248697109374999 0.89902715 0.8721517046875 0.7227750421875 0.8320416703125 0.7400531734375
353 0.44407799218750005 0.5008836109375 0.4964851390625 0.48477546718750003 0.56880166875 0.46807988125 0.6621975640625 0.4384997390625 0.7907273734375 0.40481729375000003 0.76671079375 0.31815494843750003 0.786911446875 0.301464259375 0.9496964546875001 0.259873378125 0.9327046984375 0.15154422343750001 0.762016153125 0.21099578125 0.7473790625000001 0.23442002187500002 0.6053821515625 0.2792295921875 0.528380775 0.29299776093749996 0.46660393125 0.30325106874999996 0.4010209546875 0.314383090625 0.44407799218750005 0.5008836109375
1699 0.651342125 0.2004658890625 0.6645179546875 0.2054420109375 0.6712515046875 0.199878446875 0.68003865625 0.23793977812499997 0.7189787015625 0.23295876093749998 0.73332451875 0.2256377671875 0.737421925 0.2086558046875 0.75264645625 0.2051409453125 0.7377131968749999 0.1925525578125 0.7274647859375001 0.1828915890625 0.7008218546875 0.18904259375000002 0.6838398921875 0.1849451875 0.665979215625 0.1770416484375 0.6495846953125 0.1928536234375 0.651342125 0.2004658890625
994 0.514059440625 0.5608981296875 0.51816174375 0.5960320421875 0.5477320921875 0.5851961875 0.542751075 0.5462561421875 0.530745234375 0.5289829078125 0.51171456875 0.5333764828125 0.514059440625 0.5608981296875
994 0.5688114609375 0.5723116312500001 0.5849147078125 0.5726029046875001 0.600139240625 0.56908804375 0.5951582234374999 0.5301479984374999 0.5655878734375 0.5409838515625001 0.5688114609375 0.5723116312500001
1387 0.270471821875 0.6692517671875 0.26110212499999996 0.66339693125 0.24002275625 0.6762814875000001 0.22274952187500002 0.6882873296875001 0.204597571875 0.6964870375000001 0.1987427359375 0.705856734375 0.215724696875 0.7099541406250001 0.2318279453125 0.7102454125000001 0.2584708765625 0.7040944078125 0.281307675 0.6988221171875 0.29096864375 0.6885737062499999 0.281598946875 0.6827188703125 0.270471821875 0.6692517671875
1387 0.5331047953125 0.712852178125 0.5787783921874999 0.7023075984375 0.6159610078125 0.6897143140625001 0.6285493953125 0.6747810546874999 0.609810003125 0.6630713828125 0.598391603125 0.665707528125 0.5764335203125001 0.6747859515625 0.5544754375000001 0.683864375 0.5392509046875 0.6873792359374999 0.5287112203125 0.6938215140625 0.514365403125 0.70114250625 0.51407413125 0.7172457546875 0.5331047953125 0.712852178125
1716 0.7720124640625 0.653686996875 0.8030440734375001 0.6144507828125 0.8267595875 0.612984625 0.8449115375 0.6047849171874999 0.8706757546875 0.594827778125 0.8929251109375 0.5696461078125 0.7075945781249999 0.60040603125 0.61859225625 0.6490168390625 0.6221071171875 0.6642413703125001 0.7441995453125 0.6721351171875 0.7720124640625 0.653686996875
353 1 0.6272755531249999 0.8903036546875001 0.7145753328125 0.940972959375 0.8993184234375 1 0.8856909578125001 1 0.6272755531249999
1387 0.8908813046875 0.6302529640625 0.92133036875 0.62322324375 0.9347974703125 0.6120961171875 0.934210028125 0.5921867359374999 0.9134219328125001 0.5889680453125 0.8943912671875 0.5933616203125001 0.8648209187499999 0.604197475 0.8437415500000001 0.61708203125 0.8358380109375 0.6349427078125001 0.858674809375 0.6296704171874999 0.8908813046875 0.6302529640625
1910 0.7699637609375001 0.662177978125 0.783139590625 0.6671541000000001 0.8080250921875001 0.6533908281249999 0.8173947874999999 0.6592456640625 0.8487225671875 0.6560220765625 0.8490138406250001 0.6399188296875 0.819147321875 0.6147420546875 0.80011665625 0.6191356296875 0.7699637609375001 0.662177978125
896 0.8899927953125 0.5222150796875 0.9069747578125 0.5263124859375 0.91371320625 0.5728647984374999 0.9535319671875 0.5716899140625 0.9450360890624999 0.5175253359374999 0.950890925 0.5081556390624999 0.9342002359375 0.48795498593750003 0.9087272921875 0.481808878125 0.8867692078125 0.4908873015625 0.8899927953125 0.5222150796875
544 0.6589886671875 0.563519584375 0.8261672484375 0.5409593687500001 0.798936875 0.52720099375 0.76087554375 0.5359881453125 0.7506271328125 0.5263271765625 0.6753831875 0.547707609375 0.556514346875 0.57114164375 0.47453684999999995 0.598085640625 0.055867109375 0.746860171875 0.0552845625 0.7790666671875 0.0939333359375 0.7901888968749999 0.6589886671875 0.563519584375
1416 0.6089214953125001 0.5550335 0.6507889578125 0.545367634375 0.6393656625 0.49588790468750005 0.5898859328125 0.5073112 0.6089214953125001 0.5550335
1387 0.7228191109375001 0.5968911703125 0.742728490625 0.596303728125 0.7769836890625 0.5883952921875 0.834075684375 0.5752145671875 0.8191424250000001 0.5626261796875001 0.7992330437499999 0.563213621875 0.7725901125 0.569364628125 0.7400923453125 0.5848853296875001 0.7210616796875 0.5892789046875 0.7228191109375001 0.5968911703125
947 0.639414390625 0 0.6422490125 0.02216018125 0.66069713125 0.0499731 0.7491169078125 0.0335687875 0.8120637390625 0.011018365625 0.8300899859375 0 0.639414390625 0
943 0.81604104375 0 0.8202634468750001 0.029170315625 0.7930379703125 0.067527815625 0.8428138703125001 0.092117146875 0.882627734375 0.0388263875 0.8999009687499999 0.026820546875 0.89550739375 0.00778988125 0.88565790625 0 0.81604104375 0
2001 0.111162503125 0.3091401796875 0.13780543437499998 0.302989175 0.20634031249999998 0.5477516796875 0.1700364109375 0.5641510953125 0.1893681421875 0.6478860234375 0.37996606875 0.5878470234375001 0.37351889374999997 0.5251914640625001 0.38610728125 0.5102582046874999 0.4083566375 0.485076534375 0.355633734375 0.25670855000000004 0.100617921875 0.2634665828125 0.111162503125 0.3091401796875
819 0.47175754375 1 0.46168656874999997 0.9418173984375 0.36281259375 1 0.47175754375 1
1866 0.5424695953125 0.6665911390625 0.5986828765625 0.64960428125 0.5881382953125 0.6039306843750001 0.5328037296875 0.6247236765624999 0.5424695953125 0.6665911390625