544 0.3267132453125 0.8303972984374999 0.4939421390625 0.8717837953125 0.81025209375 0.630069509375 0.34024194375 0.48372987500000003 0.1540108890625 0.48262439687500003 0.15446622968749998 0.5025372359375 0.3348248296875 0.581937446875 0.035007975000000004 0.6401339312500001 0.076877984375 0.695114865625 0.1139904109375 0.709591809375 0.3267132453125 0.8303972984374999
2001 0.15080473125 0.20836986093749998 0.121414290625 0.39754653281249996 0.3228099921875 0.42512500781250007 0.3494871796875 0.2513359578125 0.15080473125 0.20836986093749998
2001 0.120707803125 0.19909645 0.0476166015625 0.1862085 0.0137009421875 0.37855376406249996 0.08814876875 0.383747903125 0.120707803125 0.19909645
1373 0.059408465625 0.3667806828125 0.035648721875 0.3665577078125 0.026598284374999996 0.3728948921875 0.037916026562499996 0.3986895765625 0.044253210937499995 0.40774001406249993 0.0763850796875 0.405472709375 0.085435515625 0.399135525 0.074117775 0.373340840625 0.0680035640625 0.34053065781249997 0.087916403125 0.34007531874999997 0.0990017796875 0.32219741874999996 0.0856490984375 0.30794345 0.070261478125 0.3052301984375 0.049670325 0.3095324421875 0.0553291953125 0.32242978437500003 0.060988067187499995 0.3353271265625 0.059408465625 0.3667806828125
1483 1 0.34641000312500003 0.8022883515625001 0.3153109796875 0.752093175 0.599981971875 0.8088954671874999 0.63776331875 0.7867341046874999 0.7409514484375 0.9333718453125 0.7866401890625 1 0.40877315000000003 1 0.34641000312500003
503 0.5398162875 0.4316569921875 0.5090410453125 0.4262304859375 0.49954466093749994 0.48008716093750003 0.530319903125 0.485513665625 0.5398162875 0.4316569921875
1373 0.593682353125 0.50858570625 0.6129168796875 0.511977271875 0.62468056875 0.4902524671875 0.62490354375 0.466492721875 0.6031787375000001 0.45472903281250004 0.569234903125 0.44477730781249997 0.5658433375 0.46401183437500004 0.555436275 0.4780428296875 0.570600921875 0.5045158265625 0.593682353125 0.50858570625
819 0.9116167953125001 1 0.9460462140624999 0.8047410640624999 0.784699165625 0.7524921640625 0.767964309375 0.8249050515624999 0.75484399375 0.8543236671875001 0.7288263359375 0.8894011546874999 0.7170626453125 0.9111259593750001 0.6088939578125 0.8722203515625001 0.47992992812499996 0.996241390625 0.5012460609375 1 0.9116167953125001 1
353 0.5239545437500001 0.274166240625 0.5054171140625 0.401792428125 0.7694969515625 0.45628985 0.8018330125 0.295398140625 0.5239545437500001 0.274166240625
1209 0.6018221109375 0.4624228421875 0.6054366515625 0.419428571875 0.585068471875 0.3999710703125 0.5497680109374999 0.3977131578125 0.5074614453125 0.4576840421875 0.5242056921875 0.452703484375 0.5305428765625 0.4617539203125 0.5914150484375 0.4764538375 0.6018221109375 0.4624228421875
947 0.288150278125 0.149290871875 0.359661878125 0.193632378125 0.48728806562500004 0.2121698078125 0.8882675015625001 0.2551077296875 0.90048653125 0.2532957640625 0.9131515078125 0.203964309375 0.8626770078125 0.10780106874999999 0.826019921875 0.113236965625 0.288596225 0.1017713828125 0.288150278125 0.149290871875
2001 0.5113703546874999 0 0.5284515875 0.0687006609375 0.6832290859375 0.06822653749999999 0.679149815625 0.023875640625 0.5437443328125 0 0.5113703546874999 0
2001 0.5155824203125 0.2766565203125 0.36804339375 0.25857442812500003 0.33955423906250004 0.42014445 0.48890523124999996 0.4504455703125 0.5155824203125 0.2766565203125
1950 0.3208314015625 0.8412597015625 0.3106473125 0.8315309515625 0.294581378125 0.832664603125 0.2868969578125 0.89874030625 0.31336995624999997 0.883575659375 0.3208314015625 0.8412597015625
1716 0.3316468453125 0.5099798984375 0.57808115 0.597064528125 0.6251453 0.5775976359375 0.6156395234375001 0.5640219796875 0.3658136546875 0.496171878125 0.3316468453125 0.5099798984375
666 0.48144378750000005 0.49276152812499996 0.3782556578125 0.4706001671875 0.3780326828125 0.49435991250000005 0.47601728125 0.5235367703125 0.48144378750000005 0.49276152812499996
1606 0.1494762796875 0.41836065937500005 0.1512882453125 0.43057968906250005 0.2949803671875 0.447983465625 0.2771024671875 0.4368980890625 0.1494762796875 0.41836065937500005
1608 0.24519357187500002 0.41540565 0.2472285125 0.40386493437500004 0.24089132812499997 0.394814496875 0.2223351140625 0.3875760265625 0.2126063640625 0.397760115625 0.20604620625 0.41246942343750004 0.193827178125 0.4142813890625 0.191113925 0.42966900937499997 0.2431586328125 0.426946365625 0.2567342890625 0.4174405890625 0.24519357187500002 0.41540565
353 0 0.602941815625 0.1003959734375 0.5842329265624999 0.1350181203125 0.5903377453124999 0.1454157921875 0.5088744203125 0.14812904531249999 0.4934868 0.15921442187499998 0.4756089 0.25810030624999997 0.4771791078125 0.2814047125 0.4574892421875 0.13771259062500002 0.440085465625 0.00230528125 0.44318177187499996 0 0.456255671875 0 0.602941815625
353 0.488459284375 0.4979650609375 0.48438940468749997 0.5210464921875 0.7398741453125 0.6017939375 0.7498258703125 0.567850103125 0.488459284375 0.4979650609375
1917 0.4004264109375 0.43484436718749997 0.394544565625 0.44570677031250006 0.3995251234375 0.46245101718750004 0.41875965 0.4658425828125 0.4246414953125 0.45498018125 0.426676434375 0.4434394640625 0.42033924999999994 0.434389028125 0.423052503125 0.41900140625000004 0.401327696875 0.4072377171875 0.3992927578125 0.4187784328125 0.4004264109375 0.43484436718749997
351 0.638023859375 0.43707410625 0.620610690625 0.5133338984375 0.7493705296875001 0.5479372625 0.7674620125 0.467830565625 0.638023859375 0.43707410625
1567 0 0.911532075 0.21901868124999999 0.9462691875000001 0.24864148749999998 0.8007650999999999 0.0741647328125 0.7105024875 0.039765557812500005 0.6806379234375 0 0.8860783421875 0 0.911532075
278 0.1380013046875 0.8883520265625 0.1443384890625 0.8974024625 0.1604044234375 0.8962688109375 0.181450915625 0.91187940625 0.2070038421875 0.78945675 0.09136431874999999 0.72543476875 0.0710149234375 0.8408419281249999 0.10292381718750002 0.8623343671875 0.1201234046875 0.8772666499999999 0.1380013046875 0.8883520265625
1307 0.3246219578125 0.43734403750000006 0.33389536875000003 0.4072471078125 0.318507746875 0.40453385624999993 0.298381325 0.49618126875 0.3137689453125 0.49889452187499994 0.3246219578125 0.43734403750000006
1041 0.342955196875 0.468342253125 0.353362259375 0.454311259375 0.34385648281250003 0.440735603125 0.349738328125 0.42987320156250003 0.3343507078125 0.4271599484375 0.3085560234375 0.43847769062499997 0.2619472109375 0.477857421875 0.27529989375 0.492111390625 0.3336817859375 0.4984391828125 0.342955196875 0.468342253125
353 0.1517529765625 0.5179248578125 0.134795146875 0.6140974906250001 0.31559030312499997 0.57854588125 0.29069690625 0.562256971875 0.1517529765625 0.5179248578125
353 0.5398698171875 1 0.617721421875 0.8896429109374999 0.71502770625 0.9226666765625 0.7552993328125 0.8742365078125 0.762082465625 0.8357674546875 0.777014746875 0.8185678671875 0.8036919359375 0.6447788171875 0.48987225937499995 0.8948652265625 0.301596875 0.837868134375 0.250453453125 0.8129841296875 0.226034178125 0.9514727187500001 0.48246110625 1 0.5398698171875 1
945 0.40741373281250004 0.2377509109375 0.4200881015625 0.255851784375 0.4700978703125 0.26466985625 0.4832181859375 0.23525124062499997 0.47823762812500004 0.21850699218749997 0.4662415734375 0.19655921406250002 0.44316014218750005 0.192489334375 0.42256898906249996 0.196791578125 0.41216192500000004 0.2108225734375 0.40741373281250004 0.2377509109375
940 0.544545696875 0.2698639953125 0.535495259375 0.2762011796875 0.53210369375 0.29543570625000004 0.5293904406250001 0.310823328125 0.545911715625 0.329602515625 0.5619776484375001 0.32846886249999996 0.583247115625 0.3203197125 0.58731699375 0.29723828124999996 0.58301475 0.276647128125 0.575999253125 0.271443596875 0.5644585359375001 0.26940865625 0.570330990625 0.191113925 0.5581119609375 0.192925890625 0.544545696875 0.2698639953125
940 0.6721812765624999 0.35583375625 0.6900591765625 0.3669191328125 0.7126852687499999 0.351076171875 0.7199237390625 0.3325199578125 0.7142648687500001 0.319622615625 0.713131215625 0.30355668125 0.71516615625 0.292015965625 0.6995555609374999 0.3130624578125 0.6859799046874999 0.322568234375 0.683266653125 0.33795585625 0.6721812765624999 0.35583375625
945 0.7190130609375001 0.2926942796875 0.72919715 0.3024230296875 0.7484316765625 0.3058145953125 0.7728697343750001 0.3021906640625 0.78010820625 0.28363445 0.787346678125 0.2650782375 0.786213025 0.249012303125 0.775350621875 0.24313045781249998 0.761319628125 0.2327233953125 0.74525369375 0.233857046875 0.7285094453125 0.23883760468749998 0.7187806953125 0.2490216953125 0.7153891296875 0.268256221875 0.7190130609375001 0.2926942796875
945 0.32233586875000003 0.27034750937499996 0.3739252375 0.2477120265625 0.3773168046875 0.22847749999999997 0.373014559375 0.207886346875 0.350611440625 0.1999695625 0.29902207187499996 0.222605046875 0.3008340375 0.234824075 0.3089831875 0.2560935421875 0.32233586875000003 0.27034750937499996
940 0.60383826875 0.3160174671875 0.6119874171874999 0.337286934375 0.6285086921875 0.3560661203125 0.63348925 0.37281036875 0.6565706812500001 0.3768802484375 0.659283934375 0.3614926265625 0.674216215625 0.3442930390625 0.680321034375 0.3096708921875 0.672171884375 0.2884014265625 0.6619877953125 0.2786726765625 0.66379036875 0.22345937500000002 0.647046121875 0.22843993281250002 0.6395846765625001 0.2707558921875 0.622162115625 0.2795833546875 0.607229834375 0.2967829421875 0.60383826875 0.3160174671875
945 0.41601822187500004 0.278933215625 0.41715187499999995 0.29499915 0.42982624375 0.313100025 0.46829529531249997 0.31988315625 0.483227578125 0.30268356875 0.49499126718750003 0.28095876406250003 0.46127040781249995 0.2472472953125 0.44135756718749997 0.247702634375 0.43366375625 0.2463460078125 0.41601822187500004 0.278933215625
945 0.3900005640625 0.314010703125 0.4130819953125 0.3180805828125 0.436841740625 0.31830355625 0.428692590625 0.297034090625 0.42574697187500005 0.2687491265625 0.42710359843749995 0.261055315625 0.4182761359375 0.24363275468749998 0.3958730171875 0.23571597031249997 0.382975675 0.2413748421875 0.37573720312500003 0.2599310546875 0.37687085625 0.2759969890625 0.3748359171875 0.2875377046875 0.38502000625 0.29726645625 0.3900005640625 0.314010703125
940 0.7479857296875 0.3533340859375 0.7606600968749999 0.37143495937500004 0.7862318078125 0.3838769625 0.810669865625 0.38025303125 0.8332959593749999 0.3644100703125 0.8425693703125001 0.334313140625 0.8466392484374999 0.311231709375 0.8391684125 0.2861153375 0.828984321875 0.2763865875 0.8181219203125 0.27050474375 0.754991834375 0.29110528750000003 0.748887015625 0.32572743437499996 0.7479857296875 0.3533340859375
819 0 0.8922513671875001 0.0024583328125 0.8922177140625 0.032294721875 0.655521553125 0.0531088484375 0.6274595625 0.121219490625 0.623603265625 0.1182738734375 0.595318303125 0.0829734125 0.5930603890625 0 0.6163987171875001 0 0.8922513671875001