423 1 0.48253961562500003 0.9888930453125001 0.3237027703125 0.897440221875 0.303829359375 0.8935701921874999 0.472478890625 0.8273257046875001 0.47711115781249996 0.7655229234375 0.48926440624999995 0.7487908171875 0.697971228125 0.7682744890625 0.696608796875 0.7814909796875 0.6056214703125 0.8009746515625 0.6042590390625 0.8496428703125 0.628266346875 0.8563730984375001 0.78051148125 0.8641665671875 0.779966509375 0.9135436140625 0.7021137453125 0.9980999015625001 0.7353588796875 0.9880998390625001 0.5363529296875 1 0.5010328296875 1 0.48253961562500003
1822 0.087218621875 0.532780275 0.1303551875 0.5336796609375 0.1434078234375 0.552345875 0.168695634375 0.5779881 0.2162739078125 0.58640846875 0.2306889734375 0.6245583546875 0.3049994171875 0.6232778515625 0.3481359828125 0.6241772375 0.3731513078125 0.645922728125 0.3858495296875 0.715518978125 0.44375557499999996 0.7036382156250001 0.432311153125 0.5399753625 0.41454432499999994 0.50989143125 0.3433131578125 0.4992092453125 0.238101325 0.5065663734375 0.2161652765625 0.47285819375000004 0.201641578125 0.32115803125000003 0.13820388125 0.309930871875 0.073866796875 0.34184028125 0.087218621875 0.532780275
2001 0.48253961875 0 0.23911115781249997 0.017022176562499998 0.26488871875000003 0.2736616859375 0.5685615281249999 0.248511025 0.55118394375 0 0.48253961875 0
1506 1 0.775070421875 0.7480819890625 0.7998312984375 0.78723989375 0.8558299421875001 0.82277355 0.9159978046875 0.8416303234375 0.961668675 1 0.957071578125 1 0.775070421875
1250 0.7714300703125 0 0.7786860046874999 0.0615229890625 0.8797286171875 0.0505416125 0.8786048890625 0 0.7714300703125 0
1506 0.346363915625 0.8788274156250001 0.3123832484375 0.8968667296874999 0.25030798125 0.9051232453125 0.24270507187499998 0.964391721875 0.6139848 0.9540924687500001 0.5950193968749999 0.7948713234375 0.3325757484375 0.793644228125 0.33058641718750004 0.8211938562500001 0.343639053125 0.8398600703125 0.346363915625 0.8788274156250001
1506 0.3941879703125 0.722767475 0.39718531874999996 0.7656315546875 0.6705017109375 0.7543509875 0.647285159375 0.646332365625 0.44021325468750006 0.652980665625 0.446289878125 0.68388205625 0.4323378578125 0.7083524078125001 0.3941879703125 0.722767475
239 0.0547090171875 0.6838535359375 0.031601096875 0.6893851890625 0.0337809859375 0.720559065625 0.0732933046875 0.725627671875 0.0991260875 0.759063365625 0.104385253125 0.7782745531249999 0.1433526 0.775549690625 0.1594025828125 0.837079984375 0.14763045156250001 0.8927242140624999 0.17599753906249999 0.9064037484374999 0.27368838906250004 0.9034883265625 0.3282426734375 0.8996735203125 0.34862573281250003 0.855174521875 0.32388289375 0.8373257671875001 0.31063969999999996 0.7599360484375 0.3451653390625 0.749690203125 0.370262590625 0.716608921875 0.38257969375 0.6687581625 0.3684371140625 0.6345050109375 0.3325490453125 0.6252671828125 0.26965631874999996 0.62183349375 0.125204653125 0.6280187484375 0.0804331703125 0.6037389546874999 0.065663690625 0.6165191046875 0.0514391828125 0.637092721875 0.0547090171875 0.6838535359375
240 0.03214606875 0.6971786578125 0.055253990625000006 0.69164700625 0.08588289375 0.681673646875 0.0923139328125 0.6616450015625001 0.1059934671875 0.6332779140625 0.10852777031250001 0.61352175625 0.1110620734375 0.593765596875 0.048441834375 0.5942286421875 0.039204007812500004 0.6301167109375 0.025524471875 0.6584837984374999 0.03214606875 0.6971786578125
1362 0.099316646875 0.8177868703125 0.0634285765625 0.8085490421875001 0.0358789484375 0.8065597125 0.03361713125 0.8302126062499999 0.04304551875 0.853048040625 0.0859095984375 0.8500506921875 0.11400419843750001 0.8598334921875 0.1306810828125 0.8743304859375 0.1457230484375 0.865447071875 0.1516091140625 0.8376249578125 0.14444254375 0.7911366281250001 0.10937193281249999 0.7935890046875 0.11100684999999999 0.8169694125 0.099316646875 0.8177868703125
1847 0 0.4018767546875 0.019503071875 0.4043785921875 0.0446003234375 0.3712973125 0.0474071140625 0.3554378875 0.0307302296875 0.34094089375 0.0117915296875 0.3500967953125 0.01397141875 0.38127067187499997 0 0.40147823593750004 0 0.4018767546875
819 1 0.6138365625 0.6272565140624999 0.6399013265625 0.6027861609375 0.62594930625 0.50926453125 0.632488975 0.4881459421875 0.6104709984375 0.44582683437500004 0.6212618171875001 0.44122127187500004 0.723394375 0.39500542968749996 0.734457678125 0.3713525359375 0.7321958609375 0.33429259375 0.7621978656249999 0.3187056546875 0.763287809375 0.3283246 0.84484675 0.35977096406250003 0.8465635953125 0.3622233390625 0.88163420625 0.3093039734375 0.9088294203125 0.2822993171875 0.9146335578125001 0.1484479109375 0.9044144171875 0.1351227890625 0.8818514687500001 0.111197409375 0.8756929171875001 0.0867270578125 0.8617408953125001 0.06307416406250001 0.8594790781249999 0.035797021875 0.8613864828125 0.042178875 1 0.38592229843750003 1 1 0.9546100921875 1 0.6138365625