1250 0.4024801328125 0.44183169062500005 0.3796404578125 0.3347966546875 0.1911421 0.3680340015625 0.21398177343749997 0.47506903593749994 0.4024801328125 0.44183169062500005
1354 0.28705419062500004 0.5970457437500001 0.3207656609375 0.6307666046875 0.36375993125 0.627152065625 0.397703765625 0.617200340625 0.40744190781249995 0.5599521015625 0.41446679687500004 0.48731624062499995 0.35472827812499996 0.48595022187500003 0.3169375375 0.49658025937500005 0.28705419062500004 0.5970457437500001
1354 0.51130835 0.5416376453125 0.502248521875 0.602732790625 0.556783509375 0.5970833109375 0.616522028125 0.598449328125 0.614041140625 0.5393891234375 0.6156395234375001 0.4359780203125 0.54910848125 0.463575278125 0.5260270499999999 0.46764515781249993 0.51130835 0.5416376453125
1354 0.4339149046875 0.5751167484375 0.4732852453125 0.5959402671875 0.5135662640625 0.57693810625 0.5110853765625001 0.5178779 0.5201452046874999 0.45678275468749996 0.46764515781249993 0.47397295 0.4395831671875 0.4947870765625 0.4278100859375 0.5404946015625 0.4339149046875 0.5751167484375
2001 1 0.4562556671875 0.9261506734375 0.037435326562499996 0.752130740625 0.1302887109375 0.8265222187499999 0.529688546875 1 0.5280605406250001 1 0.4562556671875
1651 0.16391565624999999 0.888481084375 0.2756988828125 0.892569746875 0.386803796875 0.892811503125 0.500398990625 0.8846811375 0.6845951046875001 0.8720349437499999 0.74931418125 0.8566567140625001 0.8206028078125 0.7885554625 0.810660475 0.6871792984375 0.7722289875 0.42423311249999995 0.705474971875 0.42807062656249995 0.6034204953125 0.43416605468749997 0.5726452531249999 0.439592559375 0.5328195734375 0.43868188124999996 0.46855583593750005 0.43414727031250006 0.42058100625000006 0.4545060578125 0.3309685328125 0.48617319531250003 0.32168573125 0.523508596875 0.2524414359375 0.535718234375 0.175047990625 0.5691973375 0.1383815109375 0.6311937703125 0.078187653125 0.649740590625 0.1010367203125 0.689343296875 0.1234210546875 0.8162911718749999 0.16391565624999999 0.888481084375
674 0.6221808984375 0.5855519859375 0.6276074046875 0.6163272281250001 0.6699233625 0.608865784375 0.7000202921875001 0.5995923734375 0.7124716859375 0.5577317546875 0.714738990625 0.5255998859375001 0.6977717703125 0.49685958281250003 0.6645062484375 0.5106582125 0.67128938125 0.5491272640625 0.6221808984375 0.5855519859375
1850 0.5104164546875001 0.446598665625 0.550242134375 0.44750934375 0.5835076546875 0.4337107140625 0.6470930796875 0.43439841875 0.6894090375 0.426936975 0.677431765625 0.31402009531249997 0.6552610125 0.27826429375 0.5059100203125 0.3085654140625 0.4896117203125 0.35110434687500003 0.4939045734375 0.3979455234375 0.5104164546875001 0.446598665625
407 0.48710085937500003 0 0 0.081113753125 0 0.196497375 0.554135996875 0.109669384375 0.689302815625 0 0.48710085937500003 0
1050 0 0.5212491328125 0.016191221875 0.6130741125 0.0315788421875 0.610360859375 0.0247957109375 0.57189180625 0.0664333546875 0.5605834562500001 0.01914623125 0.5173568203125 0 0.5207328171875 0 0.5212491328125
322 1 0.6409455375 0.9887517703125001 0.6399109578125 0.9457574984375 0.6435254968749999 0.8995946359375001 0.65166525625 0.8747012375000001 0.6679541640625 0.8869108750000001 0.737198459375 0.8798953781250001 0.742401990625 0.9013784265625 0.841743215625 0.9715240093749999 0.857140228125 1 0.8521191421875001 1 0.6409455375
1788 0.6087906515625 0.8695352734374999 0.6253025328125 0.918188415625 0.653587496875 0.9211340328125001 0.6791592078125 0.9086920296875001 0.67622298125 0.8695446640625001 0.674188040625 0.8580039484374999 0.687540721875 0.8437499796875001 0.681658878125 0.8328875765625 0.6687615359375 0.82722870625 0.653829253125 0.8100291187499999 0.6404765718750001 0.8242830874999999 0.6259902375 0.854602990625 0.6087906515625 0.8695352734374999
255 0.49342105937499997 0.6201553515625 0.41648295312499994 0.6337216140625 0.407655490625 0.651144175 0.3666961578125 0.66629943125 0.3958730171875 0.7642840296875 0.44520447343749997 0.7516190515625001 0.5540514734374999 0.7165603484374999 0.5513476125000001 0.6337403984375001 0.49342105937499997 0.6201553515625
1850 0.7628898359375 0.866162490625 0.6092365984375 0.9170547625 0.5823082625 0.9218029546875 0.584566175 0.957103415625 0.619411296875 0.9747583421874999 0.8995570687500001 0.9213945734375001 0.8764944203124999 0.79059979375 0.8502443968750001 0.799194890625 0.7873372859375001 0.8023540921875 0.7628898359375 0.866162490625
152 0.7366492046875 0.8073252578125001 0.7776085359375 0.7921700031250001 0.8101957437499999 0.7745244671875 0.7918812875000001 0.670658025 0.7622396984375001 0.660018596875 0.749574721875 0.610687140625 0.6970746734375 0.6278773359375001 0.6923170890625 0.668381328125 0.687104165625 0.7287981609374999 0.711309859375 0.7760946765625001 0.7366492046875 0.8073252578125001
581 0 0.4997737703125 0.013264385937500001 0.5064944171875 0.0578382578125 0.5343334328125 0.034106687499999996 0.33225941875 0.01579223125 0.228392975 0 0.2301046359375 0 0.4997737703125
581 0.7401950078125 0 0.71322513125 0.0221200234375 0.7252024046875001 0.135036903125 0.7534873671875 0.13798252187499999 0.8491201359374999 0.747828496875 0.8742365078125 0.7552993328125 0.8873662156250001 0.71728561875 0.8805830828125 0.6788165671875 0.8962030703125 0.6324307296875 0.891231903125 0.581742646875 0.8697488546875001 0.48240142343750003 0.89397333125 0.3948332796875 0.8779167875 0.3262672984375 0.896250028125 0.2952690828125 0.9100580484374999 0.26110227343750003 0.883139103125 0.19841813749999998 0.8854064078125001 0.16628626875000002 0.8946892109375 0.12895086718749998 0.887227765625 0.086634909375 0.8709388562499999 0.0617415125 0.91574509375 0.04590794375 0.9242334 0.026561929687500003 0.919549815625 0 0.7401950078125 0
1354 0.6201647421875001 0.4391466125 0.6115602531250001 0.4803289171875 0.6113278875 0.5240015015624999 0.61675439375 0.55477674375 0.6239928640625 0.5733329578124999 0.6495645750000001 0.5608909546875 0.6570354125 0.5357745828125 0.65160890625 0.504999340625 0.6841961140625 0.48735380624999997 0.7145160171875 0.5018401406249999 0.746657278125 0.43667511562500005 0.7222192187500001 0.433051184375 0.6746997296874999 0.4334971328125 0.6201647421875001 0.4391466125
1193 0.10170564062500001 0.76062253125 0.122287403125 0.8323571046874999 0.1333727796875 0.8502350062499999 0.131793178125 0.81878145 0.127955665625 0.752027434375 0.11596900156250001 0.7065428828125 0.0942535875 0.6508742437499999 0.12299389062499999 0.633907021875 0.03383675625 0.6456613203125 0.037906634375 0.6687427515625 0.08090090625 0.6651282125 0.10170564062500001 0.76062253125