125 0.40021282812500003 0.5260364421875 0.36855508124999997 0.6830812453124999 0.4993498609375 0.70614389375 0.5169953953124999 0.6735566859375 0.524679815625 0.6074809828125 0.5436819765625 0.5671999640625 0.5389243921875 0.526695971875 0.5101840890625 0.5097287500000001 0.479408846875 0.5043022453125 0.42283892031250003 0.51019348125 0.40021282812500003 0.5260364421875
125 0 0.7511935703125 0.0241643546875 0.7691167453125 0.21604488906250002 0.7156872359374999 0.23186906562499998 0.6034486703125 0.232770353125 0.57584201875 0.23570657968750003 0.536694653125 0.19157865624999998 0.5170141796875 0.1417918609375 0.4844363625 0.0854449078125 0.4665678546875 0.0372471046875 0.4699688125 0 0.47956270625 0 0.7511935703125
1636 0.2026640328125 0.4991362796875 0.2524508265625 0.5317140953124999 0.2805128171875 0.5525282218750001 0.27101643124999997 0.6063848968750001 0.2368496234375 0.6201929171875 0.2318784578125 0.6708809984374999 0.3262391234375 0.6756198 0.32465013125 0.6396410265625 0.2940978640625 0.610454775 0.3081194671875 0.553429509375 0.349301771875 0.5448250203125 0.37373982968749997 0.5412010890625 0.377809709375 0.5181196578125 0.3382070046875 0.495270590625 0.2958910453125 0.4878091453125 0.2438463375 0.49053179062499996 0.2026640328125 0.4991362796875
300 0.2712300140625 0.515192821875 0.30200525625 0.520619328125 0.3158038859375 0.48735380624999997 0.3307361671875 0.47015421875 0.3316374546875 0.44254756874999995 0.31579449375 0.4199214765625 0.277325440625 0.41313834531250004 0.2603582203125 0.44187864687499995 0.274844553125 0.47219855 0.2712300140625 0.515192821875
214 0.9079554984374999 1 0.9853883796874999 0.5816205578125 0.9887799453125 0.56238603125 0.85232629375 0.526426040625 0.8369480640625 0.5911451171875 0.7937308203125 0.611290321875 0.6251546921875 0.645029965625 0.5262781984375 0.7108920859375 0.5817238640625 0.7563672453125 0.562043390625 0.80049516875 0.8509877890625 1 0.9079554984374999 1
1354 0.983808778125 0.6130741125 0.9729463765625 0.6071922671875 0.9229366078125001 0.598374196875 0.9267929046875001 0.6664848390625 0.9691088625000001 0.673946284375 0.983808778125 0.6130741125
1050 0.8091090484375 0.5465712453125 0.8278882359375 0.530049971875 0.8115899359375 0.48751103906250004 0.7846616 0.48276284687500004 0.7586439406250001 0.517840334375 0.77833380625 0.5411447390624999 0.8091090484375 0.5465712453125
1354 0.9240702593749999 0.6144401312500001 0.9113958921875 0.5963392562500001 0.87677374375 0.5902344375 0.867955671875 0.64024420625 0.889680478125 0.652007896875 0.926337565625 0.646572 0.9240702593749999 0.6144401312500001
581 0.0827863734375 0 0.0462693671875 0.2613346390625 0.012809046874999999 0.47359274375 0.060328535937500004 0.47403869062500004 0.099475903125 0.47697491718749996 0.1155418375 0.475841265625 0.167307221875 0.0922843890625 0.1768673 0 0.0827863734375 0
581 0.314689015625 0.60615253125 0.3671890640625 0.6233427265625 0.38076471875 0.6138369499999999 0.39931154062499996 0.5536430921875 0.4131101703125 0.5203775703125 0.437083496875 0.42940847031249996 0.48434244687500005 0.1838848453125 0.48478839531249995 0.1363653546875 0.4694007734375 0.133652103125 0.4130538203125 0.11578359375 0.33232515937499996 0.50613299375 0.314689015625 0.60615253125
581 0.53937973125 0.5466088109375 0.52807138125 0.58824645625 0.5174413437500001 0.6260371953125 0.514049778125 0.645271721875 0.5357745828125 0.6570354125 0.5799025062500001 0.6767158859375 0.6698951875 0.18883722812499998 0.6669495703125 0.1605522640625 0.6239552984375 0.156937725 0.5886548375 0.1546798109375 0.5165212734375 0.5187791875000001 0.53937973125 0.5466088109375
2001 0.1291174921875 0.46633548906250005 0.15717948125 0.48714961562500003 0.1827511921875 0.49959161874999997 0.2078675640625 0.49212078125 0.2221215328125 0.47876810000000003 0.296513009375 0.0793682640625 0.17363501406249998 0.033902496875 0.1636926828125 0.13527866093750002 0.141773078125 0.3495717046875 0.1291174921875 0.46633548906250005
2001 0.3377516640625 0.47535775156250004 0.40649366249999996 0.13049290156249999 0.322763034375 0.0879633609375 0.2612688984375 0.4817043265625 0.3228193828125 0.49255733749999997 0.3377516640625 0.47535775156250004
2001 0.49547478125 0.5031685921875 0.5128973421875 0.49434112968750005 0.5866198984375 0.1662205265625 0.4936158578125 0.153787915625 0.4325676703125 0.5000093921875 0.45564910156250005 0.5040792703125 0.49547478125 0.5031685921875
407 0.3012927859375 0 0.4442750109375 0.07369060937500001 0.60448840625 0.10987357499999999 0.70608754375 0.0960561625 0.76787039375 0.1505817578125 1 0.126826534375 1 0.080450184375 0.5437443296875 0 0.3012927859375 0