1239 0.3302053984375 0.26802716875 0.324350359375 0.318620771875 0.2852602 0.3150017765625 0.26619553749999997 0.33119279218750003 0.29921517343750004 0.3455698828125 0.2947430875 0.36857677031249997 0.326164284375 0.3707050703125 0.3645090953125 0.3781585453125 0.3696187859375 0.3313994234375 0.343522765625 0.322347509375 0.347779365625 0.259505115625 0.323174040625 0.2427842375 0.31635816875 0.257376815625 0.3302053984375 0.26802716875
1400 0.179385421875 0.2864630796875 0.2031376578125 0.287100684375 0.2145333578125 0.2694189734375 0.153181659375 0.2574934109375 0.10269579843750001 0.2715561265625 0.15179870625 0.285080128125 0.14594366875 0.33567373125 0.17576642656250002 0.3255532390625 0.179385421875 0.2864630796875
1439 0.028565446875 0.3048989921875 0.3036872578125 0.3225629953125 0.3212523734375 0.1707821859375 0.06360774687500001 0.1246219859375 0.028565446875 0.3048989921875
2001 0.73165845625 0.41371089375 0.8543618546875 0.4375620171875 0.9031326796875 0.24807400156249998 0.7705242765625 0.234235625 0.73165845625 0.41371089375
2001 1 0.264312346875 0.9146361234375 0.25031004375 0.873534259375 0.44128875624999997 1 0.46587120625 1 0.264312346875
407 0.09448337500000001 0 0.087663396875 0.041810484375 0.44437788906250003 0.13104556875 1 0.174379934375 1 0.08783180625 0.5481445265625 0 0.09448337500000001 0
423 0.72145678125 0.79374665 0.74829815 0.7989640828125 0.7906752218750001 0.5604809015625001 0.6166328734375 0.5346092203125 0.587249940625 0.76765948125 0.6056769984375 0.7752207015625 0.6213292984375001 0.694696596875 0.728694771875 0.7155663296875 0.72145678125 0.79374665
423 0.9139261890625001 0.82717955 0.9323532468750001 0.83474076875 0.98239928125 0.5977482843749999 0.8129367625 0.56878746875 0.7743941703125 0.8080159968749999 0.8050700203125001 0.813978778125 0.8222130156249999 0.7257857109375 0.9180750453125001 0.7444194015625001 0.9139261890625001 0.82717955
423 0.3696276390625 0.47465817968749996 0.3798558734375 0.5243986921875 0.3447167921875 0.6847015546875 0.36772367968749997 0.689173640625 0.3918980328125 0.6262235031250001 0.4586826515625 0.6511432046875 0.44303035 0.731667309375 0.46220275624999996 0.735394046875 0.478708146875 0.670953215625 0.5322831406249999 0.661470328125 0.545600509375 0.7157906703125 0.5655182625 0.7156829265625 0.5707268421875 0.5455828015625 0.500960834375 0.5360010265625 0.50010774375 0.519917753125 0.48849655625 0.49776395781250005 0.373354378125 0.455485775 0.3696276390625 0.47465817968749996
423 0.322769628125 0.5928894921875 0.3016844078125 0.6604194578125 0.3308695625 0.6740512015625 0.354181971875 0.4517590359375 0.25757459531250004 0.4369598265625 0.25779008124999997 0.47679533281250003 0.2264854796875 0.6378435437500001 0.2494923671875 0.6423156296875 0.256092753125 0.5878875453125 0.322769628125 0.5928894921875
423 0.12817192187499998 0.5908777890625 0.14425519375 0.5900246984375 0.1539447125 0.5401764421874999 0.20379296875000003 0.5498659625 0.1942111921875 0.6196319703125 0.19197514843750002 0.6311354140625001 0.211892903125 0.631027671875 0.2298889890625 0.5589178765625 0.239048646875 0.552739609375 0.2588586578125 0.5327141125 0.28410158750000003 0.5256827546875 0.2978410734375 0.5164153546875 0.2962426359375 0.5041665640625 0.2678028296875 0.48670033906250004 0.2332924984375 0.47999220937500003 0.24617889375000002 0.45464153749999997 0.23009562187500002 0.455494628125 0.22530030625 0.4187482546875 0.1508467265625 0.39233785781249997 0.14477620156249998 0.40309595312499996 0.15191530312499998 0.4482566375 0.12817192187499998 0.5908777890625
423 0.09194655625 0.408744359375 0.094398084375 0.4370764234375 0.08694460937500001 0.475421234375 0.0833256140625 0.51451139375 0.0781081796875 0.5413527625000001 0.090356971875 0.5397543234375 0.100046490625 0.48990606875 0.111549934375 0.49214211093750004 0.09962437187499999 0.5534938109375 0.105057290625 0.56648795 0.1154921578125 0.5128052125 0.13690060625 0.5050285078125001 0.147550959375 0.491181278125 0.156602875 0.4650852578125 0.14722773125 0.43142801718749996 0.139451025 0.41001956875 0.13092897187500002 0.3924456015625 0.113992609375 0.37721541875 0.10547055624999999 0.3596414515625 0.0870434984375 0.35208023125 0.07096022656249999 0.35293332187500004 0.077991584375 0.37817625312500003 0.09194655625 0.408744359375
436 0.1513765875 0.34866786875 0.16682225625 0.3715670140625 0.22114259687499999 0.35824964531250003 0.21262054375 0.340675678125 0.18961365624999998 0.3362035921875 0.16660677031249999 0.33173150625000003 0.1513765875 0.34866786875
436 0.30241205 0.370067465625 0.3061387875 0.350895059375 0.23711812656250003 0.3374788015625 0.232646040625 0.3604856890625 0.30241205 0.370067465625
436 0.4794357890625 0.380601221875 0.4793280453125 0.36068346875 0.3973132453125 0.3527001296875 0.3981663359375 0.368783403125 0.4794357890625 0.380601221875
436 0.5161821625 0.37580590625 0.5008442375 0.37282451562499996 0.49860819375 0.38432795937500003 0.5906357421874999 0.402216303125 0.5928717859375 0.390712859375 0.5675211124999999 0.3778264640625 0.5368452625 0.37186368281250004 0.5161821625 0.37580590625
436 0.6396309078125 0.39582255 0.63430573125 0.40274616406249997 0.716428275 0.43064725625 0.71632053125 0.41072950312499995 0.6894791625 0.40551206874999995 0.6588033140625 0.3995492875 0.6396309078125 0.39582255
436 0.7424165515625 0.41978141718749995 0.7310208515625 0.437463128125 0.8122903046875001 0.449280946875 0.814526346875 0.43777750312499997 0.8076027328125001 0.43245232656250004 0.7654234390625 0.424253503125 0.7424165515625 0.41978141718749995
436 0.9143306000000001 0.47707429531249995 0.9188026859375 0.454067409375 0.83827858125 0.4384151078125 0.8299720140625 0.4606766484375 0.9143306000000001 0.47707429531249995
524 0.701835696875 0.423831384375 0.6596564046875 0.4156325609375 0.6289805546875 0.40966977968749996 0.5983047046875 0.4037069984375 0.5522909312500001 0.3947628265625 0.5254495625 0.38954539375 0.501697328125 0.3889077890625 0.448014590625 0.378472921875 0.4127589125 0.3755992734375 0.38208306406250003 0.36963649374999996 0.338413075 0.36910663125 0.264812584375 0.3587795078125 0.2487293125 0.3596325984375 0.18588691875000002 0.3553759984375 0.1491405453125 0.3601713125 0.1799241375 0.3860518484375 0.1992042859375 0.40969633906249997 0.342786271875 0.469440746875 0.430233990625 0.49041822343749997 0.481680684375 0.5123565343750001 0.5545358265625 0.5265181390625 0.6235564890624999 0.539934396875 0.72708748125 0.5600587828125 0.8114460671874999 0.57645643125 0.876632246875 0.5891273406249999 0.93872929375 0.597218421875 0.9723865328124999 0.587843278125 0.9892151531250001 0.58315570625 0.999542278125 0.5095552156250001 0.98111521875 0.501993996875 0.9519300656249999 0.48836225312500003 0.929668525 0.4800556859375 0.865973040625 0.4597158140625 0.8391316718749999 0.45449838124999997 0.7823598015625 0.439483684375 0.744014990625 0.432030209375 0.701835696875 0.423831384375