407 0.48690704062499995 0 0 0.025517715625 0 0.25625160468749997 0.1955753890625 0.28908079531249997 0.9735224890625 0.13096199375 0.9666590609375 0 0.48690704062499995 0
1050 0.23647405312499997 0.0991800734375 0.26110605625 0.12135882812500001 0.28923008125 0.135531353125 0.3134532109375 0.149908315625 0.3216638796875 0.15730123437500002 0.340146175 0.136774565625 0.366430265625 0.1158390203125 0.38511699843749997 0.09921324687500001 0.387586834375 0.071702534375 0.3750663953125 0.056712259375 0.3549486 0.04603175625 0.33503524218749997 0.03925215 0.30382806875 0.0408876484375 0.2884289203125 0.04560629375 0.257221746875 0.0472417921875 0.250033265625 0.05935335781249999 0.235656303125 0.0835764859375 0.23647405312499997 0.0991800734375
1098 0.1883371453125 0.5241567796875 0.2057640796875 0.6327685734374999 0.28357757499999997 0.6247789296875 0.26574176562499996 0.50836534375 0.1883371453125 0.5241567796875
676 1 0.6380421640625 0.9597422515625 0.2412092859375 0.633906871875 0.29349009062500003 0.6798003578125 0.7213620953125 1 0.7198325624999999 1 0.6380421640625
1259 0.88272991875 0.3391239890625 0.72320203125 0.35530771250000004 0.7508508328125 0.6589643374999999 0.9185893875 0.65017353125 0.88272991875 0.3391239890625
2001 0.59406356875 0.3542523515625 0.31422119843749996 0.388476321875 0.35154490312500003 0.5781891953125 0.60839076875 0.5529936421875 0.59406356875 0.3542523515625
168 0.6366528828125 0.8683529562500001 0.6362440078125 0.8605511625 0.5812225796875 0.8556114921875 0.554170503125 0.6379790296875 0.6393769171875 0.62177871875 0.60798189375 0.5451918484375 0.44865844531250004 0.56527646875 0.46075342187499996 0.6467864234375 0.546368709375 0.6383879046875001 0.5621269718749999 0.864435471875 0.5311242359375 0.8699718671875001 0.5666411796874999 0.8759337234375 0.5641713453125 0.9034444374999999 0.575669596875 0.8989302296874999 0.5820403296875 0.8712150781249999 0.6366528828125 0.8683529562500001
1140 0.3753923328125 0.43612141875 0.374370146875 0.416616934375 0.46759937812499996 0.3295871734375 0.475384584375 0.40349977187499997 0.4723014359375 0.4193077953125 0.474754684375 0.4661185546875 0.49487247968750003 0.4767990578125 0.509862753125 0.46427861875 0.5035086093750001 0.417672296875 0.4877005859375 0.41458914843750005 0.474992296875 0.3213765046875 0.45507893906249997 0.3145968984375 0.351169203125 0.42174445625 0.3098948390625 0.4552004390625 0.322619715625 0.4740916109375 0.33760999062499997 0.4615711703125 0.34438959687500004 0.4416578140625 0.3712869984375 0.43242495937500003 0.4282698625 0.8479809609375 0.38556443749999997 0.8541306687500001 0.4264133390625 0.8871943640625 0.4986904390625 0.8482019859375001 0.43586721875 0.8436711906250001 0.3753923328125 0.43612141875
1939 0 0.4384549875 0.021349990625000002 0.8458370640625 0.257890209375 0.7317386375 0.20337718124999998 0.2886719203125 0 0.25453312499999997 0 0.4384549875
1939 1 0.5753649671875001 0.9769979234375 0.1972772359375 0.9696215921875 0.13116643125 0.1992718484375 0.2849754625 0.26179110625 0.7315342 0.6798003578125 0.7213620953125 0.633906871875 0.29349009062500003 0.9597422515625 0.2412092859375 1 0.61300714375 1 0.5753649671875001
819 1 0.723922525 0.2576857734375 0.727837740625 0.021349990625000002 0.8458370640625 0.022048932812499998 0.933811675 0.0255177171875 1 0.409540053125 1 1 0.9667420124999999 1 0.723922525