1275 0.910958446875 0.8403783453125 0.9336997531250001 0.8347083 0.8741337218749999 0.644242221875 0.8457529359375 0.5788533250000001 0.794681784375 0.4386050828125 0.69234590625 0.46412028281250006 0.8076673734375 0.87820920625 0.8285084765624999 0.881064603125 0.8654656468749999 0.8678243125 0.902422815625 0.8545840203124999 0.910958446875 0.8403783453125
494 1 0.8142500687500001 0.9763473421875 0.8119975593750001 0.8288752468749999 0.301252990625 0.8402459 0.29841796875000004 0.86298720625 0.292747925 0.8753130546874999 0.27759724218750004 0.8658426046875001 0.271906821875 0.8402560890625 0.28231209062499996 0.819414984375 0.2794566921875 0.8118753015625 0.2169231953125 0.8261013531250001 0.19324706875 0.8327469687500001 0.171460959375 0.8081156484375001 0.1695505671875 0.8043152421875 0.186601453125 0.79672461875 0.20459734687500003 0.7948346046875 0.1970169109375 0.7834741390625 0.1837460546875 0.76831326875 0.187526084375 0.75883263125 0.19794154218749999 0.738936534375 0.1988763609375 0.71335001875 0.20928163125000002 0.7171300484375001 0.2244425015625 0.72281028125 0.2310779296875 0.7427063765625 0.2301431109375 0.7739629375 0.242479146875 0.7815229968749999 0.2728008890625 0.7758223875 0.2983772171875 0.7606615171875 0.302157246875 0.7379202109375 0.307827290625 0.7454904578125 0.3220431546875 0.7881278609375 0.315438290625 0.7976084984375 0.30502283281250003 0.9545510437500001 0.8214578203125 0.9488606234375 0.8309282703124999 0.9213739046875 0.8498589828125 0.9014676203124999 0.8668996812499999 0.9128280859375 0.8801705375 0.9431396390625 0.88871635625 0.9886222515625 0.8773762671875 1 0.87298025 1 0.8142500687500001
1413 0.80722158125 0.085230959375 0.608219871875 0.159002665625 0.6980363265625 0.4546498328125 0.8013172109375001 0.43292485 0.814547315625 0.4859878984375 0.9178282 0.464262915625 0.80722158125 0.085230959375
2011 0.444559696875 0 0.2549068765625 0.049827598437499995 0.306902659375 0.22607781562499998 0.8120077468750001 0.0075467796875000005 0.8266666828125 0 0.444559696875 0
2011 0 0.561392278125 0.0186321671875 0.63612181875 0.027167796875 0.62191614375 0.17688648906249999 0.5765354109375 0.197697028125 0.62770844375 0.2602407140625 0.6040628828125 0.255515678125 0.5851117953125 0.26310630156250003 0.5671159015625 0.27164193124999997 0.5529102265625 0.2744973296875 0.5320691234375 0.2830329609375 0.5178634484375 0.36168252500000003 0.494228075 0.2388009984375 0.0498174109375 0 0.10935718593749999 0 0.561392278125
517 0.323658090625 0.6969486859375 0.3435541875 0.6960138671875 0.3558800359375 0.6808631843749999 0.41653370624999997 0.6496371875 0.4070836328125 0.6117350109374999 0.37865190625 0.62687550625 0.33790451875 0.6410608046874999 0.3113729953125 0.64767585625 0.3009575375 0.63819521875 0.23462363437499997 0.6627857875000001 0.22608800312500002 0.6769914625 0.24500852812499999 0.7205840593749999 0.2810206890625 0.70355355 0.29997177812500003 0.6988285125 0.323658090625 0.6969486859375
517 0.23081304062500002 0.69594255 0.1815402109375 0.708227646875 0.117096321875 0.7403986515625001 0.047977132812500004 0.7538180515625 0.0601627546875 0.8026919109374999 0.127491403125 0.7820910453125001 0.12371137343750001 0.7669301749999999 0.23458288125 0.7272093 0.23081304062500002 0.69594255
627 0.321676384375 0.8343211546875 0.3425072984375 0.85328243125 0.3879797234375 0.8580482203124999 0.410700653125 0.8845899312500001 0.44861301875 0.8590339796875 0.4609388671875 0.8438832968750001 0.470378753125 0.8978913515625001 0.43154175625 0.8874453296875 0.43247657500000003 0.9073414265625 0.567959028125 0.9017426984375 0.5793398703125 0.8828017984375001 0.5234418 0.8846612484374999 0.5140121015625 0.814547315625 0.5007921859375 0.7453783890625 0.5368552890625 0.6478184890625001 0.5416007015625001 0.634557821875 0.5254948234375 0.634547634375 0.17011861718750002 0.791592059375 0.1113651484375 0.8142926140625001 0.065010221875 0.8221340406250001 0.0758051140625 0.8654299875 0.0904629171875 0.908072484375 0.16815728593749998 0.896752771875 0.22881095624999997 0.865526775 0.321676384375 0.8343211546875
1016 0.136961853125 0.787781465625 0.1805442625 0.7849668203125 0.19760533593750002 0.772661346875 0.20993118437499997 0.757510665625 0.2421633171875 0.725319284375 0.2033161328125 0.7309791406249999 0.13602703437500002 0.7678853703125 0.136961853125 0.787781465625
1016 0.4032526625 0.67710353125 0.413688496875 0.6543724125 0.43263958437500005 0.6496473765624999 0.44685544843749997 0.6420771281250001 0.4241141421875 0.6477471734375 0.36630568124999996 0.6742379453125 0.350189615625 0.6903336343750001 0.3530246375 0.7017042874999999 0.396607046875 0.6988896421875 0.4032526625 0.67710353125
1156 0.20049129843750002 0.703502609375 0.19671126875 0.6883417390625 0.20524689999999998 0.6741360640625 0.197686840625 0.643814321875 0.1835015421875 0.6030669359374999 0.1749862875 0.5850608546875 0.16172561875 0.580315440625 0.0783306421875 0.6172114828125 0.0328480296875 0.628551571875 0.022412196875000002 0.6512826890625 0.0450923734375 0.7422479140625 0.059298048437499994 0.75078354375 0.1000454359375 0.7365982453125001 0.1322571921875 0.736618621875 0.20049129843750002 0.703502609375
1156 0.28108181718749997 0.60691828125 0.298122515625 0.626824565625 0.3161184078125 0.6344151890624999 0.3568556078125 0.6363357671875 0.39286776875 0.6193052578125 0.393833153125 0.5908837203124999 0.412784240625 0.5861586828124999 0.36641775 0.49707328593750005 0.284922975 0.5254438828125 0.282067578125 0.5462849859375 0.2706867359375 0.5652258875 0.2479352421875 0.587001809375 0.2630757375 0.6154335359374999 0.28108181718749997 0.60691828125
423 0.48644387812499995 0.9623250531249999 0.4987697265625 0.9471743703125 0.441997965625 0.83250245625 0.4514786046875 0.8220869984375 0.528238153125 0.7908711890625 0.5793500578125 0.8666959203125 0.5973255749999999 0.9064983 0.6105964312500001 0.8951378343749999 0.5405640015625 0.7757205078125 0.5490996328125 0.76151483125 0.532109875 0.6610791578125 0.5046537203125 0.6316922359375 0.47812219687499996 0.6383072875 0.455380890625 0.64397733125 0.4250489609375 0.66764326875 0.405142678125 0.684683965625 0.4003870765625 0.7140505125 0.40413654218749995 0.7775290171875 0.37664982187499996 0.7964597296875 0.37567425 0.840987146875 0.4220916828125 0.8495431531250001 0.48644387812499995 0.9623250531249999
423 0.21465622187500003 0.776461753125 0.20705541093750002 0.8105635250000001 0.2183954984375 0.8560461359374999 0.2382915953125 0.8551113171875 0.3093607234375 0.8333659593749999 0.32925681875 0.8324311390625001 0.350087734375 0.8513924156250001 0.3718738453125 0.8580380312500001 0.38514470156249997 0.8466775671875 0.3880001 0.8258364640625 0.35585965937499997 0.713074940625 0.32933832343749997 0.7035841140625 0.298071575 0.70735395625 0.25732418749999997 0.7215392546875 0.22320204062500001 0.7461502 0.21465622187500003 0.776461753125
322 0.3819110234375 1 0.36238301875 0.8845593671875 0.2155299125 0.8929931171875 0.08761770625000001 0.9128077093750001 0.10935718593749999 1 0.3819110234375 1
681 1 0.47090120156250004 0.8859017093749999 0.013277951562500001 0.8451543218750001 0.027463251562500002 1 0.5697310796874999 1 0.47090120156250004
434 0.4596047859375 1 0.43815680781250005 0.9139768546875 0.41922609531250005 0.886490134375 0.3955499703125 0.8722640828125 0.378499084375 0.8684636781249999 0.3557679671875 0.8580278437500001 0.336816878125 0.8627528812499999 0.3386967046875 0.88643919375 0.3642730328125 0.892139803125 0.3841151390625 1 0.4596047859375 1