423 0.1190183140625 0.60822803125 0.0964706390625 0.6594105875 0.0948147078125 0.788365378125 0.11858950625 0.8074846125 0.22774332656250001 0.7938587906250001 0.2187048953125 0.7236933453125001 0.2332367390625 0.660930171875 0.2363243125 0.6139941375 0.2320096171875 0.5906283796875 0.2006280296875 0.5833624578125 0.14204320312500002 0.584385059375 0.1108661375 0.588836103125 0.1190183140625 0.60822803125
1506 0.730257765625 0.9335474796875 0.23630454531249998 0.8366846484374999 0.011412715625 0.93437443125 0.0085978359375 0.9969330859375001 0.6999669546875 0.9887720375000001 0.730257765625 0.9335474796875
214 0.3586267421875 0.6821825515625 0.34259508125 0.6590213140625 0.32306680625 0.65936218125 0.31811878125000004 0.8235360406250001 0.3454583671875 0.8230588265625001 0.3565617703125 0.7877034109375 0.708820634375 0.8245300046875 0.7138852375 0.8908579671875 0.737455515625 0.8982602375000001 0.7441078765625 0.8317277531249999 0.83688916875 0.7754124203125 0.8564174453125 0.775071553125 0.8493758109374999 0.59547959375 0.8376588453125 0.5956841140625 0.83416223125 0.6191862171875 0.6425806125 0.6108097515625001 0.5683731671875 0.6121050484375 0.5681686453125 0.6003880828125 0.5486403703125 0.6007289499999999 0.5417153156250001 0.6516388125 0.475660046875 0.6723260375 0.42111722343749997 0.681091775 0.3586267421875 0.6821825515625
1354 0.58009013125 0.611900528125 0.5687822078125 0.635538978125 0.56521741875 0.6551354265625 0.666968971875 0.6650798828125 0.6895848203125 0.61780298125 0.6074297171875 0.6114233125 0.58009013125 0.611900528125
1354 0.6744394140625001 0.645415259375 0.66710531875 0.6728911921875 0.7335014546874999 0.67173224375 0.7844113171875 0.6786572984375 0.7991476828125 0.6276110890625 0.7326152 0.620958728125 0.7012336125 0.6136928046875 0.6858155125 0.6256824640625 0.6744394140625001 0.645415259375
1189 0.9595522328125 0.6404385968749999 0.8658165125 0.6420747609374999 0.8758775468750001 0.7708250296875 0.9659121328125 0.78097400625 0.9595522328125 0.6404385968749999
1250 0.288072025 0.445096540625 0.281624184375 0.5233459890625001 0.33637152812500004 0.526297215625 0.342955715625 0.45585907812500004 0.288072025 0.445096540625
1250 0.483354778125 0.44168786718749997 0.41305298749999997 0.442914990625 0.4111243625 0.5562471609374999 0.48930563749999995 0.558789346875 0.483354778125 0.44168786718749997
410 0.484124453125 0.2619595625 0.527632046875 0.29245489375 0.5664840765625 0.28005619375 0.6092417625000001 0.2675893203125 0.6276792625 0.20475797343750002 0.611306734375 0.1620684609375 0.5952069 0.13500156875 0.5560140015624999 0.12787199375 0.5285380703125 0.1205378984375 0.5129836234375 0.124716246875 0.4742679390625 0.14492625625 0.4593270546875 0.18425550156249998 0.46028148281250003 0.238934671875 0.484124453125 0.2619595625
2001 0.1875960015625 0.7320500437499999 0.1938590890625 0.41939311874999996 0.1856387390625 0.3960955359375 0.013244528124999998 0.36784992656250004 0.0069814390625 0.680506853125 0.0122505640625 0.7585517796875 0.1875960015625 0.7320500437499999
407 0.4956365515625 0 0 0.008651368750000001 0 0.1191637078125 0.36291280000000004 0.2562616296875 0.6813159468750001 0 0.4956365515625 0
1050 0.82314676875 0.4357567765625 0.8424705234375001 0.42369894375 0.838224 0.40423884218749995 0.79916745 0.40492057656249997 0.7956026625 0.424517025 0.8036184921875 0.43609764375 0.82314676875 0.4357567765625
1250 0.6284775765624999 0.4743163453125 0.5737984046875 0.4752707734375 0.5861971046875001 0.5141228046874999 0.6329967921875 0.5093990671874999 0.6284775765624999 0.4743163453125
1250 0.675754478125 0.49693219375000003 0.640535409375 0.4936401 0.6449864515625 0.5248171671875 0.6801373468749999 0.5242036062500001 0.675754478125 0.49693219375000003
1250 0.6412853171874999 0.53660230625 0.6059299015625 0.5254989015625 0.6181922531249999 0.5565396218750001 0.64943749375 0.5559942343750001 0.6412853171874999 0.53660230625
300 0.41618896562499996 0.6225751234375 0.415916271875 0.606952503125 0.4274287171875 0.5950310171875001 0.41160157656249996 0.5835867453125 0.3960471296875 0.5877650953125 0.380697203125 0.603660409375 0.3924823421875 0.60736154375 0.4005663453125 0.6228478171875 0.41618896562499996 0.6225751234375
300 0.9116617703125 0.582671853125 0.8883641875 0.590892203125 0.8690404328125 0.6029500359375 0.8810300921875 0.6183681359375 0.8891140953125 0.633854409375 0.9162491609375 0.6216602296875 0.919745775 0.5981581265625 0.9116617703125 0.582671853125
351 0.31963836562500003 0.686769940625 0.3349201171875 0.666968971875 0.33457925 0.6474406953125 0.349861003125 0.6276397265625 0.3732267609375 0.62332503125 0.37645068125000003 0.5842003078125 0.27887747812499997 0.5898102984375 0.28476016249999997 0.703006121875 0.3081259203125 0.6986914265624999 0.31963836562500003 0.686769940625
1050 0.5651690140625 0.42853925937500004 0.5417350828124999 0.42894830156249997 0.5539292625 0.45608336562499996 0.5732530171875 0.44402553281249996 0.5651690140625 0.42853925937500004
676 0 0.5043634375 0.0053482328125 0.8107635265625 0.02499013125 0.8169320859375 0.044382059375 0.8087799078125 0.0437398609375 0.324342334375 0 0.3324192890625 0 0.5043634375
676 0.251557659375 0.36759700156249997 0.1933137015625 0.38814787812499996 0.1839630390625 0.7477408375000001 0.2544693515625 0.7582306796875 0.251557659375 0.36759700156249997