1050 0.46605105 0.7491889828125 0.500163009375 0.75769405 0.5314297578125 0.7614638921875 0.5020428359375 0.7340077359375 0.5795232546875 0.40710400937499996 0.656272615625 0.42221393906250004 0.6505821953125001 0.41274348906249997 0.6116840703124999 0.3265542421875 0.5728368859375 0.3208943859375 0.49234824843749997 0.38536883906249997 0.5634173765625 0.407114196875 0.4906823703125 0.7472785921875 0.46605105 0.7491889828125
214 0 0.8295039546874999 0.367627646875 0.917889328125 0.38846875000000003 0.9150339296875 0.43099408281249996 0.744474134375 0.4575256078125 0.7510891859375 0.4745561171875 0.715077025 0.44230360781250005 0.6506738875 0.3569574875 0.5247230140625 0.351226315625 0.45082905 0.284861846875 0.37792084843749996 0.2166379296875 0.36091071406249997 0.1294832984375 0.3713873 0.0849864453125 0.42068050625 0.0698459515625 0.4491122328125 0 0.49107991406249996 0 0.8295039546874999
1250 0.8750379765625 0.2875440484375 0.73101989375 0.2677396453125 0.697944634375 0.40039726406250004 0.835337478125 0.43062731249999997 0.8750379765625 0.2875440484375
1250 1 0.27393444375 0.9565021874999999 0.2675970125 0.903581771875 0.479849203125 1 0.50050336875 1 0.27393444375
1354 0.297197884375 0.4091774078125 0.1635952578125 0.37989236718749997 0.141809146875 0.3865379828125 0.136139103125 0.4092792890625 0.1257338328125 0.43486580625000004 0.14469510937500002 0.45569672031249997 0.281142946875 0.48971698750000003 0.3161999125 0.4944318359375 0.33037502343749997 0.43757857031249997 0.297197884375 0.4091774078125
2001 0.2488496859375 0.3608903390625 0.30476813125 0.3949615453125 0.33130984375 0.417682475 0.342700871875 0.45272925312499995 0.3502914953125 0.470725146875 0.3730328015625 0.476395190625 0.47227895468750003 0.110634090625 0.30268454375 0.096530296875 0.2488496859375 0.3608903390625
2001 0.052764501562499996 0.40459500468750004 0.09255669375 0.40646464375 0.12285805937500001 0.3818129453125 0.1503244015625 0.36853190156250004 0.1891613984375 0.3580858796875 0.2628821640625 0.07855477968749999 0.143475025 0.024628228125000002 0.052764501562499996 0.40459500468750004
581 0.25721211875 0.10129608593749999 0.1425402046875 0.044524325 0.10666048749999998 0.23687023125 0.20426114062499998 0.265230640625 0.25721211875 0.10129608593749999
581 0.2724850578125 0.282240775 0.406087684375 0.311525815625 0.4580732796875 0.119169721875 0.318800609375 0.11262598593749999 0.2724850578125 0.282240775
1636 0.544690425 0.756718478125 0.5588757249999999 0.715971090625 0.629944853125 0.73771645 0.611928584375 0.7130953171875001 0.5996027359375 0.697944634375 0.5986373515625 0.6695230953125 0.58347648125 0.665743065625 0.5654703999999999 0.6572278109374999 0.5550447546874999 0.650602571875 0.53798368125 0.6382970984375 0.519093721875 0.73020733125 0.544690425 0.756718478125
423 0.7145910484375 1 0.7068470359375 0.9944145515624999 0.692620984375 0.9707384265625001 0.7011362390625 0.9527323453125 0.7200771390625 0.9413515046875001 0.74280825625 0.9309156703125 0.7484783015625001 0.9081743640625 0.736152453125 0.8930236828125 0.7096311171874999 0.9025145078125 0.6868898109375 0.8968444640625 0.6783439921875 0.8665329109375 0.67074318125 0.8324311390625001 0.6745232109375 0.81727026875 0.6508063328125 0.7670728078125 0.652686159375 0.74338649375 0.648885753125 0.726335609375 0.6479305578125001 0.7140199484374999 0.6678266546875 0.7149547671875001 0.699093403125 0.7187246093749999 0.718044490625 0.723449646875 0.7303601515625 0.72249445 0.7540362765624999 0.7082684 0.773922184375 0.693097340625 0.787182853125 0.6883519265625 0.7862276578125 0.6760362671875 0.75779593125 0.660895771875 0.7047328828125 0.64766566875 0.639354175 0.6353907609375 0.6118878328124999 0.6486718046875 0.6043277734375 0.6789935453125 0.6109733890625 0.70077965625 0.6337248828125001 0.7225555796875 0.64132569375 0.75665735 0.6375456640625 0.7718182203125 0.642301265625 0.8011847671875 0.63946624375 0.8125554203125 0.6186251406250001 0.81541081875 0.58451318125 0.8069057515625 0.558936853125 0.812606359375 0.54190634375 0.848618521875 0.540971525 0.8685146171874999 0.54951734375 0.8988261718749999 0.54952753125 0.91493205 0.527751609375 0.9376835437500001 0.490804628125 0.9405491296875 0.4548128421875 0.9557303765625 0.451043 0.986997125 0.490859190625 1 0.7145910484375 1
300 0.6459590390625001 0.5927533578124999 0.619427515625 0.58613830625 0.6004866140625 0.5975191484375 0.5995517953125 0.61741524375 0.595771765625 0.6325761140624999 0.591046728125 0.651527203125 0.5929571203124999 0.6761585234374999 0.6033623890625 0.6505720078125 0.618513071875 0.6382461593750001 0.6317737390625 0.6335007453125 0.651659646875 0.6183296875 0.669655540625 0.6107390640625 0.6459590390625001 0.5927533578124999
1105 0.867773371875 0.78493625625 0.8431318624999999 0.77074076875 0.8222805718749999 0.7574902890625 0.7919588296875 0.7499302296875 0.735105565625 0.73575511875 0.685832734375 0.723470021875 0.662146421875 0.7215901953125 0.6763724734375 0.7452663203125 0.6763928484374999 0.7774780765625 0.673568015625 0.8049546078125 0.6764336015625 0.8419015890624999 0.6868796234375 0.8807385859375 0.7010954859375 0.8883088328125 0.923395925 0.8686344437500001 0.9246673890625001 0.8635348796875 0.8876796562499999 0.8019769531250001 0.867773371875 0.78493625625
1105 0.94448198125 0.7356226734375 0.9264759 0.72710741875 0.892363940625 0.7186023515625 0.8431012984375 0.7224231343749999 0.8980645484374999 0.74417868125 0.941657146875 0.7630992046875 0.94448198125 0.7356226734375
627 0.7436208203125 0.7177490375 0.6356454625 0.7632927781250001 0.6688124140625 0.7755880625 0.9218323671875 0.8749055328124999 0.956787453125 0.7185615999999999 0.8260198484375 0.67790590625 0.7436208203125 0.7177490375
407 0.242108646875 0 0.2941183484375 0.0340069859375 0.889920625 0.08191131562500001 0.5613922828125 0 0.242108646875 0