1156 0.47018640156249997 0.41743585625 0.478406753125 0.394138271875 0.5332222703125 0.387281390625 0.5196448546875 0.2698390453125 0.36341865156250003 0.26711210625000004 0.373022240625 0.388391934375 0.4276332375 0.39325201718749997 0.427224196875 0.4166859484375 0.47018640156249997 0.41743585625
1016 0.6096310359375 0.4862862359375 0.5903754546875 0.4703227484375 0.430243596875 0.46752763750000004 0.437918559375 0.47547529375 0.43764586562499996 0.4910979140625 0.4571059671875 0.4953444375 0.5938038953125 0.4977305078125 0.6096310359375 0.4862862359375
1437 0.0671540234375 0.45337619531250006 0.1101844015625 0.45022044843750003 0.161094265625 0.44329539375 0.1736293109375 0.396632053125 0.1466987671875 0.3727209078125 0.11168421875000001 0.3642960375 0.0765333234375 0.363682475 0.057686782812500004 0.3242850578125 0.0029439828125 0.32697590625 0.0007578875 0.452217246875 0.0398144375 0.45289898125 0.0671540234375 0.45337619531250006
183 0.3967684 0.818559378125 0.13824525781250002 0.8570221359374999 0.132089878125 0.9858405781249999 0.48757266250000003 0.988138709375 0.4896860390625 0.8670634015625 0.3967684 0.818559378125
1342 0.25553795625000003 0 0.2689132546875 0.0857476375 0.3860147328125 0.09169849687500001 0.3685749015625 0 0.25553795625000003 0
268 0.35692240625 0.415458825 0.23584709843749999 0.4133454484375 0.2355744046875 0.42896806875 0.2666832984375 0.437324765625 0.3565815375 0.43498710156250003 0.35692240625 0.415458825
254 0.9141160156250001 0.27672456562500003 0.9921609437500001 0.2819936890625 0.9951605750000001 0.11014486718750001 0.8583944750000001 0.11166445 0.859641365625 0.264053171875 0.9142523625000001 0.2689132546875 0.9141160156250001 0.27672456562500003
423 0.5258397687499999 0.5864016249999999 0.513918284375 0.5979140703125 0.513577415625 0.6174423453125 0.49831543125 0.8203318890625001 0.510032396875 0.8205364093749999 0.5324239562499999 0.6568397640625 0.62958811875 0.6858836859374999 0.6265203140625 0.8616381625 0.6460485890625 0.86197903125 0.6609015328125001 0.68252341875 0.75867925625 0.6764164453125 0.77300658125 0.7508965843750001 0.788561028125 0.7550749328124999 0.7827267484375 0.641674590625 0.7875186578125 0.5909692468750001 0.8047774421874999 0.49750622031249997 0.8218998781250001 0.411854503125 0.7864762890625 0.4268635609375 0.7550947015625 0.434129484375 0.708226840625 0.433311403125 0.669170290625 0.4326296671875 0.641898878125 0.42824679843749996 0.6354026312500001 0.5765935171875001 0.5923722515625001 0.5797492640625 0.5571531828125 0.5830413578125 0.5258397687499999 0.5864016249999999
268 0.3109210328125 0.1411767171875 0.3258619171875 0.1805059609375 0.33757888281250004 0.18071048125 0.322637996875 0.1413812375 0.3109210328125 0.1411767171875
351 0 0.8077664375 0.15071213125 0.8142644499999999 0.1462610875 0.8454415171875 0.189359640625 0.8383801156249999 0.1858630265625 0.8148780109375 0.26835899687500003 0.7889700687500001 0.2640443015625 0.8123358250000001 0.2954258890625 0.8050699031249999 0.30128880625 0.46918356875 0.3210216015625 0.4578074703125 0.32519995156250003 0.44225302343750006 0.17301575 0.43178294843750004 0.13759216093749999 0.4467920078125 0.0866822984375 0.4537170625 0.047557575000000005 0.4569409828125 0.0202861625 0.4525581140625 0.0006442640625 0.45872667187499994 0 0.4956365328125 0 0.8077664375
1567 0.1041456015625 0.34853707031250003 0.127238665625 0.36847438593750004 0.15437372968750002 0.380668565625 0.1694509625 0.41218649999999996 0.1689737484375 0.439526084375 0.20803029843749998 0.44020781875 0.30210688750000003 0.42231570781250005 0.39974826406249997 0.42402004375 0.5247974 0.4222959390625 0.5950991906249999 0.4235230625 0.7357027734375 0.42597730624999997 0.786680809375 0.415146596875 0.7881608578125 0.1065316734375 0.5382671078125 0.09826291718749999 0.3195504234375 0.094445203125 0.10480756875 0.0867900078125 0.1041456015625 0.34853707031250003
268 0.3607598875 0.41943265468749996 0.26722868593750004 0.4060795265625 0.26688781875 0.42560780156250005 0.27456278125 0.43355545781249993 0.34095891875 0.4347144078125 0.3607598875 0.41943265468749996
1754 0.9796353906249999 1 0.9894537718749999 0.660910403125 0.9503290484375 0.6641343234375 0.907162321875 0.67510138125 0.8914033546875 0.682639996875 0.887088659375 0.7060057546875 0.764854403125 0.7702885125 0.779999809375 0.7979007921875 0.79221375625 0.9934562390625 0.9630587546875 1 0.9796353906249999 1
301 0.9581403578125001 0.6642706703125 0.9190156343749999 0.6674945906249999 0.891198834375 0.6943569625 0.9064124140625 0.7180635875 0.9530757546874999 0.7305986328125 0.9800744734375 0.7506041234375 0.987817609375 0.7546461250000001 0.9854117703125 0.668653540625 0.9581403578125001 0.6642706703125
183 0.7202649046875 0.1912971359375 0.728348909375 0.1758108625 0.732868125 0.140728140625 0.643038059375 0.13916014999999998 0.61535760625 0.1582112125 0.610838390625 0.193293934375 0.7202649046875 0.1912971359375
183 0.27960761875 0.144536984375 0.21718531093750001 0.139540553125 0.2165035765625 0.1785971046875 0.28283153906249997 0.1836617078125 0.27960761875 0.144536984375
627 0.3424300953125 0.798076675 0.3513805875 0.5091263734375 0.382762175 0.5018604515625 0.42545168593750005 0.5182329796875 0.5621496140625 0.52061905 0.63649340625 0.5141030359375 0.7185803359375 0.5116290234374999 0.7617470625 0.5006619671875 0.7628378375 0.4381714859375 0.6068843296875001 0.4198219265625 0.544462021875 0.414825496875 0.39597895625 0.41614056093749996 0.3178658546875 0.414777090625 0.247223196875 0.43307824375 0.30957733125 0.4419803296875 0.3091682890625 0.465414259375 0.3047854203125 0.492685671875 0.301922134375 0.656723184375 0.30371441250000003 0.7778666640624999 0.31118485625000003 0.7975312875 0.3424300953125 0.798076675
351 0.8091603109375001 0.47023480781250004 0.80854675 0.505385703125 0.8047290359374999 0.7241023875 0.832068621875 0.7245796015625 0.8398601640625 0.5020254359375 0.996086365625 0.504752375 0.9948394765625 0.3523636546875 0.7916772390625 0.35272428906250003 0.7904501171875 0.4230260796875 0.8256691859374999 0.4197339859375 0.8091603109375001 0.47023480781250004
1917 0.660637709375 0.026168848437499996 0.6367947390625 0.0491937375 0.6248050796875 0.0646118375 0.63604483125 0.09215594375 0.655436759375 0.1003081203125 0.69051948125 0.1048273359375 0.7064829687499999 0.0855717546875 0.7108658375 0.058300343750000004 0.6994215671874999 0.042473203125 0.684071640625 0.0265778890625 0.692291990625 0.0032803046875 0.6532354406249999 0.0025985703125 0.664816059375 0.0106144015625 0.660637709375 0.026168848437499996
1506 0 0.9835349421874999 0.7765229625 0.9970891999999999 0.788512621875 0.9816711 0.7837691171875 0.8057802765625001 0.7606760546875 0.785842959375 0.7689645796875 0.7586397218750001 0.6011577578125 0.7478969515625 0 0.9816626265625 0 0.9835349421874999
1267 0.9219273250000001 0.2768609125 0.8126371578124999 0.2710464 0.8076407265625001 0.3334687078125 0.90925593125 0.33133556249999996 0.9219273250000001 0.2768609125
1108 0.726508225 0.2812635484375 0.7235569984375 0.2265162046875 0.6845004484375 0.2258344703125 0.6832051531250001 0.300041915625 0.7183560484375 0.30065547812500004 0.726508225 0.2812635484375
1108 0.663949571875 0.284078428125 0.6688778281250001 0.22556177656249998 0.629821278125 0.2248800421875 0.6285259812499999 0.29908748749999997 0.659771221875 0.299632875 0.663949571875 0.284078428125
1108 0.23782412968750002 0.3000814515625 0.23528194375 0.2219001765625 0.21575366875 0.22155930937499999 0.210620890625 0.2917929265625 0.2182276796875 0.3036462390625 0.23782412968750002 0.3000814515625
1108 0.2885976453125 0.30096770625 0.286055459375 0.22278643125 0.262621528125 0.222377390625 0.2574887515625 0.292611009375 0.2651637140625 0.300558665625 0.2885976453125 0.30096770625
405 0.41603285156250003 0.162545675 0.415691984375 0.18207394999999998 0.47427680937499994 0.183096553125 0.4706438484375 0.167405759375 0.41603285156250003 0.162545675
1564 1 0.0320924390625 0.8832600484375 0.0300547359375 0.8716794296874999 0.0220389046875 0.859894290625 0.025740039062499998 0.8596897703125 0.0374570046875 0.8674329078125 0.04149900625 0.86250465 0.10001565937500001 0.8662057859375001 0.111800796875 0.9989980578125 0.1141186953125 1 0.0567174453125 1 0.0320924390625
1410 0 0.8582234468750001 0.1265282921875 0.856817615625 0.1389753984375 0.5913694171875 0 0.58894359375 0 0.8582234468750001
183 0.2884612984375 0.3087790171875 0.2611217125 0.308301803125 0.26441380625 0.34352087187499997 0.291821565625 0.34009243125 0.2884612984375 0.3087790171875
183 0.25337857656249996 0.30425979999999997 0.22597081718749998 0.307688240625 0.21028002343750002 0.311321203125 0.20959828906250003 0.35037775312499997 0.2526286671875 0.34722200625 0.25337857656249996 0.30425979999999997
2001 0.44621801093749996 0 0.4445313859375 0.09662675312499999 0.5617692109375 0.0947663015625 0.567154803125 0.0010960281250000001 0.504363428125 0 0.44621801093749996 0