1156 0.24987345625000001 0.45092214375 0.2587568703125 0.4659641109375 0.2297628828125 0.49931787656250004 0.307697575 0.4938681515625 0.354185903125 0.4867015828125 0.35282347187499996 0.46721790937499996 0.343667571875 0.448279209375 0.409912059375 0.44364694374999997 0.4035362453125 0.2404717734375 0.161666215625 0.253469184375 0.1558068546875 0.4496683453125 0.24987345625000001 0.45092214375
423 0.31176345156249996 1 0.3037723203125 0.8857214984375 0.3845138015625 0.8644123499999999 0.38988159843750003 0.9971738125 0.4402666625 0.9897347562500001 0.426097378125 0.7871045578125 0.3574005140625 0.7566662125 0.2767409609375 0.7231485921874999 0.1573046203125 0.7510793375 0.090189265625 0.407267309375 0.032010734375 0.4152513375 0 0.4104508453125 0 0.4361782984375 0.004379178125 0.46808877656250003 0.041574034375 1 0.31176345156249996 1
836 0.611015971875 0.5196475281249999 0.6093810546875 0.4962671203125 0.49610326562499996 0.5002724859375001 0.353559003125 0.533734884375 0.350479728125 0.5456975734375 0.46067824062499996 0.5536548984375 0.611015971875 0.5196475281249999
1267 0.2765236984375 0.49604804218750004 0.11340581875 0.5152859328125 0.1111440015625 0.5389388265624999 0.29401804062500003 0.5222352390625 0.2765236984375 0.49604804218750004
278 0.0128547703125 0.1973066875 0.075475009375 0.1968436421875 0.160113225 0.1752620078125 0.1623750421875 0.1516091140625 0.153491628125 0.1365671484375 0.14379075624999998 0.10983497812500001 0.0193677359375 0.122451271875 0.00931245 0.1466491375 0.0128547703125 0.1973066875
1250 0.4825396140625 0 0.28614071406249997 0.013733548437500001 0.30129505624999997 0.1223159375 0.5122636953125 0.11539515 0.50419448125 0 0.4825396140625 0
1250 0.7117312796874999 0 0.7190631140625 0.1048501140625 0.9728875765625 0.0948138953125 0.9662575421874999 0 0.7117312796874999 0
627 0.098990753125 0.47713604531250003 0.13934723437500002 0.6622719015625 0.15784959375000002 0.7588728078125 0.26088153593749996 0.720341803125 0.3254091796875 0.7471559 0.40969298125 0.7765043 0.43735124062499997 0.89204390625 0.476863559375 0.8971125125 0.4950934328125 0.9898166843749999 0.7678648531250001 0.9707426484375 0.7295529265625 0.5348533484375 0.7490365984375 0.5334909171875 0.746856709375 0.502317040625 0.6836914968750001 0.4949866171875 0.1722112515625 0.460268603125 0.098990753125 0.47713604531250003
1016 0.1230247640625 0.596844871875 0.133270609375 0.6313705109375001 0.28715066093749997 0.648020690625 0.3175070796875 0.634150596875 0.340070028125 0.620825475 0.3384351109375 0.59744506875 0.1689681203125 0.581884834375 0.1230247640625 0.596844871875
1303 0.4180599421875 0.3921719359375 0.3985762703125 0.3935343671875 0.406205884375 0.5026429343750001 0.42568955624999993 0.501280503125 0.4180599421875 0.3921719359375
1601 0.43427378125000005 0.34404868906249997 0.4114383453125 0.3534770765625 0.41307326250000004 0.376857484375 0.4274064015625 0.469834140625 0.738790753125 0.498965278125 0.7482191406250001 0.5218007140625 0.7262011640625 0.5429193031249999 0.7429047515625 0.7257933421875 0.8569999984375001 0.7334781796875001 0.8722325234375001 0.7833182703125 0.9064856750000001 0.769175690625 0.9118267687499999 0.7335601078125 0.9382864515625 0.7199625000000001 0.947987325 0.7466946703125 0.9858647250000001 0.72838286875 0.9524575515624999 0.3626347921875 0.9641477546875 0.3618173328125 0.966409571875 0.3381644390625 0.8564835453124999 0.33410385 0.48048962343749996 0.3329853859375 0.43427378125000005 0.34404868906249997
797 0.519538896875 0.275433753125 0.524716134375 0.34947171093749996 0.7799112859374999 0.359037246875 0.8372723593750001 0.339363015625 0.8277353406250001 0.20297730625 0.8038099609374999 0.1968187546875 0.5808786312499999 0.200660265625 0.519538896875 0.275433753125
1108 0.49253424062500006 0.2812378921875 0.5092930515625 0.2409081140625 0.510737409375 0.2055650171875 0.44476540781249996 0.2140940171875 0.4502151328125 0.292028709375 0.4738680265625 0.2942905265625 0.49253424062500006 0.2812378921875
278 0.7175902359374999 0.5317740718749999 0.7267461359375 0.5507127734374999 0.8444656328125 0.5542283890624999 0.8392883937500001 0.48019043281249996 0.772498934375 0.47702922968749994 0.7393357265625 0.5067587484375 0.74404991875 0.5181764656250001 0.7175902359374999 0.5317740718749999
268 0.8571638531250001 0.6238246390625 0.773969996875 0.610063178125 0.735820109375 0.6244782437499999 0.7399074031249999 0.6829292625 0.8615236328125 0.6861723921875 0.8571638531250001 0.6238246390625
278 0.5395942453125 0.45024183593749995 0.5417741359375 0.48141571250000004 0.6639353375 0.49245231250000004 0.749935984375 0.49035434999999994 0.7433143875 0.451659490625 0.703529584375 0.44269415 0.5663264156250001 0.4405409640625 0.5395942453125 0.45024183593749995
984 0.8446847109375 0.221371034375 0.8462377 0.2995782109375 0.8631870703125 0.3179719390625 0.8868399640625 0.32023375625 0.8809538984374999 0.348055871875 0.912672746875 0.35366945 0.9433016515625001 0.34369609218749997 0.9344182375000001 0.328654125 0.9132996468749999 0.30663615 0.8937073421875 0.19444830625 0.87177129375 0.16074012499999998 0.8561843546875 0.16183007031250002 0.8411423890625 0.170713484375 0.8446847109375 0.221371034375
1281 0.6548346609375 0.250309796875 0.6701491140625 0.24532311718750002 0.6812943453125 0.23671219062499999 0.673582803125 0.18243039218749998 0.5917513765625 0.18815260312499998 0.59611115625 0.25050035625 0.6548346609375 0.250309796875
1105 0.73939095 0.2835549328125 0.7705648265625 0.2813750421875 0.7775408359375 0.26913986562500003 0.784516846875 0.256904690625 0.7812470125 0.21014387499999998 0.69134963125 0.21251432343749999 0.7001511171875 0.28238305937499997 0.73939095 0.2835549328125
283 0 0.3947445625 0.015878823437500002 0.4085478125 0.0512219203125 0.40999217187500003 0.07822657656250001 0.404188034375 0.0946309734375 0.4147882921875 0.10760168125 0.48828127656250003 0.1566243125 0.4613585484375 0.16221118750000002 0.2612626546875 0.2159480140625 0.24575764375000003 0.20513049218749999 0.035061490625000004 0.204040546875 0.0194745515625 0 0.033742456250000004 0 0.3947445625
1301 0.2266836078125 0.5112805671875 0.1214717734375 0.5186376953125 0.1222892328125 0.5303278984375 0.227501065625 0.5229707703125 0.2266836078125 0.5112805671875
278 0 0.3660838203125 0.03961364375 0.3559828609375 0.0353357921875 0.2388083375 0 0.24127925625 0 0.3660838203125
1105 0.80154814375 0.2204716484375 0.798278309375 0.1737108328125 0.7122776625 0.1758087953125 0.7105608171875 0.2072551578125 0.780702040625 0.20235040624999998 0.7823369578125 0.2257308140625 0.80154814375 0.2204716484375
797 0.44912518749999997 0.2764417703125 0.43127643281249994 0.301184609375 0.43481875312499996 0.35184215937499996 0.485203815625 0.344403103125 0.516922665625 0.3500166828125 0.527522925 0.33361228593750003 0.516187134375 0.283499709375 0.5563263515625 0.24153501406250003 0.5494322687500001 0.1989434203125 0.5224276140625 0.20474755937500003 0.48220646718750004 0.3015390234375 0.4546568390625 0.2995496921875 0.44912518749999997 0.2764417703125
1506 0.7676742937500001 0.91201914375 0.7645130906250001 0.978808603125 0.9977721921875 0.9546659609375 0.7676742937500001 0.91201914375