1754 0.420395240625 0.535951034375 0.465877853125 0.5246109453125001 0.5179958921875001 0.5075906234375 0.571069128125 0.47825464218749997 0.5672890984375 0.46309377031250004 0.5530834234374999 0.454558140625 0.5028757749999999 0.446947140625 0.4564481546875 0.4544970109375 0.336106196875 0.488527465625 0.236605340625 0.52541331875 0.2252245 0.5443542203125 0.23373975468750002 0.5623603 0.25837107656249997 0.5642706921875 0.2953180578125 0.567136278125 0.384383078125 0.55298154375 0.4259735921875 0.7036452421875 0.422183375 0.7045902500000001 0.39944206875 0.7102602953125 0.3823809953125 0.7225657671875 0.3548942765625 0.7414964796875 0.3501488625 0.7547571468750001 0.3539288921875 0.7699180171875 0.3681345671875 0.7784536484375 0.38992067812500003 0.7850992640625 0.4306578765625 0.78701984375 0.46856005468750006 0.7775697703125 0.509307440625 0.7633844703125 0.54248458125 0.7349833078125 0.5424947687499999 0.7188774296875 0.5263990796875 0.7027613640625 0.4970325328125 0.6980057625 0.461030559375 0.69893039375 0.420395240625 0.535951034375
268 0.4867393328125 0.4952545875 0.5653888953124999 0.4716192140625 0.5625538734375 0.4602485609375 0.5293971109375 0.45643796718749996 0.456427778125 0.4867087671875 0.4867393328125 0.4952545875
278 0.2309149203125 0.53488376875 0.304819071875 0.5245090640625001 0.337041015625 0.5084235625 0.33137097187500003 0.48568225624999994 0.2460961671875 0.498891984375 0.2252448765625 0.5121424640625001 0.2309149203125 0.53488376875
872 0 0.5290988 0.043222734375 0.702455721875 0.1853609921875 0.6589650046875 0.1948212546875 0.6807613046875 0.2024016890625 0.6788712890624999 0.1957866375 0.6523397656250001 0.24126925 0.6409996765625 0.2271043265625 0.5680405328125 0.17129795 0.42494708125 0.1495118390625 0.4183014640625 0 0.45920875156249996 0 0.5290988
1567 1 0.45475445781249996 0.916152134375 0.1184590390625 0.54376579375 0.207279546875 0.4622710203125 0.2356501453125 0.5189409 0.511380840625 0.9973412671874999 0.5732647859375 1 0.5722375328125 1 0.45475445781249996
1567 0.1629457046875 0.14924695 0.2725665625 0.5889122 0.29529768125 0.599348034375 0.5028248343749999 0.5274765312499999 0.39982921562499996 0.09823692656250001 0.1771615671875 0.1416767015625 0.1629457046875 0.14924695
1340 0 0.41532060781249996 0.06046719375 0.40024444375 0.03021676875 0.29506335625 0 0.30414394843750003 0 0.41532060781249996
268 0.817606475 0.1430292328125 0.8668793046875001 0.1307441359375 0.8707102750000001 0.06537561562500001 0.8223824515624999 0.08145092968749999 0.817606475 0.1430292328125
268 0.7588631953125 0.14962390781249998 0.81287125 0.140184021875 0.8185922343750001 0.0823959375 0.813867196875 0.0634448484375 0.7494334968749999 0.079509975 0.7588631953125 0.14962390781249998
278 0.8525921249999999 0.2510555296875 0.8838588734374999 0.2472856890625 0.899050309375 0.19518802500000001 0.9113761578125 0.1800373421875 0.9066511203125 0.161086253125 0.8431624265625001 0.180941596875 0.8525921249999999 0.2510555296875
278 0.8962152859374999 0.183817371875 0.8980951125000001 0.207503684375 0.8848038812500001 0.25107590625 0.9274412828124999 0.2444710421875 0.9142213671875 0.1753021171875 0.8962152859374999 0.183817371875
1939 0.43860771875 0 0.4017803578125 0.009182092187500001 0.5284113500000001 0.5170712609375 1 0.5640034765624999 1 0.43860772187499997 0.8906428140625 0 0.43860771875 0
1939 0 0.5290988015625 0.032827653125 0.660763328125 0.5198859078125 0.515171059375 0.4017803578125 0.009182092187500001 0 0.10935718750000001 0 0.5290988015625
819 1 0.5697532937500001 0.52746634375 0.5132810437499999 0.0337726609375 0.6645535453125 0.11740885625 1 0.5452455406250001 1 1 0.8866169796875001 1 0.5697532937500001
278 0.453653884375 0.378702846875 0.44421399843750003 0.324694790625 0.2433324625 0.374780184375 0.25750757343749997 0.4316334484375 0.453653884375 0.378702846875
598 0 0.238183890625 0.106061875 0.2117396953125 0.0947217859375 0.1662570828125 0.080505921875 0.1738273296875 0.06440004375 0.1738171421875 0.054919406250000004 0.1842326 0.04164855 0.19559306406250002 0.025542671875 0.1955828765625 0.017972425 0.1813670125 0.011336996875 0.1870472453125 0 0.187040075 0 0.238183890625