1754 0.4191890609375 0.5331509671875 0.4650397296875 0.52340510625 0.517720021875 0.5082140468749999 0.5717847375 0.480748165625 0.5685361171875 0.465464609375 0.554636984375 0.45643840625000004 0.504725540625 0.44707982187499995 0.4580627171875 0.45300479375 0.336606421875 0.48281464375 0.23587888281249997 0.516205496875 0.22384394687500003 0.5347376734375 0.23172561093750002 0.5530299640624999 0.2562752546875 0.5557988125 0.293099721875 0.5599520828125 0.3826044796875 0.5489142953124999 0.41891157031250004 0.7009377031249999 0.41509068125 0.7017498578125 0.39216534687500004 0.7066227890625 0.37468521250000003 0.7183253421875 0.34655456406249996 0.73628525 0.34134925156249996 0.7493722265625 0.344597871875 0.7646557828125 0.3584970046875 0.773681984375 0.3800379140625 0.7810838765625 0.4206832703125 0.78442499375 0.4588921609375 0.77630344375 0.5001097859375 0.7635488484375 0.5342579015625 0.736322853125 0.5348301703125 0.7202271421875001 0.519306728125 0.7035591609375 0.4901240390625 0.6977815796875 0.454111728125 0.697449196875 0.4191890609375 0.5331509671875
268 0.4869130234375 0.49479468750000005 0.5663395375 0.47391854218749996 0.5639030734375 0.462455875 0.5308994953124999 0.4574904484375 0.45691817968750004 0.485196215625 0.4869130234375 0.49479468750000005
278 0.2298614140625 0.5254715859375 0.3040826171875 0.5176824171875001 0.3368463078125 0.50273124375 0.331973378125 0.479805909375 0.24628950781249997 0.4900315421875 0.224988484375 0.5025462515625 0.2298614140625 0.5254715859375
872 0 0.5149760703124999 0.036435389062500004 0.6863910953125 0.1800048625 0.647887425 0.1886986828125 0.6700006046875 0.1963404609375 0.66837629375 0.19065537500000002 0.6416300703125 0.23650604375 0.6318842109375 0.2248959875 0.5584751625 0.1741174953125 0.4135212640625 0.152576584375 0.40611937343750004 0 0.44219244062499996 0 0.5149760703124999
1567 1 0.46623590625 0.9292142140624999 0.1332149640625 0.5539549296875 0.20898526875 0.47151968125000004 0.23449445781249997 0.5185321765625 0.5120349359375 0.9944813953124999 0.5905771140625 1 0.5886634265625 1 0.46623590625
1567 0.1753921328125 0.13769759374999999 0.26960211875 0.580920725 0.291955184375 0.59214350625 0.501864196875 0.527558378125 0.41391156562500003 0.094985759375 0.189863534375 0.130628084375 0.1753921328125 0.13769759374999999
1340 0 0.398615346875 0.0642163640625 0.3849657375 0.037655134374999996 0.2787929984375 0 0.288690121875 0 0.398615346875
268 0.8298710984375001 0.1543309953125 0.8795426562499999 0.1437729796875 0.8856526203125 0.0785779796875 0.8367932171874999 0.092956884375 0.8298710984375001 0.1543309953125
268 0.7709334515624999 0.1588715421875 0.8252380531249999 0.1513222609375 0.8329723281250001 0.0937690390625 0.828911553125 0.07466459375 0.7639564390625 0.0884712296875 0.7709334515624999 0.1588715421875
278 0.8610653718749999 0.26351246875 0.8924446390625 0.2608361171875 0.909445003125 0.2093003625 0.92229209375 0.194589075 0.91823131875 0.1754846296875 0.8540883593749999 0.1931121546875 0.8610653718749999 0.26351246875
278 0.9070085375 0.1978376953125 0.908060578125 0.221575184375 0.8932567953125 0.26465700625 0.9360987296875001 0.2595441890625 0.925300828125 0.18995603125 0.9070085375 0.1978376953125
1939 0.4474478796875 0 0.4189694890625 0.00605326875 0.5277982640625 0.5180524046875 1 0.581756671875 1 0.447447884375 0.904892015625 0 0.4474478796875 0
1939 0 0.51497606875 0.0275016828125 0.644361315625 0.51934433125 0.5158558249999999 0.4189694890625 0.00605326875 0 0.0951079828125 0 0.51497606875
819 1 0.5875852984375001 0.526986109375 0.5142315156249999 0.0283138375 0.6481822046875 0.1030950203125 1 0.53376409375 1 1 0.9008984984374999 1 0.5875852984375001
278 0.457915328125 0.37715928125 0.45036604531249996 0.3228546796875 0.247858925 0.365898896875 0.2600412515625 0.42321223281250003 0.457915328125 0.37715928125
598 0 0.2229005578125 0.116361990625 0.198167053125 0.1066161296875 0.152316384375 0.09214472968750001 0.15938589375 0.0760490171875 0.158813625 0.0662106609375 0.1688918671875 0.0525514140625 0.179782265625 0.036455703125 0.179209996875 0.02938619375 0.164738596875 0.0225565703125 0.1701837953125 0.006460859375 0.1696115265625 0.0020677015625 0.1865193921875 0 0.18598214375 0 0.2229005578125