512 0.48253962499999997 0 0.37701845 0.007378759375 0.3947696734375 0.047905885937499997 0.39833728125 0.14372376250000002 0.3949178328125 0.29641757812499997 0.5012395578125 0.3161323078125 0.5622793765625 0.2930682015625 0.55375644375 0.036788446875000005 0.5660058484375 0 0.48253962499999997 0
1316 0.41675662343750003 0.63112618125 0.44923843437500005 0.6476506171875 0.4520395203125 0.710107365625 0.44892213124999997 0.7103253546875 0.44773387343750004 0.760530540625 0.46897428437500005 0.7506915843749999 0.482697634375 0.655753025 0.48547023593749994 0.5386075906250001 0.49546924375 0.502405240625 0.49846695625 0.433277740625 0.5117685703125 0.4219054984375 0.5232208390624999 0.4064857328125 0.5264436609375001 0.385376165625 0.5165101937500001 0.37771710000000003 0.4966831515625 0.385368803125 0.487145771875 0.3609746734375 0.47021100625 0.3203904546875 0.4637910140625 0.2957783375 0.47129383125 0.291076846875 0.4718352421875 0.2764200453125 0.4759300203125 0.267780028125 0.47846610468749995 0.2592490046875 0.4733540453125 0.25334121249999997 0.4746220859375 0.24907570156249997 0.48466098750000003 0.23584319062499998 0.485347725 0.2232646453125 0.4799450140625 0.2132003359375 0.470011546875 0.20554126875 0.4596421015625 0.1916474265625 0.446591246875 0.1842063484375 0.4272001828125 0.198092828125 0.41545726250000004 0.2093560765625 0.4041503203125 0.22685409843749998 0.4004915203125 0.2417288921875 0.4003860859375 0.2626204703125 0.4077834703125 0.2788105609375 0.4025659765625 0.293794346875 0.394521746875 0.313152640625 0.388617515625 0.340714971875 0.386702628125 0.3805288671875 0.3805077453125 0.40393468125 0.399793375 0.41093978125 0.41675662343750003 0.63112618125
1316 0.5521635265625 0.506794475 0.5498126609375 0.5403735921874999 0.5517018984375001 0.5673909515625 0.5678045984375 0.6184754578125 0.5690070984375 0.6580713625 0.5648068875 0.687602959375 0.5600652640625 0.7317913578125 0.5555744 0.7571664375 0.5686252546875 0.7646075140625 0.59146425 0.7776294 0.6188340015625 0.7882460453125 0.6399689765625001 0.7992986671875 0.6438785359375 0.7656105546875 0.650033528125 0.719234903125 0.659741884375 0.6788760359375 0.665671765625 0.58448245 0.6622893765625 0.51371266875 0.6710602359375 0.50474566875 0.6712711031249999 0.46296251093749996 0.6683645828125 0.421397340625 0.67104599375 0.4149445765625 0.6828288062500001 0.42665116562499994 0.6938849890625 0.42796646406249994 0.7073319296875 0.41867247812499997 0.7169348515625 0.3992051921875 0.7197216953125001 0.3718608484375 0.7140283328125 0.3576400234375 0.696988134375 0.33794738281250003 0.663594475 0.28598355937500003 0.6472809078124999 0.2766822125 0.64767699375 0.25994715 0.654162528125 0.2406978515625 0.6529999203125 0.22407178437500003 0.6456025375000001 0.2078816953125 0.6321157046875 0.1942058421875 0.613266053125 0.19343551718750002 0.591589665625 0.1970396984375 0.5926069468749999 0.21158750781250002 0.594350859375 0.23652660937499997 0.5904014078125 0.247244884375 0.580653159375 0.2646339125 0.5665194796875 0.28650644375 0.5486871109375 0.300283928125 0.5327040859375 0.3181089328125 0.5232464890624999 0.3396544796875 0.526153009375 0.3812196484375 0.5317808296875 0.439301890625 0.5380554984375 0.46183575 0.54233549375 0.478243828125 0.5521635265625 0.506794475
323 0.4492345578125 1 0.7805705578125 0.9732478625000001 0.764784159375 0.8594886203125001 0.646349078125 0.8009409484375001 0.6401143031250001 0.8013769265624999 0.5101870609375 0.7352791812499999 0.39093415781249996 0.7770328859375 0.388477859375 0.8315035843749999 0.404500775 0.8366484156249999 0.3989926296875 0.8474756843750001 0.38072428125 0.85501839375 0.3866427546875 0.9172571515625 0.395017528125 0.9250252140624999 0.3929573140625 0.9627608499999999 0.387013190625 0.9673533437499999 0.39343301406250003 1 0.4492345578125 1
323 0.3819923234375 0.8507528828125 0.4005513234375 0.8473666890624999 0.39982469374999996 0.8369753984375 0.388623184375 0.8335818421875001 0.3893754640625 0.77714188125 0.450415284375 0.7540777750000001 0.44410072500000003 0.7085740796875 0.4503355 0.7081381015625 0.446121046875 0.64786860625 0.4198740109375 0.6309081921875 0.40432412968750003 0.40853453906250004 0.351473865625 0.4143186109375 0.3491885421875 0.4040363125 0.2899581765625 0.408178103125 0.28393426875 0.3668309234375 0.23532410937499998 0.3660532359375 0.1677588625 0.385396803125 0.1807327671875 0.593331640625 0.265588971875 0.5748673921874999 0.3680011359375 0.628270234375 0.3819923234375 0.8507528828125
323 0.3952764953125 1 0.388426559375 0.9651660906249999 0.3959293765625 0.9604646015625 0.395017528125 0.9250252140624999 0.3855200390625 0.9236009218750001 0.36658776875 0.6304574875 0.26729299218749997 0.5768366578124999 0.0077438859375 0.6282031078125 0.0217816015625 0.8289518062499999 0.035079073437500004 1 0.3952764953125 1
670 0 0.4950610390625 0.008880359375 0.622056096875 0.11697164687499999 0.5998786734375 0.09398165625 0.0919116578125 0 0.0936576625 0 0.4950610390625
1567 0.566117428125 0 0.5539017687500001 0.038866704687499996 0.5607206828125 0.293177196875 0.474305784375 0.3117504390625 0.479990575 0.7290370421875 0.47774514218749997 0.7417245828125 0.505220328125 0.7314496484374999 0.7615214453125 0.8576283515625001 0.7838332718750001 0.9751081312500001 1 0.9599922812499999 1 0.5244831249999999 0.9616702874999999 0 0.566117428125 0
316 0.92079886875 0.8506674296875 0.840393634375 0.8207867609375 0.764784159375 0.8594886203125001 0.7852466390624999 0.9729208796875 0.9172996375 0.9574215718750001 0.92079886875 0.8506674296875
1557 1 0.6770321078125 0.9368987343749999 0.6553185 0.9905041125 0.839527903125 1 0.7502668781249999 1 0.6770321078125
1557 0.9109565937499999 0.73231569375 0.8583570890625 0.71928644375 0.907021384375 0.8328350609375 0.9109565937499999 0.73231569375
1694 0.2321639953125 0.09686795312499999 0.20367152812499997 0.092595078125 0.1797098171875 0.0859169609375 0.16212820625 0.080881125 0.14654126875 0.0819710703125 0.1313903078125 0.08929579062500001 0.11341261250000001 0.1009950171875 0.0915908984375 0.1025209390625 0.1065195828125 0.293611721875 0.2455339859375 0.28806772812500003 0.2528914765625 0.28128798125 0.23669475 0.094462709375 0.2321639953125 0.09686795312499999
1215 0.113096309375 0.163669753125 0.20676326562499997 0.1592083421875 0.20414739843750002 0.121799690625 0.10765370625 0.1306356078125 0.113096309375 0.163669753125
1215 0.0998345875 0.1980118328125 0.10509197343750001 0.20599788437500002 0.23275954062499998 0.1949820765625 0.2305796515625 0.16380820000000001 0.1013533890625 0.1749330015625 0.0998345875 0.1980118328125
1694 0.3919571796875 0.14208148125 0.3187384609375 0.17017405937500002 0.32884573906250003 0.3595135671875 0.3865174109375 0.35548077031249997 0.3943365296875 0.28810454375 0.3919571796875 0.14208148125
1939 0 0.5036962453125 0.0084443828125 0.615821321875 0.303288275 0.5764080421875 0.2816489453125 0.3565486265625 0.25369505625 0.0911855125 0.2757615265625 0.0144593328125 0 0.0337424578125 0 0.5036962453125
1939 0.28713144062499996 0.41255260937499993 0.40174815468749997 0.394095725 0.3880989203125 0.0421070875 0.377834909375 0.0073216656249999994 0.3076936859375 0.012226418749999999 0.27807850312500004 0.0142973140625 0.25354973125 0.0891072546875 0.28713144062499996 0.41255260937499993
316 0.10267839999999999 0.529871853125 0.07701266875 0.5212244734375 0.0365265203125 0.5470281671875 0.0376235875 0.6075156515625 0.1074741578125 0.5984543812500001 0.10267839999999999 0.529871853125
1509 0.9210582015625001 0.4287883296875 0.95266805625 0.432843215625 0.951622290625 0.238693225 0.9266831890624999 0.2404371359375 0.9210582015625001 0.4287883296875