351 0.0337424578125 0 0.0246374484375 0.13020768124999998 0.168285996875 0.14787805 0.17862663750000002 0 0.0337424578125 0
351 0.18587855312499998 0 0.15847649218749998 0.28816049375 0.441848171875 0.32363892656250004 0.47062307968750006 0.0241353375 0.3260451984375 0 0.18587855312499998 0
351 0.47841655000000005 0.024680309375 0.4579800828125 0.316935403125 0.5977175546875 0.33453837656249996 0.6301167109375 0.039204007812500004 0.47841655000000005 0.024680309375
351 0.8987189109375 0.061902290625 0.897002065625 0.030455928124999997 0.772306559375 0.021736368750000002 0.638455153125 0.0319555109375 0.6094077578125 0.335355834375 0.7285716125 0.367183315625 0.8452011640625001 0.37925463593750003 0.8987189109375 0.061902290625
1250 0.81833184375 0.09152317812500001 0.804271190625 0.1806031 0.8585529890625001 0.1883146421875 0.8720686687500001 0.1070281890625 0.81833184375 0.09152317812500001
1606 0.9849938593750001 0.620061425 0.9799252515625 0.58054910625 0.9615315234375 0.5635997374999999 0.9453996140625 0.5703032609375 0.9240085375 0.596217971875 0.8552297453125 0.571829546875 0.6832284515625 0.5676336234375 0.9767373453125 0.6821366921875 0.9849938593750001 0.620061425
1228 0 0.8518836453124999 0.1434363421875 0.8392349859375001 0.1754810859375 0.49297058125 0.11250643281249999 0.4415775015625 0.1185011296875 0.355849340625 0.009392560937499999 0.3482197265625 0 0.48253961093750003 0 0.8518836453124999
544 0.8435395421875 0.5710120890625 0.687043259375 0.5130793390624999 0.647803428125 0.5142512109374999 0.6280472687499999 0.5167855140625 0.6054843203125 0.50346039375 0.5706861953125 0.49711128281250005 0.42342773906250003 0.475066603125 0.37802935625 0.4523130953125 0.124469121875 0.438498225 0.1832745546875 0.4935155546875 0.47634710625 0.5022618171875 0.6712657625 0.5707128984375001 0.8435395421875 0.5710120890625
1043 0.6037674749999999 0.47201403124999997 0.5974183640625 0.50681215625 0.6358407374999999 0.5173304875 0.6951092140624999 0.5097275765625 0.6574223734375 0.432692271875 0.638756159375 0.4196396359375 0.6281559 0.40323523906250003 0.6008787578125 0.4013278359375 0.5758634328125 0.4230733265625 0.5898154546875001 0.447543678125 0.6037674749999999 0.47201403124999997
2001 1 0.2110856328125 0.9665716109375 0.2115311953125 0.928749434375 0.416423209375 0.9986181703125 0.425224696875 1 0.4054636109375 1 0.2110856328125
581 1 0.0597693765625 0.988888778125 0.0603760046875 0.9641459390625 0.0782247609375 0.9215543453124999 0.071330678125 0.8955310031250001 0.1634898765625 0.9320459734375 0.20128534999999997 0.982703521875 0.2048276703125 1 0.19968581093749999 1 0.0597693765625
353 0.6710217953125001 0.9661904937499999 0.67737090625 0.9313923687500001 0.9180690640625 0.9051499484375001 0.9428386062499999 0.7189241484375 0.9714781796875 0.701347878125 0.4641119296875 0.5092378281250001 0.187443775 0.48989130625 0.14896799375 0.8161270640625 0.42446427656249996 0.7962337546875 0.6710217953125001 0.9661904937499999
544 0.9584259656249999 1 0.9653748515625 0.9006263140625 0.6732016859375001 0.9350166171875 0.67799780625 0.9784256703124999 0.738444490625 1 0.9584259656249999 1
1373 0.9238446828125 0.48656443281249995 0.9472250890625 0.48819935000000003 0.9602777250000001 0.4695331359375 0.9507674109375 0.4375418 0.9396221796875001 0.428930871875 0.90455156875 0.426478496875 0.8953956671875 0.445417196875 0.8934882640625 0.4726943390625 0.900464275 0.4849295140625 0.9238446828125 0.48656443281249995
1279 0.25897413281250004 0.3069353390625 0.1459688296875 0.2990332390625 0.1349874546875 0.4000758515625 0.2596829609375 0.40879541093749994 0.26486019843749997 0.33475745468749996 0.25897413281250004 0.3069353390625
653 0.15128322031250002 0.5030258671875 0.068906821875 0.5050971265624999 0.0582798578125 0.657069775 0.152618946875 0.6519192406250001 0.15128322031250002 0.5030258671875
968 0.1632993171875 0.1631925015625 0.0238122375 0.14200874531250002 0.0194745515625 0.204040546875 0.1558602625 0.2135775640625 0.1632993171875 0.1631925015625
1716 0 0.48861814218750005 0.190250565625 0.5057507296875 0.108882184375 0.4374082796875 0.1146043953125 0.3555768546875 0.009392560937499999 0.3482197265625 0 0.4825396140625 0 0.48861814218750005
1228 0 0.8563724625000001 0.14706059062500001 0.84340420625 0.1746636265625 0.5046607859375001 0 0.504094 0 0.8563724625000001
1250 0.7992845109375 0.195917553125 0.7951972171875 0.254368571875 0.857272484375 0.2626250859375 0.8574630437499999 0.20390158125000002 0.7992845109375 0.195917553125
351 0.5821039125 0.5018254765625 0.587363078125 0.48261428906250003 0.5858367921875 0.392444421875 0.617555640625 0.3868308421875 0.672736825 0.43767895156250003 0.6779140625 0.36364099375 0.58828916875 0.3573738109375 0.44048574062499996 0.3431226 0.3948148703125 0.32426582656249997 0.38971955937499997 0.453130553125 0.4387421921875 0.48005328281250004 0.5821039125 0.5018254765625
580 0.4011372765625 0.45784474687500004 0.3948967984375 0.37909259687499997 0.3678921421875 0.373288459375 0.3548395078125 0.3919546734375 0.3350833484375 0.39448897656250004 0.31486414375 0.45964351875 0.35800071093749997 0.45874413281250004 0.4011372765625 0.45784474687500004
1608 0.9878006484374999 0.63592085 0.986356290625 0.6005777515624999 0.9924329140625 0.5696763625 0.9779359218750001 0.552999478125 0.954828 0.5474678265625 0.9392410609375 0.54637788125 0.92537096875 0.5767343 0.912045846875 0.5992972484375 0.9387780171875001 0.608998121875 0.9878006484374999 0.63592085
819 0.6931455484375 1 0.6966640203125001 0.9914783046875 0.4506514734375 0.813728096875 0.43116780156249995 0.812365665625 0.159568253125 0.8325314625000001 0.14986738125000001 0.8592636312499999 0 0.868249840625 0 0.9545101765625 0.650534784375 1 0.6931455484375 1
666 0.9818059515625001 0.721649009375 0.9345001640625 0.72617264375 0.9297592671875 0.9059674078125 0.9706340171875001 0.881415128125 0.9818059515625001 0.721649009375