351 0.85546875 0 0.85546875 0.171875 1 0.1642680921875 1 0 0.85546875 0
351 0.5625 0.02734375 0.5703125 0.328125 0.85546875 0.3125 0.84765625 0 0.5625 0.02734375
351 0.40234375 0.03125 0.4140625 0.328125 0.5546875 0.3203125 0.5546875 0.02734375 0.40234375 0.03125
351 0.26171875 0.00390625 0.13671875 0.00390625 0.1328125 0.03515625 0.1640625 0.35546875 0.28125 0.3515625 0.40234375 0.328125 0.39453125 0.0234375 0.26171875 0.00390625
1250 0.15625 0.08203125 0.1640625 0.1640625 0.21875 0.16015625 0.2109375 0.0703125 0.15625 0.08203125
1606 0.05078125 0.5390625 0.03515625 0.53125 0.015625 0.546875 0.0078125 0.5859375 0.01171875 0.6484375 0.3125 0.5546875 0.140625 0.546875 0.0703125 0.56640625 0.05078125 0.5390625
1228 1 0.3828125 0.890625 0.3828125 0.890625 0.46875 0.82421875 0.515625 0.83203125 0.86328125 1 0.8900035515625 1 0.3828125
544 0.625 0.4609375 0.578125 0.48046875 0.4296875 0.4921875 0.39453125 0.49609375 0.37109375 0.5078125 0.3515625 0.50390625 0.3125 0.5 0.15234375 0.546875 0.32421875 0.55859375 0.5234375 0.50390625 0.81640625 0.515625 0.87890625 0.46484375 0.625 0.4609375
1043 0.3671875 0.41015625 0.34765625 0.421875 0.3046875 0.49609375 0.36328125 0.5078125 0.40234375 0.5 0.3984375 0.46484375 0.4140625 0.44140625 0.4296875 0.41796875 0.40625 0.39453125 0.37890625 0.39453125 0.3671875 0.41015625
2001 0.0078125 0.17578125 0.0078125 0.390625 0.078125 0.38671875 0.0546875 0.1796875 0.0078125 0.17578125
581 0.0078125 0.16015625 0.0390625 0.171875 0.08984375 0.171875 0.12890625 0.13671875 0.109375 0.04296875 0.06640625 0.046875 0.04296875 0.02734375 0.01171875 0.0234375 0.0078125 0.16015625
353 0.015625 0.66796875 0.04296875 0.6875 0.0546875 0.875 0.29296875 0.91796875 0.296875 0.953125 0.5546875 0.80078125 0.828125 0.83984375 0.8125 0.51171875 0.53515625 0.51171875 0.015625 0.66796875
544 0.0078125 0.98828125 0.19140625 0.9921875 0.2890625 0.96484375 0.296875 0.921875 0.0078125 0.8671875 0.0078125 0.98828125
1373 0.06640625 0.3984375 0.0546875 0.40625 0.04296875 0.4375 0.0546875 0.45703125 0.078125 0.45703125 0.1015625 0.45703125 0.109375 0.4453125 0.109375 0.41796875 0.1015625 0.3984375 0.06640625 0.3984375
1279 0.75390625 0.32421875 0.74609375 0.3515625 0.74609375 0.42578125 0.87109375 0.42578125 0.8671875 0.32421875 0.75390625 0.32421875
653 0.8359375 0.67578125 0.9296875 0.6875 0.9296875 0.53515625 0.84765625 0.52734375 0.8359375 0.67578125
968 1 0.1760979734375 0.859375 0.1875 0.86328125 0.23828125 1 0.23828125 1 0.1760979734375
1716 1 0.3828125 0.89453125 0.3828125 0.89453125 0.46484375 0.80859375 0.52734375 1 0.523515625 1 0.3828125
1228 1 0.5390625 0.82421875 0.52734375 0.828125 0.8671875 1 0.89453125 1 0.5390625
1250 0.1640625 0.1796875 0.16015625 0.23828125 0.22265625 0.234375 0.22265625 0.17578125 0.1640625 0.1796875
351 0.421875 0.3515625 0.33203125 0.3515625 0.33203125 0.42578125 0.390625 0.37890625 0.421875 0.38671875 0.4140625 0.4765625 0.41796875 0.49609375 0.5625 0.484375 0.61328125 0.4609375 0.6171875 0.33203125 0.5703125 0.34765625 0.421875 0.3515625
580 0.640625 0.3828125 0.61328125 0.38671875 0.6015625 0.46484375 0.64453125 0.46875 0.6875 0.47265625 0.671875 0.40625 0.65234375 0.40234375 0.640625 0.3828125
1608 0.04296875 0.515625 0.01953125 0.51953125 0.00390625 0.53515625 0.0078125 0.56640625 0.00390625 0.6015625 0.0546875 0.578125 0.08203125 0.5703125 0.0703125 0.546875 0.05859375 0.515625 0.04296875 0.515625
819 1 0.9057404890624999 0.82421875 0.8828125 0.81640625 0.85546875 0.546875 0.81640625 0.52734375 0.81640625 0.26953125 0.9765625 0.2734375 0.98828125 1 0.98828125 1 0.9057404890624999
666 0.00390625 0.84765625 0.04296875 0.875 0.05078125 0.6953125 0.00390625 0.6875 0.00390625 0.84765625