544 0.2595920578125 0.5343400828125 0.18917148125 0.5345611078125 0.1150544453125 0.5306767984375 0.0612596421875 0.5122110890625 0.006442653125 0.5132498625 0.0031716546875 0.575664209375 0.1485270171875 0.56372390625 0.9819976125000001 0.8565989734375 0.9899539421875 0.70478315 0.338018865625 0.5306270359374999 0.2595920578125 0.5343400828125
1606 0.9504928093749999 0.7113666421875 0.9192856359375 0.70973114375 0.8757624609375 0.7191850234375 0.7887161125000001 0.73809278125 0.799396615625 0.7582105765625 0.984236471875 0.81387900625 0.986537434375 0.7699740171875 0.9849875671874999 0.7249092687500001 0.9504928093749999 0.7113666421875
351 0.9744822828125 1 0.9815287203124999 0.865545984375 0.7166600375 0.7695209796875 0.6855558046875 1 0.9744822828125 1
666 0.6779291421875 1 0.690630146875 0.9676489578125 0.712759140625 0.7693165421875 0.45117804218749996 0.6851986640625001 0.41182654999999996 0.9882419765625 0.6361829921875 1 0.6779291421875 1
353 0 0.923688471875 0.1547596609375 0.8926258468749999 0.2830969625 0.9814955453125 0.4040247578125 0.9878331015624999 0.4171585078125 0.9611401374999999 0.4437851234375 0.676987996875 0.1559199359375 0.571934575 0.00276278125 0.5834660015625001 0 0.6361830046875 0 0.923688471875
353 0.47524128125000004 0 0.27775380625 0.0385173375 0.137117090625 0.035058489062499996 0.03179288125 0.029538681249999997 0.0109236859375 0.35310866406249997 0.1086505390625 0.3543187 0.25318815156249996 0.357981984375 0.35399815156250003 0.37500004531250003 0.591135096875 0.403074309375 0.7007690765625 0.4009967609375 0.727992415625 0.03082045625 0.735516096875 0.011656703124999999 0.5130929625 0 0.47524128125000004 0
1950 0.6876685 0.576332671875 0.7418721781250001 0.5869965875 0.741037840625 0.5282787015625 0.69463595625 0.5180236593750001 0.6876685 0.576332671875
2001 1 0.0255177171875 0.7914289484375 0.0145869703125 0.7537793046875 0.583709003125 0.993794959375 0.6314921874999999 1 0.513092959375 1 0.0255177171875
1950 0.6133304390625 0.5020277859375 0.6102638796875001 0.5605412359375 0.63736571875 0.56587319375 0.640432278125 0.50735974375 0.6133304390625 0.5020277859375
351 0.1240496890625 0.359037346875 0.0690282609375 0.3639770171875 0.062077392187500004 0.4966075015625 0.08425614687500001 0.5212395062499999 0.1774687921875 0.5339477953125 0.243579596875 0.5413241265625001 0.330012634375 0.5341190578125 0.34006323906249997 0.49161806874999997 0.3572857359375 0.3869071734375 0.280085553125 0.36721483906249996 0.1240496890625 0.359037346875
1950 0.012387921875000001 0.474445334375 0.039898635937499996 0.47197549843750003 0.04584390625 0.4331709703125 0.0146367328125 0.4315354703125 0.012387921875000001 0.474445334375
407 0.0317220953125 0 0.0272786734375 0.041036934375 0.1209001921875 0.045943429687499995 0.26215021875 0.0376995875 0.45978802500000004 0 0.0317220953125 0
819 0 0.9700912374999999 0.2676978125 0.9767768984374999 0.1389516375 0.8957089937499999 0 0.9387877843749999 0 0.9700912374999999