544 0 0.6974066718749999 0.81748421875 0.6637002296875 0.9529972359375 0.7176165921875 0.968117353125 0.656973109375 0.9159993140625 0.6399527890625001 0.8591562359375 0.64188355625 0.7871421 0.6239284140625 0.7198631890625 0.6031280640625 0.6459488515625 0.5766474796875001 0 0.5536003734375 0 0.6974066718749999
1606 0 0.6588159359375 0.1381921265625 0.659392903125 0.1542878171875 0.6432768375 0.076573071875 0.5997453687500001 0.037715700000000005 0.577979634375 0.0073939578125 0.5704195750000001 0 0.5709930453125 0 0.6588159359375
351 0 0.8841258906249999 0.1753123046875 0.9303272453125 0.21400666875000002 0.6943989296875 0 0.7053430703125 0 0.8841258906249999
666 0.44157254999999995 0.9926875468749999 0.492541821875 0.6913805234375 0.2177968859375 0.6953439375 0.1809721609375 0.8914800609375 0.183837746875 0.9284270421875 0.44157254999999995 0.9926875468749999
353 0.88259114375 1 0.9511072203125 0.725197028125 0.8080137671875001 0.6693906515625 0.502012271875 0.6856901015625 0.44439738437500004 0.965211015625 0.4491529859375 0.9945775609374999 0.47090120156250004 1 0.6414466265625001 1 0.715362290625 0.9764084703125 0.7590862859375 1 0.88259114375 1
353 0.4156617765625 0 0.3369493234375 0.34662353437500004 0.441185403125 0.38066417812500003 0.6761687109375 0.4231487578125 0.77754939375 0.43634829843749995 0.9168424406250001 0.47510378906249995 1 0.49940596875 1 0.16571886875 0.9829623937499999 0.1614709171875 0.8474595656250001 0.12366043281250001 0.6626533421875 0.02524721875 0.5613922796875 0 0.4156617765625 0
1950 0.3085991015625 0.460330065625 0.2612264734375 0.4565704109375 0.24326114531249998 0.51247866875 0.29821420781249997 0.5181283375 0.3085991015625 0.460330065625
2001 0.10935718593749999 0 0 0.43860772187499997 0 0.48244686875 0.23283550000000003 0.5058534296875 0.3516237109375 0 0.10935718593749999 0
1950 0.3635521640625 0.46597973281250005 0.349377053125 0.5228329984375 0.37685358281250003 0.5256578328125 0.3910286953125 0.46880456718749997 0.3635521640625 0.46597973281250005
351 0.7331340453124999 0.614488528125 0.798512753125 0.6267634375 0.8913679921875 0.6418631796875001 0.9197793437499999 0.6247919171875 0.9519095953125 0.49592451718749997 0.9007365625 0.475113978125 0.7491278546875 0.43731368125000003 0.669543471875 0.43357440468749997 0.655398925 0.538745303125 0.652584278125 0.5823277124999999 0.7331340453124999 0.614488528125
1950 0.9841722921875 0.57643353125 0.95385055 0.568873471875 0.94819069375 0.6077206562499999 0.9737772093749999 0.618125925 0.9841722921875 0.57643353125
407 1 0.10935718593749999 0.674294725 0.028149740625000003 0.8626204359375 0.12744046250000002 0.9952882437499999 0.1766216 1 0.17779637343750002 1 0.10935718593749999