544 1 0.6329318953125 0.3438577140625 0.5528723921875 0.2667109078125 0.56746420625 0.19700642031249999 0.5774837296875 0.12307009531249999 0.5839523203125 0.06722888906249999 0.5731531078125001 0.01308994375 0.581810821875 0.0185371765625 0.644072990625 0.16081618125 0.612019334375 1 0.7806352984375 1 0.6329318953125
1606 1 0.65245965625 0.9755251953125 0.64661315625 0.9443941109375 0.6493367734375 0.9026102265624999 0.664755903125 0.8190424578125001 0.6955941625000001 0.8324188749999999 0.7140297343750001 1 0.7398552281249999 1 0.65245965625
351 1 0.789117946875 0.7520615875 0.7367447703125001 0.7533722390625 0.9758215484375 1 0.9509270046875 1 0.789117946875
666 0.4806347984375 0.9957618125 0.745249015625 0.9726110671875 0.753859103125 0.9365672421875001 0.7481702015625 0.7370852218749999 0.47742784687500006 0.6901910265625 0.4806347984375 0.9957618125
353 0.43219208125 1 0.472852028125 0.996442715625 0.48214301875 0.9681816609375 0.4689641703125 0.6830891609374999 0.16927985625 0.6191212015625001 0.019218081249999998 0.6518557625 0.0491778671875 0.9942976890624999 0.2127624734375 0.9368530078124999 0.33830848750000003 1 0.43219208125 1
353 0.478169534375 0 0.41361688750000003 0.005647625 0.2156907171875 0.073939146875 0.075941290625 0.0900868078125 0 0.0967308109375 0 0.4219954921875 0.0921842078125 0.4102017796875 0.2358250203125 0.393713665625 0.3380224 0.3965360671875 0.5767587265625 0.3913340296875 0.6850366171875 0.3740185984375 0.6604764375000001 0.00365606875 0.66134979375 0 0.478169534375 0
1950 0.696465578125 0.5494714 0.7516258796875 0.5524878421875 0.7426277125 0.4944575109375 0.69525018125 0.49076016562499997 0.696465578125 0.5494714
2001 0.722602365625 0 0.762959584375 0.5475751 1 0.5610744015625 1 0.478169528125 0.9581655874999999 0 0.722602365625 0
1950 0.612509728125 0.48623550312499997 0.6176165109375 0.5446062859375 0.6451966609374999 0.54611450625 0.6400898796875001 0.4877437234375 0.612509728125 0.48623550312499997
351 0.1080902015625 0.41273135625 0.0542917078125 0.42528045625 0.0658670796875 0.557587565625 0.09125810625 0.578893165625 0.1853322640625 0.5785050859374999 0.2518262703125 0.5766087859375 0.33641539531250003 0.5574446828124999 0.3404531921875 0.5139585375 0.3429351421875 0.4078697703125 0.2637456234375 0.399113271875 0.1080902015625 0.41273135625
1950 0.0135768078125 0.5425565156250001 0.0404760546875 0.5362819640625001 0.04096291875 0.49702765781249997 0.009831834375 0.49975127343750003 0.0135768078125 0.5425565156250001
407 0 0.108494325 0.0613971046875 0.10312277343750001 0.20012517500000002 0.0753009546875 0.401664775 0.0066932984375 0 0.041834414062500005 0 0.108494325
819 0.32637204531249997 1 0.1975373828125 0.9421062015624999 0.07464522968750001 1 0.32637204531249997 1