1483 1 0.675958803125 0.9139261890625001 0.17282045 0.65701595 0.2227587421875 0.6278307953125 0.23639048593749998 0.6812803390625 0.5523086375 0.7087593125 0.5708434390625 0.72099925 0.7157006328125 0.766052190625 0.7427574875 1 0.685423328125 1 0.675958803125
351 0.3225629953125 0.3036872578125 0.606314603125 0.2485315328125 0.5794820875 0.1104902109375 0.29573048125 0.16564593593750002 0.3225629953125 0.3036872578125
367 0.350455234375 0.5290685578125001 0.37346212031250003 0.524596471875 0.3599381203125 0.4754935640625 0.3369312328125 0.47996565 0.350455234375 0.5290685578125001
1042 0.2962426359375 0.49583343593749996 0.2795217578125 0.47122811093749994 0.2877205828125 0.5134074046875 0.3060398984375 0.5257639390625 0.329046784375 0.5212918531249999 0.31552278437500003 0.4721889453125 0.30700073125 0.4897629125 0.2962426359375 0.49583343593749996
1043 0.3047646890625 0.47825946874999997 0.30327399375 0.47059050625000004 0.31328674218749997 0.46068550156250004 0.3126491375 0.43693326718750003 0.305725521875 0.44225844218750004 0.30114569375 0.439169309375 0.29731121250000003 0.43991465625000004 0.294222078125 0.4444944859375 0.2912406875 0.4291565609375 0.27973724375 0.4313926046875 0.281120196875 0.4589793203125 0.288681415625 0.477406378125 0.3047646890625 0.47825946874999997
1280 0.183767471875 0.4699440484375 0.17151868125 0.46834561093750005 0.1970759859375 0.5588824640625 0.2124139109375 0.5559010734375 0.183767471875 0.4699440484375
1142 0.10098961718749999 0.7606104171875 0.119416675 0.7530491984375 0.13092011875 0.7508131546875 0.171824203125 0.6951098625000001 0.1305068546875 0.5439666578125 0.0921620421875 0.551420134375 0.06521293125 0.5765553203125 0.013020889062499999 0.59465915 0.021484643749999997 0.6586734375 0.033829464062499995 0.72218203125 0.0920454453125 0.71459664375 0.10098961718749999 0.7606104171875
1606 0.1781102125 0.66603245 0.30539344062499996 0.645270459375 0.3318126890625 0.576465284375 0.16309551718749998 0.60926058125 0.1781102125 0.66603245
351 0 0.5301166625 0.0432746203125 0.5251086265625 0.12241577343750001 0.48186961093749997 0.0441542703125 0.07924908593749999 0 0.08783180625 0 0.5301166625
2010 0.060875148437500005 0.1038544109375 0.062365843750000004 0.1115233734375 0.070780153125 0.113867159375 0.0731239390625 0.10545285 0.082283596875 0.1116311171875 0.0799398109375 0.12004542656249999 0.08909946875 0.12622369375 0.09676843125 0.1247329984375 0.0982591265625 0.1324019609375 0.10432965000000001 0.14316005781250002 0.11274396093750001 0.14550384375 0.119667575 0.1401786671875 0.12190361718750001 0.15168210937499998 0.1318086234375 0.16169485781249998 0.137986890625 0.1525352 0.1350055 0.1371972765625 0.132024109375 0.12185935156250001 0.0705163296875 0.074124821875 0.051823232812499995 0.07775839062499999 0.0548046234375 0.09309631562500001 0.060875148437500005 0.1038544109375
351 0.1984677921875 0.4432104234375 0.23766569375 0.419673675 0.191561884375 0.1620180875 0.1419291140625 0.1318721 0.1984677921875 0.4432104234375
994 0.08512183125 0.7199218203125 0.035273575 0.7296113390625 0.067944646875 0.8976894312500001 0.131019009375 0.8741541578125 0.08512183125 0.7199218203125
351 0.19997619375 0.1643618734375 0.24533465625 0.4181829796875 0.3411966859375 0.3995492875 0.2920037421875 0.1464735296875 0.19997619375 0.1643618734375
353 0.664900396875 0.1814325390625 0.6893979796874999 0.184629415625 0.705481253125 0.18548250625 0.707079690625 0.173233715625 0.7293412296875 0.1649271484375 0.7523481171874999 0.1604550625 0.7753550046875 0.1559829765625 0.7770611859375001 0.12381643125 0.7931444578125 0.124669521875 0.830743921875 0.11338156562499999 0.8309594078125 0.0735460578125 0.8423551093749999 0.09122776875000001 0.8622728625 0.0913355109375 0.8786705109374999 0.17569409687499998 0.9193591078125 0.1598263109375 0.8878390218750001 0.0386136078125 0.5834243125 0.089827109375 0.6026956078125 0.20944137343749997 0.6494547296875 0.2043316828125 0.6464733390624999 0.18899375937500001 0.664900396875 0.1814325390625
968 0.3514249203125 0.3498087765625 0.6090805078125 0.303704965625 0.6068444656249999 0.292201521875 0.6153665171875 0.2746275546875 0.613983565625 0.2470408375 0.32863352031250004 0.3144453546875 0.3277804296875 0.3305286265625 0.3438637015625 0.3313817171875 0.34993422500000004 0.3421398140625 0.3514249203125 0.3498087765625
544 0.264911475 0.7645614953125001 0.32935230781249997 0.7480561046875 0.3194473015625 0.7380433562500001 0.37026524375 0.5490940546874999 0.682456659375 0.47647210468749995 0.649652509375 0.45101368906249995 0.6413459421875001 0.4287521484375 0.3836903546875 0.47485595937499997 0.3896531359375 0.5055318093750001 0.378895040625 0.5116023328125 0.38113108281249997 0.5231057765625 0.338951790625 0.5313046015625 0.3415110625 0.483054784375 0.32691848437500004 0.4898706546875 0.3267029984375 0.5297061625 0.29986163125 0.5349235953125 0.2731280046875 0.5202232765625 0.28165005781249997 0.5026493078125001 0.23105645468749997 0.508504346875 0.231694059375 0.53225658125 0.2125216546875 0.5359833187499999 0.2200828734375 0.5544103781249999 0.1855725421875 0.5611185062499999 0.180355109375 0.5342771374999999 0.1665078796875 0.544927490625 0.1686361796875 0.5763486875 0.18237566562500002 0.5856160890625 0.1685284375 0.5962664421875 0.1707644796875 0.6077698859375 0.3203092453125 0.5787013265625001 0.329468903125 0.58487959375 0.31157170624999997 0.6361108015625 0.293889996875 0.647506503125 0.18577917500000002 0.6645417546875 0.1719319453125 0.6751921078125 0.13709838593749998 0.7416534984375 0.1316654671875 0.7546476359375001 0.110149275 0.766788684375 0.109296184375 0.7828719578125 0.1146213609375 0.7897955718749999 0.198979946875 0.7733979234375 0.264911475 0.7645614953125001
1506 0.5013765109375 1 0.6736925593749999 0.9636578484375 0.6282175 0.8730132515625 0.43649344062499995 0.9102806328125 0.4333688109375 1 0.5013765109375 1
353 0.42528285625000006 1 0.4253043734375 0.9960221718750001 0.418712840625 0.79833533125 0.712477196875 0.7332746015625 0.6716985625 0.48254262812500004 0.6609404671875 0.48861315312500003 0.373354378125 0.544514225 0.3640869765625 0.5582537125 0.330843003125 0.7557250671875 0.311670596875 0.7594518046875 0.1851327171875 0.7840482765625 0.2336422640625 1 0.42528285625000006 1
351 0.24609885468749998 1 0.18278893125 0.7924625875 0.1825734453125 0.8322980937500001 0.14379766249999998 0.9194225843750001 0.07701304375 0.9443422859374999 0.0878318078125 1 0.24609885468749998 1
544 0.07573783437500001 0.8968378156249999 0.083299053125 0.9152648750000001 0.130911265625 0.8940719109374999 0.1788467078125 0.8131256875 0.1690494453125 0.7831951859374999 0.1230356703125 0.7921393578125 0.11834809843750001 0.808967978125 0.1234577890625 0.8557271 0.07573783437500001 0.8968378156249999
1330 1 0.8700984437500001 0.98524636875 0.8672836625 0.953825171875 0.8694119625000001 0.9292198468749999 0.886132840625 0.9421062421874999 0.9114835125 1 0.9002301062500001 1 0.8700984437500001
296 0.7904774437500001 0.19283709375 0.8479946609375 0.181656878125 0.842777228125 0.15481551093749998 0.82829239375 0.141713628125 0.8253110031249999 0.126375703125 0.8053932484375 0.12626796093749998 0.7754627468749999 0.1360652234375 0.7752472609375001 0.17590072968749998 0.7904774437500001 0.19283709375
819 1 0.72569845 0.9983571046874999 0.7095400734374999 0.7475173890625 0.7702364609375 0.72696203125 0.7463764828125 0.6862734328125 0.7622442687500001 0.43543371718749996 0.8229406562499999 0.428402359375 0.8481835875 0.4359635796875 0.8666106453125 0.42850124999999994 0.9715245890625 0.44018563437499997 1 0.4907061234375 1 0.9282590125000001 0.922133865625 0.913136575 0.8852797499999999 0.9331620703124999 0.8654697390624999 0.9486077390625001 0.8425705953125 0.9884432453124999 0.8427860812500001 1 0.8405396749999999 1 0.72569845