1608 0.13414864375 0.563250971875 0.1237566703125 0.5173758015625001 0.076313284375 0.4885417828125 0.05207930625 0.45644589687500003 0.0370245734375 0.5177312859375001 0.052497510937500005 0.51555670625 0.0569721109375 0.4912600078125 0.104415496875 0.520094025 0.110395590625 0.56264460625 0.0915980625 0.569231065625 0.11474474999999999 0.5935904843750001 0.1379541578125 0.5903286140625 0.15070887187499998 0.5688128609375 0.13414864375 0.563250971875
503 1 0.465036590625 0.9816982390625 0.33481279375 0.95942079375 0.34470592187500004 0.9466660796875 0.36622167499999997 0.951558884375 0.4010357875 0.9310049796875 0.4512601171875 0.918250265625 0.47277587031249996 0.9447215437500001 0.4927234078125 0.9916840046875001 0.4900679046875 1 0.486701903125 1 0.465036590625
351 0.9141176265625001 0 0.8336717015625 0.0113059375 0.56778808125 0.08417519375 0.49211704375 0.079031509375 0.328501178125 0.12174941406249999 0.35986525937499997 0.1765110640625 0.3691072234375 0.242271053125 0.384141121875 0.4334454859375 0.393383084375 0.499205475 0.526533996875 0.4923262515625 0.52705680625 0.7486543078125 0.8921136375 0.79202025 0.8814916187499999 0.6041704078125 0.8654750359375001 0.602476753125 0.8627568109375 0.5831355796875 0.931904109375 0.5418604484375 0.9220557812499999 0.4998535125 0.9750191718749999 0.2872887671875 0.930729859375 0 0.9141176265625001 0
353 0.5650071359375 0.0924553078125 0.5931512328124999 0.348846084375 0.9307749359375 0.3092854453125 0.9761064625 0.2950252375 0.9353330921874999 0.0049076390625 0.841951815625 0.014086882812500002 0.5650071359375 0.0924553078125
353 0.336237646875 0.120662125 0.35001693125 0.134504128125 0.3972513203125 0.4986618296875 0.5154729390624999 0.4978254203125 0.5458751703125 0.48960802656249997 0.656423040625 0.46223761874999997 0.6401136921874999 0.3461905796875 0.583783828125 0.3383286703125 0.5556397328125 0.08193789375 0.48438057343749996 0.0801187984375 0.336237646875 0.120662125
1142 0.38481020625 0.38207114531249997 0.49753265625000004 0.3701736765625 0.4922843671875 0.24862746875 0.376237328125 0.264936815625 0.38481020625 0.38207114531249997
548 0.919943921875 0.4567592859375 0.676851503125 0.46725586406249997 0.5447251609375 0.50949284375 0.9253803703125 0.49544163281250003 0.919943921875 0.4567592859375
353 0.5336641015625 0.5149920140625001 0.5580026828125 0.744305146875 0.883833521875 0.7892393046875 0.8814916187499999 0.6041704078125 0.8566512765625 0.5958275734375 0.869405990625 0.5743118203125 0.9224739859375 0.558964321875 0.915950246875 0.5125455062500001 0.549137040625 0.5128174343749999 0.5336641015625 0.5149920140625001
544 0.357230803125 0.606846959375 0.0170143140625 0.57182385 0.0147770140625 0.5839721984375 0.0306054375 0.6685297171875 0.09134718124999999 0.679716215625 0.357230803125 0.606846959375
544 0.4718350671875 0.4960690453125 0.3701736765625 0.50246734375 0.1447914984375 0.4986409921875 0.0094032859375 0.517668565625 0.012121509375 0.5370097390625 0.3402523703125 0.5421742593750001 0.504955525 0.507192825 0.4718350671875 0.4960690453125
353 0 0.4241949328125 0.231774475 0.387800359375 0.2233270375 0.21542345468750002 0.22502069218749998 0.199406871875 0.2125795796875 0.0828161875 0 0.0748196296875 0 0.4241949328125
351 0.290240184375 1 0.5310923640625 0.917706621875 0.4949817546875 0.5204284625 0.44910658437500006 0.5308204375 0.35016341875 0.556559909375 0.3516689125 0.6234071875 0.0791988328125 0.677478915625 0.032236371874999996 0.6801344203124999 0.07719054843749999 1 0.290240184375 1
1506 0.761074584375 0.8419937 0.7798093921875 0.863028528125 0.8265836921874999 0.9432368859375 0.901711084375 0.9445123359375 0.8931382062500001 0.82737800625 0.8384392765625 0.8311208015625 0.761074584375 0.8419937
301 0.8210634750000001 0.454877471875 0.8320618140624999 0.4769995890625 0.85913945625 0.473194075 0.8718941703124999 0.45167832187499996 0.8210634750000001 0.454877471875
994 0.76703363125 0.40724592499999995 0.7443678671875 0.4143760296875 0.7530661859375 0.47626778437499995 0.7956167671875 0.4702876890625 0.7918739734375 0.415588759375 0.76703363125 0.40724592499999995
994 0.7050164359375 0.47118681875 0.7365059578125 0.47070589375000005 0.7514352515625 0.4646630796875 0.7454551578124999 0.4221124984375 0.723395759375 0.40548955 0.7012736421875 0.4164878890625 0.7050164359375 0.47118681875
1416 0.6239089484375 0.42736078749999995 0.6326072671875 0.4892525421875 0.6712896140625 0.4838160921875 0.6625912953124999 0.42192433749999997 0.6239089484375 0.42736078749999995
681 0.29891451875 0.5006482484375 0.35361344843750003 0.4969054546875 0.3796038015625 0.48536347031249993 0.35043513593750003 0.1936149375 0.2736140875 0.20835607031249997 0.29891451875 0.5006482484375
544 1 0.5432782546875 0.9600690421875001 0.545791403125 0.8992645781249999 0.5622261921875 0.8622131656249999 0.5792673453125 0.8654750359375001 0.602476753125 0.916849375 0.6031458375 1 0.60422876875 1 0.5432782546875
351 1 0.6126136015625 0.8908590234375 0.614687821875 0.906185684375 0.9202156390624999 0.9166403781250001 0.938469521875 1 0.926754090625 1 0.6126136015625
1606 0.01743251875 0.630934659375 0.1069455609375 0.6222990609375 0.10035910156250001 0.6035015328125 0.02190711875 0.6066379625 0.01743251875 0.630934659375
1786 0.1510224734375 0.430706425 0.13385587968749998 0.44889758750000003 0.1525906875 0.46993241562500004 0.1586335015625 0.48486170937499995 0.18516749999999998 0.47718796093750004 0.19514126874999999 0.463952321875 0.22276255625000002 0.4640150421875 0.2045713921875 0.4468484484375 0.1791874046875 0.43463737968749994 0.1653454015625 0.4484166625 0.1510224734375 0.430706425
819 0.467611265625 1 0.90008015 0.9329076328125 0.8898763375 0.8041685984375 0.520951271875 0.7613463015625 0.5355669640625 0.8934099234374999 0.5471089484375 0.9194002765624999 0.5023210671875 0.93752871875 0.5044956468749999 0.9530016578125 0.3976897234375 1 0.467611265625 1
1250 0.240723675 0.3392069640625 0.2633894375 0.332076859375 0.266233103125 0.2961754578125 0.23637451562499998 0.3082610859375 0.240723675 0.3392069640625
1950 0.2559457328125 0.4475175328125 0.2835670203125 0.44758025312500005 0.2869543296875 0.4155470859375 0.25214021875000003 0.420439890625 0.2559457328125 0.4475175328125
407 0 0.0708042515625 0.23524534218749998 0.0756860828125 0.4188087453125 0.0064969 0 0.06535663124999999 0 0.0708042515625
896 0.9551970734375 0.2585174703125 0.939180490625 0.256823815625 0.9121028484375 0.2606293296875 0.9026727234375 0.277733203125 0.90817189375 0.2887942625 0.9628708234375001 0.2850514671875 0.973660059375 0.27761818125 0.972300946875 0.26794759375 0.9673454234375001 0.2607547703125 0.9551970734375 0.2585174703125
896 0.9011672296875 0.210885925 0.9287885171875001 0.21094864375000003 0.955866159375 0.2071431296875 0.9536915796875001 0.1916701921875 0.9559915999999999 0.1519005546875 0.9388877265625 0.14247043125 0.9344131265625 0.166767128125 0.92939488125 0.18719559218749998 0.9145283078125 0.16561711875000001 0.9012926703125 0.15564335 0.9067291187500001 0.1943256953125 0.9011672296875 0.210885925
570 0.1906039484375 0.51587030625 0.22650535 0.518713971875 0.232129959375 0.47453245624999996 0.2011840828125 0.47888161562500003 0.1906039484375 0.51587030625
1820 0.0232452890625 0.50388928125 0.062471281249999996 0.5023210671875 0.068095890625 0.4581395515625 0.0139406046875 0.4657505796875 0.0232452890625 0.50388928125