232 0.08384075625000001 0.822778178125 0.1017810390625 0.9504299203125001 0.40235333124999995 0.927910434375 0.481788 0.735293228125 0.47417697187499996 0.68113794375 0.07411786875000001 0.725528665625 0.08384075625000001 0.822778178125
232 0.64105470625 0.6616294453125 0.6475784453125 0.7080482609375001 0.7863958515625 0.8818260562500001 0.9947368765625001 0.8486009953125 0.955531721875 0.5977093890625 0.64105470625 0.6616294453125
108 0.6113842796875 0.5908512125 0.46493500781249997 0.6153779546875 0.4775015609375 0.6767260640625 0.6366428265625 0.65830485625 0.628488153125 0.6002813359375 0.6113842796875 0.5908512125
109 0.5043699953125 0.27848605625 0.4778359984375 0.2861598046875 0.4629067046875 0.29220261875000003 0.4468274015625 0.3181302515625 0.4708104984375 0.46071128906250003 0.5713845984375 0.44657652031249995 0.547945146875 0.30786371875 0.524798459375 0.28350430000000004 0.5043699953125 0.27848605625
562 0.6960672359375 0.5197802140625 0.6805942984375 0.52195479375 0.6795070078125 0.5142183250000001 0.6717705390625001 0.5153056140625 0.672857828125 0.523042084375 0.65351665625 0.5257603078125 0.6546039453125 0.533496778125 0.670076884375 0.5313221984375 0.681556146875 0.5849338375 0.6892926171875 0.5838465484375 0.6816815875 0.5296912640625 0.6971545265625 0.527516684375 0.6960672359375 0.5197802140625
1702 0.4736333265625 0.6772697078125 0.481788 0.735293228125 0.5127338781249999 0.7309440687500001 0.6437102109375 0.70859190625 0.63609918125 0.654436621875 0.4736333265625 0.6772697078125
1758 0.2902010515625 1 0.288961796875 0.99118224375 0.30443473593750003 0.9890076640625001 0.2482303109375 0.925903178125 0.1028683296875 0.958166390625 0.108747659375 1 0.2902010515625 1
1939 0.1100274515625 1 0.0796170375 0.736589725 0.323859465625 0.7062083296874999 0.3205975953125 0.682998921875 0.23693899687500003 0.0596695 0.24667230468749998 0.030689100000000004 0 0.06535663124999999 0 0.533226296875 0.004050498437499999 0.5637841984375 0.06535663124999999 1 0.1100274515625 1
1939 0.6824463671875 0 0.7908912875 0.6050695375 0.7941531562499999 0.6282789453125 0.96761735 0.6275679765625 1 0.881905746875 1 0.50487599375 0.9270241796875001 0 0.6824463671875 0
1939 0.465036596875 0 0.250057009375 0.0302134109375 0.23693899687500003 0.0596695 0.3233158203125 0.7023400953125 0.7897412765625 0.6249543546874999 0.678757184375 0 0.465036596875 0
1373 0.3659918421875 0.6411174265625 0.3471943140625 0.6477038859375 0.3377641890625 0.664807759375 0.34767523749999996 0.6791934078125 0.3526307625 0.68638623125 0.3758401703125 0.6831243625 0.3918567546875 0.6848180171875 0.40732969218750004 0.6826434375 0.418934396875 0.6810125031250001 0.41784710625 0.6732760328125 0.42008440625 0.661127684375 0.4096297125 0.6428738015625 0.39693771875 0.6367682671875 0.38146477968750003 0.638942846875 0.3659918421875 0.6411174265625
1373 0.3150984265625 0.6719378625 0.31340477187500004 0.687954446875 0.3294213546875 0.6896481015625 0.34435064843749996 0.6836052875 0.341088778125 0.6603958796875 0.33558960937500004 0.6493348203125 0.3538434921875 0.6388801265625 0.360492671875 0.6300563671875 0.3655109171875 0.6096279046874999 0.34840704375 0.6001977796875 0.34677610937500003 0.5885930765625 0.33795235 0.581943896875 0.339102359375 0.562059078125 0.3324531796875 0.5708828375 0.316436596875 0.5691891828125 0.31256836250000003 0.569732828125 0.325804 0.579706596875 0.3202421109375 0.5962668250000001 0.3086374078125 0.597897759375 0.3190921015625 0.6161516437500001 0.29975092812500004 0.6188698671874999 0.28923351406250003 0.628237271875 0.2919517390625 0.6475784453125 0.3013191421875 0.658095859375 0.3112301921875 0.6724815078125 0.3150984265625 0.6719378625