232 0.9270403437500001 1 0.9586056781250001 0.8007043203125 0.8416627374999999 0.73999633125 0.5870243375 0.6996655703125 0.572969678125 0.78840319375 0.6817598171875 1 0.9270403437500001 1
232 0 0.92219236875 0.21852255937499998 0.9537410328125 0.3747897734375 0.7411948140625 0.38498627343749997 0.6518461171875 0.161213134375 0.6164039328124999 0.08607492343749999 0.6163680359375 0 0.5993206859375 0 0.92219236875
2001 0.40082601562500003 0.22722116093750003 0.392917975 0.2022389984375 0.382565646875 0.1926894671875 0.3703801015625 0.1947144078125 0.3569724125 0.20445566406250001 0.337262278125 0.22901847968750003 0.3348179890625 0.244451109375 0.3052948015625 0.40588265625000003 0.3554508515625 0.41382659374999997 0.3670253234375 0.41565980937499997 0.40487589843749994 0.25159224999999996 0.40082601562500003 0.22722116093750003
2001 0.5884618671874999 0.24111999218750002 0.5651211968750001 0.2136935421875 0.5567938109375 0.2163295546875 0.543386121875 0.2260708125 0.5344476625000001 0.2325649828125 0.511490440625 0.2526585671875 0.5045769234375 0.2713382828125 0.47322051875 0.44434430156250004 0.569674459375 0.45962110625 0.6055000921875 0.2833680015625 0.601450209375 0.2589969109375 0.5884618671874999 0.24111999218750002
2001 0.7582208015624999 0.268007165625 0.744010315625 0.25784656250000004 0.7318247703125 0.25987150312499996 0.716583865625 0.2811872328125 0.7058121890625 0.2992558765625 0.7039789734374999 0.3108303484375 0.6791167406249999 0.49277482812500006 0.7408472609375 0.50255198125 0.7669316390625001 0.3128911875 0.7705980703125 0.2897422421875 0.7582208015624999 0.268007165625
108 0.4081711171875 0.5803743390625 0.40897391406250005 0.6002761999999999 0.4160791578125 0.6053565015625 0.40507985937499996 0.6748033375 0.551078775 0.7018822359375 0.5626891453125 0.6285772421875 0.57426361875 0.6304104578125 0.573460821875 0.6105085984375 0.4081711171875 0.5803743390625
1442 0.946324134375 0.5786006828125 0.8955570140625 0.5745149015625 0.8222520203125001 0.56290453125 0.8120914171875 0.5771150171875 0.801894915625 0.6664637140624999 0.8701196078125 0.685179328125 0.9241338140625001 0.6937343375 0.946324134375 0.5786006828125
1939 0.32276643437499997 0 0.3117767375 0.0153700453125 0.2650236015625 0.110793565625 0.2495550734375 0.1834874875 0.16446022031250002 0.6208731625 0.787037459375 0.735299478125 0.848336396875 0.3732437375 0.860174390625 0.2485605515625 0.8480247421874999 0.17544728125 0.8346529515625001 0.110050328125 0.803404240625 0.057641715625 0.781156321875 0.0382982234375 0.5393508546875 0 0.32276643437499997 0
1939 0.08439983437500001 0 0 0.5142686125 0 0.61672764375 0.1638491484375 0.6247313203125 0.26380145625 0.11850988124999999 0.2668568171875 0.0992190921875 0.2934804703125 0.05597656250000001 0.3174681109375 0.0044066453125000005 0.32086296718749996 0 0.08439983437500001 0
1939 1 0.0729596578125 0.7884868203125001 0.039459260937500004 0.8040153140624999 0.05378355781250001 0.829380925 0.093395553125 0.838511109375 0.1106614 0.8492468875 0.1677309671875 0.8553217109375 0.2042876015625 0.8620076062500001 0.236986078125 0.8640325484375 0.24917162343750002 0.7908956171875 0.73591055 0.9567414640624999 0.8124744953124999 1 0.5393508515625001 1 0.0729596578125
2001 0.2225181046875 0 0.2094038015625 0.0624348359375 0.234158340625 0.10590498906250001 0.2548313015625 0 0.2225181046875 0
2001 0.9757991875 0.09285627656249999 0.962810846875 0.07497935781250001 0.9508170265624999 0.10076431718750001 0.939817728125 0.170211153125 0.9282073578125001 0.243516146875 0.9735107265625 0.20718713437499997 0.9794297234375 0.1448455421875 0.9759909125 0.11661629375 0.9757991875 0.09285627656249999
819 0.9270403421875001 1 0.9367089265624999 0.938954965625 0.952099540625 0.8168119296875 0.7908956171875 0.73591055 0.1650712921875 0.61701500625 0 0.6129653078125 0 0.919130459375 0.43843754218750003 0.9885721437500001 0.5145247765625001 1 0.9270403421875001 1
1702 0.3851779984375 0.675606134375 0.3741787 0.7450529703125001 0.5484068640624999 0.768693059375 0.5715558093750001 0.7723594921875 0.5819440359375 0.7067708125000001 0.3851779984375 0.675606134375