232 0.328518121875 1 0.432074765625 0.7896327656250001 0.4164735609375 0.70115394375 0.1625778125 0.745922615625 0.046712184375 0.80866229375 0.080450184375 1 0.328518121875 1
232 1 0.590937740625 0.9158929359375 0.6091263234375 0.8407667953125 0.6104735578125 0.6176462890625001 0.6498157234375 0.6294005874999999 0.7389728578125 0.7893534421874999 0.9487594671874999 1 0.9145849109374999 1 0.590937740625
2001 0.63784784375 0.2020045015625 0.6242721875 0.192498725 0.612053159375 0.190686759375 0.60186906875 0.2004155109375 0.5943982328125 0.22553188125 0.5907743015625 0.2499699390625 0.631482484375 0.41335192656249997 0.6430232 0.41131698749999995 0.69303296875 0.402498915625 0.660696909375 0.2416072078125 0.65798365625 0.22621958593749997 0.63784784375 0.2020045015625
2001 0.46089019999999997 0.233206909375 0.4518397625 0.22686972500000002 0.4382641078125 0.2173639484375 0.42989198437500004 0.2148736703125 0.4070335265625 0.24270329375 0.39435915781249997 0.2608041671875 0.39073522656250004 0.285242225 0.42963144375000006 0.46084324218750006 0.5258040765625001 0.44388541249999997 0.4914330765625 0.2714529875 0.48419460625 0.252896775 0.46089019999999997 0.233206909375
2001 0.27963031250000003 0.28500046874999996 0.2640197171875 0.26395397656249997 0.2518006890625 0.2621420109375 0.23776969375 0.2725490734375 0.22577363906249998 0.29449685312499996 0.2298435171875 0.317578284375 0.259233959375 0.5067549578125 0.32078444375 0.495901946875 0.29275062812499997 0.314419084375 0.2907156890625 0.30287836874999996 0.27963031250000003 0.28500046874999996
108 0.5927622828125 0.5986723031250001 0.5932176218749999 0.5787594625 0.4284790078125 0.6117738359375 0.42802366875000003 0.631686675 0.439564384375 0.6296517359375 0.4524523359375 0.7027429359374999 0.5979564234375 0.6731201296875 0.5857467859375001 0.6038758343749999 0.5927622828125 0.5986723031250001
1442 0.0551156140625 0.586378140625 0.0793119140625 0.7011069859375 0.1331685890625 0.6916106015625 0.2010562578125 0.6717071531250001 0.189301959375 0.58255001875 0.1788948953125 0.5685190234374999 0.1058036953125 0.5814069749999999 0.0551156140625 0.586378140625
1939 0.456255665625 0 0.21082869375 0.043275396875 0.1889217515625 0.06300422343749999 0.1585924578125 0.11595021875 0.1463640375 0.1815705828125 0.1354922421875 0.25488475625 0.1495044546875 0.37934235156249996 0.2171128 0.7402731359375 0.837598203125 0.6149987765625 0.744882878125 0.1791648265625 0.7281480218749999 0.106751940625 0.6797366375 0.0121589078125 0.6707181375 0 0.456255665625 0
1939 0.6728194171874999 0 0.6738547921875 0.0012965062499999999 0.6987387984375 0.0524399265625 0.7261130828125 0.0952112234375 0.7295046484375 0.11444574999999998 0.8382765171875001 0.6188456828125 1 0.6081137953125 1 0.5045908906250001 0.9081175578125 0 0.6728194171874999 0
1939 0 0.54374433125 0.048781531249999996 0.8203981421875 0.2132658953125 0.7409514484375 0.13164533750000001 0.2555630703125 0.13345730312499998 0.24334404062499998 0.13957151406249999 0.210533859375 0.1450074109375 0.173876771875 0.1547455515625 0.11662853124999999 0.16357301562499998 0.0992059703125 0.18824343906250002 0.0591573171875 0.2035195734375 0.044564192187500004 0 0.080450184375 0 0.54374433125
2001 0.7373019328125 0 0.7589232640625 0.101325434375 0.782915375 0.0574298765625 0.76980183125 0 0.7373019328125 0
2001 0.029842009375 0.083121253125 0.017167640625 0.101222128125 0.0173906140625 0.12498187187500001 0.014444996875 0.15326683593749998 0.021451101562499998 0.2154956328125 0.0673816 0.25102845937499996 0.054493650000000005 0.177937259375 0.0422840125 0.1086929640625 0.029842009375 0.083121253125
819 1 0.604301515625 0.836919890625 0.611151871875 0.2132658953125 0.7409514484375 0.05349844687500001 0.824653903125 0.07101840781249999 0.9465097328125 0.080450184375 1 0.49525866875 1 0.570079840625 0.98742331875 1 0.9116167953125001 1 0.604301515625
1702 0.4332084171875 0.7735668312499999 0.45628985 0.7694969515625 0.6300789 0.7428197640625 0.6178692625 0.67357546875 0.42167709374999995 0.7081694421875 0.4332084171875 0.7735668312499999