232 0.2641758375 1 0.4021719984375 0.78094600625 0.395904815625 0.6913211109375 0.138720334375 0.709305203125 0.016931346875 0.7595899312500001 0.033742456250000004 1 0.2641758375 1
232 1 0.64137305 0.9022078234375 0.6520011671875 0.8273524078125 0.6454882015625001 0.601341803125 0.661292403125 0.6037122515625 0.751189784375 0.740860196875 0.9765467859375001 1 0.9619897703125 1 0.64137305
2001 0.6682417093749999 0.21804597499999998 0.6557340468749999 0.20717323125 0.6437713578125 0.20409395468749997 0.6326261265625 0.2127048828125 0.622570840625 0.2369027484375 0.6164122875 0.260828128125 0.6398194 0.42757025625 0.651509603125 0.42675279843749997 0.702167153125 0.42321047656250005 0.686825996875 0.2598201109375 0.6857360515625001 0.2442331734375 0.6682417093749999 0.21804597499999998
2001 0.48899192031250005 0.23058034218749998 0.480653478125 0.2233318453125 0.46814581562499996 0.2124591 0.46007986093750003 0.20910733750000002 0.43443763593750007 0.23439515000000002 0.41994064218749994 0.2510720328125 0.413782090625 0.2749974125 0.4341099265625 0.45370222968749996 0.5315282906250001 0.44689007500000005 0.515369675 0.2718095046875 0.510110509375 0.25259831875 0.48899192031250005 0.23058034218749998
2001 0.303311090625 0.263143353125 0.2899859703125 0.24058040468750003 0.2780232796875 0.23750112968749998 0.2629813140625 0.24638454375 0.24875680781249998 0.2669581609375 0.250391725 0.29033856875 0.259846815625 0.4815510484375 0.32219456874999997 0.47719126875000006 0.31328445 0.2937722578125 0.31246699218749996 0.2820820546875 0.303311090625 0.263143353125
108 0.5819400578125 0.6078280640625 0.5844743609374999 0.5880719046875 0.41718726093749997 0.603685546875 0.41465295781249994 0.6234417062500001 0.4263431609375 0.6226242484375 0.43152039843749995 0.6966622046875 0.5793238265625 0.68241099375 0.574419075 0.612269771875 0.5819400578125 0.6078280640625
1442 0.0485237625 0.539401871875 0.0605950828125 0.6560314218750001 0.11514936718749999 0.652216615625 0.1847456171875 0.63951839375 0.18237516874999998 0.5496210125000001 0.1734917546875 0.534579046875 0.09945379843749999 0.539756284375 0.0485237625 0.539401871875
1939 0.482539609375 0 0.260153525 0.015550749999999999 0.23630436875 0.0328816 0.20060685781249998 0.082367278125 0.1815862296875 0.1463499484375 0.1631105734375 0.2181260875 0.1640366640625 0.3433665671875 0.1935471046875 0.7093871296875001 0.823728159375 0.6496574234375 0.7770777921875001 0.2065196265625 0.76800381875 0.13275415625 0.7297453 0.033618946875 0.7098907796875 0 0.482539609375 0
1939 0.7108271171875 0 0.7250311078125 0.022201229687499997 0.744432853125 0.07566556875 0.767186359375 0.121063953125 0.7685487906249999 0.140547625 0.8240006453125 0.6535541578124999 1 0.660325978125 1 0.5994405953124999 0.954716509375 0 0.7108271171875 0
1939 0 0.5174603828125 0.017762628125 0.77147779375 0.18965036875000002 0.709659615625 0.1592138390625 0.21839857343750002 0.16229311562499998 0.206435884375 0.1718034296875 0.17444454843749999 0.1810412578125 0.1385564796875 0.1967101234375 0.0826397640625 0.20731038124999998 0.0662353671875 0.2360318828125 0.028984865625 0.2527497296875 0.0160684734375 0 0.0337424578125 0 0.5174603828125
2001 0.786131265625 0 0.7876513468749999 0.021738184375 0.7991776953125 0.1305742671875 0.827626709375 0.08942703125 0.8182802499999999 0.011764825 0.8125925546874999 0 0.786131265625 0
2001 0.075993278125 0.0362600671875 0.061496284375 0.05293695 0.059234467187499994 0.07658984375 0.0533484015625 0.10441195781249998 0.053811446875 0.16703219687499998 0.0957761421875 0.20717141562500002 0.09059890312499999 0.1331334578125 0.0856941515625 0.0629922359375 0.075993278125 0.0362600671875
819 1 0.6568513453125 0.8234556734374999 0.6457606890625 0.18965036875000002 0.709659615625 0.022008854687500003 0.77620329375 0.026695437500000002 0.8992229187499999 0.033742456250000004 1 0.3907576640625 1 0.5187463265625001 0.9920785015625 1 0.9584259656249999 1 0.6568513453125
1702 0.40497878906249996 0.7650865828125 0.4283591953125 0.763451665625 0.6039847375 0.75508651875 0.5990799859375 0.6849452968749999 0.40034652187499997 0.6988420953125 0.40497878906249996 0.7650865828125