423 0.7367099390625 1 0.7380334640624999 0.9912137218750001 0.7185812203124999 0.94181915 0.7089673328125 0.9025028203125001 0.7187440265625 0.875295121875 0.5830870484374999 0.8371421328125 0.583056215625 0.8184991625 0.574459215625 0.8166718124999999 0.572966878125 0.7391465937499999 0.566346309375 0.6951418234375 0.5323104296875 0.6532967859375 0.511995459375 0.6596280859375 0.5012481281250001 0.6773112593749999 0.49775962187499995 0.7125114156250001 0.4970553796875 0.781582703125 0.488724775 0.8583511640625 0.48321358906249995 0.9077642875 0.4741676484375 0.9644131093749999 0.47286030625000003 0.9987457140625 0.47600232187499997 1 0.7367099390625 1
1175 0.8151795484375001 0.787968140625 0.7976025953125 0.8002061156250001 0.8093668125000001 0.820011921875 0.8230414749999999 0.84022380625 0.8418597859375 0.836236725 0.8509365578124999 0.7982308734375 0.8151795484375001 0.787968140625
1142 0.39680516250000003 0.4594288421875 0.40977990468750003 0.4688425734375 0.491515234375 0.4835536078125 0.50519421875 0.4238960515625 0.41253765937500003 0.4042012921875 0.39680516250000003 0.4594288421875
1035 0.450396878125 0.6957882921875 0.4710133984375 0.70682633125 0.47685696718750004 0.693425521875 0.48859035312500004 0.6945883562499999 0.509435665625 0.5965188718750001 0.504358003125 0.5781343359375 0.48660715000000004 0.5677054125 0.450396878125 0.6957882921875
325 0.6722261421875 0.5445948328125 0.65613043125 0.5451671015625 0.6516712859375 0.570842734375 0.732466809375 0.594672215625 0.7637184265625 0.6026461249999999 0.7697050625 0.5932692421875 0.748659340625 0.57015941875 0.6722261421875 0.5445948328125
594 0.7601682546874999 0.6005603390625 0.6419759968750001 0.56478841875 0.6308148796874999 0.57972129375 0.7612819609375 0.6141087921875 0.7601682546874999 0.6005603390625
1373 0.32891162343749997 0.318536225 0.3160756265625 0.3930158625 0.309149184375 0.4115111921875 0.3282536296875 0.41557196718749995 0.338030321875 0.38836426875 0.354018121875 0.3225416015625 0.3580480640625 0.2847941875 0.3412678484375 0.28388978593749997 0.32891162343749997 0.318536225
1373 0.28495598437499997 0.29987495468750003 0.268569815625 0.372268809375 0.265479678125 0.40089777968750007 0.2832305328125 0.41132670156250006 0.29313487656250004 0.378821446875 0.31479234375 0.276931071875 0.291867009375 0.2720581421875 0.28495598437499997 0.29987495468750003
1373 0.2501079484375 0.26185080625 0.23608116406250002 0.276174565625 0.2310805828125 0.3043974578125 0.2188982578125 0.36171079375000004 0.214725246875 0.39543428125 0.23123474375000003 0.3976123125 0.24429088906250002 0.373764028125 0.25376603124999997 0.32918698750000003 0.25535950937499996 0.30290224062500004 0.26376719375 0.2727412046875 0.2501079484375 0.26185080625
2001 0.3873670484375 0.11398016562499999 0.3571828890625 0.09159025312499999 0.3227948875 0.0842808578125 0.2843615265625 0.10539739374999998 0.2597304796875 0.1414282546875 0.2445240046875 0.18478706250000002 0.238185246875 0.22869958750000002 0.2311157375 0.2431709890625 0.196989809375 0.39432684375 0.354999853125 0.4212570515625 0.40648258750000005 0.20723186718750003 0.403269121875 0.161288953125 0.3873670484375 0.11398016562499999
831 1 0.49310520156250004 0.9918667093750001 0.47808809375 0.96981519375 0.5066802171875 0.9336246609375 0.564215140625 0.9155216859375 0.5883218609374999 0.9485715125 0.611320890625 0.956418021875 0.6542550687500001 0.9763500374999999 0.663816440625 1 0.5525521171875 1 0.49310520156250004
907 0.8824126453125001 0.776966696875 0.8723652328125 0.8054480249999999 0.916162390625 0.8107638796875 0.9350929359375 0.79215775625 0.9290446359375 0.764248696875 0.9068038062499999 0.7608524359375 0.8824126453125001 0.776966696875
1292 0.9260667343750001 0.7782586234375 0.92870793125 0.8081058249999999 0.9306337921875001 0.8178333890625 0.9404567328125 0.8185901453125 0.9500903578125 0.7873585203125 0.931511934375 0.771429 0.9260667343750001 0.7782586234375
304 0.8559482328125 0.85919890625 0.8618534656250001 0.8830840390624999 0.9067643296875 0.9019483453125 0.9231307578125 0.900102446875 0.929771065625 0.8735592625 0.8924711500000001 0.8376762953125001 0.8559482328125 0.85919890625
1029 0.725062140625 1 0.7260139437500001 0.98200303125 0.60183505 0.9556079921875 0.48358112656249996 0.8825501296875 0.41224532968750005 0.8048221234374999 0.367671171875 0.7421006875 0.10066897187499999 0.7159645875 0.0623392015625 0.8822009609375 0 0.8822011906249999 0 0.9000100921874999 0.45977827343750005 1 0.725062140625 1
1506 0.095780625 0.7295684375 0.0781839328125 0.8123543671875 0.4153003125 0.8374196234375001 0.33890226874999996 0.7506285671875 0.095780625 0.7295684375
1716 0.45984551093750003 0.552698840625 0.4231708828125 0.7299364078125 0.4271502546875 0.744093975 0.41509557968750005 0.7961097546875 0.42071467812499996 0.8119470281250001 0.493276415625 0.8886044453125 0.5514346125 0.58680960625 0.560113015625 0.5553749406249999 0.6944978046875 0.5666340640625 0.612445509375 0.5252322031250001 0.47764693437499994 0.51122278125 0.45984551093750003 0.552698840625
1392 0.0406965734375 0.41568376875 0.0204278515625 0.4499795265625 0.0316506328125 0.4723325921875 0.0888209015625 0.4804909890625 0.1110309 0.46524428125000006 0.10469646562499998 0.42928736562500003 0.0406965734375 0.41568376875
1373 0.1028409140625 0.2971068640625 0.06638398437500001 0.276045978125 0.033809607812499996 0.29308318906249997 0.0110846828125 0.40938956718749997 0.0141242484375 0.4326655828125 0.0002559484375 0.46033475625 0.053477678125000004 0.47297855625 0.0588303796875 0.41022002031250004 0.12694161718750002 0.35281418750000004 0.1028409140625 0.2971068640625
744 0.7783680484375 0.5525130921875 0.8003381609375 0.5571829828125 0.8084597109375 0.5189740921875 0.7884000437500001 0.514710278125 0.7783680484375 0.5525130921875
1767 0.9018968781250001 1 0.9198821390624999 0.915386003125 0.8427336046875 0.8697017765625 0.7815377156250001 0.8194213546875 0.765488253125 0.8479580796875 0.7248275046875 1 0.9018968781250001 1
1606 0.268407009375 0.43879283593749996 0.202369021875 0.43008071875000004 0.2463246625 0.44874198906249996 0.3669533875 0.4730512421875 0.35192513281250004 0.4592075078125 0.268407009375 0.43879283593749996
653 0.20606226093750002 0.43619043281250003 0.19697007187499999 0.4648747984375 0.2264543109375 0.4764665578125 0.23503589531250002 0.4689724203125 0.24140548437499998 0.44370286718749996 0.20606226093750002 0.43619043281250003
783 0.29864173906249997 0.409277765625 0.308178546875 0.4019866671875 0.299979915625 0.39358813125 0.2900293234375 0.39812893125 0.2808908859375 0.39884884062500003 0.271145025 0.444699509375 0.2797420265625 0.44652685937500003 0.29864173906249997 0.409277765625
1144 0.7947585390625 0.4002497984375 0.8089129734375 0.38062848125 0.8049181859375001 0.357149428125 0.7869120296875 0.35731561875 0.7802717218749999 0.383858803125 0.772834675 0.42354436250000005 0.7919391203124999 0.42760513749999995 0.7947585390625 0.4002497984375
1175 0.7715470703125 0.3873290125 0.7654019515625 0.3833604828125 0.74562841875 0.3871445234375 0.7486834 0.41974202343749994 0.76450839375 0.42044338437500006 0.7715470703125 0.3873290125
1416 0.6627244906249999 0.4906594609375 0.66256600625 0.4773140484375 0.64264940625 0.4770741625 0.6201532734375 0.484273015625 0.6106473 0.5102070828125 0.61954585 0.5294037734375 0.6542045703125 0.5354395390625 0.6637413765625 0.528148440625 0.668885025 0.5039494765625 0.6627244906249999 0.4906594609375
617 0.6961770078125 0.42721786249999993 0.6881522765625 0.44148622499999995 0.6807460625 0.4998147546875 0.6980831296875001 0.5074933796875001 0.7067923656249999 0.4947016859375 0.719516128125 0.434841090625 0.6961770078125 0.42721786249999993
617 0.6531920062500001 0.41808111718749996 0.64610708125 0.423231034375 0.6363612203125 0.46908170312499997 0.6582036812500001 0.4790491515625 0.6641903171875 0.46967227031250003 0.6707997921875 0.4244861140625 0.6531920062500001 0.41808111718749996
1224 0.9014640703125 0.58400265 0.9008918015624999 0.5679069390625 0.8674436062499999 0.5514790953125 0.8453150109375 0.5334637921875001 0.8142218765625 0.538835296875 0.8024070890624999 0.5709344749999999 0.7966757546875 0.5697162421875 0.7889371578125 0.5920324609375001 0.8446415999999999 0.6211780484375 0.8970357578125 0.628321253125 0.9014640703125 0.58400265
320 0.8528161703125001 0.7799939796875 0.84191035625 0.784331740625 0.8468911984374999 0.8266568031249999 0.8797825421875001 0.8363104203124999 0.901180384375 0.8248846000000001 0.90089425 0.81683674375 0.8528161703125001 0.7799939796875
1081 0.4544286046875 0 0.46848818281250004 0.0047615953125 0.46648091875000003 0.0282960453125 0.45938057812500005 0.024124475 0.45258178750000005 0.037322246875 0.465873496875 0.073426803125 0.47948649374999996 0.056352745312499994 0.47565018906249995 0.04621910625 0.47221225312500004 0.029514278124999998 0.47765745156249995 0.0226846546875 0.48173364375 0.012901693750000002 0.5057572671874999 0.022001590625 0.5105179625 0.013695299999999999 0.4716529359375 0 0.4544286046875 0
2018 0.8039827015625001 0.2863984328125 0.7758674703125 0.27776001250000004 0.7644818843750001 0.3219309734375 0.7943644921875 0.3269515453125 0.8039827015625001 0.2863984328125
1675 0.4774773578125 0.4086864421875 0.4138912515625 0.39783314375 0.423872675 0.4119353140625 0.4783203453125 0.4235085234375 0.477620425 0.4127103703125 0.4774773578125 0.4086864421875
196 0.15074941718749998 0.23141328906249997 0.1488543875 0.24032869843750002 0.18190421406249999 0.263327728125 0.18664949375 0.24569994999999997 0.15074941718749998 0.23141328906249997
296 0.4069493921875 0.4070069875 0.3931316640625 0.382771175 0.37443668125 0.4613301390625 0.39968624531249997 0.46935944531249996 0.4069493921875 0.4070069875
194 0.1286781625 0.33055336562500004 0.1221963390625 0.370441965625 0.1567274078125 0.3817752890625 0.1786358546875 0.3491592375 0.1286781625 0.33055336562500004
192 0.16867416875000002 0.2645091125 0.1403036359375 0.26646580468750003 0.14173430781250002 0.306705084375 0.1744825828125 0.3123347703125 0.18862160156250002 0.28339196875 0.16867416875000002 0.2645091125
320 0.825354034375 0.176460203125 0.820353453125 0.2046830953125 0.8480549 0.21057121875 0.8553642953124999 0.17618321718750002 0.825354034375 0.176460203125
320 0.8329144109375 0.2113465265625 0.8266878875 0.24064001093749998 0.8406024359375 0.24093529375 0.8439787078125001 0.2203541796875 0.8329144109375 0.2113465265625
1815 0.8286951515625001 0.21710555937499998 0.8113580828125 0.209426934375 0.8144636359374999 0.19011945 0.801075109375 0.1779554203125 0.7932088609375 0.20556919843750002 0.7843719734375 0.2236584484375 0.8214979906250001 0.23687451718750002 0.8286951515625001 0.21710555937499998
605 0.7136374046875 0.5094683703125 0.6974140421875 0.5153381968749999 0.690104646875 0.5497261984375 0.7134437671875 0.5573494265625001 0.713014565625 0.54527764375 0.72387413125 0.5129754265625001 0.7136374046875 0.5094683703125
555 0.951622171875 0.7237878296875 0.93877508125 0.70907654375 0.9078250140625 0.718471975 0.9096232234375 0.7334970968750001 0.9286000187499999 0.742855428125 0.951796071875 0.7464547296874999 0.951622171875 0.7237878296875
570 0.420833109375 0.3886593 0.42820416874999995 0.39155724062499997 0.426309140625 0.40047264687500006 0.4469102453125 0.40218920156250004 0.45014344843750004 0.3775841609375 0.420531559375 0.371289959375 0.420833109375 0.3886593
570 0.44364620937500004 0.4081512734375 0.46015570468749994 0.410329303125 0.46421648125 0.3912248578125 0.44729319843750004 0.3862965296875 0.44364620937500004 0.4081512734375
1231 0.6026817828125 0.31283158125 0.5726869390625 0.3224300515625 0.5716194828125001 0.3368460546875 0.6477665453125 0.3543627875 0.6776491546875001 0.35938335781249997 0.6886055390625 0.30314061406250004 0.604689046875 0.28929713125 0.6026817828125 0.31283158125
994 0.5788234140624999 0.4861374625 0.5712938703125 0.4698941109375 0.5605311234375 0.4782557984375 0.549814625 0.51458194375 0.5743796859375 0.5211345796875 0.5788234140624999 0.4861374625
994 0.5612002125 0.47041098124999997 0.556408684375 0.46007430312500003 0.5427802703125 0.467826875 0.531522334375 0.5067002796875 0.5465351734375 0.511222528125 0.5612002125 0.47041098124999997
994 0.5393885828125 0.4790865046875 0.5471271796875 0.4567702859375 0.5364612515625 0.4411914453125 0.5198395203125 0.45363245937499996 0.510364378125 0.4982094984375 0.5267462234375 0.5056850859375001 0.5393885828125 0.4790865046875
1631 0.4827905828125 0.4870238171875 0.4811662734375 0.4946655953125 0.4892218375 0.499040203125 0.490575428125 0.49267205468749997 0.4827905828125 0.4870238171875
1105 0 0.6306662968750001 0.0256245203125 0.622805384375 0.0410357265625 0.620756446875 0.0538365703125 0.607503278125 0.053008999999999994 0.60200268125 0.0272334140625 0.6058421218750001 0.0055186046874999995 0.5905771140625 0 0.5908597078125 0 0.6306662968750001
1844 0 0.666964340625 0.000324384375 0.6666810625 0.006612571875000001 0.6746735203124999 0.014238932812499999 0.6669763468750001 0.0222636640625 0.652707984375 0.026339856249999998 0.6429250234375 0.0372456703125 0.6385872625 0.0436615078125 0.6412821640625 0.0463841078125 0.637867353125 0.033537017187500004 0.623156065625 0 0.63305385625 0 0.666964340625
1707 0 0.7799670875 0.014076128125 0.7335003718750001 0.0275152265625 0.6937594171875 0.0336295125 0.6790849765625 0.05232017343749999 0.6803954531249999 0.0641349609375 0.6482962750000001 0.05918495 0.624614184375 0.06256122187499999 0.60403306875 0.05491944375 0.602408759375 0.0513846890625 0.609644459375 0.038313128125 0.624171259375 0.0473393296875 0.638070390625 0.046527175 0.6418912796875 0.036974951562500004 0.6398608921875 0.027979582812499997 0.6446047296875 0.013156059375000001 0.6720708640625 0.006071134375 0.67722078125 0 0.671001615625 0 0.7799670875
351 0 0.89515425625 0.0567817671875 0.903649628125 0.1446684109375 0.51366050625 0.1550327890625 0.5118700046875 0.1546035875 0.499798221875 0.121124559375 0.4647274078125 0.0010526875 0.44719237968750003 0 0.452144884375 0 0.89515425625
351 0.0968131015625 0 0.051677018750000005 0.20902362968750002 0.20328664062500001 0.242580421875 0.26069832656249997 0 0.0968131015625 0
1418 0.1204838546875 0.24228539062499999 0.12346175625 0.2282754640625 0.12167896250000002 0.22257182968749997 0.11147306875 0.23770774375 0.0915675625 0.3266587828125 0.0899895 0.36226501718750004 0.1235080046875 0.2562399203125 0.1204838546875 0.24228539062499999
1214 0.16022700781250002 0.43576605625 0.16718428125 0.43591369843749994 0.1742692078125 0.43076378281250005 0.176705671875 0.419301115625 0.177374759375 0.4114562984375 0.1777731296875 0.40488511093749996 0.18157860312500002 0.39637578125 0.1781560828125 0.38899243906250003 0.1766440078125 0.382015175 0.17282311875 0.3812030203125 0.1675055703125 0.38273508437500003 0.16519675625000002 0.38890019374999996 0.165482890625 0.39694805 0.1597669734375 0.4050513015625 0.155006278125 0.4133575953125 0.15065936875 0.42441418437499995 0.15435260625 0.43052389687500003 0.16022700781250002 0.43576605625
876 0.1899511328125 0.42744121562500004 0.18571645781249999 0.42387876249999995 0.183121509375 0.421996015625 0.180940346875 0.42286356875 0.178217746875 0.42627838125000006 0.177548659375 0.434123196875 0.1808281125 0.4374826109375 0.18969583125 0.43803633125 0.1929598671875 0.43207425937500005 0.1899511328125 0.42744121562500004
1935 0.2075126703125 0.4058817546875 0.20695581875000002 0.3991075296875 0.20544374375 0.392130265625 0.20324716406249999 0.3836763328125 0.19942627500000001 0.3828641765625 0.1938380078125 0.385669871875 0.1922136984375 0.39331165 0.1915446109375 0.4011564671875 0.18896507812500002 0.40859520624999995 0.1837905984375 0.4141511984375 0.181481784375 0.420316309375 0.1941858078125 0.43100366875 0.192561496875 0.438645446875 0.1954271640625 0.43925456250000006 0.19937570468750002 0.43476916093750007 0.20291045937500002 0.4275334609375 0.2048054875 0.4186180515625 0.20329341250000002 0.4116407875 0.2075126703125 0.4058817546875
877 0.09073566875 0.4010276265625 0.087185496875 0.3989418421875 0.08159723125 0.40174753750000003 0.0773933890625 0.41682805624999997 0.08831461874999999 0.4218117796875 0.11259354531250002 0.42031656249999994 0.132239428125 0.4218300765625 0.1490196421875 0.4227344765625 0.1607067796875 0.39593285625 0.15565995 0.39619129218750004 0.1421591875 0.3986463078125 0.126891046875 0.40471917187499995 0.11339028437500001 0.4071741859375 0.09836202968749999 0.3933304515625 0.09073566875 0.4010276265625
183 0.69345628125 0.101833428125 0.73043923125 0.11102556875 0.7376209765625 0.081935125 0.7348829609374999 0.07602845 0.68807706875 0.0660795515625 0.6805783578125 0.06847916875 0.6765329984374999 0.0969051015625 0.69345628125 0.101833428125
183 0.7319667234375 0.12732431875 0.7346739062500001 0.11458802187499999 0.73043923125 0.11102556875 0.68267811875 0.10087363125 0.6739534671875 0.10434384062499999 0.6697342078124999 0.11010287187500001 0.6670424406250001 0.1321606546875 0.7319667234375 0.12732431875
407 0.28181397812500003 0 0.5665702031250001 0.0881746859375 0.7937743578124999 0.052604542187500006 0.5462894453125 0 0.28181397812500003 0
1939 0.26274300625 0 0.2027452046875 0.24512768125 0.12564291875 0.2274079125 0.12637367187499998 0.2568490359375 0.0866286453125 0.392167615625 0.0807850765625 0.4055684265625 0.07874698125 0.41045990625 0.37443668125 0.4613301390625 0.3944852546875 0.37640302812500004 0.40979964375 0.39829461718750003 0.50150098125 0.4177863390625 0.49465162031250004 0.48288909531249996 0.5792834484375 0.5168522171875 0.6132576640625 0.5214113140625 0.6690897578125 0.5452593453125 0.7556166140625 0.5703070609374999 0.7732552328125 0.5953550265625001 0.78498861875 0.5965178625 0.79408080625 0.5678334953124999 0.8057833609375 0.5503533593750001 0.8208930171875 0.5309350828125 0.850489490625 0.5279077984375 0.86564971875 0.45658453593750004 0.766306603125 0.4354685046875 0.6662789828125 0.4128758046875 0.6724746734375 0.3649393515625 0.6541823828125 0.3570576875 0.6441658046875001 0.4041819859375 0.4494281125 0.357464521875 0.4950518625 0.1475186609375 0.784473115625 0.11984848125 0.8327756656249999 0.12745315937499999 0.9756760515625 0.1738016453125 1 0.1723470953125 1 0.0951079828125 0.7959555203125 0.051736990625 0.5660287671875001 0.0907219453125 0.272755971875 0 0.26274300625 0
353 0.82268200625 0.12797003125 0.782291953125 0.12071603281250001 0.4957363671875 0.1489953296875 0.4528352171875 0.355526378125 0.5816625703125 0.38823416875 0.6427967953125 0.40122865 0.6526857234375 0.35940190781250003 0.5713487640625 0.3381196859375 0.57119028125 0.324774271875 0.5962659453125 0.31013667968749997 0.6030493203125 0.287617421875 0.6901021984375 0.3007963921875 0.672076303125 0.3715105390625 0.6675863265624999 0.3785432015625 0.6684138984375 0.384043796875 0.6704674093749999 0.388473803125 0.6677756421875001 0.410531584375 0.722907815625 0.42358146249999995 0.807922596875 0.44165191249999997 0.9187283796875001 0.4652044078125 0.950928446875 0.304320990625 0.9752776828125 0.1803728328125 0.82268200625 0.12797003125
353 1 0.1744693078125 0.9763605562500001 0.1752783140625 0.92036810625 0.466884115625 0.8670187265625 0.459537871875 0.8496773359375001 0.5317286875 0.8529567890624999 0.5350881015625 0.904983409375 0.5674454640625 0.9007135796875 0.6251094796875 0.93567385 0.6485145875 0.942774190625 0.6526861562499999 0.9304487984375 0.705975565625 0.9445064140625 0.710294775 0.967002546875 0.7030959218749999 1 0.5478551109375001 1 0.1744693078125
548 0.8262679078125 0.6465583984375 0.93678755625 0.6620630375000001 0.940863746875 0.6522800796875 0.90235330625 0.6267891875 0.8979909796875001 0.6285242921874999 0.8450553859375001 0.623928346875 0.7870421296875 0.6009478671874999 0.644427878125 0.5626472359375 0.5598422984375 0.5566485703125 0.55358494375 0.5672990828125 0.5793913609375 0.5821026140625001 0.68462429375 0.6177822921875 0.8262679078125 0.6465583984375
353 0.652701715625 0.946452446875 0.6512204734375 0.9581181515624999 0.6962589875 0.9716849015625 0.7276228390624999 0.9650397671875 0.76599885625 0.8267678515625001 0.7943385578125 0.8061681875 0.7989561859375 0.7938379671875 0.8104034375 0.786952946875 0.8360513718749999 0.788411065625 0.8395861265625 0.7811753640625 0.8732896234374999 0.7870080921875 0.8889407171875 0.7650425546874999 0.9196200640625 0.7569207515625 0.9384272812500001 0.663742746875 0.82886285625 0.6484411453125001 0.6833983531250001 0.6188528828125001 0.5781654203125 0.58317320625 0.558774840625 0.5710645750000001 0.5556538718749999 0.5810505734375 0.5506224578125 0.5906304953125 0.5454479765625 0.5961864890624999 0.5435529484375 0.6051018953125 0.5465616828125001 0.609734940625 0.5353191625 0.6579298296875 0.5670308140625 0.6966184921874999 0.5774525328125 0.811983371875 0.564585703125 0.867820040625 0.5533123515625 0.8973719593749999 0.5570210062500001 0.9128031562500001 0.652701715625 0.946452446875
353 0.10321522187500001 0.440953071875 0.0989959640625 0.44671210468749994 0.111413853125 0.44935160781250005 0.1140242171875 0.460555840625 0.1228919359375 0.4611095578125 0.15746925312499999 0.5004073375 0.1576277375 0.5137527515625 0.144811478125 0.517684434375 0.10093968906249999 0.714690959375 0.3660314453125 0.7404209796875 0.41414035781249997 0.7959067156249999 0.42428458750000003 0.743484859375 0.4204482828125 0.73335121875 0.46908076562499995 0.5280384031249999 0.4113228125 0.49446280781249996 0.29779442968750003 0.4743251234375 0.10321522187500001 0.440953071875
548 0.5361707953125 0.5130130296875001 0.4938394640625 0.486709984375 0.4127886390625 0.47347561718750003 0.36693797031250003 0.46372975624999996 0.36859311250000004 0.47473095 0.2015722828125 0.44322309375 0.1920200609375 0.44119270625 0.15613539999999998 0.43622753124999997 0.14656776093749999 0.4248756578125 0.10413961249999999 0.422513140625 0.105937821875 0.43753826093750003 0.41281947187499995 0.4921185890625 0.469892921875 0.5242175140625001 0.47968502968750004 0.5063313015625 0.5361707953125 0.5130130296875001
1539 0.81309030625 0.267035553125 0.8069606031250001 0.2723885078125 0.8079312421875 0.28191303125 0.8060362140624999 0.2908284390625 0.8005910140625 0.2976580625 0.79801148125 0.3050968015625 0.8004787796875 0.31227710468750003 0.7992682546875 0.3226691828125 0.7945075593750001 0.3309754734375 0.8155224499999999 0.3354423265625 0.814010375 0.3284650609375 0.81931250625 0.317611509375 0.825712928125 0.31098492499999997 0.823644 0.2972334359375 0.8215904875 0.2928034296875 0.8247114578125 0.28281743125 0.8251098265625 0.27624624375 0.82222874375 0.26631564218750003 0.81309030625 0.267035553125
594 0.4784590890625 0.5074018921875 0.513786896875 0.505592840625 0.49848792499999994 0.49302273437500005 0.47678853125 0.48707921406250004 0.4344880328125 0.4794191375 0.42850139687500005 0.4887960203125 0.457158065625 0.494887184375 0.4784590890625 0.5074018921875