351 0.177355453125 0.46785108906249995 0.3988239765625 0.4911482453125 0.449752440625 0.4916827375 0.45607461875000005 0.37460071875 0.46560727812499997 0.2656419234375 0.4828750796875 0.2475468046875 0.4796645984375 0.23942358125 0.423336528125 0.2109684859375 0.1857679703125 0.2372379859375 0.1953994140625 0.2616076546875 0.177355453125 0.46785108906249995
410 0.5189189062499999 0.2389367171875 0.5052020374999999 0.2612636734375 0.492166071875 0.275807859375 0.503159325 0.2846119875 0.5222758 0.2902056328125 0.5417327281250001 0.29190789375000004 0.5583196265625 0.2815955453125 0.552239115625 0.26145771406249996 0.5422672203125 0.2409794296875 0.54367665625 0.135231115625 0.5612849109375 0.1132446109375 0.52660289375 0.10628915624999999 0.5213496984375 0.12151424687500001 0.5362343375 0.1306588265625 0.527723034375 0.2279434640625 0.5189189062499999 0.2389367171875
291 0.6696174874999999 0.6677652859375 0.6737029125 0.621068659375 0.672875596875 0.5857057375 0.665092825 0.5850248328125 0.6591587265625 0.60803269375 0.6532246296875 0.6310405546875 0.6505010125 0.6621716390625 0.6696174874999999 0.6677652859375
291 0.704980409375 0.66693796875 0.7055149015625 0.6160095046875 0.7078980671874999 0.58876980625 0.6969048140625 0.579965678125 0.689949359375 0.614647696875 0.6840152609375 0.6376555578125 0.68552348125 0.665235709375 0.704980409375 0.66693796875
351 1 0.0448312640625 0.9907467562500001 0.0449460296875 0.985639975 0.1033168140625 0.8390815046875 0.1649968625 0.5976215609375 0.190925909375 0.625348125 0.23256338125 0.6021973796875 0.49717759843750003 0.593393253125 0.5081708515625001 0.8229850000000001 0.5282575265625 0.962393975 0.5482965734375 0.9544171640625001 0.5946527484375 0.981997315625 0.5931445265625 0.9899741265625 0.546788353125 1 0.4176191875 1 0.0448312640625
291 0.41516920625 0.618055746875 0.4310752015625 0.6155261703125 0.4327774625 0.5960692421875 0.4234864703125 0.5678081875000001 0.417405959375 0.5476703546875 0.4150227953125 0.5749100546875 0.3977549921875 0.5930051734374999 0.39605273125 0.6124621015625 0.41516920625 0.618055746875
1050 0.8703149031249999 0.6147429515625 0.8423942999999999 0.6201425578124999 0.8533875515625 0.6289466859374999 0.8559171296875 0.6448526796875 0.8396706828125 0.6512736421875001 0.818851946875 0.6651369234375 0.8097073671875 0.6800215625 0.824251553125 0.6930575265625001 0.8511507999999999 0.699332078125 0.8738182078125 0.7091575609375 0.88938375 0.7105193703125 0.9113702546875 0.7281276250000001 0.93048673125 0.7337212703125 0.9528136875 0.747438140625 0.9683792296875 0.7487999484375 0.9838459875 0.6168332921874999 0.96998270625 0.59601455625 0.9459534890624999 0.6017546140625 0.9339388796874999 0.60462464375 0.919735146875 0.58769729375 0.9038291515625 0.5902268703125 0.897895053125 0.61323473125 0.8703149031249999 0.6147429515625
1606 0.580456071875 0.6560435015625 0.40315459843749996 0.6209257765625 0.31058866093750004 0.648117846875 0.5102170921875 0.6969524421875 0.580456071875 0.6560435015625
1180 0.810439428125 0.8957500265625 0.8547528890624999 0.9270751515625 0.8809712328125 0.9411324734375001 0.9361315343750001 0.9381160312500001 0.919738675 0.9013913015625 0.873576540625 0.8463774109375001 0.796429734375 0.8317855984375001 0.7734218734375 0.8258515 0.7581967828125 0.82059830625 0.717093803125 0.7973964046875001 0.6846009093750001 0.8102383296875001 0.6878113921875 0.818361553125 0.810439428125 0.8957500265625
1387 0.850228228125 0.8443346984375 0.8849102453125001 0.851290153125 0.9206136203125 0.8465714515625 0.945323740625 0.833048621875 0.9243585921875 0.8037662109375001 0.9023720875000001 0.7861579562500001 0.8485735953125 0.7736088546875 0.8096597390625 0.770204334375 0.7707458843749999 0.7667998125000001 0.7506080515625 0.7728803234375 0.7446739531250001 0.7958881843750001 0.7708922968749999 0.8099455062500001 0.82756081875 0.834509215625 0.850228228125 0.8443346984375
544 0.9499155609375001 1 0.9714432984375 0.713777478125 0.6048257421875001 0.6464120578125 0.5384781484375 0.68766145 0.7572230546875 0.7420896906250001 0.570147253125 0.9531506109375 0.5677640890625 0.9803903093749999 0.6087733765625 1 0.9499155609375001 1
183 0.17409734375000002 0.5499106375 0.1908306546875 0.5827439812499999 0.2219617390625 0.5854675984375 0.2527523703125 0.5920826015625 0.2852452640625 0.5792406765625 0.30708535625 0.5537032375 0.3094685203125 0.5264635390625 0.28748201562500003 0.5088552843749999 0.266176415625 0.4834642578125 0.23081349375000002 0.48429157500000003 0.1990015046875 0.4893507296875 0.1749722875 0.4950907875 0.15483445625 0.5011712984375001 0.1560022234375 0.532642834375 0.17409734375000002 0.5499106375
407 0.0418344125 0 0.03310893125 0.09973270937499999 0.26344926874999997 0.200901334375 0.932668796875 0.126130634375 0.9947845546874999 0.088432175 1 0.06821069375 1 0.0418344125 0.5218304703125 0 0.0418344125 0
351 0.3368105328125 0.9758691765625 0.48434273125000005 0.9926977421875 0.527488425 0.99255133125 0.5406672734375 0.7074588296875 0.512065765625 0.7206412078125 0.2816467015625 0.665191609375 0.24969183125 0.9407990796875 0.3368105328125 0.9758691765625
185 0.3877830953125 0.5725268890625 0.3598624921875 0.5779264953125 0.34108646875000004 0.5684414640625 0.32415911875000003 0.5826451968749999 0.2979407765625 0.5685878765625 0.2668096921875 0.565864259375 0.2444827359375 0.5521473890624999 0.2207939703125 0.5539960625 0.21028758125000002 0.5844462421875 0.21568718750000002 0.6123668453125 0.3794658328125 0.6227744484375 0.38539993125 0.5997665875 0.39590631875 0.5693164078125 0.3877830953125 0.5725268890625
1416 0.64714411875 0.6109027234375 0.636150865625 0.6020985953125 0.617034390625 0.59650495 0.6004474921875 0.6068172984375 0.5960216140625 0.657405309375 0.6345950171875 0.6647012171875 0.64714411875 0.6109027234375
1373 0.21792747031249998 0.8556754609375 0.2167120734375 0.9143866968750001 0.2393794828125 0.92421218125 0.254945025 0.9255739890625 0.2604398859375 0.7731290484375 0.2357297640625 0.786651878125 0.22590428125 0.8093192874999999 0.2274125015625 0.8368994375 0.21792747031249998 0.8556754609375
1373 0.47908247968750006 0.3805348171875 0.45826374375 0.3943980984375 0.4477573546875 0.424848278125 0.4450337375 0.45597936250000004 0.48394759374999996 0.45938388437500005 0.4971299703125 0.487985390625 0.5187760234375001 0.50948503125 0.5505880125 0.504425878125 0.579529971875 0.4873521140625 0.597478678125 0.461474225 0.6036068171875 0.391429284375 0.5816203125 0.37382102968750003 0.54795965 0.35519141875 0.500922571875 0.354997378125 0.47908247968750006 0.3805348171875
994 0.13041715781250002 0.6009855140625 0.159018665625 0.5878031359375 0.1510894828125 0.5439765390625 0.1164074640625 0.537021084375 0.11081381875 0.556137559375 0.10774975 0.5911600296875 0.13041715781250002 0.6009855140625
1608 0.4837059265625 0.596603734375 0.47353999062499996 0.6231625281250001 0.45729354375 0.629583490625 0.5263171265625 0.6473857859375001 0.5251493578125 0.61591425 0.510605171875 0.602878284375 0.4982501109375 0.6096397 0.4974227953125 0.574276778125 0.48745089999999996 0.55379849375 0.4725662609375 0.5446539140625 0.4602112 0.5514153281249999 0.4468347828125 0.5698508999999999 0.45782803593750004 0.5786550265625 0.4705235484375 0.5680022265625 0.4837059265625 0.596603734375
351 0.5877555078125 0.93116410625 0.7265788343749999 0.77862038125 0.732853384375 0.751721134375 0.551660525 0.7162629578125 0.5460668796875 0.7353794328125 0.54543713125 0.966673440625 0.5877555078125 0.93116410625
1567 0 0.7853508890625001 0.052487134375 0.14715399843750002 0.078899515625 0.11417424062499999 0.036094274999999995 0.11042926718749999 0 0.5017217953124999 0 0.7853508890625001
351 0.25275590000000003 0.905776609375 0.2872403484375 0.646075134375 0.0908223984375 0.6053637625 0.074627109375 0.8352959625 0.0962731625 0.856795603125 0.2234734890625 0.9267417578125 0.25275590000000003 0.905776609375