301 0.9090012109375 0.65717643125 0.9006392234374999 0.6734277359374999 0.9220978203125 0.7257335859375 0.9866016828124999 0.7369025421875001 0.9913299953125 0.662603734375 0.9564361124999999 0.6596623890625 0.9090012109375 0.65717643125
994 0.701793425 0.5506304390625 0.6934715125 0.55019430625 0.6750470015625 0.551453990625 0.6735169984375 0.5647254375 0.6688908328125 0.5733840765625 0.672023146875 0.6091525859375 0.6987695703125001 0.608329034375 0.7045006046875 0.578588215625 0.7016952 0.5684274671875 0.701793425 0.5506304390625
994 0.704653059375 0.6075247390625 0.7227286625 0.6129225843749999 0.7269736906250001 0.531922634375 0.7094395234374999 0.53211634375 0.704653059375 0.6075247390625
1075 0.7330277125 0.5756327125 0.748490440625 0.5831188968750001 0.7507764078125 0.5554228 0.7350810765625 0.5523749703124999 0.7330277125 0.5756327125
1515 0.8189940953124999 0.5912643796875 0.805679034375 0.5905665671875 0.796408628125 0.5923059984375 0.7966593093750001 0.6034454953124999 0.799522865625 0.61249665625 0.79454779375 0.627812825 0.8151781234375 0.6322319234375 0.8190703234375001 0.6057326421875 0.8193610781249999 0.6001847 0.8189940953124999 0.5912643796875
1175 0.2771857328125 0.72308898125 0.273489984375 0.713994209375 0.275735878125 0.7029855515625 0.269369103125 0.697088703125 0.2511190453125 0.6950196234375 0.22973275312500002 0.7050251734375 0.23534356406249998 0.725346671875 0.23526341562500003 0.7587215484375001 0.2600547 0.7633587140625 0.26686860625 0.7448010046875 0.27304285156249997 0.7384487656250001 0.2771857328125 0.72308898125
1176 0.260894734375 0.6677160468750001 0.24672940625 0.65139676875 0.21967415156249998 0.6421904125 0.21421579531249998 0.650805440625 0.20577758125 0.652588484375 0.2026413453125 0.664663115625 0.20836845781250002 0.6827654359374999 0.2008787359375 0.6823729171874999 0.188530246875 0.6950773906250001 0.2066239265625 0.7160530875 0.22524096718750003 0.7270424875 0.23459152187500001 0.69192818125 0.253481240625 0.6817917875 0.260894734375 0.6677160468750001
1176 0.186615184375 0.6838506671875 0.19064176093750002 0.670710059375 0.163760959375 0.6581749375 0.149032196875 0.6685293953125 0.140052546875 0.6647208828125 0.1334712421875 0.6788402390625 0.1392565078125 0.6958329703125 0.1420619125 0.70599371875 0.1834388734375 0.7126127375 0.1830137390625 0.70480200625 0.174808128125 0.7021466968750001 0.186615184375 0.6838506671875
1416 0.148901740625 0.6073275812500001 0.144530178125 0.5792825796875001 0.1328213484375 0.57978158125 0.1334610109375 0.567576109375 0.11437876250000001 0.565463415625 0.0844198765625 0.5638933359375 0.0737357671875 0.5766850375 0.07826370625 0.5858234234374999 0.0715079515625 0.6032715453125 0.088859821875 0.7020928796875 0.1164384375 0.7013129421875 0.12212939687499999 0.6882595625000001 0.1370546109375 0.64231105 0.148901740625 0.6073275812500001
1416 0.037075356250000004 0.6392966296875 0.023702143749999998 0.63970840625 0.0327760984375 0.6735630312499999 0.034185878125 0.7103538984375 0.07943304062499999 0.722738925 0.0845825640625 0.704093990625 0.094009346875 0.68344794375 0.0975927140625 0.6469187546875 0.08760641875 0.6463953953125 0.0872975875 0.6363654875 0.08503361875 0.6317962921875 0.0469854234375 0.625351728125 0.037075356250000004 0.6392966296875
1392 0.10790199687499999 0.7208930125 0.08829638749999999 0.7287666140625 0.0873659703125 0.746520028125 0.09057451250000001 0.7967567984375 0.10996559374999999 0.8088994015625 0.1728632234375 0.8188715421874999 0.23084785624999998 0.795207125 0.230252190625 0.74288201875 0.21364843906250003 0.7253223140625 0.1831481171875 0.7181606796875 0.10790199687499999 0.7208930125
847 0.1624014875 0.7159607578125 0.15015122187500002 0.71086820625 0.133914453125 0.702228821875 0.11442514687500001 0.707883246875 0.1174050078125 0.714715228125 0.132518828125 0.7288589421875 0.1603481234375 0.7392185015625 0.1907902953125 0.7474897234375 0.1930361875 0.736481065625 0.178870859375 0.720161790625 0.176065453125 0.7100010421875 0.1624014875 0.7159607578125
653 0.1381697140625 0.7324930000000001 0.11540979375 0.736863384375 0.10822890468749999 0.7465007734375 0.11548602187499998 0.7513316453125001 0.1445545640625 0.7539676984375 0.16514481875 0.7750742359375 0.2004237625 0.802513753125 0.2228787703125 0.740270321875 0.21217658749999999 0.737484171875 0.1381697140625 0.7324930000000001
666 0.30512740781250003 0.7790725046875 0.3144135015625 0.585960515625 0.18381762031249999 0.5780036375 0.17982719687499998 0.622299946875 0.24367332031250002 0.6300965234375 0.30512740781250003 0.7790725046875
1427 0.31775010937500003 0.4904486875 0.30474388124999996 0.49978078437500006 0.3020909296875 0.518556559375 0.30557215000000004 0.5476675375 0.32626063125 0.550977046875 0.33222426875 0.5167978734374999 0.3304255078125 0.503351971875 0.31775010937500003 0.4904486875
1427 0.297214084375 0.5160757031250001 0.2960149109375 0.5071117703125 0.29315135312499996 0.49806060937499996 0.2852364984375 0.4898573578125 0.2699663 0.4946202609375 0.268785203125 0.5012341765625 0.26315239375 0.5131779703125 0.26951916875 0.5190748171874999 0.2703694359375 0.5346962828125 0.2696716234375 0.5480113421875 0.2853669546875 0.5510591703125 0.288852096875 0.5323270078125 0.290091346875 0.5246035046874999 0.297214084375 0.5160757031250001
1794 0.4933102390625 0.420652253125 0.554118353125 0.422726434375 0.555034615625 0.34155203125 0.503264303125 0.3421767703125 0.4933102390625 0.420652253125
1365 0.546680471875 0.26211705625000004 0.5334817125 0.2592000671875 0.5302873265625 0.2723842875 0.5306543109375 0.2813046078125 0.52716916875 0.3000367703125 0.532779978125 0.3203582671875 0.5561976375000001 0.3193602640625 0.561369159375 0.2684500390625 0.5574989578125 0.26268402968750004 0.546680471875 0.26211705625000004
1365 0.4997469296875 0.2819100921875 0.498642059375 0.302992271875 0.4969957546875 0.31848289531249996 0.523625875 0.319878521875 0.5279251328125001 0.28561212187499996 0.509733225 0.2824334515625 0.4997469296875 0.2819100921875
1676 0.422734278125 0.350195365625 0.42648817812499995 0.3581805515625 0.44289939843750004 0.363491171875 0.45567302343750005 0.358597428125 0.4601828859375 0.3521579640625 0.46037933750000004 0.31656391093749997 0.4185371703125 0.3188215984375 0.422734278125 0.350195365625
315 0.3603238546875 0.2990812296875 0.3645649609375 0.26592441875 0.3420957953125 0.26474685937500003 0.337912840625 0.2967940828125 0.3603238546875 0.2990812296875
1785 0.43408396875 0.245089765625 0.462378471875 0.2465726171875 0.46210971562500003 0.21985526875 0.43714397656250004 0.21854687031250003 0.43408396875 0.245089765625
301 0.4285053875 0.303767109375 0.43491223906250004 0.29297651875 0.436017109375 0.2718943390625 0.4005236375 0.264471025 0.3996112984375 0.2978022890625 0.4285053875 0.303767109375
1917 0.3274432609375 0.2895695796875 0.3348968296875 0.25880639843750003 0.312427665625 0.2576288390625 0.30930950468749996 0.285281321875 0.31805655312500003 0.29352818593749996 0.3274432609375 0.2895695796875
1784 0.3348606765625 0.227650696875 0.3391560109375 0.2412274375 0.3557998375 0.242099703125 0.36166525156249996 0.22571755625 0.3526274484375 0.22301863437499997 0.33764800625 0.2222335953125 0.3348606765625 0.227650696875
477 0.4427571765625 0.44581877812500004 0.41966642656250003 0.47242454218749996 0.4116675015625 0.5454393078125 0.4249825609375 0.5461371203125001 0.4211304375 0.5559489625 0.45352774531250006 0.55875946875 0.45310261093750004 0.5509487359375 0.4666502765625 0.547208196875 0.4686494109375 0.477216903125 0.46303859843749995 0.45689540468749995 0.4427571765625 0.44581877812500004
1416 0.622386346875 0.55314470625 0.6082972453125 0.5512936921875 0.590763078125 0.5514874015625 0.5824592421875 0.56662911875 0.5808710875 0.5810101546875 0.5905084765625 0.58819104375 0.62273133125 0.5943303156249999 0.641097690625 0.5941802203125001 0.640828934375 0.567462871875 0.639571609375 0.5596085265624999 0.622386346875 0.55314470625
994 0.6076033546875 0.5167656125 0.6045433484375 0.54330850625 0.638372434375 0.55064459375 0.6370970328125 0.5272123984375 0.6279248515625 0.5111548 0.6198936953125 0.5051707265625 0.6076033546875 0.5167656125
994 0.562933784375 0.5411278421875 0.5617126109374999 0.564429196875 0.5608984968749999 0.5799634359375 0.570168903125 0.578224003125 0.5759942421875001 0.578529296875 0.587899521875 0.5424362406250001 0.5817653515625001 0.5321010390625001 0.5755148796875 0.5239850140625 0.5715464515625001 0.5360160328125 0.562933784375 0.5411278421875
994 0.5809732359375 0.5153699859375 0.585501175 0.5245083734375 0.5978858171875 0.5429596 0.59864178125 0.5285349515625 0.6035005515625 0.5154379578125 0.6013528828125 0.5086495875 0.6016436390625 0.5031016453125 0.586373440625 0.5078645468749999 0.5809732359375 0.5153699859375
1365 0.5634264453125 0.1973491546875 0.5434538546875001 0.19630243593750002 0.5315124203125 0.2012397921875 0.5285506390625 0.20998565937499997 0.5333874109375001 0.22915395468750002 0.5341795265625 0.24588500624999998 0.556049103125 0.24258059843750002 0.553458225 0.212403646875 0.55945801875 0.209380175 0.5634264453125 0.1973491546875
1498 0.1950690859375 0.4906950640625 0.192438134375 0.47720555 0.17538725 0.48410040312499997 0.1693112296875 0.4726556125 0.1669128828125 0.4547277453125 0.16244309375 0.4444797703125 0.1520497421875 0.45172352968749996 0.1502289828125 0.47054291875 0.14502130625 0.49029744218750004 0.1520638953125 0.51514451875 0.14826992187500002 0.5238467734375 0.139907934375 0.5400980796875 0.15571956874999998 0.5409267328125 0.18240784062499998 0.54121276875 0.17691333125 0.5186720953124999 0.185293396875 0.5179986390625 0.1950690859375 0.4906950640625
1427 0.1365068640625 0.477612225 0.12400591875 0.46138017343750004 0.1250526375 0.44140758281250003 0.1357367453125 0.4286158828125 0.13494462812500002 0.4118848296875 0.127087925 0.402571990625 0.12943204375 0.37376630624999996 0.137310746875 0.35081385625 0.12380315625 0.337866959375 0.1100810390625 0.344936265625 0.1156336984375 0.36636735 0.12339217656250001 0.3934772171875 0.1005340328125 0.415644628125 0.122014628125 0.43568518906250003 0.117522840625 0.457702503125 0.10190373593749999 0.4691229359375 0.11049440625 0.49627641718750004 0.10027550625 0.500191409375 0.09953762031249999 0.530193909375 0.13205123125 0.5307852390625001 0.131724321875 0.5051774796874999 0.1271963828125 0.49603909375 0.1365068640625 0.477612225
1373 0.0838242109375 0.511568228125 0.07395421875 0.5088256921875 0.0658829859375 0.51952905625 0.0640661484375 0.49050530625000005 0.069550425 0.4017818484375 0.0863907015625 0.3670600609375 0.1027838453125 0.3567928296875 0.11207625000000002 0.322788109375 0.1215211109375 0.317719915625 0.12589659375 0.297921778125 0.1334845421875 0.2805172703125 0.12857154375 0.24688071250000002 0.1137264796875 0.259454346875 0.0986488109375 0.276466334375 0.0802785296875 0.3244595703125 0.068551625 0.309380721875 0.059012459375000006 0.2844028046875 0.040802478125 0.265646284375 0.026560921874999997 0.234858746875 0.0171160640625 0.23992694218750002 0.0614831140625 0.364642075 0.054777665625000006 0.47666688593749995 0.039852453125 0.5226153984375 0.0049184953125 0.5363614906249999 0.0108782125 0.5500254578125 0.047476551562500004 0.5363665921874999 0.0492352375 0.56649993125 0.048573578125 0.6109706921875 0.058926856250000006 0.620414371875 0.068510015625 0.5808617093749999 0.08072412968750001 0.5547985625 0.0838242109375 0.511568228125
1175 0.0734913984375 0.7246528109375 0.06497695625 0.711967590625 0.046261690625000004 0.7187752171875 0.027953482812500003 0.717815725 0.019591495312500002 0.7340670312500001 0.005753075 0.7433555140625 0.0038741640625 0.763284490625 0.013278948437499999 0.774903734375 0.0656889234375 0.7620735203125 0.073451325 0.7413402484375 0.0734913984375 0.7246528109375
1606 0.1679879109375 0.5615971359375 0.16845312031249998 0.552720428125 0.0842854984375 0.5505346624999999 0.07960118125 0.5603028906249999 0.1679879109375 0.5615971359375
783 0.1379747953125 0.5132935046875 0.1430260953125 0.512445596875 0.14931664218750001 0.5038741828125 0.13795671874999998 0.4977156546875 0.131375415625 0.5118350109375001 0.11896877343750001 0.5256490734375 0.12233761406250002 0.5091360875000001 0.12113844062500001 0.5001721546875 0.1089062515625 0.5106574515625 0.1071617203125 0.5439451015625 0.118696096875 0.546774865625 0.12634219375 0.5282607703125 0.128471784375 0.5194712890625001 0.1379747953125 0.5132935046875
1235 0.9913047515625 0.026174653125000003 0.8673082515624999 0.019676271875 0.684942059375 0.012344137500000001 0.6220688156249999 0.1770571171875 0.6165884625 0.21793743281250003 0.6033496281249999 0.231707884375 0.618423375 0.2625390359375 0.6116456218749999 0.3122524453125 0.6074846640625 0.3120343796875 0.6082767812500001 0.32876543125 0.6487633984375 0.336450425 0.6450456531250001 0.359620940625 0.66116611875 0.3704795015625 0.6998319765625001 0.396983884375 0.716006671875 0.45457599687499994 0.7173402234374999 0.4768986046875 0.7563369125 0.48116760625 0.7707686078125 0.3172538203125 0.878877246875 0.3084552859375 0.8827836015624999 0.345376996875 0.9063937875000001 0.356628078125 0.975654271875 0.42034020625 0.9769736703125 0.379241821875 0.984354934375 0.28616723906249997 0.9913047515625 0.026174653125000003
1676 0 0.860514021875 0.035140682812500004 0.86728560625 0.0525404734375 0.8537332234375 0.0827138859375 0.8352870984375 0.0889502046875 0.7799821328125 0.0857958921875 0.7764789140625 0.0816349375 0.7762608484375 0.045425578125 0.76657474375 0 0.7750097984375001 0 0.860514021875
444 0.027926662499999998 0 0.0172362875 0.1898646265625 0.033360675 0.152880046875 0.0457853921875 0.154643834375 0.0333748296875 0.2163010375 0.0453343390625 0.22694153125 0.0705326828125 0.223811578125 0.06277420312500001 0.196701709375 0.06498394375 0.15453735156249998 0.071641475 0.154886259375 0.07576235625 0.1717917625 0.09251856093750001 0.2182879921875 0.1061605296875 0.244593565625 0.1299270953125 0.23693803125000001 0.172292621875 0.2246940453125 0.22400870468749998 0.177335753125 0.2464016421875 0.1640450515625 0.26225335156249996 0.1481862640625 0.27427101249999997 0.15771717031250002 0.278508196875 0.1724034984375 0.26763155781250003 0.172946115625 0.26598525156249997 0.1884367390625 0.28375202499999996 0.1838046765625 0.285322103125 0.15384579062499998 0.2794786875 0.13796264687499998 0.28304005781249997 0.133698746875 0.276789584375 0.125582721875 0.27973329062499996 0.101259003125 0.302435059375 0.097998209375 0.2823320109375 0.0357496765625 0.25303086406249997 0.0375519765625 0.227712296875 0.0907442484375 0.25304501875 0.100972965625 0.2511661078125 0.12090194375 0.2456496015625 0.130626559375 0.25511253749999996 0.14113621406250001 0.22993227031250002 0.15984401875 0.1757196125 0.20707147187500002 0.1338373703125 0.22601659999999998 0.139702784375 0.209634453125 0.15435531875 0.18481173281250002 0.15838189687499998 0.1716711265625 0.1708466890625 0.156747475 0.173557790625 0.1368621109375 0.1684121875 0.10766390781249999 0.18999101093749998 0.1099074421875 0.1914628625 0.09774558125 0.1756952265625 0.0323863515625 0.18173509375000002 0.012675440625000001 0.19528275781249999 0.008934899999999999 0.1928158109375 0 0.1589593625 0 0.15373134375 0.0056446453125 0.16830372968750001 0.0141968046875 0.16748961406250001 0.0297310421875 0.14335606875 0.02846625625 0.1354592890625 0.035840856250000004 0.1281039453125 0.048807009375 0.11058785468750001 0.06457856875 0.09946053593750001 0.0539816875 0.10188088125000001 0.039644264062500004 0.0997151390625 0.01727804375 0.09720048906249999 0.001569353125 0.0980389671875 0 0.027926662499999998 0
994 0.78241383125 0.620501096875 0.7852813109375 0.5817091171875 0.7635861859374999 0.5816847593750001 0.764163775 0.6184320140625 0.78241383125 0.620501096875
250 0.8659598671875001 0.650470184375 0.8764875999999999 0.6565851 0.8973505312500001 0.6565658437499999 0.908576075 0.6493656984375 0.89691124375 0.5853341203125 0.877538240625 0.58876936875 0.8647426171875001 0.6259284015625 0.8659598671875001 0.650470184375
1754 0 0.96589840625 0.3042976046875 0.9859793015625 0.30681617656250004 0.9538448515625 0.32796986562499997 0.9482776546875 0.35706040781250004 0.9186484187499999 0.23575846562499997 0.6218932734375 0 0.6194006546875 0 0.96589840625
315 0.44197682499999996 0.28555830625 0.44919386875 0.3070766171875 0.4608445453125 0.30768720312500003 0.4632468171875 0.27777193125 0.44155169218749996 0.2777475734375 0.44197682499999996 0.28555830625
351 1 0.0255177171875 0.9930272859375 0.0251522921875 0.9719726796874999 0.47466642343750004 0.9631855578125 0.48310699687499997 0.962894803125 0.48865493750000005 0.9760935609375 0.49157192812500006 0.972415890625 0.49805500468749997 0.9733243078125 0.5125668812499999 0.9779685484374999 0.5194860890624999 0.9978248375 0.5227519875 1 0.4825385125 1 0.0255177171875
2001 0.0306221203125 0.5076673890625 0.035226287499999995 0.5312740390624999 0.23054055624999997 0.530383665625 0.2609960265625 0.14033191875 0.0210742578125 0.1166317921875 0.0011284437499999998 0.497220603125 0.0306221203125 0.5076673890625
548 0.7382495437500001 0.6192991796875 0.6477371453125 0.578951275 0.544719878125 0.5702144625 0.4726099921875 0.5608721625 0.4596438390625 0.5535168203125 0.2382228078125 0.543025271875 0.230307953125 0.5348220203125 0.031065329687499997 0.5310559734375 0.029745932812499997 0.57215435625 0.485826828125 0.579367003125 0.5760484703125 0.6252628484375 0.6045174265625 0.6234169359374999 0.6089109875000001 0.6191966484375 0.7382495437500001 0.6192991796875
353 0.5753608906250001 0.749842040625 0.564349875 0.73702598125 0.5672535062499999 0.7293897031250001 0.5775305562499999 0.7243651203125 0.5799367484375 0.6466067078125 0.5750418265625 0.628548 0.4857105265625 0.5815861796874999 0.31559459843750004 0.5793465984374999 0.3057851453125 0.7824448828125 0.3228902578125 0.82228358125 0.4910329703125 0.8144060281250001 0.5746112390625 0.923373959375 0.5789104953125 0.8891075578125 0.5702215984375 0.87975110625 0.5753608906250001 0.749842040625
353 0.2895451328125 0.1051111296875 0.2812813703125 0.10356540781250001 0.279344309375 0.1246039734375 0.2847044390625 0.1337859734375 0.282807453125 0.13813709999999998 0.2853802546875 0.1527362015625 0.2693525578125 0.42671730312499995 0.2767841296875 0.42821941093750004 0.4606402515625 0.43896753750000006 0.46000058906249996 0.451173009375 0.46917277031250004 0.4672306078125 0.46742431562500003 0.5483613984375 0.463804796875 0.5537348875 0.4719522546875 0.557499784375 0.5589834328125 0.5687367125 0.56471446875 0.5389958921875 0.5702309765625 0.5292712765625 0.5769285796875 0.51293274375 0.6169900640625 0.51280700625 0.62047520625 0.49407484375 0.6957394031249999 0.506920359375 0.7306914375 0.50875211875 0.73038260625 0.498722209375 0.7320870625 0.482121996875 0.7113985828125 0.4788124890625 0.7159485203125 0.455685584375 0.7149819515625 0.44228329843749997 0.7077649078125 0.42076498593749995 0.6947225265625 0.39894138125 0.6440390078125 0.36290609375 0.6470408640625 0.3374727859375 0.611256640625 0.3355974140625 0.6021426109375 0.3184302296875 0.6077754203125 0.3064864375 0.616584540625 0.2657805734375 0.5999045609375 0.23375260625 0.614208190625 0.2155874171875 0.6713543203125 0.032772115625 0.562195040625 0.10938638125 0.4892128890625 0.1166879078125 0.367287828125 0.102509634375 0.3051060859375 0.094800284375 0.29964772968750003 0.1034153109375 0.2895451328125 0.1051111296875
407 0.027186671875000002 0 0.024272565625 0.05560443281250001 0.1992653390625 0.060324871875 0.1990508109375 0.080341075 0.300229240625 0.0923194265625 0.48683261718750004 0.11433789218749998 0.5638594218749999 0.1094736078125 0.6755734265625 0.031880595312499996 0.6834521296875 0.0089281453125 0.513092959375 0 0.027186671875000002 0
408 0.46246252343750005 0 0.397810146875 0.077405978125 0.3956986328125 0.1017733109375 0.42316094531250004 0.10321255 0.5059808593749999 0.0196547171875 0.519510446875 0.0003363265625 0.5130929546874999 0 0.46246252343750005 0
408 0.2108697578125 0 0.2010460234375 0.05819292031249999 0.20160553593750002 0.0793623265625 0.2282356578125 0.080757953125 0.246820465625 0.0127485125 0.2500156234375 0 0.2108697578125 0
548 0.9872012703124999 0.741384509375 0.92358775 0.729149578125 0.9159055 0.716507971875 0.7849025609375 0.7163182156250001 0.77694763125 0.724802403125 0.77565023125 0.7336354968750001 0.7852294703125 0.741925975 0.9818513734375 0.8434666390625001 0.9872012703124999 0.741384509375
353 0.9736478078124999 1 0.9816769203125 0.8467954046875 0.787551590625 0.7453855796875 0.779181759375 0.857323165625 0.7747667015624999 1 0.9736478078124999 1
1716 0.7732864875 1 0.7849387140624999 0.747473915625 0.7747017390625001 0.735811059375 0.775166946875 0.726934353125 0.7832963312500001 0.7151214 0.9136415296875 0.7119387796875001 0.899341821875 0.6822608296875 0.9012207328124999 0.6623318515625 0.76130021875 0.6093808562499999 0.738772903125 0.609312884375 0.7398557734375 0.6204959953125 0.6114075625 0.6193274875 0.6044592765625 0.624526525 0.5768225109375 0.62641605 0.580885240625 0.64443114375 0.5787116546875 0.717751203125 0.5766402140625 0.7254310953124999 0.5670209015625 0.7338280562499999 0.5684526796875 0.7383536359375 0.577915615625 0.748863290625 0.5734922124999999 0.8810351484375 0.5812907671875001 0.8914575765625001 0.5786197390625001 0.8946555015625 0.5746874656250001 0.9378422203125 0.6010629828125 0.9759414890624999 0.6210434046875 1 0.7732864875 1
1211 0.6558924484374999 0.48702989375000005 0.6578295093750001 0.465991328125 0.6547333484375 0.46137852187500006 0.6486172546875 0.46662117031249994 0.6405279453125 0.4617466828125 0.637024728125 0.46490099687499997 0.634121096875 0.472537275 0.63210780625 0.479107578125 0.634313625 0.48478636093749994 0.6426355390625 0.48522249375 0.6500089578125 0.48783418906250003 0.6558924484374999 0.48702989375000005
379 0.52688625625 0.20989843281249998 0.50768770625 0.21000491562499998 0.505826871875 0.24551174375 0.5251998765625 0.2420764953125 0.5279109765625 0.22219113125 0.52688625625 0.20989843281249998
1676 0.40341942499999994 0.3525210265625 0.4060723765625 0.33374525 0.39786676718749997 0.33108994062499997 0.39712887812500003 0.361092440625 0.40341942499999994 0.3525210265625
1676 0.3555413140625 0.3266464859375 0.3510495265625 0.3486638 0.3572418484375 0.3578894140625 0.3697247171875 0.3585436140625 0.3705789078125 0.3263219359375 0.3555413140625 0.3266464859375
1678 0.353760628125 0.3287784359375 0.3497159734375 0.3263411921875 0.3227950984375 0.330493509375 0.3203747515625 0.34483093125000003 0.3248445390625 0.35507890625 0.3454748671875 0.3594980046875 0.3508750734375 0.351992565625 0.353760628125 0.3287784359375
994 0.3195142515625 0.2179453375 0.3251069859375 0.222688984375 0.3261898578125 0.23387209375 0.325957253125 0.2383104484375 0.33350512656250003 0.2375933796875 0.34103492343749997 0.22129845937499998 0.342990059375 0.21583774375 0.343338965625 0.2091802140625 0.3285339765625 0.205066409375 0.32009576093750003 0.2068494546875 0.3173084328125 0.2122665546875 0.3195142515625 0.2179453375
1783 0.3295767734375 0.232936959375 0.3316482140625 0.225257065625 0.32516513593749996 0.22157939531249998 0.315527746875 0.21439850468750002 0.3120245296875 0.21755281875 0.3106689796875 0.2274955 0.31186815156250003 0.236459434375 0.3217381453125 0.23920197031249998 0.32690574687499996 0.23613488437500002 0.3295767734375 0.232936959375
1529 0.3641036734375 0.22695798437499998 0.377418734375 0.2276557984375 0.37757511093749996 0.20874918281250002 0.36509224218749997 0.20809498437500001 0.36451073125 0.21919086718749997 0.3610075140625 0.2223451796875 0.3641036734375 0.22695798437499998
1529 0.3637547671875 0.233615515625 0.358529015625 0.237792190625 0.3600189453125 0.24120818125 0.3683408578125 0.24164431406250003 0.3758305796875 0.24203683437499998 0.3765283921875 0.2287217734375 0.363987371875 0.2291771625 0.3637547671875 0.233615515625
1529 0.40308228437500004 0.21564913593749999 0.4031585125 0.2301174 0.4180798046875 0.2320120265625 0.4233637078125 0.2267257640625 0.41765467031250003 0.22420129531250002 0.4155651546875 0.2163033359375 0.40308228437500004 0.21564913593749999
1529 0.41724761250000003 0.23196841406250002 0.40232632031250004 0.2300737859375 0.40240254999999997 0.2445420484375 0.41987856562500003 0.2454579265625 0.4209433609375 0.2410631875 0.4177308984375 0.23866955625 0.41724761250000003 0.23196841406250002
1529 0.4181961078125 0.22979285 0.4210596640625 0.238844009375 0.4207689078125 0.24439195156250001 0.4331936265625 0.2461557390625 0.43187815 0.2394109828125 0.4315111671875 0.2304906625 0.42663432187500006 0.22800980625 0.4233637078125 0.2267257640625 0.4181961078125 0.22979285
1175 0.3586413953125 0.283416153125 0.35757659999999997 0.28781089375 0.3581761875 0.292292859375 0.362162690625 0.295839690625 0.36614919375 0.2993865234375 0.3727485734375 0.30084501874999997 0.37462748281249997 0.28091604062500003 0.36553153125 0.27932670625 0.3620864625 0.2813714296875 0.3586413953125 0.283416153125
1917 0.5577134874999999 0.242667825 0.5628810875 0.23960074062499997 0.5654978859375 0.1896692640625 0.5612206265624999 0.19167037343749999 0.5558966484375001 0.21364407500000002 0.5577134874999999 0.242667825
819 0.617804190625 1 0.48925228593750003 0.8165379796875 0.323664296875 0.8234367828125 0.360331021875 0.9199324609374999 0.32945979375 0.9516936453125 0.3100867921875 0.9551288921875001 0.3066778765625 0.98832931875 0.4406606734375 0.995351059375 0.5125972203125 1 0.617804190625 1
1869 0 0.74082280625 0.0000440375 0.74083104375 0.081348103125 0.73396565 0.11235370781250001 0.7155631390625 0.1202504875 0.7081885390625 0.1343215109375 0.694461703125 0.1289032296875 0.6863892921875 0.029022199999999998 0.6655778453125001 0.0149331 0.66372683125 0 0.6644155296875 0 0.74082280625
412 0.43276610312499997 0.0313945984375 0.43810815625000005 0.024998746875 0.43512829843749995 0.0181667640625 0.42514200312500006 0.0176434046875 0.4167037890625 0.019426446875 0.41225207656249996 0.024756323437499998 0.41439974375000005 0.031544693750000005 0.417728509375 0.031719146875 0.42848884531250003 0.033395707812499995 0.43276610312499997 0.0313945984375
1373 0 0.6600790171875001 0.0102307078125 0.6579172078125 0.0083557171875 0.630003046875 0.034833384375 0.6024621484375 0.04362050625 0.5940215734375001 0.0425376328125 0.5828384640625 0.0361127078125 0.578051203125 0.0370831984375 0.5436103515624999 0.041865740624999995 0.5160450953125 0.033583903124999995 0.498921521875 0.0244698734375 0.48175433749999996 0.012877346875 0.4800341640625 0.0022513890625000003 0.4917162765625 0 0.5346753390625001 0 0.6600790171875001
1939 0.97175815 0.4946826265625 0.9602237765625 0.49185286406250006 0.9600312453125 0.4796037796875 0.9695924078125 0.47231640625000004 0.9730995468750001 0.4213189546875 0.9400664984375 0.3828707796875 0.92328829375 0.368639840625 0.905561596875 0.3565844640625 0.8851638734374999 0.3477270125 0.88046148125 0.34191739062500004 0.8804253281250001 0.3107616890625 0.7723166890625001 0.3195602234375 0.7645425218749999 0.48382291562499996 0.734467334375 0.4844720140625 0.731465478125 0.5099053203125 0.6930683765625 0.5101182843750001 0.6212492453125 0.49522804374999996 0.6208421875 0.5029951640625 0.633692040625 0.5125696828125 0.6395354546875 0.5284528265625 0.640927159375 0.5496658453125 0.6405201015624999 0.5574329640625 0.6423770140625 0.569769275 0.6486274875 0.5778852999999999 0.7367596140625 0.6158831874999999 0.73639263125 0.6069628671875 0.7624231640625 0.6038765265625 0.902111075 0.6612658765625 0.9258194874999999 0.6547199296875 0.99061410625 0.66034094375 0.9954005703125001 0.5849325484375 0.9977085359375 0.5249711640625 0.974639784375 0.5193116359375 0.9717180765625001 0.511370065625 0.97175815 0.4946826265625