115 0.43681943125 0.6270132546875 0.3979031875 0.62206431875 0.3705826390625 0.642430365625 0.3470949 0.6318773484375 0.287698503125 0.6689354468750001 0.2801301578125 0.8488457593750001 0.329388303125 0.8612008187500001 0.36876959062500003 0.8594993296875 0.3572529140625 0.7016447734375 0.43681943125 0.6270132546875
663 0.35283043125 0.549855415625 0.3264825203125 0.5324194484375 0.2587031796875 0.522110734375 0.248917509375 0.542589115625 0.2825359046875 0.5516228890625 0.319359453125 0.5864987484374999 0.3387545046875 0.5600093734375 0.35283043125 0.549855415625
2001 0.3033853390625 0.253462078125 0.294499371875 0.45221526718750005 0.387239090625 0.45201731250000005 0.4008028484375 0.2580465265625 0.3033853390625 0.253462078125
1000 0.9143416609375 0.5000141593749999 0.9428248187499999 0.46302204375 0.911721609375 0.44191208125000003 0.8845986265624999 0.43556016093750005 0.8624984187500001 0.452949778125 0.8770880234374999 0.4951814828125 0.8717825796875 0.5471602328125 0.9108538375 0.5498923609374999 0.9143416609375 0.5000141593749999
651 0.5401350828125 0.49946504531249997 0.5383812890625 0.464813853125 0.529632084375 0.4107384828125 0.49162465 0.4047392703125 0.4333483109375 0.44967246093749996 0.46261262500000006 0.485133553125 0.4420975171875 0.503747834375 0.49657600312500005 0.5131264625 0.5401350828125 0.49946504531249997
706 0.42019185156249994 0.7572818125 0.4165064625 0.833877984375 0.7420901453125001 0.717416971875 0.749467009375 0.6477618796875 0.42019185156249994 0.7572818125
1522 0.520534871875 0.600566303125 0.472664259375 0.616153878125 0.490001571875 0.6429841796875 0.5348357234375001 0.634981046875 0.5791060484375 0.6469873234375 0.5870953734375 0.6163589109375 0.520534871875 0.600566303125
1392 0.6921343984375 0.105775640625 0.72645035625 0.1048337734375 0.7425627453125 0.053610718749999994 0.7181661953125 0.044107975 0.6993912015625 0.0617301125 0.690880603125 0.087866778125 0.6921343984375 0.105775640625
1373 0.6027761234375 0.117348290625 0.6426224546875 0.10899637499999999 0.6521193734375 0.08070103125 0.6405799078125 0.066528221875 0.59137799375 0.0653153359375 0.5692215578125001 0.071562778125 0.5702990609375 0.10393902968749999 0.6027761234375 0.117348290625
1373 1 0.033742456250000004 0.9613368687499999 0.031038867187500003 0.9265133140625 0.0631323203125 0.92156045 0.0861762953125 1 0.08671786249999999 1 0.033742456250000004
1643 0.4375397828125 0.47335587031250004 0.434200890625 0.4374800125 0.42290762812500005 0.455625325 0.42115991875000003 0.5045113828125001 0.433396946875 0.5087085515624999 0.4375397828125 0.47335587031250004
820 0.965101021875 1 0.972648421875 0.87276721875 0.9226714359375 0.882638378125 0.8009561578125 0.8551922031249999 0.7403135640625 0.8264475250000001 0.732287771875 0.9651143484375 0.7147316171875 0.9772525953125 0.7134139953124999 0.9960954718749999 0.707551784375 1 0.965101021875 1
820 0 0.9629160703125 0.0114626421875 0.9637176171874999 0.24838410312499998 0.9802847796874999 0.2525558125 0.8847875999999999 0.0055872859375 0.9521685281250001 0 0.9454579656250001 0 0.9629160703125
994 0.7335050625 0.48179971093749996 0.7278835046875 0.45467482812500004 0.7196479765625 0.45298512031250004 0.7084322203125 0.470022028125 0.7044444000000001 0.5031579015625 0.7274108640625 0.5092191703125 0.7335050625 0.48179971093749996
301 0.4821626890625 0.45642736875 0.4757797390625 0.47602986875 0.49946504531249997 0.45986491718750006 0.4969924109375 0.4474399453125 0.4821626890625 0.45642736875
783 0.3697391671875 0.47529773437499995 0.367146475 0.48848232812500003 0.356628284375 0.4955435953125 0.35741095 0.43656563437499996 0.3722969046875 0.4387203859375 0.36348387187500003 0.42139675312499997 0.3479778609375 0.4281092390625 0.3458213390625 0.49478790000000006 0.3359794375 0.50412410625 0.33292929843749997 0.4760652109375 0.31983968906250004 0.484060490625 0.31989592031249997 0.4952026671875 0.32735637500000003 0.5079764203125 0.37234554062499997 0.4977564765625 0.373353134375 0.4833472171875 0.38137741406250003 0.47611155937499994 0.3697391671875 0.47529773437499995
1917 0.2687535296875 0 0.2653171015625 0.0213522765625 0.2581241234375 0.028646064062499997 0.260054209375 0.0488298671875 0.2908124328125 0.050980692187499996 0.29371515625 0.0333624796875 0.2868534828125 0.0239720703125 0.2852162203125 0 0.2687535296875 0
1339 0.5002659656249999 0.6514987062500001 0.5258251234375 0.6443753828125 0.508255290625 0.62087029375 0.491044121875 0.6519676765625 0.5002659656249999 0.6514987062500001
1043 0.538583428125 0.6530643015625001 0.550764225 0.64611929375 0.5204148125 0.6261758671875 0.515271978125 0.6280438953124999 0.538583428125 0.6530643015625001
1389 0.624701590625 0.592256809375 0.597247303125 0.6025890875 0.6166347578125 0.623993628125 0.6584324484375 0.6235749328125 0.6759110953125 0.6125450921875 0.665125428125 0.5995388171875 0.624701590625 0.592256809375
469 0.61426090625 0.5982096718750001 0.6072016687499999 0.61553723125 0.625412834375 0.6179245046874999 0.63372586875 0.6185058078125001 0.6323945671875 0.6017053484375 0.61426090625 0.5982096718750001
1521 0.6395100359375 0.595519965625 0.641440121875 0.61570376875 0.665625425 0.61628114375 0.6705570140625 0.6054877515625 0.6395100359375 0.595519965625
1153 0.600242725 0.488074640625 0.607964571875 0.43737868593749996 0.593388646875 0.43079031562500003 0.5956363546875 0.398646584375 0.5756850734375 0.3972514546875 0.570788440625 0.43143760468750003 0.559361440625 0.43954914531249994 0.5603401625 0.48528438124999995 0.600242725 0.488074640625
301 0.6025117078125 0.44368033125000006 0.565413084375 0.43663084375 0.5693507609374999 0.4758900453125 0.5738735375 0.4828892546875 0.592993515625 0.484226253125 0.594599890625 0.4732003390625 0.6025117078125 0.44368033125000006
1513 0.7313044390625 0.09514878437499999 0.7305293671875 0.1062328296875 0.769234365625 0.1022564 0.7733346515624999 0.0914048765625 0.75304598125 0.023156696875 0.7313044390625 0.09514878437499999
580 0.0672374375 0.35724203593750004 0.06923135 0.34067409843749996 0.057593101562500006 0.33986027343749997 0.0505201828125 0.321544496875 0.05659310468749999 0.3063756171875 0.041862165624999996 0.30200405625000004 0.04054454375 0.3208469328125 0.0308151046875 0.352467490625 0.0252634578125 0.37212812031250003 0.05321774218749999 0.37853817031250003 0.0752191671875 0.3745075375 0.07176021406250001 0.3642412453125 0.0672374375 0.35724203593750004
994 0.16051819375 0.480716415625 0.16039813593750002 0.5063259812500001 0.1592142515625 0.535202628125 0.1833995578125 0.53578000625 0.1903600125 0.5318114296875 0.19135392499999998 0.48175883593749996 0.16051819375 0.480716415625
994 0.1347189171875 0.53905886875 0.15513524218750002 0.5338035718749999 0.1567279375 0.487134321875 0.1357903375 0.4878978703125 0.1347189171875 0.53905886875
994 0.007304575000000001 0.4855962171875 0.0102984859375 0.5025129374999999 0.007331935937500001 0.5568828875 0.043465515625 0.5538404734375 0.0484259765625 0.482902584375 0.025226990625 0.480166528125 0.007304575000000001 0.4855962171875
994 0.05310376875 0.48768498437499996 0.048763365625 0.5497556359375 0.085418221875 0.5512049703125 0.0884060453125 0.48458443906250004 0.06876479375 0.47875569218749997 0.05310376875 0.48768498437499996
1142 0.8689679828125 0.25291379375 0.7223485609375 0.24711646250000002 0.7152741296875 0.3602318515625 0.8669376046874999 0.377520140625 0.8689679828125 0.25291379375
1179 0.444146146875 0.6297532375 0.4271538203125 0.6218820734375 0.418143221875 0.6312764093750001 0.42740002187500004 0.65420019375 0.4415321796875 0.6551884109375 0.44804886718750003 0.6456196828125 0.444146146875 0.6297532375
1122 0.45976462187499995 0.6453251046874999 0.45818711875 0.5962065234375 0.4423923546875 0.595102046875 0.4368407078125 0.6147626749999999 0.4534029484375 0.6526770234375 0.45976462187499995 0.6453251046874999
301 0.3813561390625 0.48836214062499994 0.3845050625 0.50306205 0.39915849375 0.508542015625 0.4081690921875 0.4991476796875 0.39904603125000004 0.4862576640625 0.3813561390625 0.48836214062499994
580 0.5265454765625 0.49071799687500006 0.5264892453125001 0.479575821875 0.51599233125 0.4743865078125 0.4815775859375 0.4886873609375 0.48275387500000005 0.5077046281250001 0.49620974375 0.50641790625 0.5265454765625 0.49071799687500006
2021 0.9033736187500001 0.41793802187500007 0.8972019140624999 0.44646588749999994 0.9038097890625 0.4714320890625 0.9194358609375 0.43911004218749994 0.923092378125 0.422658365625 0.9033736187500001 0.41793802187500007
1392 0.5358524250000001 0.4412467078125 0.5257293640625 0.39487203593750003 0.5051017953125 0.3912019671875 0.481106459375 0.4118005359375 0.478548721875 0.44837788593749994 0.5105045109375 0.4572953984375 0.5358524250000001 0.4412467078125
896 0.4576749515625 0.41238969531249997 0.44154888281250004 0.42796941562499996 0.47156699062499996 0.464597040625 0.48522042499999996 0.4365923484375 0.4576749515625 0.41238969531249997
831 0.3232287296875 0.44754127343750005 0.34202499999999997 0.4176685546875 0.334163328125 0.3747934890625 0.3153184234375 0.345630115625 0.30532150625 0.35718313125 0.294782040625 0.376494978125 0.275894584375 0.371832765625 0.2667715234375 0.3589427515625 0.248792878125 0.3532302640625 0.23674581875 0.3702090421875 0.243973753125 0.38630800781249997 0.23737955624999998 0.396985140625 0.2319616484375 0.426679540625 0.24328986718749998 0.431926984375 0.234046746875 0.4446465328125 0.254209275 0.4549670296875 0.264008625 0.47013198437500003 0.2731879171875 0.49416417343749997 0.2716164984375 0.5285828421875001 0.2929978625 0.533419446875 0.2982820328125 0.4936912765625 0.3129430609375 0.45127732500000006 0.3232287296875 0.44754127343750005
407 0.7061267328125 0.0131928359375 0.5057051109375 0.000291815625 0.6071590796875 0.030776478125 0.7061267328125 0.0131928359375
1250 0.8120183734375 0.099679028125 0.8641017328125 0.09552428125 0.864686834375 0.063264290625 0.8746837515625 0.051711275 0.8995453453125 0.054563592187499996 0.898989115625 0.026679087499999997 0.8931699921874999 0.026272175 0.78426925 0.01865709375 0.7766385875 0.1038879796875 0.8120183734375 0.099679028125
1365 0.8970514359375 0.054389200000000006 0.87460624375 0.052819679687499996 0.8644543125 0.066589503125 0.8658418484375 0.0945321375 0.907872059375 0.0907882296875 0.9109860265625 0.082095384375 0.9108522890625 0.0720616140625 0.9065620328125 0.06173719062500001 0.8970514359375 0.054389200000000006
1416 0.64813155 0.1138369046875 0.692578165625 0.11137579375 0.6948821046875 0.0903742390625 0.6833988718749999 0.08734360468749999 0.6770584734375 0.08244494218750001 0.6749520999999999 0.0767285296875 0.66806915 0.0795887 0.6608761750000001 0.0868824890625 0.6514218078125 0.090676671875 0.647709059375 0.0959861734375 0.64813155 0.1138369046875
1917 0.553362965625 0.1072100390625 0.569002715625 0.1105313265625 0.571207871875 0.10288875625 0.5680027171875001 0.07704666875 0.5619723484375 0.067714390625 0.5445149781249999 0.0664936515625 0.53739950625 0.0726790359375 0.5459025109375 0.0944362859375 0.553362965625 0.1072100390625
1365 0.5104452187499999 0.0997536421875 0.5517003593750001 0.10709377812500001 0.55156661875 0.0970600078125 0.54984778125 0.08580157187500001 0.54373990625 0.0775776984375 0.5366457109375 0.0715125015625 0.5301502984375001 0.06883065000000001 0.521160975 0.06597440624999999 0.5144330421875 0.0666177671875 0.50867015 0.07735302968749999 0.513347940625 0.0821354296875 0.5098464375 0.0963702984375 0.5104452187499999 0.0997536421875
1387 0.48645747968749997 0.0724582953125 0.4890638515625 0.0949170390625 0.5072750203124999 0.0973043109375 0.5073738015625 0.0839453265625 0.5040136328125 0.06032005 0.5006321890625001 0.048945353125 0.4881839125 0.0358228171875 0.476024390625 0.030517242187499998 0.4680776171875 0.036644496875 0.4607296265625 0.04615509375 0.4598770484375 0.058347543749999994 0.47242410625 0.05811109531250001 0.48034960312499997 0.064234421875 0.48645747968749997 0.0724582953125
1387 0.487478753125 0.0936923734375 0.4883313328125 0.081499921875 0.484118584375 0.07006709531250001 0.478842009375 0.06190135 0.46735877812500004 0.0588707171875 0.4602433078125 0.0650561015625 0.45660806562499995 0.06925719687500001 0.4565092828125 0.08261618281250001 0.4598132203125 0.09509928281249999 0.47667180781249996 0.092936678125 0.48399852499999996 0.0956766609375 0.487478753125 0.0936923734375
1250 0.175285584375 0 0.17746642031249998 0.0352579953125 0.206407025 0.03950936875 0.2616393078125 0.0500545328125 0.2572928203125 0.028587934375000002 0.26380950937500003 0.01901920625 0.2686235125 0 0.175285584375 0
1495 0.4382890078125 0.2595539875 0.4404956765625 0.12048025312499999 0.372040046875 0.10789659843749999 0.311066146875 0.0958361171875 0.29953885156250004 0.2487378078125 0.4382890078125 0.2595539875
1597 0.4215550484375 0.451075446875 0.43541972968750003 0.43199612187499997 0.4390549734375 0.4277950234375 0.4460731703125 0.303537459375 0.39837885 0.3046576453125 0.39083178125 0.4723173765625 0.421434990625 0.47668500937499997 0.4215550484375 0.451075446875
353 0.32843232968749997 0.0625219265625 0.10402297187500001 0.022325559375 0.0368560921875 0.051043521875 0.01981059375 0.37842976250000004 0.0485186765625 0.38600635 0.0833559109375 0.38955623125 0.102708409375 0.3875680171875 0.199759659375 0.38544390625 0.291978103125 0.3807542046875 0.3106998875 0.089127559375 0.31646277968750003 0.078392296875 0.32843232968749997 0.0625219265625
1716 0.7376190265625 0.506591521875 0.7348925953125 0.5097423437499999 0.6666831656250001 0.5294768125 0.66416798125 0.5415530000000001 0.6642378921875001 0.5883385109375 0.759795228125 0.619524665625 0.7495794703125 0.6700462296875 0.743716284375 0.8255716421875 0.7960458453125 0.8537350171875 0.7980747125 0.8605598359375 0.8110093062500001 0.8547813640624999 0.8143557953125 0.84276330625 0.805831515625 0.8332566359375001 0.8206429859375 0.5736574609375 0.8185366109375 0.5679410484375 0.8201429859375 0.55691513125 0.8713388109375 0.54156008125 0.8798144546875 0.49203066093750003 0.8839010609375 0.44553580156250006 0.8841335828125001 0.4422105890625 0.7963254531249999 0.431615146875 0.746679771875 0.42480211093750003 0.7429670234375 0.4301116109375 0.737739084375 0.48098195625000006 0.7376190265625 0.506591521875
1307 0.800819359375 0.498758853125 0.7995442875000001 0.49310056874999997 0.795852815625 0.48615949062499997 0.7933589046875 0.4859851 0.7888148515625 0.49123646875000004 0.787363490625 0.500045575 0.7851932890625 0.5310809 0.7959227265625 0.532945 0.7978178546875 0.5297360484375 0.79853669375 0.507509828125 0.800819359375 0.498758853125
1869 0.6521011578125 0.43935119218749996 0.6738275078125 0.4631469328125 0.6815417593750001 0.46034489375 0.69414505 0.4712506203125 0.7032893859375 0.4718900546875 0.7163227640625001 0.4527525984375 0.73188500625 0.45718228906249997 0.7316737609375 0.4482569234375 0.733280134375 0.4372310078125 0.7279260546875 0.43017366875 0.72955370625 0.40689717343750004 0.662373146875 0.399971803125 0.6607454953125 0.42324829687500004 0.6533412734375 0.42161672031249997 0.6521011578125 0.43935119218749996
353 1 0.087932803125 0.6070101484375 0.1165305390625 0.47817940156249994 0.095269746875 0.4313163828125 0.0964480625 0.438389303125 0.11476383906250001 0.425523109375 0.2987589859375 0.4481233140625 0.298111696875 0.44550175000000003 0.3714407859375 0.4643892046875 0.3761029984375 0.5891059875 0.372571978125 0.7193880953125 0.3850236640625 0.7545353578125 0.38413992656249996 0.75424660625 0.3763229640625 0.714055290625 0.36571574375 0.7209184750000001 0.2436749875 0.8780348124999999 0.2546616328125 0.8727141765624999 0.4024282140625 1 0.41774675468750005 1 0.087932803125
195 0.67034728125 0.46513122031250004 0.650593565625 0.437018121875 0.6452182093750001 0.4422113625 0.6410054609375 0.430778534375 0.6305647765625 0.43673139687500007 0.6347000171875 0.44927262968750004 0.6212654265625 0.43830877187499995 0.6066469484375 0.4562215625 0.628084546875 0.472200340625 0.6325085421875001 0.49255853437499997 0.6331073234375 0.49594187968750003 0.7023942562500001 0.5085836625 0.7055507750000001 0.47538965937500005 0.6822955578125 0.461511428125 0.67034728125 0.46513122031250004
1820 0.92249968125 0.502812271875 0.9167504687499999 0.5491908703124999 0.9217382890625 0.5495396515625 0.994350434375 0.5624139578125 0.9992121125000001 0.5048350546875 0.928107559375 0.49429381718750004 0.92249968125 0.502812271875
594 0.597803534375 0.6304735890625001 0.5848127078124999 0.6251098859375 0.50962914375 0.6131695921875 0.4738618234375 0.622920565625 0.46061720156249997 0.63313265625 0.46241354687499997 0.6432826875 0.46769011875000005 0.6514484296874999 0.4821885359375 0.6591452046875 0.515961946875 0.6659621687499999 0.5449025515625 0.6702135421875 0.56856658125 0.6662991703125 0.59661965 0.6593502375 0.6047214375000001 0.651006175 0.605496509375 0.6399221296875 0.597803534375 0.6304735890625001
291 0.5762124328125 0.48528045468750003 0.5661592859375 0.48569129375 0.562403984375 0.5155019546874999 0.55350585 0.5471806421875 0.5531107171875 0.60061658125 0.5620225328124999 0.604581228125 0.5746470984375 0.603236375 0.5787473828125 0.5923848515625 0.582523959375 0.550323609375 0.5810376421875 0.5357399609375 0.576979909375 0.522090325 0.5762124328125 0.48528045468750003
884 0.608596796875 0.59558595 0.6106894921875 0.565659028125 0.6058566859375001 0.5630934375 0.5933871359375 0.56222148125 0.5837777546875 0.5682324734375 0.5817625671875 0.597050990625 0.5835589125 0.607201021875 0.6000299671875 0.6105804390625 0.6021576171875 0.6040462734375 0.608596796875 0.59558595
548 0.8678585828125 0.5435443671875 0.8217280859375 0.5581397984375001 0.8224606078125 0.5715569125 0.947367359375 0.5892018390625 0.9946179125000001 0.5824815 0.9950267234375 0.564688896875 0.87367770625 0.5439512796875 0.8678585828125 0.5435443671875
353 0.807494121875 0.833372896875 0.8152646046875001 0.84171303125 0.816673415625 0.8574050859375 0.92441155 0.881646234375 0.9737122453125 0.8695001359375001 0.9851620359375 0.7177068484375 0.99454040625 0.5835899046875 0.9472123437500001 0.591418646875 0.8214742890625001 0.573715590625 0.807494121875 0.833372896875
548 0 0.58102939375 0.042084067187500004 0.6094350890625 0.5873430859375001 0.5172458671875 0.6440829609375001 0.5301241 0.664400503125 0.5382277875 0.6668381812499999 0.527260003125 0.7215142343750001 0.5099206625 0.5576350062500001 0.47618462343749995 0.4352145671875 0.5066080046875 0.47683596718750004 0.5206567 0.4747858265625 0.5260824625 0.34422864375 0.5414571484375 0.3010434203125 0.513933209375 0 0.55255080625 0 0.58102939375
353 0 0.9442815625 0.0163729546875 0.9651748031249999 0.1435912421875 0.913924259375 0.15551824218750002 0.9225550468750001 0.2518020171875 0.883621065625 0.2534296671875 0.860344571875 0.1602598609375 0.8905857062500001 0.17975671875000002 0.5878750171875 0.0469943796875 0.610892275 0.04276035625 0.611710028125 0 0.5838831546875001 0 0.9442815625
666 0.25366218906250004 0.85701935625 0.2679447875 0.64082235 0.331377640625 0.629664465625 0.3323502796875 0.5918624515625 0.3330691203125 0.56963623125 0.180510515625 0.5890415515625 0.163817596875 0.8874930140625 0.25366218906250004 0.85701935625
548 0.2529600515625 0.6520265828125 0.2506561109375 0.6730281375 0.40509465312500004 0.74620169375 0.7570475203125 0.63492606875 0.758210128125 0.6183000015625 0.610745721875 0.5768012046875 0.2529600515625 0.6520265828125
353 0.7067803921875 1 0.710920084375 0.9959210796875 0.7140553281249999 0.9749776562499999 0.7309351937499999 0.96056446875 0.7491782546875 0.6399449171875 0.406602246875 0.7485347640625 0.2681697140625 0.6853910515625 0.25163180937499996 0.9816257046875 0.5029555453125 1 0.7067803921875 1
1917 0.059737454687500004 0.1061071125 0.0645915359375 0.09642212343749999 0.06227391718750001 0.0817803421875 0.0739896703125 0.0814857640625 0.07333465781250001 0.0669602453125 0.05081195937500001 0.0664991296875 0.0432664015625 0.10272769531249999 0.042780082812499995 0.12162870156250001 0.044343906249999995 0.135103946875 0.0476478453125 0.14758704843749998 0.053466968749999996 0.1479939609375 0.052966968749999996 0.13125163281250002 0.056390965625 0.1181251703125 0.059737454687500004 0.1061071125
1373 0.03524005 0 0.030973140625 0.08738835 0.043830226562500005 0.08271828437499999 0.0508894671875 0.06539072500000001 0.061597626562499994 0.079505403125 0.07876624531250001 0.0729091796875 0.084219109375 0.06660753593749999 0.08107018437499999 0.051907625 0.09587863125 0.05517078125 0.10715061875000001 0.04927605 0.12720068281250002 0.03731219375 0.12148034218749999 0.023546296875 0.13818391562500001 0.0236005 0.141332840625 0.0383004109375 0.1463206609375 0.0386491921875 0.1450455890625 0.0329909109375 0.155852534375 0.03374660625 0.1744512359375 0.030591854687499996 0.18361684843749998 0.018980709374999998 0.189302234375 0.0093538515625 0.1865215421875 0 0.03524005 0
1365 0.0829364421875 0.1088431671875 0.07524346562499999 0.099394628125 0.0812388796875 0.0853341515625 0.0637815078125 0.0841134140625 0.0645915359375 0.09642212343749999 0.061266323437500006 0.0961896015625 0.059082442187499994 0.0915815921875 0.052277 0.09333335937500001 0.0469791515625 0.09741819375 0.044020198437500005 0.10389422968749999 0.04316761875 0.1160866796875 0.046027789062500005 0.12296962812500001 0.051459376562500006 0.1289185625 0.055129575 0.148110221875 0.0676766328125 0.1478737734375 0.08370391875 0.1456530375 0.0837251953125 0.13340245781249999 0.0996612921875 0.0966467921875 0.09649109375 0.094197459375 0.0829364421875 0.1088431671875
1896 0.039193475 0.1848658890625 0.0438986265625 0.260934959375 0.052289168750000004 0.260407859375 0.051401634375000005 0.24920755312499998 0.052331720312499996 0.2359067 0.05588945468749999 0.23281400625 0.0636812140625 0.2289035625 0.06757025312500001 0.2091266734375 0.0719243359375 0.18269935625 0.054910734375000006 0.1870787703125 0.0498241296875 0.200088971875 0.045245121875 0.1819475875 0.039193475 0.1848658890625
301 0.0768270546875 0.2320504578125 0.07282555156250001 0.22954299687500002 0.07170549375 0.2216679046875 0.06573135625 0.2234778 0.06443501093750001 0.23007009687500002 0.054071834375 0.23491455625 0.05209919843750001 0.23923191250000003 0.05335299375 0.2571407765625 0.055381860937500006 0.2639655953125 0.0678514109375 0.26483755000000003 0.07881336875 0.26337643593750004 0.08358994374999999 0.25479985156249996 0.0853513328125 0.24155712812500002 0.0824911625 0.23467417968749998 0.0768270546875 0.2320504578125
1606 0.40967668437500004 0.5014807484375 0.376945825 0.5036472812499999 0.3321116734375 0.511650415625 0.3188883265625 0.509611925 0.30361483749999996 0.512999196875 0.3443061515625 0.5403487453125 0.47320072656249995 0.524857796875 0.40967668437500004 0.5014807484375
1387 0 0.5139255578124999 0.0051130984375 0.5288821234375 0.0095446875 0.501346403125 0.005719475 0.484371553125 0.0360339328125 0.4809222234375 0.048503484375 0.4817941796875 0.055153910937499995 0.48225922343749994 0.0682435203125 0.4742639421875 0.08214315625 0.47857737343749995 0.0758453078125 0.449177553125 0.054562725 0.4309819640625 0.04640470625 0.4281838515625 0.039754278125 0.42771880781249993 0.0225081546875 0.4354234359375 0.008953503125 0.45006914218749994 0.0017392484374999999 0.4696135109375 0 0.4944859265625 0 0.5139255578124999
278 0.0838057609375 0.478693634375 0.088483553125 0.48347603437500003 0.0876233796875 0.5435623984375 0.107032109375 0.552716359375 0.1120199296875 0.5530651421874999 0.13365509375 0.542325953125 0.1368192078125 0.461238034375 0.11982687968750001 0.45336686718749997 0.11779801406249998 0.44654204843749995 0.114705321875 0.44298431406249994 0.0919713765625 0.43359783125 0.0777617125 0.43371801874999993 0.0812206640625 0.4439843109375 0.0796142890625 0.4550102265625 0.0838057609375 0.478693634375
1365 0.2567305453125 0.526428090625 0.25727309531250003 0.5186692609375 0.25607553125 0.511902571875 0.253060346875 0.5072364312500001 0.256928109375 0.4997101234375 0.2641985953125 0.4913079296875 0.2645086234375 0.4868743109375 0.2552867796875 0.48734328125 0.2486363515625 0.48687823750000003 0.2380619296875 0.4827973296875 0.2271774796875 0.4831500390625 0.2203720375 0.4849018046875 0.216891809375 0.48688609375 0.21122770000000002 0.48426237031249997 0.20200585625 0.48473134218749997 0.1989693953125 0.49231578125000003 0.1987931046875 0.5067831703125 0.202407071875 0.5148326546875001 0.20940248281249998 0.534256834375 0.214446534375 0.5457477921875 0.21912432499999998 0.5505301921875 0.24330963125 0.5511075703125 0.24603606249999999 0.5479567484375 0.24982631875 0.5415388421875 0.2567305453125 0.526428090625