866 1 0.821802621875 0.9995318203125001 0.81914744375 0.9723231999999999 0.8054346765625 0.9565406796874999 0.800284540625 0.9346502093750001 0.7829897 0.9171703390625 0.779461021875 0.8891656593749999 0.7949763640625 0.8668198484375 0.7975943609375 0.827557865625 0.811128159375 0.7813950015625 0.8192679171874999 0.7338150734375 0.84749009375 0.7125393453125 0.8842958296875001 0.7366335515625 0.9197124734375001 0.7796246921875001 0.9385753765624999 0.8264085609375 0.9395813093750001 0.8802652343749999 0.9300849250000001 0.926428096875 0.921945165625 0.9684637734375 0.8960227625 1 0.868944534375 1 0.821802621875
771 0.4150430140625 0.41185094375000003 0.3992573625 0.4291782515625 0.4128204953125 0.5285937984375 0.4491941703125 0.5380461796875 0.4749346765625 0.5321852640625 0.4999968703125 0.5224774437499999 0.49886947812500004 0.493588490625 0.509168184375 0.4732621703125 0.48512815781249996 0.45502418437500003 0.4725715375 0.44005004531249997 0.465785275 0.424058434375 0.4464392609375 0.415570128125 0.4337680234375 0.411193559375 0.4150430140625 0.41185094375000003
301 0.041005396875 0.7594260921875 0.05469566875 0.758334296875 0.089827334375 0.7494952968749999 0.115965871875 0.7290203265625 0.1350347328125 0.6965702296875 0.13249340625 0.665286253125 0.10737703437499999 0.657815415625 0.08191994062499999 0.6596598499999999 0.05595333125 0.6642384640625 0.026082506249999998 0.6747941749999999 0.041005396875 0.7594260921875
1606 0.28954447031249997 0.5886736203125 0.1181248203125 0.6625311421875 0.1342449328125 0.6808434515624999 0.2562059875 0.7201582515625 0.2632183546875 0.7374321625 0.24386921093749997 0.7514213 0.26342880625 0.8511016796875 0.4777948109375 0.7114960734375 0.476565325 0.6032949203125 0.28954447031249997 0.5886736203125
783 0.1636854625 0.510381034375 0.15423699375 0.5186579046875 0.1357953984375 0.51529880625 0.1248756875 0.5264794359375 0.1270221140625 0.5499000234375 0.1420117046875 0.5618008265625 0.17657654218750002 0.5609947921875 0.191059746875 0.5531523328125 0.21131330781250002 0.5442924015624999 0.2262487203125 0.5390145468750001 0.24548324687499998 0.53562298125 0.2602498640625 0.5237640359375 0.2550494625 0.49427109687500004 0.23813641875 0.4827094515625 0.2248983546875 0.48636584843749997 0.1838848453125 0.48434244687500005 0.16148485625 0.4697817875 0.1636854625 0.510381034375
718 0.3184172140625 0.026948979687500003 0.3162072171875 0.0537820609375 0.3220859328125 0.0871219078125 0.3130896734375 0.09796338125000001 0.30754855000000003 0.077785709375 0.29889614375 0.056834470312499996 0.28379506718749997 0.0330537984375 0.255905003125 0.037971568750000004 0.25997488281250003 0.061053 0.259178821875 0.09028110781250001 0.243737021875 0.075815703125 0.23282357187499997 0.042041446875 0.1885841609375 0.04984205 0.197857571875 0.079938978125 0.19655199375000001 0.11190126874999999 0.1953037234375 0.1385647734375 0.2077425953125 0.1866139265625 0.2163345625 0.2353413953125 0.2330183703125 0.26809818124999996 0.25139952656250003 0.2992335078125 0.269162809375 0.298745703125 0.28975709374999997 0.280570503125 0.297396725 0.2620352203125 0.318385909375 0.251723409375 0.34339079375 0.24731437343749998 0.3703764390625 0.237267396875 0.3799395234375 0.21839295625 0.40715127500000003 0.20962827968750003 0.4249176875 0.18666303125 0.4159849984375 0.1472508328125 0.398508259375 0.12124471249999999 0.3805793109375 0.0926739875 0.364290403125 0.067780590625 0.3569404453125 0.0373445046875 0.3482307296875 0.021692051562500002 0.3184172140625 0.026948979687500003
2001 0 0.1039529109375 0.058140453125000005 0.395452290625 0.12913940625 0.376322409375 0.07175993593749999 0.0902738625 0 0.0951804 0 0.1039529109375
744 0.4448086125 0.344460471875 0.47699779062500003 0.3414289921875 0.473042528125 0.3077499890625 0.440627246875 0.3094991671875 0.4448086125 0.344460471875
666 0.5305563578125 0.847631496875 0.6407120671875 0.758133059375 0.6026150421875001 0.5308264921875 0.486918209375 0.6001472578125 0.5305563578125 0.847631496875
575 0.48826195781250004 0 0.46793700312500003 0.0032289453125 0.54746218125 0.5048528375 0.600920825 0.5099705078125 0.7011154187499999 0.4539605640625 0.6229661671875 0 0.48826195781250004 0
353 0.6109840359375001 0.5557942140625001 0.6366421890625 0.735051628125 0.6477848734375 0.74763074375 0.7710098515625 0.6478948203125 0.7407118625 0.47606638593749995 0.6109840359375001 0.5557942140625001
1606 0.9173641796875 0.6062225625 0.8924166031249999 0.6053328140625001 0.8606796343750001 0.6109288984375 0.8352767203125 0.6299519890624999 0.812758984375 0.6484663421875 0.81428440625 0.6627412406250001 0.84799900625 0.6739846578125 0.8842611921874999 0.671557165625 0.916281575 0.6619445984375 0.9522666093750001 0.6185787046875 0.9401048890625001 0.611467953125 0.9173641796875 0.6062225625
783 1 0.5165240484375 0.9938052890625 0.5054807078125 0.9810798734375 0.48392548125 0.970500884375 0.4857908421875 0.959014346875 0.5050044406249999 0.9254112343750001 0.5056408953125 0.89616454375 0.5028648546875 0.87150038125 0.49795862187499995 0.8574693874999999 0.5083656859375 0.8538454546875001 0.53280374375 0.8569536078125 0.5560547546875 0.873245646875 0.5584707078125 0.8774905828125 0.543178340625 0.876474678125 0.5261692609375 0.8992153890625 0.5314146515625 0.92800986875 0.5316260875000001 0.9704373140625 0.536044515625 0.9763191593749999 0.5469069171875 0.967775109375 0.5603129953125 0.9547058406250001 0.5705504796875001 0.9511392187500001 0.5896897531249999 0.9627341125 0.6048334703125 0.9661256781249999 0.624067996875 0.9682721046875 0.6474885859375 0.96470548125 0.666627859375 0.97946896875 0.6772463578125001 0.9974041765624999 0.6608621968749999 1 0.6542238046875 1 0.5165240484375
676 0.6905847109375001 0 0.7872477124999999 0.6331321171875001 0.9148322437499999 0.50750625625 0.9493970828125 0.5067002234375 0.9606002078125 0.49150310937499997 0.8895059453125 0 0.6905847109375001 0
967 0.6887060359375 0 0.6846598859374999 0.0007134453125 0.69370093125 0.074482959375 0.7153111187500001 0.073316840625 0.70238338125 0 0.6887060359375 0
989 1 0.5085525828125 0.93508580625 0.498646328125 0.36784016249999996 0.982096359375 0.3684944171875 1 0.536245934375 1 1 0.918227646875 1 0.5085525828125
113 0.887009840625 0.8389881046875001 0.8557823890625 0.84185000625 0.8472925171875 0.872434740625 0.8579225546875 0.9102254796875 0.8881882796875 0.9075331562500001 0.9049929671875001 0.8847374859375 0.8997925656250001 0.8552445453124999 0.887009840625 0.8389881046875001
907 0.9124033640625001 0.88739734375 0.9297144375 0.8843449343750001 0.95732421875 0.860966203125 0.9732213578125 0.8555187703125 0.9720366578125 0.8319286031249999 0.9452229375 0.826079225 0.9267240328125 0.8280189109375 0.912861834375 0.8450070609375 0.9124033640625001 0.88739734375
907 0.7655520421875 0.8418940109375 0.7505020109375 0.8577694359375 0.7468780796875001 0.8822074953125 0.762545984375 0.8979552015625 0.7993718671875001 0.9099721875 0.8311088359375001 0.9043761031249999 0.8444042078124999 0.89542091875 0.843729025 0.8690965703125 0.823141003125 0.8423168828125001 0.7989863578125 0.83467646875 0.7655520421875 0.8418940109375
113 0.846907009375 0.797139021875 0.8360414765625 0.8254983109375 0.8403947687500001 0.844563259375 0.87388639375 0.8320469312500001 0.882882653125 0.8212054578125001 0.8787554640625 0.8034228109375 0.846907009375 0.797139021875
113 0.9254309765625001 0.770071428125 0.8962384640625001 0.7844740453125 0.896630234375 0.8148148781250001 0.9102058890625001 0.8243206546874999 0.9361725 0.819742040625 0.9438694421875 0.7959079703125 0.9254309765625001 0.770071428125
113 0.7745483 0.8310525375 0.7777710703125 0.8437059765624999 0.8145427749999999 0.8385443015625 0.8304399140625 0.83309686875 0.8217301984375001 0.8174444140625001 0.8005180421875 0.8039964796874999 0.7745483 0.8310525375
682 0.924971546875 0.4131665203125 0.9309075703125 0.4412075796875 0.9332227921875 0.47120925625 0.944365478125 0.4837883703125 0.9486104140625 0.468496003125 0.941200015625 0.4658361453125 0.9365664406249999 0.4283102375 0.942508725 0.4113964109375 0.9354390499999999 0.39942128593750004 0.924971546875 0.4131665203125
1716 0.10949328437500001 1 0.0993591140625 0.9553952875 0.1079604734375 0.9366904249999999 0.08489156249999999 0.8508505312500001 0.10129821875 0.8426689156249999 0.0901586640625 0.8076123562499999 0.0707553421875 0.8044228359375 0.04812611875 0.81105731875 0.08286220625 1 0.10949328437500001 1
1232 0.088792646875 0.867350875 0.076459 0.87613648125 0.080302775 0.8979356109375001 0.0935408390625 0.8942792125000001 0.088792646875 0.867350875
548 0.29390089375 0.5852611249999999 0.47588701093749997 0.5994480156249999 0.6135347531249999 0.5196458609375 0.6160219015624999 0.53375118125 0.7488037046875 0.4600957046875 0.7524818140625 0.45283630312499995 0.7035483890625 0.4508872265625 0.6018825515625 0.509800928125 0.5057130484375 0.504281315625 0.5006751828125 0.5263243484375 0.44314039843749997 0.5430801328125 0.40541009843750003 0.5259339421875 0.2961650671875 0.5756067 0.29390089375 0.5852611249999999
353 0.364448375 1 0.3615602859375 0.985848009375 0.5223530296875001 0.8517223062499999 0.483689178125 0.6324487046875 0.4755879453125 0.7158517140625 0.26484274218750004 0.85349670625 0.24149354843749998 0.7491958515625 0.2014386359375 0.769480315625 0.10022500625 0.830958621875 0.1029955671875 0.8410474562499999 0.09569665625 0.8502674718750001 0.10897950781250001 0.9312220609375 0.10388433281250001 0.9585638796874999 0.1126393984375 1 0.364448375 1
548 0.0476739109375 0.808492715625 0.0688891984375 0.79946320625 0.0913464953125 0.8087250812500001 0.097623240625 0.8274508734375001 0.26084269375 0.7352067156250001 0.2571677140625 0.7199886734375001 0.1368466984375 0.6843512015625 0.13797722031249998 0.6907627109375001 0.1283568265625 0.7149359375000001 0.1132494875 0.7361101484375 0.09073175156249999 0.754624503125 0.061596548437499996 0.7637283359375 0.041683709375 0.7632729968749999 0.0413429875 0.7725882656249999 0.0476739109375 0.808492715625
353 0 0.5163695171875 0.0779834625 0.4911161875 0 0.1022052921875 0 0.5163695171875
1939 0.463754065625 0 0.1508507296875 0.0551733 0 0.0804699546875 0 0.0912063609375 0.07323117968750001 0.087370103125 0.13061065 0.37341864999999996 0.0622134640625 0.396056278125 0.0822825765625 0.49300247812500003 0 0.5178988265625 0 0.527574659375 0.022576321875 0.6661572203125 0.02636591875 0.6707776921875 0.1191438546875 0.6570627796874999 0.29197744062500003 0.58560028125 0.290394709375 0.5766241703125 0.4680942359375 0.499014996875 0.5465004546875 0.5050224156249999 0.46636810781250004 0 0.463754065625 0
1939 0.631319025 0 0.699984896875 0.44754905625 0.7557077140625 0.4430123 0.6903537296875 0 0.631319025 0
1939 0.8918331437499999 0 0.9602594859375 0.5008183796875 1 0.5021895734374999 1 0.4780460796875 0.9181536593749999 0 0.8918331437499999 0