1067 0.3813952359375 0.7831990625 0.3662241765625 0.8030849703125 0.3690591984375 0.8144556234375001 0.38894510625 0.82962668125 0.4221018703125 0.833437275 0.4486435828125 0.8107163453125 0.4439287328125 0.7756593781250001 0.42025260781249996 0.7614333281250001 0.3813952359375 0.7831990625
1221 0.2800349296875 0.7641868453125 0.2762345234375 0.78123773125 0.3311672109375 0.8077998187500001 0.3491834796875 0.7831786859375 0.342568428125 0.7566471625 0.30373143125 0.746201140625 0.2800349296875 0.7641868453125
291 0.35681485468749996 0.7007592796875 0.4022974671875 0.6894191921874999 0.40326285000000006 0.660997653125 0.3919125734375 0.63162091875 0.3767720796875 0.6031891921875 0.36542180156250004 0.5738124578125 0.3218393921875 0.5766271046875 0.3379452703125 0.5766372921875 0.348340353125 0.6183296875 0.3416845484375 0.6562216750000001 0.350189615625 0.6903336343750001 0.35681485468749996 0.7007592796875
581 0.49723629375 0.3758882 0.5455844921875 0.3276011296875 0.5938919390625 0.343737571875 0.6630506765625 0.34662353437500004 0.6639549312499999 0.414837265625 0.7321482859375 0.446144765625 0.6329225078125 0.048171909375 0.37992293125 0.1152776234375 0.4404034046875 0.35785155468749996 0.47157846093750005 0.49903461718750003 0.49723629375 0.3758882
1373 0.3209045734375 0.5567310078125 0.3152549046875 0.501777946875 0.2972692 0.4780814453125 0.26792303125 0.44111408750000003 0.21768481718750002 0.48182072187499997 0.24797599374999998 0.522578296875 0.265006503125 0.558590459375 0.2867926140625 0.565236075 0.3209045734375 0.5567310078125
454 0.177831571875 1 0.246766096875 0.9375409109374999 0.2183954984375 0.8560461359374999 0.13312069531249998 0.8692558640625 0.09141811250000001 0.8957568234375 0.10467878125 0.9005022374999999 0.126307859375 1 0.177831571875 1
1040 0.435091590625 1 0.45806309218749997 0.89693615625 0.4011792625 0.9594289015624999 0.39114098125 1 0.435091590625 1
1754 0.52765611875 1 0.5660078859375 0.9907975312499999 0.6685577125 0.6270588906250001 0.322723271875 0.677052590625 0.0740044921875 0.8582080859375001 0.10368283281249999 0.9772414093749999 0.1101432953125 1 0.52765611875 1
410 0.16771149375 0.10377452499999999 0.14876040468750001 0.1084995625 0.1250435265625 0.1586970234375 0.1250333390625 0.1748029015625 0.12596815781249998 0.194698996875 0.141108653125 0.2231307234375 0.159104546875 0.230721346875 0.178055634375 0.2259963109375 0.20459734687500003 0.20327538125000003 0.2112429625 0.1814892703125 0.22642420937500002 0.145497484375 0.26054635625 0.12088653906249999 0.27385796406249996 0.0451025625 0.2141645828125 0.055959959375 0.155416209375 0.0706075734375 0.15825123125 0.0819782265625 0.16771149375 0.10377452499999999
2001 0.6696351640625 0.4214726921875 0.660195278125 0.3674646375 0.6062076000000001 0.3446927671875 0.5635803859374999 0.335191753125 0.5474745078125001 0.335181565625 0.512397165625 0.3721081703125 0.5048065421875 0.39010406406250003 0.5208716671875 0.4545377640625 0.6696351640625 0.4214726921875
1228 0.236472896875 0.734789734375 0.2213833421875 0.6258286171874999 0.0373505828125 0.7111972843750001 0.06682754375 0.8294229203124999 0.11704538125 0.8209280421875 0.236472896875 0.734789734375
1716 0.026192225000000003 0.666443559375 0.047012953125 0.7015107140625 0.206222471875 0.6296086468750001 0.20338745 0.61823799375 0.0925363171875 0.6257471125 0.0622043875 0.6494130499999999 0.0356728640625 0.6560281031249999 0.026192225000000003 0.666443559375
968 0 0.3990202578125 0.023520212500000002 0.39737885624999997 0.1410271484375 0.3519777484375 0.1524079890625 0.33303684843750003 0.08991524375 0.27615301875 0.1155017609375 0.26574775 0.093776778125 0.16246686562499998 0.1193734828125 0.1359557171875 0.021242503125 0.1040608359375 0 0.10935718750000001 0 0.3990202578125
1483 1 0.4627255015625 0.9067020609374999 0.0805568625 0.8564434703125 0.1534752546875 0.9669176453125001 0.741883625 1 0.8022008640625 1 0.4627255015625
1280 0.8600808671875001 0.39411841875000003 0.8288141187500001 0.397888259375 0.841099215625 0.44716108906249996 0.87142095625 0.43960103124999994 0.8600808671875001 0.39411841875000003
351 0.8403375921875 0.153465065625 0.8592988687500001 0.13263415 0.8356736843749999 0.037878709375 0.63289194375 0.09648954374999999 0.71703835625 0.3693954046875 0.8781175125 0.33728552968750003 0.8403375921875 0.153465065625
268 0.812708240625 0.397878071875 0.7890219265625 0.3997578984375 0.7653356140625001 0.40163772499999995 0.7293234515625 0.418668234375 0.7425535546875001 0.47173128281250004 0.8221481265625 0.45188612656249993 0.812708240625 0.397878071875
1786 0.37681283125 0.5387656796875 0.41281480468750004 0.5378410484375 0.42135043593750005 0.5236353734375 0.42136062343749997 0.5075294953125 0.4071549484375 0.49899386406249996 0.38914886718749997 0.50750911875 0.37966822968749997 0.5179245765625 0.37681283125 0.5387656796875
1387 0.065039409375 0.660783703125 0.091570934375 0.6541686515625 0.0906361140625 0.63427255625 0.0764406265625 0.6096310468749999 0.056544531249999995 0.610565865625 0.0319132109375 0.6086554750000001 0.027167796875 0.62191614375 0.0451433140625 0.6617185234375 0.065039409375 0.660783703125
1008 0.22428968125 0.5244581234375 0.2138640359375 0.5310833640625 0.19206773593749998 0.5405436265625 0.1911329171875 0.5206475296875 0.16933661875 0.5301077921874999 0.1816115265625 0.5954865 0.2413100015625 0.5765761640625 0.22428968125 0.5244581234375
581 0.0974854921875 0.2903688828125 0.1448377421875 0.3188209859375 0.1315465109375 0.36239320625000004 0.1211004890625 0.401230203125 0.146666628125 0.42303668906249997 0.165597340625 0.450523409375 0.1940290671875 0.43538291406249996 0.1250129625 0.2070146578125 0.1089376484375 0.1586868359375 0.0928215828125 0.174782525 0.1126667390625 0.254377096875 0.100340890625 0.2695277796875 0.0974854921875 0.2903688828125
351 0.3162202890625 0.4733564078125 0.44793289999999997 0.43649093125 0.3921774640625 0.21286808750000002 0.409248725 0.1844567375 0.3827273890625 0.1749659109375 0.19794154218749999 0.24116736875 0.2263528921875 0.25823863125 0.27453808281250003 0.46764561093749996 0.3162202890625 0.4733564078125
301 0.5028655859375 0.46305301875 0.519906284375 0.482959303125 0.55875346875 0.47729944687500003 0.56350906875 0.44793289999999997 0.5474133796875 0.431816834375 0.5322525078125 0.4355968640625 0.5028655859375 0.46305301875
1606 0.5189409 0.511380840625 0.4838737453125 0.53220156875 0.69801595 0.4868615890625 0.6752848328125001 0.47642575468750004 0.5189409 0.511380840625
1608 0.5720141359375 0.482044859375 0.589999840625 0.5057413609375 0.6089509296875 0.5010163234375 0.6061260953125001 0.47353979218750003 0.5995008546875 0.463114146875 0.5720243234375 0.46593898125 0.5464479953125 0.46023837187499994 0.542647590625 0.4772892578125 0.5720141359375 0.482044859375
1699 0.5871953828125 0.4460530734375 0.610881696875 0.444173246875 0.6374234078125001 0.42145231718750004 0.6412238140625 0.40440143125 0.6128124640625 0.3873301703125 0.6042768328125 0.4015358453125 0.591026353125 0.380684553125 0.5758756703125 0.3683587046875 0.56639503125 0.37877416249999996 0.5815457140625 0.3911000109375 0.555949009375 0.417611159375 0.5871953828125 0.4460530734375
666 0.9309666109375 0.662278865625 0.874245790625 0.4670775625 0.71601184375 0.4944522125 0.751922125 0.6384804843749999 0.750936365625 0.6991137796875 0.9309666109375 0.662278865625
353 0.3360145046875 0.63348036875 0.3426703078125 0.59558838125 0.37962747812500003 0.5823480890625 0.40612843749999994 0.624050671875 0.465816725 0.6212462140625 0.47053157343749996 0.6563031796875001 0.500853315625 0.6487431203125 0.47060288906250003 0.5435620328125 0.261195909375 0.5917472234375001 0.29808176249999996 0.691248078125 0.33788414218749996 0.6732725609375 0.3360145046875 0.63348036875
1387 0.261547234375 1 0.2836825140625 0.98872413125 0.30927921875000003 0.962212984375 0.3121346171875 0.94137188125 0.28561328124999996 0.9318810546874999 0.25813674999999997 0.9347058890625 0.18872421718750002 1 0.261547234375 1
896 0.425028584375 0.699855025 0.44111408750000003 0.7320769687500001 0.4685804296875 0.7453580140625 0.4837514890625 0.72547210625 0.4657555953125 0.7178814828125 0.4525153046875 0.6809243125 0.469576378125 0.668618840625 0.46201631875000004 0.6382970984375 0.45065585312499995 0.62502624375 0.41938910468749996 0.628796084375 0.39190238593750004 0.647726796875 0.4079777 0.6960546187500001 0.425028584375 0.699855025
1416 0.114322428125 0.6323927296875 0.1436991625 0.6210424515625 0.14370935 0.6049365734375 0.12951386250000002 0.580295065625 0.1124629765625 0.576494659375 0.09540190312499999 0.58880013125 0.0944467078125 0.6011157921875 0.102951775 0.6352277515625 0.114322428125 0.6323927296875
2001 0.091693190625 0.4608981140625 0.18170321875 0.450533596875 0.14196196875 0.3718738453125 0.070903028125 0.377513325 0.091693190625 0.4608981140625
580 0.291711225 0.2781754796875 0.26233449062499997 0.28952575625 0.267059528125 0.30847684375 0.29738126875000004 0.30091678593750004 0.291711225 0.2781754796875
580 0.3162814171875 0.3767211390625 0.28122444999999996 0.3814359875 0.2897397046875 0.39944206875 0.320061446875 0.391882009375 0.3162814171875 0.3767211390625
301 0.312511575 0.345454390625 0.30684153125 0.322713084375 0.2812550140625 0.33311835312500004 0.2831450296875 0.3406987890625 0.282189834375 0.3530144484375 0.312511575 0.345454390625
301 0.3608495859375 0.3132731984375 0.3343180625 0.31988825 0.34662353437500004 0.3369493234375 0.3684198328125 0.32748906093749997 0.3608495859375 0.3132731984375
1008 0.7673580734375001 0.1998417453125 0.7171402359375 0.2083366234375 0.7247002953125 0.238658365625 0.7720831109375 0.2187928328125 0.7673580734375001 0.1998417453125
580 0.8384272015625 0.1780963875 0.8052602500000001 0.19039167031249998 0.8099852875 0.209342759375 0.845042253125 0.2046279109375 0.8384272015625 0.1780963875