1142 0.6746349281249999 0.5603460359375 0.7455156421875 0.6012154875 0.728737615625 0.34079912343749996 0.6602850250000001 0.355132859375 0.6746349281249999 0.5603460359375
1228 0.681331815625 0.5741983421875 0.6670809015625 0.5751948640625 0.6907069203125 0.8618641546875001 0.7685932421875 0.9824390796875001 0.787831978125 0.9810937765625001 0.757997565625 0.62611974375 0.681331815625 0.5741983421875
646 0.58725624375 0.45761959843750005 0.5766045296875 0.47936798437499994 0.594140709375 0.5048735203125 0.5891411640625 0.5357737328125001 0.5994007796874999 0.5493769078125 0.6191045578125001 0.55468203125 0.6400158874999999 0.5465368234375 0.6561686625 0.521539646875 0.659163440625 0.492689034375 0.6523818828125 0.46738616874999994 0.6422551375000001 0.455683115625 0.58725624375 0.45761959843750005
646 0.5439303328125 0.5036110390624999 0.54429898125 0.5293623375000001 0.5575416484375 0.54466633125 0.5741295046875 0.5463705156249999 0.5938450093750001 0.5211242078125 0.5882892375 0.4928715078125 0.5634465343749999 0.4755145484375 0.5518647328124999 0.483962078125 0.5439303328125 0.5036110390624999
646 0.45081610781250003 0.49293750000000003 0.4452186484375 0.5152871640625001 0.4466802125 0.53618850625 0.460454359375 0.5590929890624999 0.48020633593750006 0.554847675 0.49299568593750004 0.5329498140625 0.4965219421875 0.5116996890625 0.48677556875 0.495196503125 0.47315252812499997 0.4846926390625 0.45081610781250003 0.49293750000000003
544 0.6717482718750001 0.5395443453125 0.35039014062499996 0.5620158953125001 0.3416949953125 0.591265115625 0.656060540625 0.57119195 0.6717482718750001 0.5395443453125
369 0.8980369046875 0.6115537078125 0.8858754296875 0.6219511859375 0.8869084234375 0.6572030953125 0.8806466171875 0.67005215 0.8903265578124999 0.6856052734375 0.8925189031249999 0.7169572859375 0.8934190265625 0.7503090734375 0.8893130953125 0.7735091453125 0.8819583718749999 0.7912081578125 0.897006503125 0.8016123671875001 0.9164445421874999 0.8031172468750001 0.9273619953125 0.7851691062499999 0.9086664624999999 0.7635634671875 0.9052418187500001 0.6941093625 0.9133755234375001 0.6773105875 0.90525354375 0.6635579328125 0.902463284375 0.6236553703125 0.8980369046875 0.6115537078125
369 0.8415529984375001 0.6536917109375 0.838986790625 0.6681917546875 0.8460158515625 0.6867943671875001 0.8478095890624999 0.7124460140625 0.8512277218750001 0.7408481921875001 0.8511313265625 0.7599490624999999 0.8422004031249999 0.76534710625 0.8360714687499999 0.7800962828125 0.8509867296875001 0.788600371875 0.8653705140625 0.789503971875 0.8789570812499999 0.7790068421874999 0.8780269953125 0.7657059875 0.8686127953125 0.75395310625 0.8624890734375 0.6970989265624999 0.8667278749999999 0.675798975 0.859831684375 0.659096484375 0.85281435 0.60994244375 0.8417939890625 0.6059395296875 0.8415529984375001 0.6536917109375
1049 0.7886565984375 0.22490851093750003 0.79058320625 0.252460278125 0.7951971640625 0.2979635546875 0.795765115625 0.32656503593749997 0.795421215625 0.35236616249999997 0.7863092265625 0.3654145203125 0.7818711203125 0.3838642875 0.7892323546875 0.407217203125 0.803634375 0.41862130156250005 0.8214480203125 0.41737565156249995 0.83516745625 0.40877864218750004 0.8408313484375001 0.3873790390625 0.8306199328125 0.3642254265625 0.8155718000000001 0.353821215625 0.8122500640625001 0.30631816562499997 0.811627403125 0.2462151921875 0.8065666390624999 0.2045619875 0.7946826265625 0.1882082796875 0.7886565984375 0.22490851093750003
828 0.305167584375 0.5604046328125001 0.285065196875 0.5493991421875 0.263888128125 0.5537441078125 0.25633410156249997 0.568592934375 0.2410866640625 0.555338540625 0.212584834375 0.5573315828125 0.19477119062499998 0.5585772343750001 0.18431878125 0.5831758015624999 0.1749592890625 0.6029244125 0.16183776562500002 0.6200719703125 0.1628342859375 0.6343228859375001 0.18487500625 0.6423287140625 0.1979848046875 0.6557325859375001 0.208432 0.7027373765625 0.31027784375 0.7051626859375 0.316647771875 0.6426613296875 0.3084893203125 0.60790768125 0.31019187656249997 0.5810568421875 0.305167584375 0.5604046328125001
1417 0 0.20225855781250002 0.0214311078125 0.1993174984375 0.041249518750000005 0.1960222453125 0.0724504265625 0.18142928125 0.08142954531249999 0.1664808 0.07821071562500001 0.14092880624999998 0.0594005515625 0.1279235421875 0.0359347390625 0.12001736562500001 0.021647353124999998 0.10001289218750001 0.008434646875 0.06465796562500001 0 0.044229356250000004 0 0.20225855781250002
1422 0 0.299886525 0.00190969375 0.29901734375 0.0010343156250000002 0.31721798125 0.0122904515625 0.3450720734375 0.0330571859375 0.365578171875 0.0415113390625 0.3840811328125 0.060321503124999995 0.39708639687499997 0.083503340625 0.39069183125 0.10230699375 0.3626451671875 0.1058814484375 0.3318446078125 0.0996613296875 0.29409129843750004 0.0944377328125 0.2705889015625 0.10556621562499999 0.22493951406249998 0.0918767390625 0.213485590625 0.0789662453125 0.20293190156250002 0.0611526015625 0.204177553125 0.0511287640625 0.21442555312499997 0.040440576562500004 0.21517294374999998 0.0341123359375 0.22707193750000002 0.0226269328125 0.21641859531250002 0.0100785734375 0.1905642796875 0 0.19126904218750002 0 0.299886525
1085 0.1211340984375 0.2734956421875 0.10968516875 0.283843296875 0.0991845609375 0.3179923 0.1015097765625 0.3512444359375 0.11632864218750001 0.378849396875 0.13570024687499999 0.37940421562500004 0.15921425625000002 0.3777599546875 0.176230684375 0.365113571875 0.1866830921875 0.34051500468749996 0.1846900515625 0.31201317500000003 0.172473865625 0.29090916093749997 0.1570935609375 0.275754646875 0.1409525109375 0.27020039218749997 0.1211340984375 0.2734956421875
1506 0.3606588578125 0.84198156875 0.3535529328125 0.965635609375 0.6979118343749999 0.9444198109374999 0.6977242546875 0.911018196875 0.642826975 0.8222504515625 0.3606588578125 0.84198156875
544 1 0.818785753125 0.892555375 0.7379582796874999 0.7744238875 0.758630025 0.9852071515624999 0.967291959375 1 0.96625754375 1 0.818785753125
1539 0.5280029374999999 0.1734416109375 0.51341985 0.1696878265625 0.4981724140625 0.1564334328125 0.48249640625 0.15752960625 0.46587858750000005 0.17587635468750001 0.4782276421875 0.1988804890625 0.47113865781250003 0.22037974375 0.5502794343749999 0.20529861562499999 0.54182528125 0.18679565625 0.5280029374999999 0.1734416109375
1539 0.35699846874999996 0.226451790625 0.3621308828125 0.1974516984375 0.3573723296875 0.1805997328125 0.3422278015625 0.1892963921875 0.3342934015625 0.2089453515625 0.3284966375 0.2284448328125 0.35699846874999996 0.226451790625
1539 0.59085806875 0.1814575359375 0.5794091390625 0.1918051890625 0.5623927109375 0.2044515734375 0.560025809375 0.22180180156249998 0.577839453125 0.22055615 0.5990165203125 0.216211184375 0.604481109375 0.1919614 0.59085806875 0.1814575359375
1539 0.6111297984374999 0.21536414218750002 0.649987640625 0.2078734046875 0.650796584375 0.18872270625 0.6425417359375001 0.17306992968749998 0.63018095625 0.1806172265625 0.614704253125 0.18456358125 0.6111297984374999 0.21536414218750002
1083 0.4793192640625 0.081375246875 0.4785103234375 0.1005259453125 0.4990412796875 0.09718086718749999 0.5044576703125 0.08248151875000001 0.4793192640625 0.081375246875
316 0.0448526078125 0.5547399625 0.032026784375 0.5556368328125 0.0067737453125 0.5631309359375 0.010210115625 0.6020336109375 0.024195290624999997 0.597236846875 0.05189990625 0.5838430734375 0.0448526078125 0.5547399625
1073 0.22195737968749998 0.0974623296875 0.222259590625 0.12226356875 0.2457736 0.1206193078125 0.24626860625 0.10721880312500001 0.22195737968749998 0.0974623296875
477 0.3042427125 0.4755004203125 0.2949131828125 0.4751980984375 0.2913686890625 0.48594772500000005 0.288573215625 0.5176485203125 0.31422486250000004 0.5158547828125 0.3121653859375 0.486402890625 0.3042427125 0.4755004203125
975 0.253042325 0.5010389515625 0.2543710203125 0.5200401703125 0.2636341140625 0.51939243125 0.26230542031250004 0.5003912125000001 0.253042325 0.5010389515625
1387 0.21866949062500002 0.36787420000000004 0.2216343078125 0.359074521875 0.219025115625 0.311521646875 0.21133821875 0.3244703515625 0.2069001125 0.34292011875 0.21103079375 0.3712724703125 0.21866949062500002 0.36787420000000004
278 0.647770515625 0.6471934640625 0.6756262343749999 0.6462003078125 0.6713744109374999 0.5853964046875 0.643585128125 0.5873396203125 0.647770515625 0.6471934640625
278 0.65519296875 0.7430997968749999 0.6855002625 0.736206971875 0.6785975609375 0.67845255625 0.648737075 0.6814953109374999 0.65519296875 0.7430997968749999
897 0.5748759328124999 0.3420111125 0.5210546296875 0.35054820000000003 0.52919484375 0.3748013515625 0.5780947624999999 0.3675631078125 0.5748759328124999 0.3420111125
897 0.5789948859375 0.400914896875 0.5354631609375 0.40300422343750003 0.53220264375 0.4280545921875 0.5814347359375 0.42556665625 0.5789948859375 0.400914896875
999 0.63109863125 0 0.634968175 0.06476297656249999 0.6539229359375 0.04911693125 0.6480118312500001 0 0.63109863125 0
1566 0.44781744218749997 0.18382225937500002 0.43963553906249997 0.210171471875 0.448850434375 0.21907416875000002 0.4638138953125 0.21802782187499997 0.46694154374999997 0.19107733124999998 0.44781744218749997 0.18382225937500002
599 0.3687912984375 0.19030301249999998 0.40634519375 0.215363478125 0.4406437859375 0.19387095625 0.4353055546875 0.17896893593750002 0.386007028125 0.1805068109375 0.3687912984375 0.19030301249999998
791 0.3368087875 0.50090966875 0.3305287453125 0.5032582265625 0.3291218890625 0.513858375 0.33695989375 0.5133102890625 0.3368087875 0.50090966875
792 0.3908502546875 0.20880933750000003 0.3760196640625 0.21175580625 0.367867721875 0.21805408437499998 0.368332765625 0.2247045125 0.386146409375 0.22345886093749998 0.3908502546875 0.20880933750000003
353 0.677445296875 0 0.616762434375 0.1013601890625 0.6426498578125 0.1234176265625 0.659373175 0.35233250156249996 0.7364427499999999 0.3383509140625 0.752574665625 0.5997671671875 0.6807339031249999 0.5656477921875 0.68003959375 0.576198115625 0.7641447390625 0.6218710656249999 0.7911954031249999 0.9779944640625 0.9730274375000001 0.9671889421875 0.7798285515625001 0.7744821046875 0.7792124031250001 0.755431059375 0.8928693125 0.7322080875 1 0.8101369671875001 1 0.492779325 0.9655415125 0 0.677445296875 0
353 0 0.49575974375 0.003108109375 0.5414290125 0.0487110375 0.5382401453125001 0.053052746875 0.5388912484375 0.057774828125 0.534742221875 0.050865615625000006 0.435935878125 0.2284888109375 0.4263793734375 0.23123087187500002 0.47583237343749996 0.231961653125 0.48628304218749996 0.237015909375 0.486884321875 0.24310315781249997 0.522737509375 0.24802454375 0.5214386656250001 0.24619433281249997 0.4747860265625 0.33831203906249996 0.4712086484375 0.340981153125 0.47865965624999995 0.3473341421875 0.5183130890625 0.3516758515625 0.51896419375 0.34737582968749997 0.46771072656249996 0.66459155625 0.4474382546875 0.6458452359375 0.21007248281250002 0.33283834843750004 0.2290959359375 0.33095993749999997 0.1919937328125 0.34845313437500003 0.15544634531249998 0.3563393359375 0.1453478234375 0.35118217343749997 0.1227954890625 0 0.15631390625 0 0.49575974375
407 0.494685140625 0 0.47801402031249995 0.0012711671875 0 0.0346971625 0 0.1516518046875 0.3516954140625 0.1198954796875 0.3578308609375 0.1461982328125 0.640198284375 0.1293172984375 0.639733240625 0.12266687031250001 0.6130668359375 0.0997091953125 0.6334766484375 0.0639125671875 0.62962458125 0 0.494685140625 0
1209 0.031211331250000002 0.5337356046874999 0.0441035890625 0.5337887968749999 0.042128784375 0.5157874625 0.03732203125 0.50848593125 0.033692867187499996 0.5077849999999999 0.034357215625 0.5172856109375 0.030480548437499998 0.5232849328125 0.031211331250000002 0.5337356046874999
1209 0.0046960328125 0.5231785484375 0.004134592187499999 0.53562899375 0.00562611875 0.536479403125 0.016893981250000002 0.5337820640625 0.0161632 0.5233313921875 0.0046960328125 0.5231785484375
353 0.34540882968750003 0.6034166062499999 0.042244712499999997 0.619842371875 0.06449124687499999 0.6717503109375 0.3297575703125 0.6560652015625 0.334117515625 0.6672168046875 0.3265817234375 0.692566128125 0.3364805 0.83412521875 0.36725283750000004 0.83388281875 0.3684121890625 0.8299829234375 0.6783031562499999 0.8073585296875001 0.6690817499999999 0.7574039046875 0.6789245203125 0.75480621875 0.666700528125 0.5799949953125 0.66603618125 0.570494384375 0.352002809375 0.59531785625 0.34819257812500004 0.602267240625 0.34540882968750003 0.6034166062499999
1723 0.044231243749999996 0.607292275 0.0446298515625 0.6129926421875 0.1793674328125 0.604525578125 0.195701278125 0.5718780875 0.12282230624999999 0.5741101609375 0.06426068593749999 0.5762957765625 0.044231243749999996 0.607292275
1387 0.38480336406250004 0.531922996875 0.3939036296875 0.5494260703125 0.40674768749999995 0.5590296984375 0.4162100875 0.5612321421875001 0.44094988593749995 0.5566380484375 0.45039404843749997 0.5483399953125 0.4445425765625 0.536337984375 0.444173928125 0.5105866859375 0.4479659234375 0.4931368046875 0.456117865625 0.486838525 0.45571925625 0.48113815937500004 0.44312269843749996 0.4648342796875 0.3973869015625 0.4661230234375 0.3867833859375 0.4783209734375 0.3803405125 0.498820340625 0.3799119421875 0.5131709078125 0.38480336406250004 0.531922996875
1532 0.5244740578125 0.4916056609375 0.51507809375 0.490353278125 0.5159417453125 0.5027040703125001 0.505253559375 0.5034514609375 0.49657665156249997 0.543201178125 0.496661321875 0.5546517375 0.4990646984375 0.558302503125 0.547451375 0.553964271875 0.546454853125 0.5397133546874999 0.5365391374999999 0.500309053125 0.5250719703125 0.5001562109375 0.5244740578125 0.4916056609375
353 0.35014046875 1 0.35262935624999997 0.993386684375 0.34781609375 0.9450332234375001 0.3418499890625 0.9416315890625 0.3254888078125 0.6974160859375 0.2725506875 0.8414597453124999 0.0487930859375 0.8466046281249999 0.0459911 0.837253496875 0.023702878125 0.835947921875 0.0345715453125 1 0.35014046875 1
1211 0.5623692609375001 0.2655544328125 0.5509020953125 0.2654015890625 0.538275575 0.2691486421875 0.5184571625000001 0.2724438921875 0.520335571875 0.3095460984375 0.5235843640625 0.315047159375 0.54204411875 0.312801621875 0.5572068828125001 0.31460545624999997 0.563154753125 0.3075065953125 0.5618924921875 0.2894554359375 0.5619888875 0.27035456406249997 0.5623692609375001 0.2655544328125
896 0.3586306703125 0.3829095328125 0.3820782453125 0.3803152125 0.3804655765625 0.34701325 0.3743666015625 0.3417114921875 0.35661939062500003 0.34390720625000004 0.3586306703125 0.3829095328125
1365 0.36879259375 0.30295829687500003 0.3634908375 0.30905727031249997 0.366111753125 0.3260587171875 0.3888467828125 0.323514221875 0.3875180875 0.30451300312499996 0.3909297109375 0.291863253125 0.38788022187500004 0.289212375 0.3736957421875 0.29115895625 0.3689072265625 0.294357921875 0.36879259375 0.30295829687500003
994 0.0406633 0.6791447640625 0.0647569859375 0.6755505546875 0.0650709234375 0.6698003625 0.0419125390625 0.6150920671875 0.0470149921875 0.606142909375 0.0465499484375 0.5994924828125 0.0391587515625 0.5961904984374999 0.027758021875 0.596987715625 0.0129274296875 0.5999341859375 0.005934840625 0.6023325671875 0.0120520515625 0.618134821875 0.008127187499999999 0.63368458125 0.011714664062500001 0.684987875 0.01890655625 0.6854396765625 0.0406633 0.6791447640625
1394 0.077885021875 0.6994549234375 0.07715423906249999 0.689004253125 0.085819421875 0.6798059656250001 0.08114553906250001 0.6744045562500001 0.06760717031249999 0.6753512500000001 0.0549142140625 0.6781482421875 0.039238207812499995 0.679244415625 0.0167024828125 0.6846390921875 0.0117810984375 0.6859379359375 0.0168601 0.7380916390625 0.036811381250000004 0.736696509375 0.052801323437500006 0.72985014375 0.0658746515625 0.7222530218750001 0.0669493328125 0.70690256875 0.077885021875 0.6994549234375
548 0.048460910937500004 0.8418543234375001 0.27170527187500004 0.8396094484375001 0.33347140625 0.6682166921875 0.330023309375 0.6598654453125 0.0852215078125 0.6712554171875 0.08724451250000001 0.6797063140625 0.08129664375 0.686805175 0.080155528125 0.7012055687500001 0.069799515625 0.7067032640625001 0.068078721875 0.7230536062499999 0.035519159375 0.738696284375 0.015567878125 0.7400914125 0.0170294421875 0.7609927546875 0.022144917187499998 0.8341474515625 0.048641979687499996 0.8342040109375001 0.048460910937500004 0.8418543234375001
790 0.18716637187500001 0.357665928125 0.18255892499999998 0.35321457968750003 0.17810258125 0.36116385 0.17222115 0.36921277343750003 0.16620684531250002 0.3753615734375 0.20837991250000001 0.3743219578125 0.2088267203125 0.37047188750000004 0.1950043765625 0.3571178421875 0.18716637187500001 0.357665928125
1086 0.1627157671875 0.3049574078125 0.15847045312500002 0.28520543125 0.15068065 0.27620308125 0.14017353125 0.2693001578125 0.1267015953125 0.2711969140625 0.11739030156250001 0.28139508750000003 0.11088099375 0.30094439375 0.109492375 0.322045040625 0.1080855203125 0.332645190625 0.10217412343750001 0.36074504531249996 0.0948858359375 0.3793941171875 0.115483228125 0.37699910000000003 0.15921425625000002 0.3777599546875 0.16685295625000002 0.37436168593749997 0.1749384625 0.36711334687499997 0.171689671875 0.361612284375 0.1668347203125 0.3638611890625 0.1630726859375 0.3612601359375 0.16376699687500001 0.3507098125 0.166647140625 0.330459575 0.164406596875 0.3086579984375 0.1627157671875 0.3049574078125