666 0.6071283843749999 0.8534859859375 0.6656450375 0.8584142421875001 0.6652162296874999 0.6591576609375001 0.6656252703125001 0.6357237312499999 0.790469884375 0.6457165921875 0.790878925 0.6222826609375 0.599501828125 0.6189421625 0.6071283843749999 0.8534859859375
353 0.71143099375 0.2497456140625 0.25042735 0.24951245625000001 0.26173527343749997 0.27315090625 0.2710661671875 0.4100533546875 0.685133778125 0.4133740859375 0.6914936765624999 0.27283867812499996 0.71143099375 0.2497456140625
353 0.008023809375 0.48359883281249993 0.047080359375000005 0.48428056875000003 0.1526012203125 0.482215596875 0.1520360640625 0.290770325 0.1601882421875 0.271378396875 0.17608355625 0.2560284703125 0.017042475 0.190742878125 0.008023809375 0.48359883281249993
1716 0.001118521875 0.6553794828124999 0.063609003125 0.6564702578125 0.11485973281249999 0.630016928125 0.12678121874999998 0.6185044828125 0.0057059125 0.61639110625 0.001118521875 0.6553794828124999
1228 0.066034609375 0.9651533546875 0.1614746671875 0.869148140625 0.14980610781249998 0.6423474546875 0.0629954421875 0.691621153125 0.066034609375 0.9651533546875
1606 0.3693408734375 0.5992973078125 0.357283040625 0.6186210625 0.34838095468749997 0.680975196875 0.5905997421875 0.6812962953125 0.5838792078124999 0.6186694671875 0.5646918000000001 0.598800325 0.3693408734375 0.5992973078125
1608 0.46780033125 0.5541337828125 0.45183684375000005 0.5733893640625001 0.467391290625 0.5775677140625 0.4708879046875 0.6010698171875 0.486510525 0.6013425109375 0.4906207 0.58969371875 0.5063796671875 0.5821551031250001 0.5026785328125001 0.5703699640625 0.483354778125 0.5583121328125 0.48383199218749995 0.530972546875 0.480062684375 0.5230930625 0.46855023906250004 0.511171578125 0.46780033125 0.5541337828125
1416 0.03736019375 0.5935025625 0.0763485703125 0.598089953125 0.1310959140625 0.5951387265625 0.1362286921875 0.5249051078125 0.144244521875 0.513324490625 0.10148683750000001 0.5008576171875 0.0781210796875 0.49654292031249997 0.038791835937500005 0.51148380625 0.03736019375 0.5935025625
183 0.34583876875 0.602793921875 0.36968174062500003 0.57976903125 0.36611695312500003 0.5601725828124999 0.3507670265625 0.5442772687499999 0.339527275 0.5167331640625 0.31218769062499996 0.5162559484375 0.2884128921875 0.535375184375 0.2802607140625 0.5547671125 0.283552809375 0.58998618125 0.34583876875 0.602793921875
1699 0.679864653125 0.4914190140625 0.6753454375 0.5265017359375 0.6906271890625 0.5463027046875 0.6939874578125 0.57761611875 0.6974158984375001 0.605023878125 0.7209180015625 0.6015272640625 0.72900200625 0.586040990625 0.7333848749999999 0.5587695781249999 0.7534585375 0.5278652046875 0.7579777546875001 0.4927824828125 0.7385858265625 0.48463030625 0.71110989375 0.4919644015625 0.7037076250000001 0.468394125 0.68801683125 0.4720270859375 0.679864653125 0.4914190140625
544 0.11129494531249999 0.6104204796875 0.13425166093750002 0.6381691046875 0.20119318437499997 0.6080828140625 0.3496080765625 0.6106734046875 0.330557015625 0.582992953125 0.084500746875 0.578698025 0.00207295 0.6007003125 0.11129494531249999 0.6104204796875
544 0.779230134375 0.6181724859375 0.7719642109375 0.5867908984375 0.5375567343750001 0.5866061453125 0.572230415625 0.6145592921875 0.779230134375 0.6181724859375
1567 1 0.008651368750000001 0.9442067421875 0.00767749375 0.8796952609375 0.0104582859375 0.8735112421875 0.5885634093750001 0.95437105 0.6563911874999999 0.9971969093749999 0.6649524062500001 1 0.5043634578125 1 0.008651368750000001
1567 0.767405459375 0.17649259687500002 0.758318621875 0.47325420781250005 0.7617470625 0.5006619671875 0.76092898125 0.547529828125 0.7879276984375 0.5675353171874999 0.873920284375 0.565129478125 0.8784197328125 0.30735624375000004 0.7991279140625 0.1496984 0.7801450265625001 0.1181122921875 0.7483543984375001 0.14881214375000001 0.767405459375 0.17649259687500002
1342 0.4308571578125 0.4323767421875 0.43764586562499996 0.4910979140625 0.5079476578125 0.4923250375 0.5088339125 0.44155152031249995 0.4308571578125 0.4323767421875
1917 0.2896400140625 0.4650733921875 0.30101611250000004 0.4848061875 0.3478158 0.489529925 0.3442510125 0.4699334765625 0.34452370625 0.45431085624999995 0.293750190625 0.45342460156250003 0.2896400140625 0.4650733921875
1365 0.5633767359374999 0.45031725937499995 0.53994280625 0.44990821875 0.5241838390625 0.45744683437500006 0.5317224546875 0.47320580156250003 0.535355415625 0.4888965953125 0.5783857953125 0.4857408484375 0.5826323171875 0.466280746875 0.5633767359374999 0.45031725937499995
183 0.6178513859375 0.46298865312500004 0.617374171875 0.4903282390625 0.6680795140625 0.49512014843749996 0.6763680390625 0.4679169109375 0.6689657687499999 0.4443466328125 0.6301137390625 0.43194793281250005 0.622097909375 0.4435285515625 0.6178513859375 0.46298865312500004
301 0.7974631140625 0.6927208 0.7662178734375 0.6921754124999999 0.7347681125000001 0.7033469890624999 0.7691690999999999 0.74692275625 0.8002098203125 0.759185109375 0.8431038515625 0.7638406718749999 0.901825025 0.7570519640625 0.9254634749999999 0.7457440390625 0.9375213078125 0.726420284375 0.9300508656250001 0.7067556625 0.8988737984374999 0.7023046203125001 0.7974631140625 0.6927208
1365 0.806706065625 0.610838390625 0.8139719890625001 0.642219978125 0.8018459828125 0.6654493875 0.796917725 0.7239660406249999 0.8398799312499999 0.7247159484375 0.8828421375 0.72546585625 0.894763621875 0.7139534109375 0.8846828203125 0.62001316875 0.8535739265625001 0.611656471875 0.806706065625 0.610838390625
353 0.16940255625 0.638782665625 0.15734472500000002 0.658106421875 0.15729631875 0.8847025875 0.1850449453125 0.861745871875 0.591164896875 0.8727415671875001 0.594232703125 0.6969870890625 0.336595815625 0.68467633125 0.341592246875 0.6222540234375 0.2205851140625 0.616234990625 0.16940255625 0.638782665625
353 0 0.9869503046875 0.06966757031250001 0.9808441484375001 0.062790921875 0.70333811875 0.047372821875 0.691348459375 0.000027746875 0.7178699640625 0 0.71945958125 0 0.9869503046875
353 0.99134863125 1 0.9932396015625 0.8916663828125 0.7508877140625 0.898970609375 0.6723458046874999 0.698350559375 0.673183653125 0.8741732093750001 0.710195 0.9920245968750001 0.7648741718750001 0.992979025 0.9671675890625 1 0.99134863125 1
544 0.755202409375 0.875604853125 0.766783028125 0.8836206828125001 0.981730403125 0.8795589140625 0.995765265625 0.7469711625000001 0.9572541031249999 0.7150441875 0.790197190625 0.6613392124999999 0.6689173640625 0.6709428 0.755202409375 0.875604853125
819 0.0891958453125 0.9811850156249999 0.6945723796875 0.9917519031250001 0.6615348625 0.870063034375 0.20470956718750002 0.8542754296874999 0.0891958453125 0.9811850156249999
410 0.6089779390625 0.0760561078125 0.64317440625 0.13134884062500002 0.66681285625 0.12004091562500001 0.68277634375 0.100785334375 0.6639979765625 0.057482262500000006 0.63302543125 0.041314253125 0.60931880625 0.0565278328125 0.6089779390625 0.0760561078125
410 0.11284174843749999 0 0.110213040625 0.00093376875 0.1091904390625 0.0595185953125 0.1205665359375 0.079251390625 0.1556492578125 0.0837706078125 0.1679116109375 0.052729887499999996 0.16482403750000002 0.005793853125 0.15645355156250002 0 0.11284174843749999 0
410 0.20601373281250002 0.10809079218749999 0.18594007031249998 0.138995165625 0.216708096875 0.16688013906250002 0.252745246875 0.11672018437500001 0.24136914843750001 0.0969873890625 0.22965218437499998 0.09678286875 0.20601373281250002 0.10809079218749999
410 0.2591249140625 0.1988752875 0.290165634375 0.21113764062499998 0.30660633593750003 0.1645424734375 0.2952302390625 0.144809678125 0.27563378906249997 0.148374465625 0.2591249140625 0.1988752875
410 0.60404968125 0.13457276093749998 0.6304348390625 0.1897291453125 0.6697640828125 0.1747882609375 0.62775630625 0.11935918125 0.6159711671875 0.123060315625 0.60404968125 0.13457276093749998
410 0.683798946875 0.042200509375 0.7035317421875 0.0308244109375 0.710843853125 0.0036041296875000003 0.628381271875 0.0021647390624999997 0.65255370625 0.041655121875 0.683798946875 0.042200509375
410 0.6102248296874999 0.2284448296875 0.645512071875 0.2212470796875 0.6340678 0.2054199390625 0.6189905671875 0.1739020046875 0.5993259453124999 0.1813724484375 0.6102248296874999 0.2284448296875
1373 0.21829585312500002 0.299740584375 0.20246871249999998 0.31118485625000003 0.20165063125 0.358052715625 0.1890474109375 0.4086217109375 0.22789944218749997 0.4210204109375 0.24386292968749998 0.40176482968749994 0.2251527359375 0.3545561015625 0.21829585312500002 0.299740584375
1175 0.22113050156249997 0.58498975 0.25230756875 0.5894407937499999 0.25641774375000004 0.5777920015625 0.2682028828125 0.5740908671875 0.25696313125 0.5465467609375 0.2296235453125 0.546069546875 0.22113050156249997 0.58498975
1175 0.37179511718749997 0.458693725 0.38303486875 0.48623783125 0.4103744546875 0.48671504531250004 0.42256863281249996 0.45957997968750003 0.40310853125 0.4553334578125 0.37179511718749997 0.458693725
1387 0.900353846875 0.393689696875 0.9037141140625 0.4250031109375 0.9109800359375001 0.4563846984375 0.9456537171875 0.48433784375 0.9443386546875001 0.335854778125 0.912752546875 0.35483766562499996 0.900353846875 0.393689696875