166 0.13132188125 0.5209257296875001 0.13389018749999998 0.541368965625 0.17097625156250001 0.5905648015625 0.182104828125 0.587862328125 0.184019871875 0.5659732843749999 0.1453741078125 0.5221551390625 0.1392076390625 0.5179395453125 0.13132188125 0.5209257296875001
1606 0.2523573796875 0.43226031562499995 0.24032870312500001 0.370552325 0.14012041718749998 0.3581091390625 0.13049411875 0.4307889078125 0.2523573796875 0.43226031562499995
1917 0.1452186234375 0.1379892921875 0.1493466296875 0.15305483749999998 0.1508339953125 0.17340350468750002 0.16052629062499998 0.1871178140625 0.2087260171875 0.18398254687499999 0.2273339265625 0.1580397921875 0.229538315625 0.03324531875 0.15851542031250002 0.023355521875 0.15768131875 0.045339135937500004 0.147046415625 0.09219797656249999 0.1452186234375 0.1379892921875
681 0.380582309375 0 0.32639975 0.63173333125 0.3839725984375 0.6459605484375001 0.4556700078125 0.6356908171875 0.523822203125 0.018554743749999998 0.3901974640625 0 0.380582309375 0
1818 0.5929322906250001 0.3242030828125 0.5637468984375 0.3216496921875 0.553888678125 0.42187990624999994 0.5833932421875 0.4207851234375 0.5929322906250001 0.3242030828125
572 0.5534587640625 0.1902481171875 0.7174063671875001 0.2211341140625 0.7334012265625 0.025862239062499997 0.5775862187499999 0.014068240625 0.5534587640625 0.1902481171875
1753 0.1292960984375 0.307534809375 0.13794362031250001 0.3082913703125 0.14070768281249998 0.314047340625 0.14919561875 0.3166279890625 0.15491949375 0.3134526640625 0.15727713125 0.2989545390625 0.15282995 0.2875371671875 0.1440228390625 0.28860469375000003 0.1449803609375 0.277660171875 0.1508638234375 0.27266076093749997 0.18545391718749998 0.27568700156250003 0.1864986890625 0.2886447515625 0.18137699375 0.29738690624999997 0.17765541093749998 0.30257545625 0.1779384171875 0.3117904609375 0.18410488593750002 0.3160060546875 0.1930715828125 0.3131144421875 0.19447169687500002 0.30956083749999996 0.1912650453125 0.2964139484375 0.194420615625 0.2727953890625 0.18873290625 0.2631075328125 0.17235921406250002 0.26351307031250004 0.1496594640625 0.2615270984375 0.14037359375 0.2680668859375 0.1376967828125 0.2862131859375 0.1258064390625 0.28517291562499997 0.12261470000000001 0.3216546546875 0.1272576359375 0.3183847609375 0.1292960984375 0.307534809375
113 0.2256977890625 0.5751337765625 0.2300577171875 0.562648878125 0.2274894125 0.542205640625 0.21839929531250002 0.5340581625 0.20899000625 0.5295588578125 0.20046590156250002 0.539841390625 0.1957867984375 0.5559744625 0.1940313421875 0.57603941875 0.2040428109375 0.5861055546875 0.2180950375 0.587334965625 0.2256977890625 0.5751337765625
1716 0.10927539687500001 0.5612720390625 0.1176037453125 0.5656767734375 0.12416172343750001 0.5405178359375 0.1262001859375 0.529667884375 0.1288408265625 0.5243847625 0.1338029375 0.5174666953125 0.14569328125 0.518506965625 0.15570475 0.5285731 0.16863986875 0.5425711203125 0.1738849828125 0.5448680578125 0.17840450000000002 0.5305590718750001 0.1880095453125 0.520371109375 0.1965336484375 0.510088578125 0.2062621125 0.510939709375 0.2159905765625 0.5117908390625 0.2244785140625 0.5143714859374999 0.2358900984375 0.5208840171875 0.229527875 0.5313556890625 0.223803996875 0.5345310125 0.228729940625 0.5404761234375 0.23454106718749998 0.5612030703124999 0.2878263203125 0.562188828125 0.2664968578125 0.45739199687500004 0.1321410703125 0.4493134875 0.10927539687500001 0.5612720390625
1431 0.1027066046875 0.1508124125 0.0974253203125 0.16137865468749998 0.0963082125 0.1741472640625 0.10151715937500001 0.1893073796875 0.1123265640625 0.1902530796875 0.1234551421875 0.18755060625 0.129976953125 0.17525484687499998 0.1332559421875 0.162675378125 0.1320515828125 0.1515417171875 0.1269660546875 0.1474206921875 0.1277639890625 0.1383002578125 0.13104297812500001 0.1257207890625 0.12983861875 0.1145871265625 0.120748503125 0.1064396484375 0.11178180468750001 0.1093312625 0.110505109375 0.12392395781250001 0.10922841406249999 0.13851665468750002 0.1027066046875 0.1508124125
1027 0.1288322515625 0.3626356984375 0.0487300546875 0.7802169875 0.1562219171875 0.7841071609375 0.34386929843749997 0.6810509921875 0.2588642765625 0.3703359296875 0.1288322515625 0.3626356984375
1142 0.6874401906250001 0.5511992859375 0.701077415625 0.3704255359375 0.6530372765625 0.371736715625 0.62873531875 0.50011205 0.6735475515625 0.5481457890625 0.6874401906250001 0.5511992859375