1498 0.519237371875 0.494849421875 0.50850946875 0.49334171250000003 0.49876438749999996 0.5267550812499999 0.4840679671875 0.5594725828125 0.4814332140625 0.5063668531250001 0.468228159375 0.4865585140625 0.45363137187499997 0.47665285468749996 0.429082828125 0.4956433953125 0.42047224375000003 0.5269721453125 0.41578258437500004 0.5723163109375 0.43223797499999994 0.6049237921875 0.44956470312499996 0.5714539265624999 0.4616337796875 0.5753941859375 0.4629779171875 0.6137321328125 0.4700971359375 0.634929225 0.456637809375 0.65884434375 0.50475948125 0.6757056796875001 0.4953177484375 0.635107659375 0.51713190625 0.60563455 0.5250198625 0.5674720578125 0.521302653125 0.5220684140625 0.519237371875 0.494849421875
294 0.357246725 0.605604765625 0.3456489671875 0.68812710625 0.365299690625 0.692010865625 0.3778773109375 0.60850420625 0.374574934375 0.5900875984375 0.378440853125 0.5625801515625 0.369518034375 0.5602041 0.36384703125 0.5885798890625 0.357246725 0.605604765625
1040 0.332036484375 0.731095221875 0.36653974843750003 0.7191138796875001 0.3284248359375 0.714879209375 0.290259365625 0.7229797687499999 0.2941802890625 0.7369951859375 0.332036484375 0.731095221875
1033 0.21279392812500003 0.741265509375 0.20119617031249998 0.8237878468750001 0.21280281875 0.8489817000000001 0.20383388593750001 0.912798975 0.20342497812500002 0.9576227312500001 0.2423651140625 0.9619733796875 0.2515407234375 0.9026732734375 0.2480807484375 0.849451565625 0.26607954375 0.835150671875 0.3674809046875 0.8740863781250001 0.3607274453125 0.910164253125 0.37161146718750004 0.9285243609375 0.3656817484375 0.9467655140625 0.3675403546875 0.9694673375 0.36501412499999997 0.9814546375000001 0.41220649531250003 0.986965059375 0.4087494828125 0.96964875 0.41880531875000004 0.9519874843749999 0.4143164078125 0.930038028125 0.43184981093749997 0.901085328125 0.44185212656250006 0.859853896875 0.532979121875 0.7683121125000001 0.5220563953124999 0.905908821875 0.5395927625 0.9128615203124999 0.5646974421875 0.758183434375 0.5789819921875 0.7343842921875 0.5818160125 0.7022436984375 0.5839809265625 0.6868395281249999 0.6012065390625 0.6780401234375 0.6012050578125 0.6600874250000001 0.4428632828125 0.6131492671875 0.1987621671875 0.7033884921875 0.194071025 0.7307799609375001 0.21279392812500003 0.741265509375
1390 0.402016946875 0.634337425 0.39242354062499996 0.630745096875 0.3762313078125 0.6621303468749999 0.3754090484375 0.697919765625 0.4113070078125 0.7119411390625 0.46262549374999995 0.7180314515624999 0.49393194375 0.7168211343750001 0.5002735328125001 0.6896616203125 0.48211713593749994 0.6691574140625 0.4539049046875 0.666314475 0.43461401093749996 0.6478948875 0.402016946875 0.634337425
2001 0.7737913765625 0.1985035859375 0.61818695 0.197953390625 0.573910275 0.5249738093749999 0.7276085 0.5510628093750001 0.7737913765625 0.1985035859375
268 0.5664297421875 0.5003598453125 0.52764424375 0.4949089 0.517641928125 0.5361403296875 0.56137876875 0.5422871421875 0.5664297421875 0.5003598453125
1498 0.868057040625 0.6414894953125 0.8833214500000001 0.61670603125 0.8574258078125 0.561453228125 0.8381378765624999 0.5789390375 0.8366985515625001 0.637082346875 0.868057040625 0.6414894953125
1465 1 0.2625970390625 0.9615230296874999 0.14410134218749998 0.848272603125 0.2673168328125 0.8349738406249999 0.3619424484375 0.9531369046875 0.3953796421875 1 0.3527655453125 1 0.2625970390625
1392 0.14313625624999998 0.3746700203125 0.10847687343750001 0.3697989609375 0.0990945875 0.4245818984375 0.13540441718750001 0.42968491093749994 0.14313625624999998 0.3746700203125
1392 0.18419519374999999 0.42980982343749996 0.185636 0.3896192125 0.164644103125 0.38330290312500004 0.1610889390625 0.42656245156250006 0.18419519374999999 0.42980982343749996
1606 0.6820695406249999 0.5816897375 0.69676744375 0.5669249328125 0.5980499109374999 0.550807028125 0.5730880140625 0.5607632296875 0.6820695406249999 0.5816897375
1387 0.2918562921875 0.699641559375 0.2675635 0.6928613375 0.25724746718749997 0.68243526875 0.2461076921875 0.6898459203125 0.258487525 0.7095382828125001 0.280511321875 0.720487740625 0.310424559375 0.7112274046875 0.328732628125 0.6947259156250001 0.3166115125 0.6851681890625 0.306090284375 0.6881776484375 0.2918562921875 0.699641559375
1126 0.442043984375 0.6848440828125 0.45230946093749996 0.7076053828125 0.47768470937499996 0.7066835203124999 0.48727515312499997 0.6743704484374999 0.46133191562500003 0.6673582734375 0.442043984375 0.6848440828125
907 0.42203194687499995 0.6775434515625001 0.4145543796875 0.6888348859375 0.4113575640625 0.6996059078125 0.42311736875 0.7057467625 0.4391058859375 0.7057497421875001 0.442611975 0.6927781234375 0.43234798124999996 0.687969521875 0.42203194687499995 0.6775434515625001
1126 0.404285940625 0.6301681875 0.38953599843750003 0.639315525 0.388609659375 0.6638700109375 0.4109427296875 0.6726188718749999 0.42765091093749996 0.6435501953125 0.41769619062499996 0.6365409984375 0.404285940625 0.6301681875
1221 0.3926331796875 0.6711676625 0.3904682640625 0.6865718328125 0.401093571875 0.69479730625 0.4160487078125 0.6722144390625 0.3958820328125 0.66601410625 0.3926331796875 0.6711676625
1661 0.9785864171875 0.669365721875 0.9829162468750001 0.6385573828125 0.994771240625 0.54821698125 0.951293115625 0.5522048046875 0.9397488781250001 0.658297309375 0.9733258031249999 0.6708704515624999 0.9785864171875 0.669365721875
1564 0.9762505671874999 0.48839050781250004 0.9784140000000001 0.45503363906249994 0.8990379171875 0.4450000890625 0.886093059375 0.4532790828125 0.933597665625 0.49249430937499994 0.9762505671874999 0.48839050781250004
1073 0.86571081875 0.3348453921875 0.8721074109375 0.349208740625 0.886702715625 0.34116170156250003 0.892168525 0.3262214421875 0.8774691406249999 0.32303354687499997 0.86571081875 0.3348453921875
1073 0.6715201609375 0.24359792656249998 0.6613617281249999 0.2679769578125 0.6537295234375 0.2803686890625 0.64841835 0.2942086515625 0.65883698125 0.2979169546875 0.67204055625 0.299772596875 0.681735078125 0.2786944609375 0.6940613890625 0.27481665624999996 0.6983406609375 0.25634354843749996 0.677710078125 0.2534441078125 0.6708004984375 0.27266958125 0.6987897546874999 0.0735156703125 0.7095161765625 0.0570706796875 0.6920318484375 0.0557354484375 0.6948703140625 0.07745295156250001 0.6715201609375 0.24359792656249998
1073 0.5206113218749999 0.26951436093750003 0.5352571859374999 0.2491320890625 0.5480459265625 0.22400069375 0.546548634375 0.20471574218750002 0.53881086875 0.1879198421875 0.5157046140625 0.1846724703125 0.5435407156250001 0.004571553125 0.5328128109375 0.0030638453124999998 0.49605833437499997 0.23464680468750002 0.47460548906250005 0.267536784375 0.45557627500000003 0.29515722968749997 0.4617676734375 0.322956109375 0.48337811875 0.3248712296875 0.4959081421875 0.289605196875 0.506686603125 0.278777675 0.5206113218749999 0.26951436093750003
1005 0.9345314124999999 0.557703315625 0.924936525 0.536158290625 0.9037914718750001 0.5488949765625 0.889145609375 0.569277246875 0.893325246875 0.5934273 0.89827806875 0.6120758640624999 0.8891530171875001 0.6590407390624999 0.9169013390625 0.6651845734374999 0.931080328125 0.6121977984375 0.9407733703125001 0.5731669640625 0.9345314124999999 0.557703315625
783 0.6228556875 0.523998425 0.6177006359375 0.5546907875 0.6312134828125 0.5543458328125 0.643282559375 0.5582860921874999 0.64286920625 0.5492517546875 0.6557114671875001 0.5476905249999999 0.6562779765625 0.5376718671875 0.6415265531250001 0.5288665046875 0.6321918609375 0.5354088140625 0.6228556875 0.523998425
1175 0.9236890578124999 0.41929178437500003 0.9236385015625 0.431627015625 0.948395203125 0.43510634374999996 0.9523637203125 0.4008811328125 0.9325583578125001 0.3980976703125 0.9326624359375 0.4093326046875 0.9236890578124999 0.41929178437500003
884 0.168056484375 0.4847652390625 0.1751192171875 0.44648676875 0.1577895265625 0.4440512390625 0.1609907875 0.48713831093750004 0.157227465625 0.50792799375 0.1485633609375 0.515686578125 0.1658930515625 0.51812210625 0.1642931609375 0.5055549203124999 0.1650663453125 0.50005343125 0.168056484375 0.4847652390625
884 0.178116765625 0.5209620703125 0.1855898875 0.45581254062500004 0.1765124296875 0.45453678750000004 0.17259743593750002 0.5123321640625 0.178116765625 0.5209620703125
884 0.2393320046875 0.45663331874999996 0.22875873906250002 0.45402531249999994 0.22711125468749999 0.48969875468749996 0.2249463390625 0.5051029234375 0.21911921875 0.5166263125 0.2314975703125 0.5183659765625 0.2317027640625 0.504930446875 0.23340376875 0.49282717031249995 0.2393320046875 0.45663331874999996
884 0.2622880703125 0.5148390843749999 0.267856475 0.49318106093749997 0.2696600765625 0.47436001875 0.267080328125 0.46277715312499995 0.26063317656249996 0.4607490328125 0.254190471875 0.5125790109375 0.2622880703125 0.5148390843749999
884 0.2701745453125 0.45872389374999994 0.2715692390625 0.4847266109375 0.26672345937499997 0.5132183765625 0.27497569374999997 0.514378153125 0.27884161406249997 0.48687070625000006 0.282552896875 0.46046355781250004 0.2701745453125 0.45872389374999994
580 0.77917533125 0.44161886875 0.8329174500000001 0.44243964687500004 0.8345664140625001 0.42471890312499994 0.780824296875 0.42389812656250003 0.77917533125 0.44161886875
884 0.1461426921875 0.556861509375 0.1522805703125 0.5610902234374999 0.1522300109375 0.5734254546875001 0.16032760937499999 0.575685528125 0.160687440625 0.5611497015625 0.17265243749999998 0.5538550265625 0.17471475625 0.545168621875 0.14861688125 0.53925674375 0.1461426921875 0.556861509375
2017 0.360709665625 0.694731871875 0.3528707828125 0.7026064328125 0.3702004734375 0.7050419625 0.3671568140625 0.6967599890625 0.37127996875 0.6614344812499999 0.3849444890625 0.6240838328125 0.37498976875 0.617074634375 0.36003314999999997 0.6217048015625 0.3638529578125 0.6603906828125 0.360709665625 0.694731871875
2017 0.33352636874999997 0.66061668125 0.32832075625 0.703644275 0.3413696953125 0.706600215625 0.33569572812500004 0.6990706062500001 0.33930293125 0.6614285234375 0.3494108078125 0.6493847265625 0.352296865625 0.6228616 0.3426514203125 0.61365180625 0.3293452484375 0.6185139296875 0.3273364515625 0.6507704999999999 0.33352636874999997 0.66061668125
301 0.405117090625 0.7020949578125 0.3835066453125 0.7001798390625 0.3667969828125 0.7112958171875 0.37082198437499997 0.7365461671875 0.3788690234375 0.7511414750000001 0.3732991359375 0.7548467999999999 0.3923313140625 0.7631317515625 0.40548284843750004 0.759369925 0.41765304218750005 0.738639721875 0.42549044062499997 0.7128124609375 0.405117090625 0.7020949578125
1373 0.8855309968749999 0.5171558359375 0.8789797671875 0.503892784375 0.86685865 0.4943350578125 0.8555107187500001 0.47927584375 0.84612546875 0.498153384375 0.8396798000000001 0.5140779640625001 0.8283853875 0.5225889140625 0.82245566875 0.5408300671874999 0.8193123765625 0.5751712546875 0.862531784375 0.5610487953125001 0.874701978125 0.5403185921875 0.8855309968749999 0.5171558359375
1786 0.1186516046875 0.5428996140625 0.113029678125 0.5409874718750001 0.10023945625 0.54816616875 0.09745599375 0.5679715296875 0.1071534796875 0.582798790625 0.11813861875000001 0.5764884359375 0.12159266718749999 0.55789935 0.1186516046875 0.5428996140625
454 0.29830344062499997 0.701669678125 0.3040235203125 0.643005959375 0.27436751875 0.64444823125 0.26931654374999997 0.6863755296875 0.27901403125 0.7012027890625 0.29830344062499997 0.701669678125
306 0.6703067734375 0.5396434859375 0.6922785328125001 0.5449754765625 0.6957846187500001 0.53200385625 0.6839727765625 0.520245534375 0.6693774718750001 0.5282925734374999 0.6703067734375 0.5396434859375
1049 0.8335493328125001 0.599612740625 0.7987338312500001 0.5778892828125 0.798475115625 0.567754646875 0.7851169046875001 0.566999303125 0.7838798109375 0.5758016859375 0.7878007328125001 0.589817103125 0.793268021875 0.5928295421875001 0.8002816812500001 0.5848390015625 0.8286500312499999 0.6045343437499999 0.8335493328125001 0.599612740625
744 0.7603587203125 0.5455672765624999 0.7619556453125 0.5222290671875001 0.752207603125 0.5197370375 0.750456040625 0.544175546875 0.7603587203125 0.5455672765624999
1012 0.7782043609375 0.5503193796875 0.7723251999999999 0.5562253015625 0.7684563171875001 0.54782735 0.7607720718750001 0.554601615625 0.756748553125 0.5473039625 0.749218946875 0.5529779296874999 0.7474673828125 0.5774164359375 0.7743384421874999 0.5778268265625 0.7732024640625 0.5619587453125 0.7786177140625 0.5593537171875 0.7782043609375 0.5503193796875
1498 0.21417084218750002 0.5518358437499999 0.2105086359375 0.5479550625 0.185911015625 0.5972335328125 0.1922035296875 0.6003619484375 0.1959698140625 0.6154776640625 0.21329950625 0.61791319375 0.2083987234375 0.6048820953125 0.21835196250000002 0.5939385953125 0.21417084218750002 0.5518358437499999
1142 0.442280475 0.4256882421875 0.460951340625 0.43055632343749994 0.46826982656249994 0.366507090625 0.450062871875 0.35833811875 0.442280475 0.4256882421875
1498 0.6532283890625 0.45757909999999996 0.6497223015625 0.47055071875000004 0.655498865625 0.47136256093749995 0.6544684468749999 0.4846821125 0.644153896875 0.4922087421875 0.644565765625 0.48329038124999996 0.6390464375 0.474660478125 0.6321353765625 0.4759332515625 0.6233686734375 0.4904096 0.641731746875 0.5154309765625 0.6460645406250001 0.5205280328125 0.6362659390625 0.530371234375 0.654420853125 0.5329227421875 0.6550393999999999 0.5285215515624999 0.6541621375 0.5227881062499999 0.657668225 0.5098164875 0.665609703125 0.49522415937500003 0.6603476078125 0.4787761921875 0.6612233890625 0.46655693749999994 0.6619965734375 0.4610554484375 0.658643640625 0.4549740703125 0.6532283890625 0.45757909999999996
570 0.11275614375000001 0.351325853125 0.11709041875 0.3743756078125 0.12271234687499999 0.3762877484375 0.1318403625 0.3652282703125 0.1346758640625 0.351040375 0.11275614375000001 0.351325853125
570 0.17345839999999998 0.320585925 0.174955690625 0.3398708765625 0.183207925 0.34103065312499997 0.19233594062499998 0.32997117343750004 0.1884670578125 0.32157322499999996 0.17345839999999998 0.320585925
570 0.1852196859375 0.344679478125 0.19465845625 0.349372103125 0.20022686093750003 0.3277140796875 0.1886737328125 0.3260903921875 0.1852196859375 0.344679478125
570 0.9698510109375 0.4381217609375 0.9726344734374999 0.41831639843749996 0.9566459546875 0.41831342187500004 0.9540171296875 0.43701848437499996 0.9698510109375 0.4381217609375
1134 0.9038331390625001 0.428843553125 0.916056853125 0.43168351562499996 0.9211598671875001 0.3953736875 0.9107932765625 0.3972828484375 0.9038331390625001 0.428843553125
658 0.525929903125 0.345437890625 0.501998425 0.342074540625 0.49869901250000004 0.359563328125 0.5236103515625 0.3619423578125 0.525929903125 0.345437890625
658 0.49395731249999997 0.399290028125 0.5177341546875 0.4037536765625 0.5197949890625 0.3771145734375 0.505766190625 0.3751429546875 0.5050450484375 0.3862619109375 0.495967590625 0.3849861578125 0.49395731249999997 0.399290028125
658 0.5699239765625 0.343766640625 0.56430205 0.3418544984375 0.5567724421875 0.347528465625 0.544394090625 0.3457888015625 0.538464371875 0.3640299546875 0.56585138125 0.3667569171875 0.5699239765625 0.343766640625
658 0.55053493125 0.3859229125 0.546255659375 0.40439602187499996 0.561780265625 0.4076998921875 0.564563728125 0.38789453125 0.55053493125 0.3859229125
658 0.5467180875000001 0.3831424296875 0.5376406296875 0.3818666765625 0.5327428125 0.404740975 0.5433160781249999 0.40734898125 0.5467180875000001 0.3831424296875
658 0.5149506921875 0.4235590375 0.4910192125 0.42019568749999997 0.4876677609375 0.43206700937500003 0.5127337359374999 0.433345740625 0.5149506921875 0.4235590375
896 0.1149343953125 0.4974959671875 0.11209889375 0.5116838625 0.12349738437499999 0.514407846875 0.129629334375 0.44682576718749994 0.10899875 0.443926328125 0.1061126890625 0.4704494546875 0.10766202031250001 0.49535187187499996 0.1149343953125 0.4974959671875
301 0.152560209375 0.199835659375 0.1479181421875 0.19693919843750002 0.13089772500000002 0.1923030734375 0.1291967203125 0.20440635000000001 0.14951803125000002 0.20950638437500002 0.152560209375 0.199835659375
1176 0.12193471874999999 0.3279311421875 0.1452476484375 0.33569568437499997 0.15014546875 0.3128213828125 0.126729940625 0.3117746078125 0.12193471874999999 0.3279311421875
1365 0.1226558625 0.3168121859375 0.131113290625 0.3045364328125 0.13312356875 0.29023255937500003 0.1291000484375 0.28293490781249997 0.1177015578125 0.280210925 0.11007231718749999 0.32850805156249996 0.12012963437499999 0.328799484375 0.1226558625 0.3168121859375
1209 0.26015889531249997 0.3383810375 0.23978554375 0.3276635375 0.2339599046875 0.3571396234375 0.25825269687499997 0.36391984375 0.26015889531249997 0.3383810375
884 0.2124922421875 0.21050261875 0.1919642546875 0.2008854140625 0.1872731125 0.2282768828125 0.2081103734375 0.23569349218750002 0.2124922421875 0.21050261875
1175 0.10271068125 0.49465600624999995 0.09992721875 0.5144613671875 0.11246020625 0.5151007328125 0.11575961875 0.4976119453125 0.10271068125 0.49465600624999995
896 0.10219473125 0.49233943281250003 0.10549562500000001 0.49280334375 0.10399833437499999 0.47351839218749997 0.093425065625 0.4709103859375 0.08791018125 0.516138575 0.098792721875 0.5165459859375 0.10219473125 0.49233943281250003
646 0.77973443125 0.34183671718749997 0.7820539828124999 0.3253322515625 0.770655490625 0.3226082671875 0.7690065265625 0.340329009375 0.77973443125 0.34183671718749997
1392 0.8023232546875001 0.32481481875 0.7858187859375 0.3224952671875 0.7828806875 0.3434009265625 0.797064121875 0.344272246875 0.8023232546875001 0.32481481875
646 0.764162228125 0.386773475 0.7783456625 0.3876447953125 0.7806131749999999 0.36552286093749997 0.766584378125 0.3635512421875 0.7629756921874999 0.3832406265625 0.764162228125 0.386773475
1175 0.8351775515625001 0.3305542203125 0.8310514359375001 0.3299743328125 0.8238311015625 0.333447703125 0.819757025 0.3384852828125 0.8207889234374999 0.34311842812500004 0.8328580000000001 0.3470586875 0.8323420515625 0.3447421140625 0.8351775515625001 0.3305542203125
658 0.8266710484375001 0.3731179046875 0.815117921875 0.37149421718750003 0.8111479218750001 0.38776673125 0.837400434375 0.3925783109375 0.838740125 0.3770581625 0.8266710484375001 0.3731179046875
1175 0.7915492375000001 0.3895004375 0.7937141515625 0.3740962671875 0.78546191875 0.372936490625 0.7836062765625 0.386140065625 0.7832970031250001 0.3883406609375 0.7915492375000001 0.3895004375
407 0.42243665625000004 0 0.5062078765625 0.102551584375 0.9125211312499999 0.085601165625 0.9236073843750001 0.05462035 0.5349634046875 0 0.42243665625000004 0
351 0.7305436359375 0.494251753125 0.8406076203125 0.5074761765625 0.8593707109375 0.379957603125 0.8299719421875 0.3735818140625 0.848479278125 0.2718340015625 0.85709134375 0.25845795 0.8312001468749999 0.257063240625 0.7479566625 0.25658443750000004 0.7638440640625 0.28125788125 0.7305436359375 0.494251753125
1483 0.35437418125 0.1709752 0.3373046875 0.19662700625 0.277611928125 0.58543658125 0.30886781874999997 0.59656149375 0.2987108671875 0.6388932234375 0.30613787812500004 0.6399370203125 0.3048502265625 0.6610746359374999 0.31702189999999997 0.6582971296875 0.41099032500000005 0.6243782437500001 0.4495974796875 0.3436863125 0.4449554125 0.34078985156249997 0.463047915625 0.212055003125 0.48661659999999995 0.194048784375 0.3955268265625 0.11168105156250001 0.29325264687499997 0.1208699953125 0.35437418125 0.1709752
467 0 0.8971164046875 0.0467351296875 0.9288692265625 0.1995472046875 0.841508590625 0.21165943125000003 0.7433501265625 0.1915953546875 0.730432028125 0.1954612734375 0.70292458125 0.26529302499999996 0.6790778765625001 0.2746767921875 0.6422476359375 0.29675114687500004 0.6408618625 0.30938376875 0.598878065625 0.2757548046875 0.58068745625 0.3392644078125 0.194658365625 0.351227925 0.1694109921875 0.12402240312499999 0.0017136328124999999 0.0638346171875 0.016817432812499998 0.0595047875 0.047625773437500005 0.068790403125 0.0713713953125 0.0030756984375 0.6108087765625 0 0.6111826875 0 0.6231726203125 0.0027158671874999997 0.6253446031250001 0 0.644669003125 0 0.8971164046875
548 0.81456919375 0.59694525625 0.8188469843749999 0.5605194515624999 0.73018676875 0.5446929765624999 0.7256487796875 0.55303145 0.5692682078125 0.5220773484375 0.48684846562499995 0.5037618265625 0.48473558906249997 0.5247834625000001 0.48587156875000004 0.5406515421875 0.8007991125 0.6051082734375 0.8944106671875 0.6216306125 0.8961116734375001 0.609527334375 0.81456919375 0.59694525625
353 0.7848626328125 0.6107227625 0.8912138531249999 0.6324016359375 0.8957518421874999 0.6240631640625 0.4848917078125 0.5416358625 0.45276003593749997 0.5427302046875 0.42424001093749997 0.5600405578125 0.41444585468749995 0.6237418546875 0.44136747187500003 0.6118170140625 0.603010140625 0.6592190828125 0.6038368453125 0.677287759375 0.5872818203125 0.6873034390625 0.5800138921875 0.7390174390625 0.66341349375 0.756348640625 0.7418617546874999 0.7729839796875 0.76001666875 0.7755354859375 0.780015371875 0.6212618296875 0.7848626328125 0.6107227625
353 0.4514025640625 0.3428179703125 0.43789860625 0.450879115625 0.468431871875 0.45517028593750003 0.56580823125 0.468855640625 0.580146303125 0.4686266640625 0.61050715 0.25858575156249997 0.602305475 0.24509074375 0.4970902328125 0.2392799515625 0.4655235859375 0.2124029359375 0.44624454687500004 0.3376049359375 0.4514025640625 0.3428179703125
994 0.9638364765625 0.678513059375 0.9484144656250001 0.668491421875 0.9484159468750001 0.6864441203125 0.9438779593750001 0.6947825937500001 0.9348005015625 0.693506840625 0.9288187421874999 0.7061305265625 0.9370724593749999 0.7252430015625 0.9320705609375001 0.736882365625 0.923303859375 0.7513587171875 0.9188193921875 0.7832673546875 0.9260932484375 0.8033641484375 0.94182453125 0.8111851906249999 0.9598248093749999 0.8148369953125 0.9779173125 0.6861021453125 0.9733778421875 0.6764879203125 0.9638364765625 0.678513059375
1209 0.86310421875 0.6228409312500001 0.85650243125 0.621913109375 0.8511392203125 0.6301356046875 0.8455708140624999 0.651793628125 0.86274586875 0.6553294562499999 0.8651695 0.650059921875 0.8681075984375 0.6291542640625 0.86310421875 0.6228409312500001
1723 0.9244815046875001 0.647175375 0.7897634171875 0.623753859375 0.7824910421875 0.6216097625 0.7772348734375 0.6769725890625 0.7837846203125001 0.6722829421875 0.9256724859375 0.70456631875 0.9370694953125 0.6893376046874999 0.92762924375 0.66669228125 0.9244815046875001 0.647175375
548 0.9433203421874999 0.81251744375 0.9241335265625 0.8053327890625 0.9168076328125 0.779618528125 0.9229425453125 0.7479418453125 0.933616928125 0.7258793875 0.9268590234375 0.7080991671875 0.7843005703125 0.674599515625 0.7803320546875 0.708824728125 0.8746662359374999 0.7321808078125 0.9442064953125 0.925967078125 0.9590516265625 0.8203384828125 0.9433203421874999 0.81251744375
353 0.933801846875 1 0.9440518578124999 0.927067375 0.8743569625 0.734381403125 0.7824984515625 0.71137325625 0.7704843765625 0.748955859375 0.757237653125 0.8491989421874999 0.748160196875 0.8479231890625 0.7425903093749999 0.8516285140625 0.737746009375 0.8980729796875 0.7451745015625 0.9170694765625 0.7365245984375 1 0.933801846875 1
819 0.7352319125 1 0.7610485687499999 0.78016863125 0.57970461875 0.741218034375 0.533185796875 0.7728292828125001 0.4438638859375 0.863502725 0.4368517109375 0.8894459625 0.2684005765625 0.8365989031250001 0.20496245468750002 0.8389035640625 0.04642585625 0.931069821875 0 0.8973928234375 0 0.9334207031249999 0.4791187203125 1 0.7352319125 1
587 0.7079057375 0.5415615828125 0.72446224375 0.5494986015625 0.7275029390625 0.5218751765625 0.7291519046875 0.504154434375 0.7361611171875 0.4423057984375 0.7349731 0.42082025156249997 0.761311909375 0.2214343859375 0.76750034375 0.21332786874999998 0.7619810140625 0.2046979625 0.7499119375000001 0.200757703125 0.70901208125 0.19837569375 0.6932302390625 0.2028898859375 0.6670297671875 0.20369577187500001 0.65331024375 0.19952355625 0.6312358875 0.20090933125000002 0.617929715625 0.20577145468750002 0.61989091875 0.2217555125 0.610557709375 0.2462505203125 0.615613128125 0.25818131875 0.5929320796875001 0.4075898734375 0.586434371875 0.4178969859375 0.5884981703125 0.4271632796875 0.5713290421874999 0.49543824531249997 0.568648178125 0.5085258421875001 0.5748380953125001 0.5183720234375 0.5927342921875 0.51078889375 0.5960857453124999 0.49891757343750004 0.6014995140625 0.47835984531250003 0.6070694015625 0.4746545203125 0.6057773046875 0.4419340390625 0.6083555703125 0.43556420781250005 0.6325963234375 0.43672696093749996 0.664931709375 0.40424439218749997 0.688763553125 0.450230903125 0.707898328125 0.451798090625 0.7040844484375001 0.48492300468750005 0.7050657890625 0.50189138125 0.7070790312499999 0.52349290625 0.7079057375 0.5415615828125
1939 0.1283451921875 0 0.289590440625 0.1169892140625 0.29402583125000004 0.1153685078125 0.396454646875 0.10507926406250001 0.48878299687500004 0.1965973125 0.47130015 0.2132147796875 0.4925507640625 0.229665725 0.6057610062500001 0.24445435624999998 0.6075660875 0.2435860140625 0.6158659171875 0.19650516093749998 0.7765763203125 0.19665092343749999 0.7695150671875 0.252882090625 0.85688466875 0.25394078124999997 0.9063415859375 0.201423875 0.9044829812499999 0.1787220515625 0.8898341562500001 0.163198925 0.9100454609374999 0.0852532328125 0.505589328125 0.106952775 0.419950928125 0 0.1283451921875 0
1939 0.9149699515625 0.38552750625 0.862826240625 0.379321215625 0.8434446046874999 0.5112409796875 0.7348764296875 0.4993488109375 0.7321464875 0.5427243374999999 0.8920331499999999 0.5607068203125001 0.9220995421874999 0.5323934859375 0.9307621640624999 0.5066822046875 0.935451825 0.4613380359375 0.885577109375 0.45096251093750006 0.8906816046875001 0.43260537968749996 0.9149699515625 0.38552750625
1285 0.5021158390625 0.514883759375 0.5095398859375 0.4800221609375 0.49499513906250003 0.4757339703125 0.48741793749999995 0.5296485640624999 0.49407176406250003 0.5361938515625 0.5021158390625 0.514883759375
1155 1 0.06595598593749999 0.9269082781250001 0.055084259375 0.893753596875 0.1592616453125 0.906288065625 0.1778537078125 0.9083013078125 0.19945523437499998 0.958686046875 0.14033653906250002 0.9636373875 0.1410324046875 0.9909782828125 0.20995269374999997 0.9920116640625001 0.23253853906250002 0.9896921125 0.24904300625000003 0.9926331749999999 0.2640427453125 1 0.274358765625 1 0.06595598593749999
150 1 0.352617034375 0.9468443890625 0.3922512265625 0.9258658265624999 0.5475092015625 0.941546553125 0.567665475 0.9221099140625 0.6580623765625 0.93789471875 0.6894535828125 0.9475892421875001 0.6683754453125 0.9780199093749999 0.67938438125 1 0.5264429374999999 1 0.352617034375