115 0.7152174921875 0.6652045453125 0.6551833890625 0.6291887 0.631883403125 0.640150028125 0.6042115781249999 0.6202638921875 0.5653876328125 0.6258912578125 0.64624453125 0.6991227828125 0.63748455 0.857154290625 0.6768895359375 0.858168221875 0.725924553125 0.8449553703125 0.7152174921875 0.6652045453125
663 0.74164595625 0.51789615625 0.6740568484375 0.5293862125000001 0.64801725 0.5472793593749999 0.6622682453125 0.5571861124999999 0.6821226453125 0.5833329625 0.71833191875 0.5478197546875 0.7517875328125 0.5382006359375 0.74164595625 0.51789615625
2001 0.594959371875 0.2563521484375 0.611906321875 0.450056671875 0.7046353703125 0.44863606406249995 0.692282034375 0.250068228125 0.594959371875 0.2563521484375
1000 0.1143353203125 0.44228214687499995 0.087327325 0.4491064609375 0.056597271875 0.470756034375 0.0857216921875 0.507245415625 0.09007947968749999 0.5570551499999999 0.1290971046875 0.55364155 0.1228853140625 0.501763309375 0.1367356515625 0.45928341250000004 0.1143353203125 0.44228214687499995
651 0.5067115453125 0.404607609375 0.4688146015625 0.411269228125 0.46101047343749996 0.46548905781250005 0.45986169375 0.50016558125 0.5036525625 0.51306470625 0.5579590734375001 0.5027367265625 0.5371222265625 0.4844833171875 0.5657632 0.44851689375000003 0.5067115453125 0.404607609375
706 0.2531497875 0.6520931734375 0.261741175 0.7216089140624999 0.5893077953125 0.8323699703124999 0.5842861796875 0.7558497828124999 0.2531497875 0.6520931734375
1522 0.5293587421875 0.6156591125 0.48122337968749995 0.6009093703125 0.41494863593750003 0.6178612125 0.42347128281249996 0.648345528125 0.4675253265625 0.6355684546875 0.5124923234375001 0.6427879062499999 0.5293587421875 0.6156591125
1392 0.26668753125 0.1088460625 0.3010147015625 0.10918889062499999 0.301955753125 0.0912608734375 0.29299030312499996 0.06527672031250001 0.2739106203125 0.047984934374999996 0.24968363125 0.057912009375 0.26668753125 0.1088460625
1373 0.3405860203125 0.083419740625 0.3505753125 0.11154503125 0.39056133593750003 0.1192002609375 0.422799428125 0.10522623906249999 0.423311725 0.0728361140625 0.4010496296875 0.0669763078125 0.35187637656250004 0.0690476984375 0.3405860203125 0.083419740625
1373 0 0.095333146875 0.0712815359375 0.09359656718750001 0.0659272546875 0.0706425421875 0.0305488953125 0.03916173125 0 0.0418344125 0 0.095333146875
1643 0.5619856999999999 0.472269846875 0.5667448937499999 0.5075448421875 0.5789068078125 0.503134746875 0.5763061859375 0.4542866359375 0.5646979640625001 0.43634118125 0.5619856999999999 0.472269846875
820 0.2956750734375 1 0.29527656874999997 0.9997445015625 0.29363029375 0.980927490625 0.27586497187500003 0.9690974906250001 0.2654203328125 0.8305918562500001 0.20528863749999998 0.860390515625 0.0840709 0.889956734375 0.03392925 0.880959296875 0.043078035937499995 1 0.2956750734375 1
820 1 0.9429044718749999 0.7541219703125 0.8804104984375 0.7599596984375 0.9758203265625 0.996555940625 0.9551208375 1 0.954819521875 1 0.9429044718749999
994 0.27136017031250004 0.45865884843750004 0.2662128640625 0.48587770781249995 0.2727846671875 0.5131866328125 0.2956418515625 0.5067254671875 0.29107633593750004 0.4736642375 0.2795649546875 0.4568256671875 0.27136017031250004 0.45865884843750004
301 0.50208983125 0.44739546093750004 0.49983441875 0.45986169375 0.523798234375 0.4756108171875 0.517074146875 0.45612270156249995 0.50208983125 0.44739546093750004
783 0.6799929234375 0.492060146875 0.6798546890625 0.4809186875 0.6666275374999999 0.47315307031250003 0.66406755625 0.501260925 0.654064215625 0.4920979046875 0.6507443187499999 0.4254670359375 0.6351235203125001 0.419026190625 0.62661416875 0.43650099375 0.64146025 0.43408677500000004 0.6432721046875 0.4930420921875 0.6326322796875 0.48616546875 0.6298098796875 0.47302813125 0.6181876078124999 0.47404494843749995 0.6263369453125 0.48113946093750004 0.6275958625 0.495528940625 0.6727565390625 0.5049621578125 0.6799929234375 0.492060146875
1917 0.705838371875 0 0.704806221875 0.0203246515625 0.698109478125 0.029833384375 0.7013192390625 0.047398253125 0.7320352421874999 0.044710951562500004 0.7336127765625 0.024496537500000002 0.7262936 0.017329395312500002 0.72319341875 0 0.705838371875 0
1339 0.5116067156249999 0.6517882296875 0.49385544374999996 0.620995959375 0.4766985078125 0.6448041046874999 0.5023780921875 0.651480275 0.5116067156249999 0.6517882296875
1043 0.486965021875 0.6282909265625001 0.48179036875000003 0.6265129375 0.4517936390625 0.6469829984375 0.46409378749999997 0.6537143624999999 0.486965021875 0.6282909265625001
1389 0.404557934375 0.6042706625 0.37692750625000004 0.5944191 0.33663691406249996 0.60240549375 0.3260798796875 0.615598021875 0.3437483609375 0.6263211390625 0.38554699375 0.6260103 0.404557934375 0.6042706625
469 0.387470490625 0.6001888421875 0.36940059999999997 0.6040004625 0.36836270937500004 0.620821596875 0.3766643328125 0.6200953 0.3948310625 0.6173905609375 0.387470490625 0.6001888421875
1521 0.3313099765625 0.608448315625 0.33642918593750004 0.619153996875 0.3606007296875 0.6181546171875001 0.362178265625 0.5979402046875 0.3313099765625 0.608448315625
1153 0.40260935 0.40033110625 0.4054177015625 0.4324307125 0.39095897968750004 0.4392724640625 0.3995644171875 0.48982593281250003 0.43941220468750003 0.48633970312499997 0.43959258749999996 0.440594353125 0.4280257625 0.432683475 0.42253324374999995 0.398587990625 0.40260935 0.40033110625
301 0.43349093437499997 0.43778211093749997 0.39652099218750003 0.44547798437499997 0.40494679843750003 0.4748554171875 0.4067453578125 0.48585161718750003 0.42583909062499997 0.48418113125 0.430239025 0.47710405468749995 0.43349093437499997 0.43778211093749997
1513 0.2616651609375 0.09924726406249999 0.2386704953125 0.027645582812500003 0.2195760109375 0.09623745624999999 0.22386505781250002 0.107015765625 0.262633559375 0.11031609375 0.2616651609375 0.09924726406249999
580 0.9665386390625 0.3443015546875 0.956258828125 0.312855615625 0.954612553125 0.294038603125 0.9399601515624999 0.298666590625 0.94629688125 0.313727171875 0.9395446937499999 0.3321635984375 0.9279224218750001 0.333180415625 0.9302051812500001 0.34971103124999997 0.9258052453125 0.35678810625 0.9225259921875001 0.367113203125 0.944594409375 0.37075924374999997 0.972432565625 0.36386229999999997 0.9665386390625 0.3443015546875
994 0.8396605453125 0.5003981484375 0.8390935562499999 0.47479457812500003 0.8082807140625 0.4763749984375 0.8101480140625 0.526402621875 0.8171766703125 0.5302491171875 0.841348215625 0.5292497359375 0.8396605453125 0.5003981484375
994 0.8639429796875 0.48154337968750005 0.8429952421875001 0.48114535781249995 0.8454021875000001 0.5277797046875 0.8659071203125001 0.5326778859375 0.8639429796875 0.48154337968750005
994 0.9896707875 0.49396608437499995 0.9923690031250001 0.47699969062500003 0.9743545578124999 0.4718836171875 0.9512068546875 0.475024134375 0.9574045968749999 0.5458646484375 0.9935857718750001 0.54827598125 0.9896707875 0.49396608437499995
994 0.9466132406250001 0.47988744531250005 0.9307987625 0.47123283593750004 0.9112622281249999 0.47740348125 0.9154122859375 0.5439617218749999 0.9520362640625001 0.54187289375 0.9466132406250001 0.47988744531250005
1142 0.1309807140625 0.3839427390625 0.2823193671875 0.364010190625 0.273271878125 0.25103549531249997 0.1267759640625 0.25939080625 0.1309807140625 0.3839427390625
1179 0.574962221875 0.62059216875 0.5581098515625 0.628758690625 0.554484634375 0.6446908328125 0.5611673265625 0.6541443703125001 0.5752800859375 0.6529096640625001 0.5841354 0.6298278171875 0.574962221875 0.62059216875
1122 0.5427655234375 0.6446007671875 0.5492545359375 0.6518405390625001 0.5651525578125 0.6136429156250001 0.55925863125 0.5940821703125 0.5434855484375001 0.5954621359375001 0.5427655234375 0.6446007671875
301 0.6184226828125 0.4862932921875 0.60069875625 0.48449786718750004 0.591802046875 0.49754513906250003 0.6009752265625 0.5067807890625 0.6155307875 0.50104591875 0.6184226828125 0.4862932921875
580 0.47315833906250004 0.48004123437499996 0.4732965734375 0.49118269375 0.5039016875 0.5063507796875 0.5173779625 0.50740246875 0.518222175 0.4883675671875 0.4835630875 0.4746695140625 0.47315833906250004 0.48004123437499996
2021 0.0952556375 0.4249903609375 0.07562226250000001 0.430054125 0.07956534531250001 0.44643948125 0.0957531328125 0.47848389375 0.10192428125 0.4534061703125 0.0952556375 0.4249903609375
1392 0.47243981875 0.3953370875 0.46312765 0.44188136718750004 0.488751790625 0.45748523125 0.5205470796875 0.448011371875 0.5173513703125 0.4114842328125 0.4930001953125 0.3913075765625 0.47243981875 0.3953370875
896 0.5136707078125 0.43634406718749996 0.5278108109375 0.46410620781249995 0.5571851078125001 0.4269602734375 0.5407895921875 0.411664365625 0.5136707078125 0.43634406718749996
831 0.7266756890625 0.4902066453125 0.7354341640625 0.466017915625 0.74496735625 0.45068424843750005 0.7649466968749999 0.4400134390625 0.755482996875 0.42745714218749997 0.766717909375 0.42201279375 0.7607825890625 0.392417471875 0.7540030546875001 0.38185705 0.7609489218750001 0.365634390625 0.7486073765625 0.3488684484375 0.730731165625 0.35489383750000003 0.72183445625 0.3679411078125 0.70303124375 0.372932240625 0.69215634375 0.353807275 0.681959321875 0.3424304890625 0.663626259375 0.371918309375 0.6565140578124999 0.41492405000000004 0.675828815625 0.44446417812499994 0.686178121875 0.44802015156249997 0.7015771421875 0.49017177343749996 0.707553859375 0.5298016718749999 0.7288475578125 0.524592646875 0.7266756890625 0.4902066453125
407 0.48557464687499996 0.00046749062500000004 0.2854087046875 0.0168643875 0.3846681609375 0.0327181265625 0.48557464687499996 0.00046749062500000004
1250 0.11754959843749999 0.0583186859375 0.1277466203125 0.0696954703125 0.12889464687500002 0.1019403359375 0.181042584375 0.1051854703125 0.2164904375 0.10877631875 0.2073734546875 0.023691585937500002 0.0986221984375 0.0332060890625 0.0928110640625 0.033714496875 0.0927415703125 0.06160446093750001 0.11754959843749999 0.0583186859375
1365 0.12713748125 0.10097871249999998 0.1280371390625 0.07301611875 0.11764643749999999 0.059425568750000005 0.09523205625 0.061386571875 0.0858511484375 0.0688994265625 0.08174173125 0.07929715312499999 0.08178312812500001 0.0893317296875 0.08504833125 0.0979689046875 0.12713748125 0.10097871249999998
1416 0.317687440625 0.07984633125 0.315681153125 0.08559863437500001 0.3094272125 0.09060720625 0.29799862187500004 0.0938377890625 0.3006687375 0.1147959359375 0.34515153593750003 0.1164809703125 0.345262425 0.09862558437499999 0.3414575765625 0.0933816875 0.3319384328125 0.089753084375 0.3246192578125 0.08258594062499999 0.317687440625 0.07984633125
1917 0.42462608749999997 0.0782978984375 0.4218724265625 0.1041919875 0.424210628125 0.111794909375 0.4397900328125 0.108201175 0.44702641718749997 0.095299165625 0.455148409375 0.07339683125 0.4479260734375 0.0673365703125 0.430492665625 0.0688617953125 0.42462608749999997 0.0782978984375
1365 0.4712674578125 0.0664098203125 0.4623293515625 0.0694225140625 0.45588173281250005 0.07221731875000001 0.4488944703125 0.0784054015625 0.44293105156249996 0.0867346203125 0.4414089625 0.0980213390625 0.44145035625 0.10805591562500001 0.482571109375 0.0999968953125 0.48311075312499996 0.0966036171875 0.47936135 0.08243202656250001 0.4839549640625 0.0775687171875 0.47800559375 0.066935665625 0.4712674578125 0.0664098203125
1387 0.5238308515625001 0.0361579453125 0.515778353125 0.030170315625 0.503713278125 0.0356872953125 0.49149591875 0.049025084375 0.4883135046875 0.060457062500000006 0.485366165625 0.084137384375 0.4856980796875 0.0974926109375 0.503864809375 0.094787871875 0.5060788265625 0.0722870625 0.512042246875 0.06395784374999999 0.5198596703125 0.05769713125 0.5324089437499999 0.057714567187499996 0.53134370625 0.045538854687500005 0.5238308515625001 0.0361579453125
1387 0.5358678265625 0.06856550781250001 0.5321598203125 0.0644284953125 0.5249374828125 0.05836823437500001 0.5135088921875 0.0615988171875 0.5083756328125 0.0698554078125 0.50436305625 0.081360015625 0.50542829375 0.0935357296875 0.5089426234375 0.09545897656249999 0.5162204046875 0.0925915421875 0.5331141671874999 0.0944595953125 0.5361997421875 0.081920734375 0.5358678265625 0.06856550781250001
1250 0.723691771875 0 0.7277602453124999 0.0149703703125 0.7344429390625 0.0244239078125 0.7304717578125001 0.04596309375 0.7855115890625 0.034455599999999996 0.8143735890625001 0.029699790625 0.815690796875 0 0.723691771875 0
1495 0.5575052312500001 0.2585136046875 0.6960454875 0.245277546875 0.6818514453125 0.09260032343749999 0.6210973171874999 0.105723109375 0.552871728125 0.1194995625 0.5575052312500001 0.2585136046875
1597 0.55967559375 0.42674238437499995 0.563383603125 0.430879396875 0.5775791515625001 0.4497138453125 0.578146140625 0.47531741250000004 0.6086684640625 0.4704163453125 0.598196478125 0.30291386249999996 0.550489871875 0.3026262296875 0.55967559375 0.42674238437499995
353 0.8952688734375001 0.380651446875 0.914653121875 0.38230161093750004 0.9494230968749999 0.3781442765625 0.9779945781249999 0.37006781875 0.955237996875 0.043028925 0.88758015 0.015487559375000001 0.66390649375 0.059594287499999996 0.6761511984374999 0.07525334375 0.6821005687499999 0.0858863953125 0.7059090890624999 0.37714188437499996 0.798195334375 0.38022143750000004 0.8952688734375001 0.380651446875
1716 0.11491635781250001 0.44892344531250006 0.11520687656249999 0.45224409374999996 0.12010430937500001 0.49866055 0.12944306875 0.5480345062499999 0.18089907968750002 0.5624937296875 0.1826976375 0.5734899312499999 0.18069135 0.579242234375 0.20003119531250002 0.8385433750000001 0.1916741265625 0.8481973671875 0.19522984999999998 0.8601551890625 0.20826332343749998 0.8657070421874999 0.210172771875 0.8588478531250001 0.26200284375 0.8297754921875 0.2534262578125 0.6743760937500001 0.2423303328125 0.6240405140624999 0.3373288421875 0.5911914031250001 0.336582221875 0.5444117984375 0.3338566625 0.5323813453125 0.2653132078125 0.5138403015625 0.2625322015625 0.5107375421875 0.2619652140625 0.48513397343750003 0.2558502609375 0.4343626140625 0.25204541406250003 0.42911871875 0.20252619843750003 0.4367971546875 0.11491635781250001 0.44892344531250006
1307 0.212681071875 0.5050607515625 0.2110761921875 0.49627831718750004 0.20644118125 0.491107053125 0.2039506953125 0.4913249421875 0.20038092343749997 0.4983293875 0.19920479687499998 0.5040090625 0.2016398390625 0.5127188671875 0.2027464703125 0.5349291578125001 0.2046973140625 0.538104546875 0.2153925828125 0.5360534765625 0.212681071875 0.5050607515625
1869 0.270890021875 0.43416216093750004 0.265659925 0.44131186875 0.2674584828125 0.45230806875 0.2674030390625 0.4612357625 0.282885603125 0.45653514843750004 0.29625098906249997 0.475442225 0.3053827734375 0.47464329687499995 0.3177938125 0.4635192734375 0.32555579218749997 0.46618625468749997 0.346863540625 0.4420149609375 0.3453141046875 0.4243048328125 0.337939484375 0.4260653828125 0.33590585 0.402820840625 0.26885638749999996 0.41091761875 0.270890021875 0.43416216093750004
353 0 0.4262977671875 0.1256397265625 0.408947834375 0.11774101875000001 0.261296615625 0.2746416828125 0.2475695859375 0.2836337265625 0.369471975 0.24363365468749998 0.38077901718749996 0.24348137187500002 0.388599828125 0.27863870468749996 0.388870025 0.40868365781250005 0.3741465 0.5334430703125 0.375500375 0.5522462828125 0.370509240625 0.5483453484374999 0.2972370734375 0.5709534078125 0.297489834375 0.554878015625 0.11374725781249999 0.561630203125 0.09531083125 0.5147537578125 0.09495056874999999 0.386313684375 0.11845652656250001 0 0.097114853125 0 0.4262977671875
195 0.36738176875 0.49487226093750003 0.371449790625 0.4744399578125 0.39260525468749996 0.45808947499999997 0.3776763828125 0.440434540625 0.3644351828125 0.45163119375000005 0.3683509203125 0.43901970312499994 0.35780793437499997 0.4332499625 0.35379535781250004 0.4447545703125 0.3483301859375 0.439655934375 0.3290701203125 0.4681095 0.3170604890625 0.46469878593749997 0.294051021875 0.4789807625 0.297786375 0.512114621875 0.36684212656250004 0.498265540625 0.36738176875 0.49487226093750003
1820 0.084171503125 0.5564566765625 0.07761374843749999 0.5101854796875 0.0718580578125 0.50176619375 0.0009483031249999999 0.5135467703125001 0.006814131249999999 0.5710320578125 0.0791905296875 0.5568924546875 0.084171503125 0.5564566765625
594 0.4580749234375 0.670971275 0.4869369234375 0.666215465625 0.5205862171875 0.6588101140625 0.5349481 0.6508614781250001 0.54008135625 0.642604890625 0.5417002859375 0.6324250546875 0.5282794546875 0.6224456703125 0.49234740312499997 0.6133204078125 0.41738367812500005 0.6265710171875 0.40448844062499995 0.632160625 0.3969615359375 0.6417419875 0.3979299328125 0.6528108171875 0.40617611093750006 0.6610122125 0.43434618281250004 0.66747049375 0.4580749234375 0.670971275
291 0.42716599375 0.6045234234375 0.4398121078125 0.6056477421875 0.44865337343749995 0.601528165625 0.447325715625 0.5481072625000001 0.4378760671875 0.5165886937499999 0.43360106875 0.4868481125 0.42354228281250006 0.48661278750000003 0.42341734531249997 0.5234304453124999 0.4195984484375 0.53714881875 0.41836687812499995 0.5517561875 0.4228769484375 0.5937451125 0.42716599375 0.6045234234375
884 0.41742582656250005 0.5696842046875 0.40771300312500003 0.5638418359374999 0.39526056875000004 0.5649312828124999 0.390473275 0.5675808265625 0.39308794687500004 0.5974666671875 0.3996738 0.6058133234375 0.4019151640625 0.6123093609375 0.4183247296875 0.608643 0.419943659375 0.5984631625 0.41742582656250005 0.5696842046875
548 0.1788373453125 0.577173728125 0.17933559375000002 0.5637458734374999 0.132957396875 0.549957753125 0.1271462625 0.5504661609375 0.006177648437500001 0.573318453125 0.006896920312500001 0.5911012109375 0.0542575640625 0.5969958890625 0.1788373453125 0.577173728125
353 0.0328085703125 0.877711278125 0.0823137359375 0.8889951109374999 0.18961239531250001 0.8628773640625 0.190747125 0.8471631140625 0.1983708703125 0.838688634375 0.1798611875 0.5793148640625 0.05445124375 0.59920965625 0.006993759375 0.5922080937499999 0.018711365625 0.7261409359375001 0.0328085703125 0.877711278125
548 1 0.5437236046875 0.6991694453124999 0.5104588156250001 0.6564711578125 0.53873225 0.5256655359375 0.525638440625 0.5235210125 0.520249284375 0.564890890625 0.5054763359375001 0.4419581375 0.4771941203125 0.2786926421875 0.5137851078125 0.3336629828125 0.5301675796875001 0.336291703125 0.54109115 0.356464721875 0.53263410625 0.4129712 0.5187675875 0.9597560968750001 0.6014266859374999 1 0.5732283703125 1 0.5437236046875
353 1 0.576082190625 0.9591196125 0.60371308125 0.9548719625000001 0.6029693468749999 0.8217281359375 0.5822726171875 0.8465050546875 0.884596934375 0.7528216578125 0.85598644375 0.7548552921875 0.8792309859375 0.85180389375 0.916478653125 0.86357845 0.907641025 0.99167180625 0.9566634984375 1 0.9456452453124999 1 0.576082190625
666 0.670859634375 0.6267018515625 0.7344775578125 0.6367509796874999 0.7525311390625 0.85266579375 0.8428938859375 0.8815668062500001 0.8209948140625001 0.5834521296874999 0.6681207765625 0.5667122796874999 0.66922740625 0.5889225703125 0.670859634375 0.6267018515625
548 0.7523256703125 0.6686501328125 0.749655553125 0.6476919859375 0.3906115109375 0.5787222859375001 0.24389381718749997 0.622788371875 0.2453464140625 0.6393916171875 0.5991877046874999 0.7445078703125 0.7523256703125 0.6686501328125
353 0.5055001453125 1 0.756735890625 0.9772177281250001 0.735030496875 0.6813168187499999 0.5977210578125 0.7468668953125001 0.253302071875 0.6442723625 0.2771379375 0.9645246984375 0.2942667765625 0.9786410953125 0.29776705625 0.9995266125000001 0.2982645734375 1 0.5055001453125 1
1917 0.94921838125 0.12720722812500002 0.950546790625 0.113706740625 0.949730678125 0.09481710156249999 0.94155399375 0.058725740625 0.9190427734375 0.059579862500000004 0.918641365625 0.0741146 0.930360475 0.074204665625 0.9282987437499999 0.088884665625 0.9333211125 0.0984834625 0.9368768359375 0.1104412859375 0.9405294 0.1235059921875 0.9403216703125 0.140254496875 0.94613280625 0.1397460890625 0.94921838125 0.12720722812500002
1373 0.8032027156250001 0 0.8020874890625 0.00400615625 0.8079400203124999 0.013532325000000001 0.8173068796875 0.0249817390625 0.83595780625 0.0278114171875 0.8467499171874999 0.0268672296875 0.845573790625 0.032546903125 0.8505547640625 0.032111125000000004 0.8534466593750001 0.017358496875 0.87014674375 0.017012784375 0.8646675234375 0.030876418750000002 0.8849233296874999 0.0424885296875 0.8962964781249999 0.0481856390625 0.9110457203125 0.044664537500000004 0.908153825 0.059417167187499995 0.9137158359375 0.06562268437499999 0.930996959375 0.0719182703125 0.9414571531249999 0.0576188578125 0.9488177265625 0.07482057812500001 0.9617543578125 0.07926554531249999 0.9564959937499999 0 0.8032027156250001 0
1365 0.926112071875 0.140382321875 0.9386613453124999 0.1403997578125 0.94199604375 0.1211469671875 0.9473229812499999 0.11510414531249999 0.9500625921875001 0.1081723265625 0.9489973546874999 0.0959966140625 0.9459258296874999 0.08957320468749999 0.9405574984375 0.085581453125 0.9337225203124999 0.0839487234375 0.9316193921875 0.0885941453125 0.9282987437499999 0.088884665625 0.9288938312499999 0.0765636921875 0.9114604249999999 0.07808891875 0.9177003140625001 0.0920426171875 0.9101734078125 0.1016239796875 0.89636521875 0.0872170640625 0.8932382499999999 0.08972135 0.9098133953125 0.1261932953125 0.9100484703125 0.1384416390625 0.926112071875 0.140382321875
1896 0.9272874453125001 0.20162403437499998 0.9315210468749999 0.2213300390625 0.9393798671875 0.225103903125 0.9429910343750001 0.22813403281250003 0.9441531109374999 0.241416628125 0.9434611828125 0.25263071875 0.9518596468749999 0.253011303125 0.9552364921875001 0.176871703125 0.9491348374999999 0.1740594609375 0.9448731374999999 0.1922779984375 0.9395602484375001 0.1793585515625 0.92247280625 0.17527673125 0.9272874453125001 0.20162403437499998
301 0.9279786203124999 0.257331334375 0.940431053125 0.2562418875 0.9423405015625 0.2493827 0.9432815531250001 0.23145468125000002 0.9412338703125 0.2271724109375 0.9307877234375 0.22250955156250002 0.9293765234375 0.2159408828125 0.923371709375 0.2142355265625 0.9223892625 0.22212896718750003 0.9184321296875 0.22470588125000002 0.9128146734374999 0.22742805625 0.9100750640624999 0.2343598734375 0.9120673015625 0.2475698390625 0.91699283125 0.25606175468750003 0.9279786203124999 0.257331334375
1606 0.668066084375 0.5087185859375001 0.6230990875 0.501499134375 0.5903354015625 0.49990416406250004 0.5272290203125001 0.5243862984375001 0.65637431875 0.5376253671875 0.69658211875 0.509569821875 0.681251840625 0.5064496265625 0.668066084375 0.5087185859375001
1387 1 0.487730946875 0.997654546875 0.46092228906250005 0.99010029375 0.4415068046875 0.9762921046875 0.427099890625 0.9589141437500001 0.41969742187500003 0.9522728453125 0.42027845937499997 0.9441649015625 0.4232185234375 0.9232031171875 0.4417827734375 0.9174193265625 0.47128802968750005 0.9312415656249999 0.466732671875 0.9444687171874999 0.474498290625 0.9511100156250001 0.47391725156250003 0.9635624500000001 0.4728278046875 0.9939324890625001 0.4757475484375 0.9904041109374999 0.49278657187499997 0.995315590625 0.52024075625 1 0.5057147234375 1 0.487730946875
278 0.8842409343750001 0.4362686796875 0.88121080625 0.439879846875 0.8793013578125001 0.446739034375 0.8624489875 0.4549055578125 0.8670278 0.5359259062499999 0.8888470937499999 0.5462858749999999 0.8938280671875001 0.5458500953125001 0.9130740828125001 0.5363588 0.9111653875 0.47629659843749994 0.915759003125 0.47143328906250004 0.919536503125 0.4476803359375 0.9177379453125001 0.4366841359375 0.9210171984375 0.42635904062499996 0.9068076015625 0.4264868640625 0.8842409343750001 0.4362686796875
1365 0.7863083843750001 0.5407572296875001 0.791151121875 0.529179990625 0.7978064687499999 0.5096366828125001 0.8012794015625 0.501525353125 0.8008506484375 0.4870632421875 0.7976822828125 0.479532953125 0.788453659375 0.4792249953125 0.7828362015625 0.481947171875 0.779321875 0.4800239234375 0.772486896875 0.4783911953125 0.7615979484375 0.4782285 0.7510963578125 0.4824933359375 0.744455059375 0.483074375 0.735226434375 0.48276641875 0.73561379375 0.4871939515625 0.7430298093750001 0.49546797812500004 0.7470283359375001 0.5029256390625 0.7440950468749999 0.5076436906249999 0.7430157609375 0.5144302484375001 0.7436936375000001 0.5221784281249999 0.7508605312500001 0.5371663828125001 0.7547622171875 0.5435171624999999 0.7575432234374999 0.5466199203125 0.78171476875 0.545620540625 0.7863083843750001 0.5407572296875001