1142 0.673555146875 0.5633846453125 0.74371179375 0.6054849109375 0.731481215625 0.3448153921875 0.6627888937499999 0.3579522828125 0.673555146875 0.5633846453125
1228 0.6800092578125 0.57735171875 0.6657431218750001 0.5780993750000001 0.6843624734375 0.8651373359375001 0.7601326125 0.9870532000000001 0.7793918953125 0.9860438640625 0.755757178125 0.6306032140625 0.6800092578125 0.57735171875
646 0.5879825953125 0.4591488859375 0.576952940625 0.48070805937500005 0.5940413171875 0.506515759375 0.58850325 0.5373240109374999 0.5985238953125 0.5511041703124999 0.618132084375 0.5567523640625 0.6391823828125001 0.54897335 0.655768959375 0.5242618859375 0.65926679375 0.49546793281249996 0.6529278640625 0.4700505671875 0.64300690625 0.458172559375 0.5879825953125 0.4591488859375
646 0.5438606218750001 0.504377178125 0.543779790625 0.5301309890625 0.5567533499999999 0.5456637671875 0.5733089375 0.5476571906250001 0.5934620484375001 0.5227588109375 0.5884001999999999 0.49441345312499996 0.5638642 0.476625571875 0.552136734375 0.4848696859375 0.5438606218750001 0.504377178125
646 0.45094685625 0.4920801984375 0.44496019374999995 0.5143287703125 0.44605675624999996 0.5352524359374999 0.4594290671875 0.558393821875 0.4792521265625 0.554493875 0.49242169999999996 0.532822553125 0.49631828437500003 0.51163720625 0.48686141562499996 0.4949664359375 0.4734237671875 0.4842264171875 0.45094685625 0.4920801984375
544 0.6710319703125001 0.54253574375 0.3493306 0.5593953984375 0.3401263109375 0.5884884125000001 0.6547943015625 0.5739047390625001 0.6710319703125001 0.54253574375
369 0.8960294015624999 0.61848341875 0.8836883171875 0.6286670671875 0.8841059234375 0.6639316359375 0.8776208234375 0.6766694484375 0.88702785 0.69238914375 0.88867269375 0.7237746421875 0.8889906125 0.757137059375 0.8844804078124999 0.7802619390625 0.8768179140625 0.7978298968749999 0.891682175 0.8084951484375 0.9110909906250001 0.810339040625 0.92232001875 0.79258416875 0.9040044046875 0.7706555390625 0.9017924234375 0.70115224375 0.9102180671875001 0.6844979796875 0.9023373421875001 0.670605671875 0.9002439046875 0.630660490625 0.8960294015624999 0.61848341875
369 0.8388186875000001 0.6596292234375001 0.8359998109375001 0.6740822734374999 0.8427031406250001 0.6928047265624999 0.844048921875 0.718483771875 0.8469708468749999 0.746941278125 0.8465411109375 0.7660375578124999 0.8375173390624999 0.7712789140625 0.831131928125 0.785918878125 0.8458965031250001 0.7946819796875 0.8602623265625 0.795836475 0.8740300234375 0.7855780609374999 0.8733322109375001 0.7722629999999999 0.8641245609375 0.760347609375 0.8589940140625 0.7033952140624999 0.86360390625 0.682172484375 0.8570002625 0.6653521828125 0.8508418531249999 0.6160831578125 0.8398930328124999 0.611888521875 0.8388186875000001 0.6596292234375001
1049 0.79341364375 0.2299881609375 0.7948591125 0.25756935625 0.7986782265625 0.3031462265625 0.7987469265625 0.3317532640625 0.7979527875 0.3575444578125 0.7886144609375 0.370431803125 0.7838550375 0.38880130468749996 0.7908075859375 0.41227913593750004 0.805008384375 0.423932846875 0.82284105625 0.42299827656250005 0.8367084406249999 0.41464201406249995 0.8427449453125 0.3933445203125 0.8329391703125 0.37001621875 0.818074909375 0.35935096718750004 0.8155827203125 0.3117971796875 0.816009096875 0.25169249374999997 0.8116760515625 0.209957309375 0.8000792609375 0.1933986875 0.79341364375 0.2299881609375
828 0.3041430515625 0.5569951375 0.2842357984375 0.5456404890625 0.26298612499999996 0.5496152015625 0.25517410156250003 0.56432993125 0.24016030625 0.5508114515625 0.21162803437500002 0.552306765625 0.193795365625 0.5532413359375 0.18291524374999998 0.5776537375 0.173212515625 0.59723599375 0.1597937234375 0.6141519390625 0.16054138125 0.628418075 0.18243902343750001 0.636807346875 0.19531289375 0.650437975 0.2049381515625 0.697617934375 0.30672615625 0.70182033125 0.31418591406249996 0.6394396640625 0.306635240625 0.604548925 0.3088061484375 0.5777318890625 0.3041430515625 0.5569951375
1417 0 0.19420771718750002 0.026751628125 0.1910111140625 0.046624531250000004 0.18806224375 0.0780753703125 0.1740160328125 0.087314009375 0.1592265359375 0.0845416125 0.13362225781249998 0.0659612875 0.120290690625 0.04263703125 0.11197618281249999 0.028700945312499997 0.0917254078125 0.0161072796875 0.056145271875 0.0062018171875 0.0309148203125 0 0.042320625 0 0.19420771718750002
1422 0 0.2927404265625 0.005493185937500001 0.29035508125 0.004300296875 0.30853766718750003 0.0150685984375 0.3365839640625 0.0354742875 0.35744936875 0.0436042328125 0.37609705781249997 0.0621845578125 0.3894286234375 0.085474465625 0.3834396109375 0.10476473593749999 0.3557253875 0.10887619062500001 0.3249919 0.10331590625 0.2871357859375 0.09850327812500001 0.2635458046875 0.1104267578125 0.21809758750000002 0.0969392640625 0.2064064953125 0.084214925 0.19562909374999998 0.066382253125 0.1965636640625 0.056181090625 0.20663516406250002 0.0454814875 0.20719590625 0.03894654375 0.21898264374999998 0.0276488171875 0.2081304765625 0.015553589062500001 0.1820611 0.0048539875 0.1826218421875 0 0.1874141328125 0 0.2927404265625
1085 0.1251448484375 0.26691801875 0.1135170703125 0.2770642859375 0.10242207968749999 0.311024828125 0.10416661093749999 0.344312478125 0.118501446875 0.3721718609375 0.13786041875 0.373064675 0.16139954375 0.3718310421875 0.1786340890625 0.3594835609375 0.18951420937500002 0.3350711609375 0.188018896875 0.3065388875 0.17617288749999999 0.28522488749999997 0.1610594078125 0.2698042578125 0.14501775156250002 0.26396915 0.1251448484375 0.26691801875
1506 0.3547116796875 0.8394976453125 0.34544877500000004 0.9630088375 0.6901254953125 0.9478061609375 0.6905208828125 0.9144063609374999 0.637181175 0.8246940453124999 0.3547116796875 0.8394976453125
544 1 0.8318622109374999 0.88834264375 0.7447730734375 0.7698683749999999 0.7633799921875 0.9769778828125 0.975688821875 1 0.9744822828125 1 0.8318622109374999
1539 0.533697903125 0.17398006562499999 0.5191825484375 0.16997234375 0.5041687546875 0.1564538640625 0.48847600468749997 0.1572762859375 0.471540521875 0.17533021875000002 0.48348621875 0.1985463703125 0.47602310000000003 0.21991863125000002 0.5554150250000001 0.206220996875 0.54728508125 0.18757331093750002 0.533697903125 0.17398006562499999
1539 0.3617943234375 0.22399773281250002 0.3674320765625 0.19509163125 0.36296835625 0.1781591828125 0.34767435625 0.18659020937499998 0.33939824375 0.20609770156249999 0.33326205 0.2254930453125 0.3617943234375 0.22399773281250002
1539 0.5964035640625001 0.18309174374999998 0.5847757859375 0.193238009375 0.567541240625 0.20558548906250002 0.56487189375 0.2228917671875 0.5827045656250001 0.22195719687499998 0.6039542375 0.217982484375 0.6098412125 0.1938317625 0.5964035640625001 0.18309174374999998
1539 0.616080453125 0.21734697500000003 0.655063109375 0.2105355421875 0.6562061546875 0.191401878125 0.6482257421875001 0.17560741875000002 0.6357351265625 0.18293784062500001 0.6201919078125 0.1866134890625 0.616080453125 0.21734697500000003
1083 0.48662842343749996 0.081078078125 0.4854853796875 0.100211740625 0.5060715890624999 0.0972254859375 0.51174369375 0.0826229046875 0.48662842343749996 0.081078078125
316 0.043966585937500004 0.5467882093750001 0.031127062500000004 0.5474611 0.0057470796875 0.5545133359375 0.00850398125 0.5934700578125 0.0225707421875 0.5889181 0.050504890625 0.576009878125 0.043966585937500004 0.5467882093750001
1073 0.229024978125 0.092671125 0.2288943015625 0.11747386093750001 0.2524334265625 0.11624022812499998 0.253162228125 0.1028504015625 0.229024978125 0.092671125
477 0.30470010468750003 0.47208771718750003 0.29537727187499996 0.47162261718750004 0.2916457109375 0.48230874687499997 0.2882974078125 0.5139559265625 0.313976453125 0.51261014375 0.312431296875 0.483126796875 0.30470010468750003 0.47208771718750003
975 0.25306180624999997 0.49672878750000005 0.25405868125 0.5157503015625 0.26333166874999997 0.515264325 0.26233479375 0.496242809375 0.25306180624999997 0.49672878750000005
1387 0.221018253125 0.3629844296875 0.22413619375 0.354237834375 0.22235731093750002 0.30664666406249996 0.2144455984375 0.3194592421875 0.209686175 0.33782874375 0.213321409375 0.36624886874999996 0.221018253125 0.3629844296875
278 0.6451791296875 0.649749996875 0.6730479390624999 0.649243140625 0.6698579375 0.58837429375 0.642038971875 0.589832225 0.6451791296875 0.649749996875
278 0.65092665625 0.7457712625 0.6813496296875 0.7394084234375 0.675455934375 0.681542334375 0.6455468921875 0.6840634890625 0.65092665625 0.7457712625
897 0.5776218140625 0.343341940625 0.523659715625 0.350938415625 0.5313754140625 0.3753299390625 0.5803942109375 0.3689462203125 0.5776218140625 0.343341940625
897 0.580712128125 0.4023086375 0.53715056875 0.4036379140625 0.5334533593749999 0.4286275640625 0.5827213734375001 0.426999225 0.580712128125 0.4023086375
999 0.63970498125 0 0.642543553125 0.067184784375 0.6617684875000001 0.051871928125 0.6564424421874999 0 0.63970498125 0
1566 0.4533434515625 0.182959703125 0.44470293749999995 0.20916210781250003 0.45376105781250003 0.218224271875 0.4687405 0.21743923281250002 0.472338021875 0.19054743125 0.4533434515625 0.182959703125
599 0.3742162390625 0.1880602734375 0.41132704999999997 0.213772328125 0.44599551562500006 0.192881671875 0.4409181734375 0.17788875625 0.391600315625 0.1785660203125 0.3742162390625 0.1880602734375
791 0.3368177671875 0.4980614515625 0.33049769218749997 0.5003000484375 0.328906053125 0.5108740296875001 0.336752428125 0.51046281875 0.3368177671875 0.4980614515625
792 0.39594885625 0.2069487625 0.38106910156249996 0.2096359515625 0.37280848125 0.215791 0.3731573875 0.22244853125000003 0.39099005781249996 0.2215139609375 0.39594885625 0.2069487625
353 0.6881201328125 0 0.623701875 0.1034586890625 0.6492004 0.125964565625 0.6619260546875 0.3551364375 0.7392279046875 0.342502028125 0.75079501875 0.6041600078125 0.6795606640625 0.5687920359375 0.67868233125 0.579328634375 0.761977565625 0.626462465625 0.7828089 0.9830037234375 0.964801821875 0.975373253125 0.774995559375 0.77932398125 0.774711990625 0.7602650828125 0.8887568874999999 0.7390292359374999 1 0.8229569703124999 1 0.5005551265625 0.9737670171874999 0 0.6881201328125 0
353 0 0.484063265625 0.002460753125 0.5327507437500001 0.0481123890625 0.5303582421875 0.0524420734375 0.5310850203124999 0.057235846874999996 0.5270190375 0.05205209374999999 0.428107159375 0.2298150203125 0.42165206250000004 0.23169358906249998 0.4711453859375 0.2322418703125 0.4816072171875 0.2372848625 0.48229661406249996 0.2427454609375 0.518250578125 0.2476887640625 0.5170378234374999 0.24667303281250003 0.470360346875 0.33883914375 0.4683911890625 0.3413778125 0.47588764531249994 0.3470377859375 0.5156459124999999 0.3513674703125 0.5163726921875 0.3479626 0.46505198593749997 0.6654838171875 0.45031877812500004 0.65088295625 0.21266199062500002 0.33759173593749997 0.2262198234375 0.33636113437500004 0.1890904875 0.35448950468749996 0.152853965625 0.36255075 0.14289461406249998 0.357787965625 0.120255709375 0 0.14811299218750001 0 0.484063265625
407 0.5031293515625 0 0.4867213875 0.0009634171875 0 0.026471406250000003 0 0.1434263296875 0.35835174062499997 0.1173651 0.36402720624999996 0.143770925 0.6466462359375 0.1318205515625 0.6462973296875 0.125163021875 0.620035653125 0.10174345 0.6410670953125 0.0663084734375 0.638231025 0 0.5031293515625 0
1209 0.030693962499999998 0.525548975 0.043583328125 0.5258271609375 0.041922990625 0.507794103125 0.0372443984375 0.5004097953125 0.033628021875000004 0.4996456328125 0.034126459375 0.5091563906250001 0.03014568125 0.5150871421875001 0.030693962499999998 0.525548975
1209 0.0043669484375 0.514530771875 0.003588303125 0.5269695234375 0.0050647609375 0.5278458328125 0.0163779828125 0.52534555625 0.0158297015625 0.514883721875 0.0043669484375 0.514530771875
353 0.34362750625 0.6007028671875 0.0402228921875 0.6118351875 0.0615601203125 0.6641234765624999 0.3270597859375 0.6530702921875 0.33122444375 0.6642962875 0.32324739375 0.6895102343749999 0.33067411562500004 0.8312205203125 0.361445996875 0.8315152093749999 0.362673234375 0.8276361421875 0.6729118546875 0.8104235359375 0.6645636796875001 0.760315584375 0.6744502875 0.7578900734375 0.6652790343749999 0.5828921359375 0.664780596875 0.5733813796875 0.350361825 0.59272043125 0.346430890625 0.599602259375 0.34362750625 0.6007028671875
1723 0.04242815 0.5993216718750001 0.0427272125 0.6050281265625 0.17759204374999998 0.5989138484375001 0.194493178125 0.5665563953125 0.1215863515625 0.567516215625 0.06299550625 0.56867945625 0.04242815 0.5993216718750001
1387 0.3842637765625 0.5299076765625 0.39305718437500003 0.5475669062499999 0.4057316796875 0.5573932312500001 0.4151542015625 0.55976048125 0.439970409375 0.5555988562499999 0.44955795312499996 0.5474668890625 0.44391683750000005 0.535364584375 0.4439976671875 0.5096107734374999 0.448093628125 0.49222972968749995 0.45635424843749994 0.48607468125000003 0.4560551859375 0.48036822656249994 0.44374508749999997 0.4638469890625 0.39799376406250003 0.46433733750000006 0.3871789796875 0.4763483734375 0.380379325 0.496732175 0.3797003671875 0.5110730765625 0.3842637765625 0.5299076765625
1532 0.52461683125 0.4920340703125 0.51524415625 0.490617896875 0.5158921249999999 0.5029818796875001 0.5051925234375 0.5035426234375 0.49582320781250006 0.543134853125 0.49570802656249996 0.5545851453124999 0.498047321875 0.5582773000000001 0.546502340625 0.55478419375 0.5457546843750001 0.54051805625 0.5365281796875 0.500946703125 0.5250654265625 0.500593753125 0.52461683125 0.4920340703125
353 0.3403701453125 1 0.344041015625 0.9907395671874999 0.340072371875 0.9423094671875001 0.3341665421875 0.938804228125 0.32206999999999997 0.6943403781249999 0.266626034375 0.8374382015625 0.042812721875 0.8386771921875 0.0401743625 0.829278584375 0.017912321875 0.8275842250000001 0.0263158484375 1 0.3403701453125 1
1211 0.5664513999999999 0.266678634375 0.5549886484375001 0.2663256828125 0.5422986562500001 0.269851803125 0.5224257531250001 0.272800671875 0.523656353125 0.30993000937500004 0.52680864375 0.3154869328125 0.5453047765625 0.31356390312500004 0.5604337515625 0.315632090625 0.56650460625 0.308638115625 0.5655575749999999 0.2905676765625 0.5659873125 0.2714713953125 0.5664513999999999 0.266678634375
896 0.3606957125 0.38046013125 0.38418499375000004 0.3782754234375 0.38315376875 0.3449503875 0.3771482515625 0.3395429953125 0.3593654234375 0.3414286421875 0.3606957125 0.38046013125
1365 0.372251428125 0.300698421875 0.3668440375 0.30670393906250004 0.3691678390625 0.3237485375 0.3919438140625 0.3216012109375 0.3909469375 0.30257969687499997 0.394578809375 0.2899914140625 0.39157605 0.28728771875 0.3773597578125 0.28898645 0.3725161421875 0.2921013578125 0.372251428125 0.300698421875
994 0.0376067515625 0.6711009484375 0.0617594953125 0.6679277796875 0.062173740624999994 0.6621839421875 0.0399736734375 0.607079809375 0.045231534375 0.598221065625 0.044882628125000004 0.591563534375 0.037550184375000004 0.5881330593749999 0.0261372765625 0.5887311859375 0.011257521874999999 0.5914183765625001 0.004224140625 0.5936943546875 0.01006463125 0.6096009640625 0.005868984375 0.62507985625 0.0085605484375 0.6764379468749999 0.015743460937500002 0.67701519375 0.0376067515625 0.6711009484375
1394 0.07446834375 0.6920576234375 0.0739200609375 0.6815957906250001 0.08274445625 0.6725501328125 0.078165553125 0.6670679749999999 0.06461272343749999 0.6677782484375 0.0518728875 0.670353290625 0.0361801375 0.6711757140625 0.013553695312499999 0.6761762671875 0.0086103921875 0.677389021875 0.0127784125 0.729623421875 0.032751003125 0.728576703125 0.048857996875 0.72201044375 0.0620619203125 0.7146426406249999 0.063404340625 0.6993132796875 0.07446834375 0.6920576234375
548 0.042563503125 0.8339218140625 0.2658130390625 0.8355734328125 0.3305609828125 0.665284746875 0.3272591609375 0.6568745953125 0.08229586250000001 0.6639904515625 0.0841710703125 0.6724753671875 0.07810021406249999 0.67946934375 0.0767079515625 0.693847628125 0.06625756875 0.6991637484375001 0.06425168437499999 0.7154815671875 0.0314240765625 0.7305536203125 0.0114514859375 0.7316003390625 0.01254805 0.75252400625 0.016386018750000002 0.8257568390625 0.042878059375 0.8262758265624999 0.042563503125 0.8339218140625
790 0.189698090625 0.3522279078125 0.18516903125 0.347696825 0.1805746328125 0.3555671109375 0.1745536234375 0.3635121625 0.168432925 0.36955506250000003 0.2106177125 0.3692516265625 0.2111316453125 0.365409940625 0.197544465625 0.35181669531250004 0.189698090625 0.3522279078125
1086 0.1661711 0.2991006921875 0.1622711515625 0.2792776328125 0.154639646875 0.270140703125 0.1442546015625 0.26305545625 0.13075161562499998 0.26471680625 0.12126375781250001 0.27475092343749996 0.1144142578125 0.2941836484375 0.11265759374999999 0.315256846875 0.1110659546875 0.325830828125 0.10466504843749999 0.3538232359375 0.09705239843749999 0.37234226875 0.11768845312500001 0.370307090625 0.16139954375 0.3718310421875 0.1690963875 0.3685666046875 0.1773071625 0.3614604796875 0.1741548734375 0.35590355625000003 0.16926141249999999 0.3580673875 0.165545346875 0.3554010734375 0.1664236796875 0.344864475 0.1696568 0.3246675875 0.1677970875 0.302830228125 0.1661711 0.2991006921875