1834 0.036250737500000005 0.6568450984374999 0.0594505875 0.6495058359375 0.062628025 0.63037664375 0.0470247875 0.6196425515625 0.029745675 0.6194692515625 0.0123993203125 0.6286590546874999 0.0094543 0.645131728125 0.0155219390625 0.6617236953125001 0.036250737500000005 0.6568450984374999
1481 0.7318709609375 0.6300370484375 0.8014182625 0.5484547171874999 0.89704063125 0.5641819359375 0.9021420640625 0.6261958703125 0.9377768515625 0.6400209218749999 0.9768514703125 0.49420495937500003 0.8721583359375 0.47902257812500004 0.8792835484375001 0.3632028515625 0.6938831734375001 0.342297928125 0.654860090625 0.38439035 0.618719509375 0.797479084375 0.650281178125 0.9180219 0.699531253125 0.9223307234375 0.7318709609375 0.6300370484375
830 0.77791875625 0.5678136 0.7980299671875 0.604372190625 0.82530365625 0.65360325625 0.8713455984375 0.651608484375 0.9111821359375 0.6002182453125 0.8206546328125001 0.5434455484375 0.77791875625 0.5678136
67 0.21286429375 0.5719147984374999 0.2589062359375 0.5699200281250001 0.26921545625 0.5380305187500001 0.2107966796875 0.518196846875 0.17835175 0.5280733359374999 0.16578233281250002 0.525635228125 0.17280119375 0.5657328781250001 0.21286429375 0.5719147984374999
1142 0.150587671875 0.2352057546875 0.1386489765625 0.3974492796875 0.2937758203125 0.43778965000000003 0.304699340625 0.3129332484375 0.150587671875 0.2352057546875
1506 0.6298819546875001 1 0.6144596578125 0.8633585046875 0.3874456515625 0.8368052203125 0.3171462859375 0.978550946875 0.5623100828125 1 0.6298819546875001 1
23 0.47208879843749996 0 0.521103034375 0.0568194828125 0.5832221828125 0.051546790625000005 0.6222452656249999 0.0094543703125 0.502118221875 0 0.47208879843749996 0
1443 0 0.6000874296875 0.0029492375 0.6077558828125 0.038825578124999996 0.6102254421875 0.0481378953125 0.5983251125 0.045055109375 0.5819942859375 0.0296751484375 0.5773026484375 0.0216593875 0.5571941765624999 0.0206043828125 0.577847484375 0.009236871875 0.578860596875 0 0.5885097546875 0 0.6000874296875
32 0.809725259375 0.7285306296875 0.79588084375 0.7922330828125 0.9492345953125 0.990352646875 0.9598584609374999 0.8775158671875 0.809725259375 0.7285306296875
655 0.2825376578125 0.6435933234375 0.1099855171875 0.742263215625 0.06835361250000001 0.7540128015625001 0.0474146765625 0.95896776875 0.2503846828125 0.9767253421875 0.2825376578125 0.6435933234375
548 0.951689228125 0.73024345625 0.9311438796875 0.7244306921875 0.9151430515625 0.7096465359375 0.9109745640625 0.68853623125 0.918106346875 0.6757759171875 0.9263329656250001 0.6590961078124999 0.953214915625 0.6440484296875 0.9060872734375 0.6412637218749999 0.882092240625 0.64050285625 0.847864365625 0.653569421875 0.8126944078125 0.6344313328125 0.74346175 0.635066390625 0.9677057625 0.8393880499999999 0.9742897671874999 0.7469434390624999 0.9626989781249999 0.741914096875 0.951689228125 0.73024345625
575 1 0.048154990625 0.9812228093750001 0.04889139375 0.8974484890625 0.12119846406250001 0.8819263484375 0.47050818281250006 0.999430453125 0.4767731796875 1 0.4696974703125 1 0.048154990625
1228 0.2882091421875 0.98271140625 0.36544770781249997 0.8475957015625 0.387371125 0.5798208218750001 0.2915196265625 0.618279828125 0.2882091421875 0.98271140625
1716 0.198860553125 0.568681990625 0.1637885296875 0.5656135859375 0.073808803125 0.5885251874999999 0.282681275 0.616168146875 0.36171849218749996 0.5722228015625 0.2555329296875 0.55690985 0.2392722765625 0.57087913125 0.198860553125 0.568681990625