1067 0.2956563953125 0.7291560390625 0.27483765937500004 0.7430193203125001 0.273816303125 0.754693478125 0.287679584375 0.7755122140624999 0.31778931250000003 0.7899099875 0.35028220625 0.7770680624999999 0.3572376609375 0.7423860437500001 0.33948299375 0.72122685625 0.2956563953125 0.7291560390625
1221 0.20600811718749998 0.678179946875 0.19686353750000002 0.6930645859375 0.24015564218750002 0.736063865625 0.265206215625 0.7186496515624999 0.26758938125 0.691409953125 0.234269171875 0.66888895625 0.20600811718749998 0.678179946875
291 0.2992549578125 0.6432051046875 0.345951584375 0.64729053125 0.3561175203125 0.6207317359375 0.3549497515625 0.5892602 0.349890596875 0.5574482109375001 0.348722828125 0.525976675 0.3065984921875 0.5144489296875 0.32182358125 0.519702125 0.3180786078125 0.5625073656249999 0.299448996875 0.5961680265625 0.296384928125 0.6311904968750001 0.2992549578125 0.6432051046875
581 0.5377937140625 0.38175021249999996 0.5992285671875 0.351834525 0.6396506421875 0.382819196875 0.7041019359375 0.4080638109375 0.6827487078125001 0.47285555625000003 0.737034065625 0.524658965625 0.7727815390624999 0.11606348281250001 0.5117182546875 0.0971445765625 0.48992931874999995 0.3461932515625 0.47344120468749995 0.4898340640625 0.5377937140625 0.38175021249999996
1373 0.31219213749999997 0.4953324546875 0.3247412390625 0.44153396093749997 0.315450246875 0.41327290625 0.2997382921875 0.3687654046875 0.23898434375000002 0.390898321875 0.254355846875 0.439297209375 0.258734096875 0.47889196875 0.2771696671875 0.4922683859375 0.31219213749999997 0.4953324546875
454 0 0.8797421609375 0.004047678125000001 0.8800962875 0.1181132546875 0.8312581640625 0.11782042968749999 0.744966778125 0.032890851562500004 0.7296940609375 0 0.7375509703125 0 0.8797421609375
1040 0.26253375624999997 0.973291971875 0.331118103125 0.8616571875 0.2569877375 0.9022256765625001 0.21617758125000003 0.9653151609374999 0.26253375624999997 0.973291971875
1754 0 0.9467301499999999 0.4026236359375 0.9855482484375001 0.61800811875 0.6750135640625 0.274738875 0.6096908562500001 0 0.69404310625 0 0.9467301499999999
410 0.3134727984375 0 0.314813440625 0.0171788984375 0.29535651406249996 0.015476637500000001 0.2565890703125 0.055217809375 0.2513358765625 0.0704428984375 0.24574222968749998 0.089559375 0.250801384375 0.1213713625 0.2653455703125 0.134407328125 0.284802496875 0.13610958906249998 0.317295390625 0.1232676640625 0.3306718078125 0.1048320921875 0.3567437375 0.0757437203125 0.39701940156250004 0.0635827 0.43220946875 0 0.3134727984375 0
2001 0.6859591890625001 0.48097877968749997 0.6946169046875 0.42683983437500006 0.650984346875 0.3877319390625 0.613772753125 0.364870490625 0.5985476625 0.359617296875 0.55335925625 0.38311202187500004 0.5403232921875001 0.3976562078125 0.53453560625 0.46380976093750004 0.6859591890625001 0.48097877968749997
1228 0 0.6732328421875 0.033425343749999996 0.678765596875 0.1743901671875 0.6362020234375 0.195596984375 0.528264584375 0 0.5484276328125001 0 0.6732328421875
1716 0 0.5136596765625 0.0060868609375 0.5430539671875 0.1800314421875 0.5269027765625001 0.1810527984375 0.5152286187499999 0.0737962640625 0.48623903281249997 0.037411984375 0.4987405046875 0.010172285937500001 0.49635734062500003 0 0.5019242125 0 0.5136596765625
968 0.0418344125 0 0.021588793749999998 0.23140848125 0.0828896859375 0.2478431578125 0.20877583125000002 0.2431720828125 0.22570318281250001 0.22896835000000001 0.18513469375 0.15483798437500002 0.21271484531249998 0.1533297640625 0.2257984375 0.048602806250000005 0.2586317828125 0.0318694953125 0.2163478 0 0.0418344125 0
1483 1 0.25138892031250004 0.9498413453125 0.288401059375 0.8627297015625001 0.8807189765625001 0.8832121328125 1 0.9504681328125001 1 1 0.46411635625000003 1 0.25138892031250004
1280 0.8749348203125 0.5171178609375 0.8441441875000001 0.5105028593750001 0.8397183109374999 0.5610908703125 0.8708493953125 0.5638144875 0.8749348203125 0.5171178609375
351 0.9346162546875 0.2831478640625 0.9593263765625 0.2696250359375 0.9678376796875 0.172340396875 0.75702195625 0.161738753125 0.74773449375 0.44717170624999997 0.9104917828125 0.46925346562500003 0.9346162546875 0.2831478640625
268 0.8289190984375001 0.505249665625 0.8059112374999999 0.4993155671875 0.7829033765625 0.49338146875 0.743308615625 0.49775971874999997 0.7385422859374999 0.552239115625 0.8202613828124999 0.5593886109375 0.8289190984375001 0.505249665625
1786 0.3709033734375 0.4965478515625 0.40524493906250003 0.507394690625 0.41794045156250004 0.49674189062499996 0.4231936453125 0.4815168015625 0.4125408453125 0.46882128749999996 0.392743465625 0.4710104125 0.3803884046875 0.477771828125 0.3709033734375 0.4965478515625
1387 0.036390628125000005 0.5104146625 0.063630328125 0.5127978265625 0.0692239734375 0.49368135156250004 0.0638243671875 0.46576074843750004 0.0447078921875 0.46016710156249996 0.0220404828125 0.45034161875 0.013236354687499998 0.46133487031250003 0.017274153125 0.5048210156249999 0.036390628125000005 0.5104146625
1008 0.2313479859375 0.4333631109375 0.2193333765625 0.4362331390625 0.19564461093750002 0.4380818125 0.2012382578125 0.4189653375 0.1775494921875 0.420814009375 0.1678704203125 0.4866271125 0.2304730421875 0.4881829609375 0.2313479859375 0.4333631109375
581 0.187664271875 0.1707439796875 0.22317360625 0.21306235624999997 0.1964207703125 0.24993349843749998 0.173899775 0.28325370781250003 0.19097353749999998 0.3121956671875 0.1999240765625 0.3443481078125 0.231736065625 0.33928895312499996 0.24082948750000002 0.10089307968750001 0.2413639796875 0.049964615625 0.22088569531250002 0.0599365109375 0.2137362015625 0.1416556078125 0.197149303125 0.15196795624999998 0.187664271875 0.1707439796875
351 0.334907175 0.41497516718750005 0.47144612031250005 0.42299960625 0.4915327953125 0.193407859375 0.5169238218750001 0.1721022578125 0.4949373171875 0.154494003125 0.29866577968749997 0.156928325 0.3199713796875 0.1823193515625 0.297355128125 0.396005103125 0.334907175 0.41497516718750005
301 0.514738225 0.4659988859375 0.5243696703125 0.49036855625 0.5629430734375 0.49766446249999996 0.57700039375 0.47144612031250005 0.5670284984375 0.4509678359375 0.55146295625 0.449606028125 0.514738225 0.4659988859375
1606 0.514203734375 0.51692735 0.474268521875 0.5251969859375001 0.6915052078125 0.5520450765625 0.6734100890625 0.5347772734375 0.514203734375 0.51692735
1608 0.573936325 0.506468590625 0.5832273171875 0.5347296453125 0.6026842453125 0.53643190625 0.6089587953125 0.509532659375 0.606088765625 0.49751804999999993 0.57918951875 0.49124350000000006 0.5568625625 0.47752663125000006 0.5477179828125001 0.49241126875 0.573936325 0.506468590625
1699 0.6000082546875001 0.47738021875000003 0.6230161171875 0.4833143171875 0.655509009375 0.4704723921875 0.6646535890624999 0.455587753125 0.6433479890625 0.430196728125 0.630652475 0.44084952812499995 0.6249124171875 0.4168203109375 0.61460006875 0.4002334125 0.6022450078125 0.4069948265625 0.61255735625 0.423581725 0.5797240109375 0.4403150359375 0.6000082546875001 0.47738021875000003
666 0.8546541046874999 0.7937466875 0.86457484375 0.590713734375 0.7060493937500001 0.565081040625 0.6931122125 0.7129536921875 0.6724398890625001 0.769962665625 0.8546541046874999 0.7937466875
353 0.30149170937499997 0.5728197140625 0.3201213203125 0.5391590515625 0.359375628125 0.5386721875 0.3708557453125 0.5867306234375 0.428205171875 0.6035115609374999 0.42124971718750004 0.6381935796875 0.4523808015625 0.6409171953125 0.458022075 0.5316179484375 0.2443363234375 0.509001696875 0.246818271875 0.6150904625 0.2903044171875 0.6110526640625 0.30149170937499997 0.5728197140625
1387 0 0.9032691890625 0.052592976562500005 0.907870478125 0.0847454171875 0.8989199390625 0.1363547859375 0.8916716609374999 0.16918813125 0.8749383500000001 0.1786731625 0.8561623265625 0.1566866578125 0.8385540718750001 0.1297874109375 0.8322795203125001 0.027736442187499998 0.8782476156250001 0 0.8774566171875 0 0.9032691890625
896 0.364046703125 0.6645583328125 0.3687654046875 0.7002617078125 0.39041145781250003 0.7217613484375 0.41123019375 0.7078980671874999 0.39668600781249996 0.6948621015625001 0.39619914375 0.65560779375 0.416336975 0.6495272828124999 0.4190605921875 0.6183961984375 0.4126396296875 0.602149753125 0.38184899687499996 0.59553475 0.34969655624999996 0.604485290625 0.34916206562499996 0.6554137546875001 0.364046703125 0.6645583328125
1416 0.092231834375 0.49961545 0.123703371875 0.49844768124999994 0.128956565625 0.48322259062499995 0.123556959375 0.45530198750000006 0.108672321875 0.4461574078125 0.0885344890625 0.45223791875 0.083621746875 0.46357162343749997 0.080557678125 0.49859409374999997 0.092231834375 0.49961545
2001 0.12666865624999998 0.330096746875 0.21514916718750002 0.3496013015625 0.20318218593749998 0.262288559375 0.134158603125 0.24448626406249999 0.12666865624999998 0.330096746875
580 0.37527809375 0.222448603125 0.34380655781249997 0.223616371875 0.342104296875 0.2430732984375 0.37323538125 0.245796915625 0.37527809375 0.222448603125
580 0.3664263390625 0.3236246265625 0.3317443203125 0.316669171875 0.3339334453125 0.3364665515625 0.36506452968750003 0.33919016874999997 0.3664263390625 0.3236246265625
301 0.373041340625 0.2928339953125 0.37508405312500004 0.26948568125 0.347503903125 0.2709939015625 0.34682299843750003 0.2787766734375 0.34191025625 0.29011037812499996 0.373041340625 0.2928339953125
301 0.4292229984375 0.278143396875 0.40198330000000004 0.27576023125 0.4080638109375 0.2958980640625 0.4317525765625 0.294049390625 0.4292229984375 0.278143396875
1008 0.8505139937499999 0.30323806875 0.800266434375 0.29492080625 0.7975428171875001 0.326051890625 0.8488117328125 0.32269499687500003 0.8505139937499999 0.30323806875
580 0.9247907718749999 0.30581527343750003 0.8894278484375 0.306642590625 0.8877255890625 0.32609951718749997 0.92240760625 0.333054971875 0.9247907718749999 0.30581527343750003