1250 0.059747998437500005 0.22271972343750002 0.0375799265625 0.345800328125 0.20732335468750002 0.373893371875 0.2325001625 0.2554458109375 0.059747998437500005 0.22271972343750002
410 0.1724142625 0 0.17042368125000001 0.0026399703125 0.31399315625 0.041143640625 0.3773488046875 0 0.1724142625 0
410 0.7372071906250001 0.0791848265625 0.6150312375 0.10912477812500002 0.7326666421875 0.1381224734375 0.8761436203124999 0.12069723125000001 0.7372071906250001 0.0791848265625
1636 0.213323534375 0.7026372203125 0.20601413906250002 0.737025221875 0.2596915796875 0.8602532171874999 0.286437803125 0.8659383015625 0.2788885203125 0.9202429046875 0.28571814375 0.9256881031249999 0.3025335140625 0.8653660328124999 0.5352753640625 0.8788951796875001 0.52390519375 0.9323876265625 0.5353678609375 0.934824090625 0.5475501859375 0.8775107546875001 0.604291253125 0.8735973703125 0.61078849375 0.8430302578125 0.502566565625 0.73216958125 0.213323534375 0.7026372203125
1250 1 0.39462182968750004 0.967162903125 0.3876420890625 0.9403617875 0.5137314281250001 1 0.5299122296875 1 0.39462182968750004
125 0.4527649078125 0.47797931718750003 0.4145560171875 0.46985776718750005 0.356430525 0.4614963296875 0.334742225 0.544743734375 0.31945866875 0.5414951140625 0.31296142968749996 0.5720622265624999 0.2865475890625 0.602389453125 0.263807246875 0.709374346875 0.4528950078125 0.7216115656250001 0.4658894875 0.660477340625 0.48628586093750004 0.6208840265625 0.49521956562499997 0.578854246875 0.4769272765625 0.5709725828125001 0.4879650640625 0.4814678234375 0.4527649078125 0.47797931718750003
1650 0.8376226609374999 0.5837444656249999 0.8035670421875001 0.6124473828125 0.79406106875 0.63838145 0.7542278671875 0.637901678125 0.6554570203125001 0.6328813578125 0.6383092687499999 0.6571911171875 0.640026075 0.7054782515625 0.6076872625 0.7824683015625 0.636630065625 0.79660731875 0.7098917234375001 0.8840628890625 0.81233606875 0.9657408765625 0.9032252515625 0.9890534859375 0.94359311875 0.8179256328125 0.9804784921874999 0.6443935875 0.942171090625 0.617947475 0.8376226609374999 0.5837444656249999
125 0.9048920171875 1 0.9504964359375 0.7854480765625 0.8955458703125 0.7997258390625 0.870516453125 0.8423278875 0.8506923499999999 0.8980169140625 0.8373654859374999 0.9231388265625 0.777855571875 0.9025025687499999 0.746476303125 0.8998262171875 0.7385946390625 0.9181185078125 0.707215371875 0.9154421562499999 0.6573039281249999 0.9248007406250001 0.549599375 0.9618102015625001 0.5445028890625 1 0.9048920171875 1
1794 0 0.62584945 0.034221520312499996 0.6246327328125 0.057386740625 0.6095890625 0.050224734375 0.5681315515625001 0.073112465625 0.38530114531250004 0.0665227296875 0.359939346875 0.0275016828125 0.355638684375 0 0.4850239296875 0 0.62584945
1050 0.82602989375 0.3376757515625 0.7900175828125 0.338008134375 0.8110787203125 0.37043944375 0.7639737281250001 0.592051009375 0.7792572843750001 0.5952996296874999 0.8263622765624999 0.3736880640625 0.8587935859375 0.3526269265625 0.82602989375 0.3376757515625
1636 0.6338236140625 0.5843543390625 0.5950800578125001 0.7478404140625 0.6171932375 0.7565342328125 0.6204418578124999 0.7412506765625 0.6432746953125 0.6901946953125 0.6396936921874999 0.6694659390625 0.6470030875 0.6350779375 0.6685439984375 0.6276760453125 0.7228486000000001 0.6352253265625001 0.780974090625 0.6435867640625 0.8027548875000001 0.616268271875 0.7967374203124999 0.6070021828125001 0.75169890625 0.5934354328125 0.6392688125 0.577524715625 0.6338236140625 0.5843543390625
1799 0 0.89994616875 0.0262300703125 0.9064738718750001 0.0601555890625 0.6341387078125 0.0511293875 0.620239575 0.0173136546875 0.629025890625 0 0.6278547031249999 0 0.89994616875
1373 0.7385194328125 0.542711834375 0.7246203 0.5517380359375 0.7336465015625 0.56563716875 0.73097015 0.5970164359375 0.769179040625 0.6051379875 0.7748641265625 0.5783917640625 0.788763259375 0.5693655609375 0.7759161671875 0.5546542734375 0.757623878125 0.5467726093749999 0.7385194328125 0.542711834375
1050 0.8368654 0.45579093125 0.8126481374999999 0.494572090625 0.8315126968750001 0.518549465625 0.8190904859374999 0.5957794015625 0.8307930390625 0.5782992671875 0.8437875187499999 0.5171650421875 0.856874496875 0.511959728125 0.8519090703125001 0.47895615156250004 0.855157690625 0.46367259531249994 0.8368654 0.45579093125
1050 0.3429013796875 0.69423818125 0.3251813578125 0.7024522281250001 0.3048774828125 0.7979744546875 0.3430863734375 0.8060960046875 0.363815128125 0.8025150015625 0.3794859609375 0.710001509375 0.3429013796875 0.69423818125
1105 0.37380087500000003 0.7367477328125001 0.367303634375 0.7673148453125 0.45136319374999995 0.7851822562499999 0.45021865625 0.7529908328125 0.37380087500000003 0.7367477328125001
581 0.21647965781249998 0.631424753125 0.605877959375 0.6782522546875 0.6261818359375 0.5827300281250001 0.6638184578125 0.5747558671874999 0.73203948125 0.2538011859375 0.3125538390625 0.16064324218749998 0.21647965781249998 0.631424753125
1050 0.793081209375 0.2108667546875 0.793653478125 0.226962465625 0.808937034375 0.2302110859375 0.8151943890625001 0.2195605734375 0.8192551640625 0.200456128125 0.8086046515625 0.194198775 0.7963298296875 0.1955831984375 0.793081209375 0.2108667546875
140 0.49941044218749997 0.80338205 0.500794865625 0.815656871875 0.5182750015625001 0.827359425 0.5335585578125001 0.8306080453125 0.557296046875 0.8316600859375001 0.5742039125 0.827266928125 0.570622909375 0.8065381734375 0.556151509375 0.7994686640625 0.53241401875 0.7984166234375001 0.5056677953125 0.7927315375 0.49941044218749997 0.80338205
598 0.6837350578125 0.574995753125 0.6812985921875 0.5864584203125001 0.6873160609375 0.595724509375 0.7072326609374999 0.5959643953125 0.7134900156249999 0.5853138828125 0.7121055921874999 0.5730390609375 0.6984463453124999 0.5621486625000001 0.6777175890625 0.5657296656249999 0.6837350578125 0.574995753125
100 0.8488251281249999 0.098916434375 0.9003608828124999 0.0819160703125 0.8332091890625 0.059655501562500005 0.8024021906250001 0.0730748625 0.8488251281249999 0.098916434375
125 0.08141900937499999 0.4589500796875 0.0677597640625 0.44805968125 0.050464621875000004 0.5482149515625 0.048600425 0.5757733296875001 0.0560023171875 0.597314240625 0.06722509843749999 0.61966730625 0.0895781640625 0.608444525 0.0830809234375 0.6390116375 0.11063930156249999 0.640875834375 0.13142294999999998 0.5055204062499999 0.1398768828125 0.503323828125 0.1461342375 0.492673315625 0.081991278125 0.475045790625 0.08141900937499999 0.4589500796875
1373 0.7552423046875 0.42646085312500004 0.7558145734374999 0.4425565640625 0.768661665625 0.45726785156250005 0.7746791328125 0.4665339390625 0.769806203125 0.4894592734375 0.765745428125 0.50856371875 0.760872496875 0.5314890531249999 0.7677021203125001 0.536934253125 0.7741993609375 0.506367140625 0.7837053359375 0.480433071875 0.7877661109375 0.46132862656249995 0.7880059968750001 0.4414120265625 0.77979195 0.4236920046875 0.7623118140625 0.4119894515625 0.7552423046875 0.42646085312500004