1250 0.3566008546875 0.3462920359375 0.38023846250000004 0.1209321265625 0.10886283125 0.085426321875 0.0928139546875 0.3585042140625 0.34458624531250004 0.34916206562499996 0.3566008546875 0.3462920359375
1650 0.690242184375 0.7009390828125001 0.721128071875 0.5271885421875 0.569558075 0.46687383125000004 0.512743140625 0.399164428125 0.13980340468750002 0.44888102500000004 0.1273054609375 0.7261907546875 0.3302907859375 0.8262942656250001 0.690242184375 0.7009390828125001
423 0.8204077953125 0.602534303125 0.8674448734375 0.6027283437500001 0.8867077609375 0.6514676828125 0.9469272171875 0.6802632296875 0.97815355625 0.502621303125 0.936710125 0.48331078749999995 0.946242784375 0.3743519921875 0.78314504375 0.35616161874999996 0.7486605953125001 0.6158630921875 0.779938090625 0.661732403125 0.8204077953125 0.602534303125
1691 0.6107563109374999 0.3097101890625 0.6740398359374999 0.303483265625 0.6947597875 0.15629151875 0.6330797390625 0.00973305 0.4242591 0.0659658640625 0.5816203125 0.37382102968750003 0.6107563109374999 0.3097101890625
581 0.8227398031250001 0.35178336875 0.93101769375 0.3690987984375 0.9851531093749999 0.06406250625 0.8921003093750001 0.05200026875 0.8227398031250001 0.35178336875
423 0 0.9062045843750001 0.10960195156250001 0.9285428031249999 0.1674858703125 0.8943952765625 0.273234184375 0.8958047140625001 0.240543721875 0.641989709375 0.251050109375 0.6115395296874999 0.044125771875000004 0.6012783374999999 0.008517653125 0.425631496875 0 0.545609596875 0 0.9062045843750001
389 0.9572610906250001 1 0.9618630125 0.9129190453125 0.58055485625 0.789371965625 0.5717507296875 0.80036521875 0.196720653125 0.9636129 0.6387219 1 0.9572610906250001 1
1636 0.8483802671875 1 0.9632248203125 0.897353503125 0.9763084140625 0.7926265453125 0.9855543765625001 0.68694470625 0.8435620687500001 0.6516140953125 0.59495263125 0.7592622375 0.5887768640625 0.91948995 0.792799653125 1 0.8483802671875 1
1050 0.6787109109375 0.42936941093750003 0.6726304 0.4092315796875 0.69276823125 0.40315106875 0.66912709375 0.3148169703125 0.6302132390625 0.3114124484375 0.5914457953125 0.35115362031249997 0.5682438953125 0.39225660156250003 0.5746648578125 0.40850304687500005 0.594121784375 0.41020530781250003 0.592079071875 0.43355362187499996 0.591057715625 0.44522777812500003 0.589015003125 0.46857609062499994 0.5989868984375 0.489054375 0.6301179828125 0.49177799218749996 0.645683525 0.49313979999999996 0.660762203125 0.4552473015625 0.6787109109375 0.42936941093750003
1050 0.0694691703125 0.670155509375 0.1128530015625 0.2190952390625 0.11878709999999999 0.1960873765625 0.1396058359375 0.1822240953125 0.1543440625 0.1482229828125 0.060950809375000005 0.14005213125 0.087656015625 0.19336376093750002 0.055752301562499995 0.692482465625 0.0694691703125 0.670155509375
2001 1 0.0820473921875 0.9401622734374999 0.3542141609375 0.9536374750000001 0.4691070546875 0.96575086875 0.5995654890625 0.9929905671875 0.6019486546875 1 0.521830471875 1 0.0820473921875
376 0.7595515328125 0.177644746875 0.779689365625 0.1715642375 0.792384878125 0.1609114375 0.794427590625 0.1375631234375 0.7864984078125 0.0937365265625 0.7712733171874999 0.08848333281250001 0.719323496875 0.09962299687500001 0.721512621875 0.1194203765625 0.716405840625 0.177791159375 0.747536925 0.18051477656249998 0.7595515328125 0.177644746875
300 0.1576568578125 0.6033686781250001 0.171714178125 0.5771503359375 0.1744377953125 0.5460192515625 0.15498086718749998 0.5443169906249999 0.1199583984375 0.541252921875 0.107262884375 0.5519057218750001 0.12467710000000001 0.5769562953125 0.1381999296875 0.6016664171875 0.1576568578125 0.6033686781250001
423 0 0.9527098953124999 0.15391541250000002 0.9598679265625 0.178720790625 0.7659795546875 0.16028521874999999 0.7526031375 0.144038771875 0.7590241 0.143017415625 0.77069825625 0 0.7511258640625 0 0.9527098953124999
1636 0.16680143593750002 0.588484040625 0.1133433953125 0.5720435546875 0.07151188281250001 0.6468071953125001 0.07978151875 0.6867424078125001 0.09466615625 0.6958869875 0.129348175 0.7028424421875 0.12783995312500002 0.675262290625 0.307184140625 0.687031703125 0.2967765375 0.8508103468750001 0.32012485 0.852853059375 0.33680700468749997 0.6621751687499999 0.16680143593750002 0.588484040625
255 0.7987105859375 0.35752342656249997 0.7869888015625001 0.44668484218750004 0.792728859375 0.470714059375 0.798128465625 0.49863466250000005 0.8077599093750001 0.52300433125 0.88947900625 0.5301538265625 0.9102977421875 0.5162905453125 0.9356887687500001 0.49498494375 0.9497937171874999 0.37858382968750004 0.9232349234375 0.36841789375 0.7987105859375 0.35752342656249997
1354 0.806738553125 0.5346784890625 0.8046958406250001 0.5580268015625001 0.8114572546875 0.5703818625 0.8298928265625 0.5837582796875 0.9232860796875 0.59192913125 0.9583085499999999 0.5949932 0.9596703578125 0.5794276578125 0.941915690625 0.5582684687499999 0.9150164437500001 0.55199391875 0.8997913546874999 0.546740725 0.806738553125 0.5346784890625
1636 0.671415003125 0.46794281406250005 0.658719490625 0.478595615625 0.6187842781249999 0.48686524999999997 0.656676778125 0.501943928125 0.710475271875 0.5144930296875 0.732802228125 0.5282098984375 0.727549034375 0.5434349890625 0.7483677703125 0.5295717062499999 0.7293500796875 0.657306525 0.7449156218749999 0.6586683343749999 0.7702078625000001 0.50403426875 0.6834296125 0.4650727859375 0.671415003125 0.46794281406250005
1050 0.67900020625 0.2019667890625 0.68863165 0.226336459375 0.6953930640625 0.23869152031250002 0.683330828125 0.3317443203125 0.6968536578125 0.3564544421875 0.7102777015624999 0.2478361 0.7448133078125 0.21164586093749999 0.7377114406249999 0.20318218593749998 0.68746388125 0.1948649234375 0.67900020625 0.2019667890625
1506 0.9176924328125 0.61104560625 0.8972141499999999 0.621017503125 0.8880695703124999 0.6359021406250001 0.9019328515625 0.6567208765625 0.9398253499999999 0.6717995546875 0.9741669156249999 0.68264639375 0.9912883062500001 0.6214055828125 0.9721718312500001 0.6158119359375 0.9449321328125 0.613428771875 0.9176924328125 0.61104560625
1917 0.9558777562499999 0.7124156703125 0.957239565625 0.696850128125 0.9338912515625 0.6948074156249999 0.9208552875 0.7093516015625 0.9167698609375 0.7560482281249999 0.9352054328125 0.7694246453125 0.9702279031250001 0.7724887140625001 0.975334684375 0.71411793125 0.9558777562499999 0.7124156703125
1917 0.828776215625 0.7757979796875001 0.852124528125 0.7778406921875 0.9029065796875001 0.7352294921875 0.896145165625 0.72287443125 0.8819414312499999 0.7059470796875 0.8589335703125001 0.70001298125 0.8479403187500001 0.6912088546875 0.8168092343750001 0.6884852375 0.8047946250000001 0.6913552671875001 0.784316340625 0.7013271624999999 0.7983260343749999 0.7652915921875 0.828776215625 0.7757979796875001
1506 0.9581655859374999 1 0.98107474375 0.7381471484375 0.8262942656250001 0.6697092140625001 0.18470604531249998 0.9664829296875 0.5678079078125 1 0.9581655859374999 1
1250 0.529619334375 0.1614494578125 0.5639609 0.1722962984375 0.559535021875 0.2228843109375 0.5987893296875 0.2223974453125 0.6107051546875 0.0861989515625 0.5377901859375 0.0680562046875 0.529619334375 0.1614494578125