1050 0.3867141125 0.32561618281250004 0.38486543906250004 0.34930494843750004 0.41332053437500005 0.40563301875 0.3903126734375 0.41156711718750005 0.39167448125000004 0.42713265937499995 0.4500452640625 0.4220258765625 0.44868345625000006 0.406460334375 0.4246542390625 0.40072027656250003 0.432583421875 0.3568936796875 0.43341073906250005 0.3215307578125 0.4161429359375 0.3034356375 0.44236127812500003 0.2893783171875 0.4728114578125 0.278871928125 0.41828443281250005 0.1934554859375 0.36448593906250004 0.2060045875 0.3366129640625 0.290787753125 0.38822233281249996 0.29803603125 0.4009178453125 0.30868883125 0.3867141125 0.32561618281250004
1354 0.268365540625 0.49673836250000003 0.2537737265625 0.4195915546875 0.19608384843749999 0.43248110781250004 0.14904676875 0.43267514843750005 0.10132878593750001 0.42508641718750007 0.122535603125 0.53302385625 0.1755067796875 0.5558376765624999 0.2996906640625 0.5410518234375 0.268365540625 0.49673836250000003
1354 0.6935479203125 0.4713032375 0.6992879796875 0.4472740203125 0.6884411390625 0.4129324546875 0.6385340312500001 0.425141103125 0.607402946875 0.4278647203125 0.5596849640625 0.42027598906249997 0.5612408125 0.482878609375 0.5544793968749999 0.4952336703125 0.70371385625 0.49786203125000006 0.6935479203125 0.4713032375
1354 0.49927146875000006 0.4020344578125 0.47203176874999997 0.40441762187499997 0.47796586718749995 0.4274254828125 0.48492132187500003 0.4621075015625 0.47986216875 0.4939194890625 0.538573403125 0.49270409375 0.5564744828125 0.4283992125 0.5671272828125 0.4157036984375 0.6063815906250001 0.4161905625 0.59655610625 0.3935231546875 0.56897595625 0.3920149328125 0.53108345625 0.4070936109375 0.49927146875000006 0.4020344578125
1650 1 0.6126271046875 0.9738264640625 0.31346222031250004 0.9426953796875001 0.3161858375 0.90699200625 0.311467134375 0.8129178484375 0.3118552140625 0.7503152281250001 0.3134110625 0.6916039921875 0.314626459375 0.6328927578125 0.31584185625 0.5511736609375 0.32299135 0.521598425 0.3883175875 0.462740778125 0.43267867656250003 0.41774641093750003 0.45622102968749995 0.41964271249999996 0.5227150359375 0.40393075781250004 0.5672225375 0.5519974484375 0.6013224359375 0.579965678125 0.6969048140625 1 0.747847225 1 0.6126271046875
125 0 0.521830471875 0.0206275171875 0.7576040765625 0.128758996875 0.7834343390625 0.11601585625 0.6825987671875 0.19856226875 0.64008635 0.39682889062500004 0.5756862140625 0.38476665468750004 0.48263341249999997 0.2744460515625 0.4766005296875 0.1837287875 0.42571969374999996 0.1647587234375 0.388167646875 0.1390272453125 0.36297066093749997 0 0.3928390171875 0 0.521830471875
1506 1 0.7583852921875 0.572523359375 0.7014771046875 0.57373875625 0.7601883390624999 0.558513665625 0.7654415328125 0.556324540625 0.7852389125 0.521302071875 0.7883029828125 0.3420055125 0.890255165625 0.3437077734375 0.90971209375 0.309706659375 0.9244503187499999 0.2814456046875 0.9151593265625 0.27551150625 0.892151465625 0.210866171875 0.8703590015625 0.17618415468749998 0.87731445625 0.1589163515625 0.8592193375000001 0.14553993437499999 0.8407837656250001 0.137903575 0.7983189765625001 0.1184466484375 0.8000212375 0.064161290625 0.8518246453125 0.0530216265625 0.903774465625 0.08434675 0.9480879281249999 0.14646250624999999 0.9857863859375 0.180343965625 1 0.4321920828125 1 1 0.95032324375 1 0.7583852921875
2001 0 0.3902628453125 0.1231212515625 0.3604410828125 0.18270743125 0.4140455375 0.2583460171875 0.42703387499999995 0.3043617390625 0.415165678125 0.25611279374999996 0.042954475 0 0.042085371875 0 0.3902628453125
1250 0.6854758546874999 0.2445815203125 0.9698874500000001 0.2236199 0.951162584375 0.009593695312500001 0.942698909375 0.0024918296874999997 0.6391708375 0.029047093750000003 0.6457858390625 0.059837726562500006 0.6581409 0.066599140625 0.6854758546874999 0.2445815203125
1636 0.3983371109375 0.5481060624999999 0.412881296875 0.535070096875 0.41487638281250006 0.46823563906250004 0.48083589687500006 0.41541087499999996 0.36628345625000003 0.40582705781249995 0.26462056718750004 0.4539331203125 0.2818883703125 0.472028240625 0.39152806875 0.4702783515625 0.3983371109375 0.5481060624999999
1225 0.19174969687500001 0.875952646875 0.22288078125 0.87322903125 0.2589246078125 0.88183911875 0.268750090625 0.9045065265625001 0.27011189999999996 0.92007206875 0.2899092796875 0.92226119375 0.3178298828125 0.9276608 0.34506958125 0.9252776359375 0.3585924109375 0.9005675140625 0.35299876406249997 0.8814510375 0.5106492703125001 0.8009984953125 0.521982975 0.7960857531250001 0.538229421875 0.802506715625 0.5641073125 0.784558009375 0.5815215265625 0.759507434375 0.5565697375 0.6087647546875 0.5237363937499999 0.59203144375 0.472127025 0.584783165625 0.4123944328125 0.5743244046875 0.373140125 0.573837540625 0.12058814531249999 0.6900410859375 0.135033546875 0.8103335859374999 0.15755454375 0.8436537953125001 0.1709309609375 0.862089365625 0.19174969687500001 0.875952646875