1050 0.5051284359375 0.182792384375 0.472885203125 0.2788628734375 0.504972609375 0.2816906125 0.5338129281249999 0.2889875796875 0.5214356578125 0.31072265625 0.530793465625 0.3448350015625 0.5490897312499999 0.38544151875 0.5271629296875 0.3968242671875 0.52960721875 0.41225689687499995 0.5874795828125 0.403090815625 0.5850352937500001 0.387658184375 0.5612752765625 0.3874664609375 0.5752581390625 0.3259276640625 0.56773355 0.303389790625 0.5498566312500001 0.29040144843750004 0.5595978875000001 0.276993759375 0.60792071875 0.2574753484375 0.5603647859375 0.1819536890625 0.5051284359375 0.182792384375
1354 0.8242410640625 0.3497717125 0.7785542453125001 0.3609627359375 0.7194597375 0.362412503125 0.7239648640625 0.4407977984375 0.7042906265625 0.49137319531249996 0.8283627421875 0.47567704375000003 0.8742412859375 0.440726003125 0.8687057390625 0.330864375 0.8242410640625 0.3497717125
1354 0.3783362765625 0.45599057031249995 0.347471015625 0.460879146875 0.29609282187499997 0.4611067703125 0.29387615624999996 0.4970523328125 0.3052589046875 0.518979134375 0.30182009375 0.54720838125 0.44598579374999997 0.508555009375 0.4364362625 0.49820268125 0.42280094999999995 0.4370832328125 0.3783362765625 0.45599057031249995
1354 0.4144735640625 0.43444721875000003 0.42788125312499997 0.44418847499999997 0.46080735156249997 0.5022525640625 0.5180686437500001 0.4892283234375 0.5054637515625 0.45958520781249995 0.5038222593749999 0.4242507171875 0.504013984375 0.40049070000000003 0.47700688125 0.40476820468749997 0.447363765625 0.417373096875 0.4069489734375 0.4119093453125 0.3805529421875 0.4200450078125 0.376503059375 0.4444160984375 0.4144735640625 0.43444721875000003
1650 0 0.4644392875 0.0635607125 0.865745834375 0.47004522968750007 0.7104013484375 0.4740592140625 0.6108920484375 0.6094781796875 0.5419844890625 0.5834655984375 0.5026001156250001 0.5692192140625 0.43762250937499997 0.5198659625000001 0.4256645859375 0.45202472031249996 0.3968601640625 0.407524146875 0.3406292921875 0.3265028375 0.3534618078125 0.269241546875 0.366486046875 0.21198025468749998 0.3795102859375 0.15086080625 0.39314559843749997 0.05948716875 0.41552764375000006 0.02598589375 0.428743609375 0 0.4328593703125 0 0.4644392875
125 1 0.46064914687499997 0.9705470453125 0.274690509375 0.8170999234374999 0.27971380468749996 0.7982284828124999 0.310387340625 0.7889065734375 0.3514132046875 0.7131931890625001 0.42272915468749994 0.6076090656249999 0.45527180468750006 0.6184166390625 0.548478659375 0.8263736984375001 0.5630008 0.9167528140625001 0.58428063125 0.9287825312500001 0.6852038 1 0.648233040625 1 0.46064914687499997
1506 1 0.731375625 0.94280129375 0.6988032140625 0.9235105046875001 0.7018585749999999 0.926374140625 0.7449093796875 0.9178550296875001 0.766033384375 0.905477759375 0.7877684609375 0.87014326875 0.7894099531250001 0.812690253125 0.8261942093749999 0.812498528125 0.8499542265625 0.787324640625 0.8658062046874999 0.7507680062500001 0.8597313812499999 0.7477126453125 0.84044059375 0.5490774953125 0.7848925890625 0.5143540765625 0.7903922375 0.507440559375 0.771712521875 0.49139685625 0.770298653125 0.4783726171875 0.7130373609375 0.0615357703125 0.8779313796875 0.0834850625 1 0.4894098140625 1 0.893364009375 0.936019940625 0.9605582828125 0.8858279937500001 1 0.8460352421874999 1 0.731375625
2001 0.626359909375 0 0.6693036890624999 0.370356440625 0.7168237234375 0.370739890625 0.7870733578125 0.33983873125 0.83192148125 0.27341135781250003 0.9622960421875 0.272536765625 0.9683828312499999 0.2610262015625 0.9270403421875001 0 0.626359909375 0
1250 0 0.34157495625 0.2582422484375 0.2970392109375 0.241707403125 0.11773074531250001 0.25205973125000003 0.1081812140625 0.2510293125 0.07670488125 0 0.11646401875000001 0 0.34157495625
1636 0.4981308859375 0.41328731718749995 0.5749105875 0.44858590937500004 0.5930151296874999 0.5129524437499999 0.6102809765625 0.522082628125 0.5980595328125 0.4449194765625 0.7048658015625 0.42009314218749993 0.7172430703125 0.398358065625 0.6069620953125 0.37627543750000003 0.4981308859375 0.41328731718749995
1225 0.6409545125 0.54095406875 0.6029840078125 0.5509229484375 0.5475559328124999 0.575521659375 0.4992331 0.5950400703125001 0.4714232 0.6192194359375 0.483680540625 0.771520796875 0.5066377625 0.7916143828125 0.536089153125 0.8027695078124999 0.5502996390625 0.7926089046875 0.5624851843750001 0.7946338453124999 0.734916028125 0.8345574953125 0.73411323125 0.8544593546874999 0.7532122953125 0.8751640109375 0.7802193984375 0.87088650625 0.8060043562500001 0.8588926859375 0.824684071875 0.85197916875 0.822239784375 0.8365465375 0.8262896671875 0.8121754484375 0.8591798687500001 0.7951013265625 0.8900451296874999 0.79021275 0.9068916281250001 0.7717247578124999 0.915410740625 0.7506007546875 0.9292018796875 0.712821975 0.9141168015625001 0.59260801875 0.6409545125 0.54095406875