1250 0.43426625156250004 0.24448156562499998 0.39327213125 0.45537803125 0.558154821875 0.4874279796875 0.6029834234375 0.2772768625 0.43426625156250004 0.24448156562499998
1250 0.6152322156250001 0.2756784234375 0.573492746875 0.4904093703125 0.7314518234375 0.5171341421875 0.7709552484375 0.3139066390625 0.6152322156250001 0.2756784234375
1354 0.381355421875 0.6599884859375 0.4150126625 0.6506133421875 0.45793730312500003 0.6549776859375 0.5185436546875 0.6707377296875 0.4505827171875 0.5699814953125 0.440462225 0.5401587359375 0.3867794890625 0.52972386875 0.35386759687499997 0.53526453125 0.328624665625 0.5422958890625 0.3509939484375 0.5705202093749999 0.368783403125 0.6018336640624999 0.3781585453125 0.6354909046875 0.381355421875 0.6599884859375
2001 0.99335515625 0.357136803125 0.885989684375 0.33626706875 0.8465940015625 0.559412325 0.9539594749999999 0.580282059375 0.99335515625 0.357136803125
1354 0.6095026265625 0.6327072921875 0.624202946875 0.65944091875 0.6358141328125 0.6815947140625 0.6749042921874999 0.6852137093749999 0.7170835859375 0.693412534375 0.7331668578125 0.69255944375 0.7268808484375 0.6634820328125001 0.7251746671875 0.6313154875 0.7311374484375001 0.6006396374999999 0.72495918125 0.5914799796875 0.6843783265625001 0.5955299468749999 0.64454281875 0.5957454328125 0.61386696875 0.5897826515625 0.6095026265625 0.6327072921875
1354 0.7338044625 0.6688072078125 0.74158116875 0.6902156578125 0.7638427078125 0.6985222249999999 0.797607690625 0.709064834375 0.8028251234375 0.682223465625 0.8202913484375 0.6537836593749999 0.843828096875 0.61458575625 0.8138975953124999 0.6047884953125 0.7793872656249999 0.598080365625 0.737207971875 0.5898815421875 0.7289014046875 0.6121430812499999 0.7267731046875 0.643564278125 0.7338044625 0.6688072078125
1354 0.1647116625 0.6895057234374999 0.1529927328125 0.6474341734375 0.126043621875 0.6222989859375 0.0999476 0.6132470718749999 0.1023991296875 0.6415791343749999 0.1201885828125 0.6728925890624999 0.1470299515625 0.678110021875 0.1647116625 0.6895057234374999
1354 0.1292493515625 0.790055325 0.151510890625 0.7983618921875 0.19369018437500002 0.806560715625 0.2027420984375 0.7804646953125001 0.195710740625 0.7552217640625 0.174832153125 0.71932848125 0.1509721765625 0.6987731234375001 0.1126273640625 0.691319646875 0.10666458281249999 0.721995496875 0.109861459375 0.7464930796875 0.10847850781249999 0.7740797953125 0.1292493515625 0.790055325
125 0.01262533125 0.8987048609375 0.024128774999999998 0.900940903125 0.029453951562500004 0.8940172890625 0.0387213515625 0.907756775 0.2931800625 0.929363003125 0.287962628125 0.956204371875 0.322472959375 0.9629125000000001 0.342489603125 0.8394637546875 0.2899743328125 0.7616066640625 0.20412504999999997 0.752877978125 0.157895790625 0.7040983 0.115716496875 0.6958994765625001 0.09696621093749999 0.6285849953125 0.08833641406250001 0.591093275 0.0482854203125 0.551473253125 0.0031247375 0.5586123546875 0.010263837500000001 0.6037730375 0.0246586359375 0.8572709156249999 0.01262533125 0.8987048609375
125 0.1360563703125 0.632203990625 0.1091072578125 0.6070688046875 0.0658593890625 0.5429512 0.04349010625 0.5147268796875 0.0105782140625 0.5202675421875 0.0075968234375 0.5356054671875 0.0107937 0.56010305 0.036781978124999996 0.5492372109375 0.0597888640625 0.5537092968749999 0.072890746875 0.5681941312500001 0.10559600625000001 0.6660767171875001 0.1402140796875 0.6927026 0.17014458125 0.7024998625000001 0.194112303125 0.7429729734375 0.2708019265625 0.7578799265625 0.2776177984375 0.74328735 0.2520516390625 0.690565446875 0.1746166671875 0.6794929749999999 0.1607694375 0.668842621875 0.1360563703125 0.632203990625
1650 0.3161780953125 0.7905763328125001 0.32619084374999996 0.8004813375 0.3376942875 0.8027173812499999 0.3544151640625 0.77811205625 0.50768666875 0.7880082078124999 0.5240843171875 0.703649621875 0.553161728125 0.6973636109375 0.57307948125 0.69725586875 0.610463459375 0.66870831875 0.6527504953125 0.696824896875 0.6643616828125001 0.7189786921875 0.6851325265625 0.734954221875 0.6801305796875 0.8016310984375 0.7077172953125 0.80301405 0.727949425 0.7194008109375 0.7555361406250001 0.7207837640625 0.7946263 0.724402759375 0.814966171875 0.6607072734375 0.8147506859375 0.6208717671875 0.79163605625 0.596481928125 0.748711415625 0.5921175843750001 0.6981178124999999 0.586262546875 0.6314409375000001 0.5812605984375 0.546337003125 0.5686974328125001 0.4535641078125 0.5546435703125 0.4059518953125 0.5334506078125 0.3676070828125 0.52599713125 0.338529671875 0.5322831406249999 0.3094522609375 0.5385691515625 0.28134453593750003 0.72411494375 0.296790203125 0.7470140875 0.3213955296875 0.7637349640625 0.3161780953125 0.7905763328125001
1050 0.1835519859375 0.49022044375 0.18291438124999998 0.5139726796875 0.1984677921875 0.5567895765624999 0.1993208828125 0.5728728484375 0.1802562203125 0.5890638640625 0.1895236203125 0.6028033515625 0.2125305078125 0.6072754375 0.22626999374999998 0.5980080359375 0.21849328906249998 0.5765995875 0.22754520312499998 0.5505035671875 0.2578978234375 0.4967130875 0.24405059375000002 0.486062734375 0.2523571609375 0.46380119531249997 0.28068922500000004 0.46134966562499996 0.2733346375 0.376353475 0.20889380625 0.359848084375 0.1572404796875 0.44133302187499995 0.2055980390625 0.45869150468750003 0.20112595312499998 0.481698390625 0.1835519859375 0.49022044375
1636 0.5980168890625001 0.9169887624999999 0.637852396875 0.9167732765625001 0.6561717125000001 0.9044167421875 0.6874763125000001 0.7433685328124999 0.6490237578125 0.715997303125 0.6006661984375 0.6986388203125 0.56008534375 0.7026887875 0.5363331078125 0.7020511828125 0.530262584375 0.7128092796875001 0.5020471171875001 0.8784373171875 0.5251617468750001 0.9028271578125 0.559672078125 0.9095352859375 0.5980168890625001 0.9169887624999999
1636 0.773442190625 0.915273728125 0.8041180406249999 0.921236509375 0.8317047562500001 0.9226194609375 0.8423551093749999 0.9087722312500001 0.8767488437500001 0.75230385 0.846818340625 0.7425065890625 0.8092188765625 0.73121863125 0.767039584375 0.7230198062500001 0.73945286875 0.7216368546874999 0.7257133812500001 0.7309042546875 0.6966448234375 0.8804490218750001 0.719759453125 0.9048388609375 0.746600821875 0.91005629375 0.773442190625 0.915273728125
2001 0.112726253125 0.5679786453125 0.154905546875 0.57617746875 0.185581396875 0.5821402499999999 0.20528366406249998 0.542197 0.26544133593749997 0.19176851718750001 0.13964880468750002 0.1633375640625 0.06958612656249999 0.5237787953125 0.084286446875 0.5505124203125 0.112726253125 0.5679786453125
581 0.2286049265625 0.46316359062499995 0.25182730000000003 0.5074711828125 0.246717609375 0.5542303046875 0.23766569375 0.5803263249999999 0.27984498750000003 0.5885251499999999 0.357891003125 0.14606911875 0.2842905140625 0.13574199375 0.24106035 0.358141903125 0.2717362 0.364104684375 0.28686749218749996 0.4705093234375 0.2286049265625 0.46316359062499995
581 0 0.5151132453125 0.0258083953125 0.5033311796875 0.0610640734375 0.5062048265625 0.1393255765625 0.103584303125 0.0703049140625 0.0901680453125 0 0.4518554734375 0 0.5151132453125
407 0.08783180625 0 0.07924908593749999 0.0441542703125 1 0.27272436875 1 0.08783180625 0.548144525 0 0.08783180625 0
581 0.888010240625 0.28492811875 0.8266585421875 0.27300255625 0.75936176875 0.5782703546875 0.8277448250000001 0.615438846875 0.888010240625 0.28492811875
1636 0.211363040625 0.674697659375 0.2597206015625 0.6920561421875 0.270586440625 0.71804441875 0.2835805796875 0.7126115000000001 0.300723575 0.6244184328125 0.28218877343750004 0.5969394593749999 0.2645070625 0.5855437593749999 0.1249750453125 0.5663802062500001 0.11507003906249999 0.5763929546875 0.1121963921875 0.6116486328125 0.1475598125 0.6344400343750001 0.21423668906249999 0.63944198125 0.211363040625 0.674697659375
1373 0.7513695765625 0.5170264 0.76532455 0.5475945062500001 0.7975988375 0.565806078125 0.8152805484375 0.577201778125 0.826891734375 0.5993555749999999 0.816349125 0.6331205578125 0.8049534234375001 0.6508022687499999 0.7590473921875 0.6617758499999999 0.7668240984375 0.6831843 0.7935577234375 0.6684839796875 0.7967546 0.6929815625 0.7893011234375 0.7313263734375 0.7908995625 0.743575165625 0.8215754109375 0.7495379453125001 0.8365901062500001 0.6927660765625 0.8503295937500001 0.6834986749999999 0.8554392843749999 0.636739553125 0.859166021875 0.617567146875 0.846064140625 0.6030823140625 0.8566067500000001 0.5693173296875 0.897932953125 0.56143288125 0.8725822796875 0.5485464859375 0.8526645265624999 0.5486542296875 0.8395626437500001 0.5341693953125 0.7513695765625 0.5170264
1050 0.872905509375 0.608299746875 0.863108246875 0.6382302484375 0.8778085671875001 0.6649638734375001 0.8824961375000001 0.68179249375 0.9062483734375 0.6824300984375 0.9105049734374999 0.6195877046875 0.91412396875 0.5804975453125001 0.9601377421875 0.5894417171875 0.9396812734375001 0.4899606921875 0.88216405625 0.4787804765625 0.8557536593749999 0.5532340578125 0.871091584375 0.5562154484375 0.872905509375 0.608299746875
1636 0.8721690140625 0.755392984375 0.8895274953125 0.7070354234375 0.9263816125 0.7221578625 0.9107293125 0.8026819671875 0.9414051609375 0.8086447484375 0.9622748953125001 0.701279275 0.8817507906250001 0.685626975 0.8395714968749999 0.6774281515625 0.8344618078125 0.7241872734375 0.8721690140625 0.755392984375
601 0.5655182625 0.7156829265625 0.6153665171875 0.7253724453125 0.6513675437499999 0.7244116125 0.671285296875 0.7243038687500001 0.6596741109375001 0.7021500734375 0.64422844375 0.679250928125 0.6227122515625 0.66710988125 0.5943801875 0.669561409375 0.576060871875 0.68191794375 0.54474741875 0.6997073968749999 0.5655182625 0.7156829265625