1250 0.5561892015625001 0.48043440000000004 0.575072678125 0.266386484375 0.40361635781249994 0.25439709062500004 0.38862961406249996 0.46871749218750003 0.5561892015625001 0.48043440000000004
1250 0.73181474375 0.4887995453125 0.7462565125 0.2822726125 0.58703536875 0.263307209375 0.5717761390625 0.48152434531250005 0.73181474375 0.4887995453125
1354 0.4771378609375 0.658948659375 0.539213128125 0.6672051734375 0.45947966406249996 0.575482315625 0.44580012968749994 0.547115228125 0.3912458453125 0.5433004218749999 0.3592545109375 0.5528107359375001 0.33505664375 0.562866021875 0.36069886875 0.5881538328125 0.38217187343750003 0.6170658921875 0.395578921875 0.6493297140625 0.4017374734375 0.67325509375 0.43400129375 0.6598480453125 0.4771378609375 0.658948659375
2001 0.8512510843750001 0.516730290625 0.9603596515625 0.5243599062500001 0.9722671187499999 0.2980768140625 0.86315855 0.2904472 0.8512510843750001 0.516730290625
1354 0.6569326234374999 0.66368955625 0.69617245625 0.662517684375 0.7390365359375 0.6655150328125 0.7548959609375 0.6627082421875 0.7451131609375 0.6346136421875 0.73949958125 0.6028947921875 0.7416794703125 0.571720915625 0.7344309734375 0.5633824749999999 0.6946461703125 0.5723478156249999 0.6551338515625 0.5774164234375 0.623959975 0.5752365328125 0.6248593609374999 0.6183731 0.6427081171875 0.6431159375 0.6569326234374999 0.66368955625
1354 0.7860698375 0.6648881328125 0.8208679625 0.6712372421875 0.822775365625 0.6439601015624999 0.8366454593749999 0.6136036828125 0.8552297453125 0.571829546875 0.82432835625 0.5657529234374999 0.78925774375 0.5633005468750001 0.7463936640625 0.5603031984375 0.7408620125 0.5834111203125001 0.74257885625 0.6148574828125 0.75263414375 0.6390553484375 0.762961915625 0.6593564796875 0.7860698375 0.6648881328125
1354 0.1437355328125 0.66696120625 0.1167308765625 0.66115706875 0.12261694218750001 0.6889791828125 0.144089946875 0.7178912421875 0.1713670890625 0.7197986453125 0.1903057890625 0.7289545453125 0.173546978125 0.68862476875 0.1437355328125 0.66696120625
1354 0.2333337234375 0.841605434375 0.23913786250000002 0.8146007781250001 0.229082575 0.7904029125 0.20398532343750003 0.7573216328125 0.1777981265625 0.739827290625 0.13883078124999998 0.737102428125 0.136650890625 0.7682763046875001 0.1428094421875 0.7922016843749999 0.1447987734375 0.8197513125 0.167361721875 0.8330764343749999 0.19046964375 0.8386080859374999 0.2333337234375 0.841605434375
125 0.0809799578125 0.9484254812499999 0.091852703125 0.9609331437499999 0.34704785312499997 0.95136760625 0.34514045000000004 0.9786447484374999 0.3802110609375 0.981097125 0.3850338859375 0.85612913125 0.3234216640625 0.785252378125 0.23714853125 0.78705115 0.185319109375 0.7442689984374999 0.14245502968749998 0.7412716500000001 0.11564093125 0.6767440062500001 0.10250637031250001 0.64058345 0.057925445312500004 0.6061397390625001 0.01397141875 0.6187293281249999 0.026561009375 0.6626833546875 0.0717421296875 0.9125374109375001 0.064848046875 0.95512900625 0.0765382515625 0.9559464640625001 0.0809799578125 0.9484254812499999
125 0.0743298421875 0.5955394796875 0.0486876171875 0.57025166875 0.01669628125 0.5797619828125 0.015606337500000001 0.595348921875 0.0217648890625 0.6192743015625 0.046235240625 0.6053222796875 0.0696156484375 0.606957196875 0.084385128125 0.619737346875 0.12877549375 0.7129045625 0.166380409375 0.7351130968749999 0.1972817984375 0.741189721875 0.2260033 0.7784402234375001 0.30393799062500004 0.783889946875 0.30892467031250004 0.7685754953124999 0.27712389375 0.7193623046875001 0.19891671718749998 0.7178093140625 0.18387475 0.7089259 0.1548807640625 0.6755721343750001 0.12506931875 0.653908571875 0.0743298421875 0.5955394796875
1650 0.37579605781250003 0.8202410625000001 0.389393665625 0.793781378125 0.5427287453125 0.78492466875 0.5487234421875 0.6991965078125 0.5768180421875 0.6894137078125 0.5965742015625 0.6868794046875 0.6302004546875 0.6539886828125 0.6755988375 0.676742190625 0.6898233453125 0.6973158078125 0.7123862937500001 0.7106409296875 0.715547496875 0.7774303890625001 0.743097125 0.7754410593750001 0.7529885562499999 0.689985384375 0.780538184375 0.687996053125 0.8197780171875 0.68682418125 0.8322037515625 0.621124665625 0.8271351453125 0.5816123484375 0.801220434375 0.5602212718749999 0.7580838671875 0.5611206578125 0.7071538328125 0.5614750703125 0.640364371875 0.564636275 0.554363725 0.5625383125 0.46056960937499997 0.5598953765625 0.41072951875 0.544662853125 0.3717621734375 0.5419379906249999 0.343667571875 0.551720790625 0.315572971875 0.561503590625 0.3102871015625 0.749091821875 0.32840834375 0.7699379265624999 0.3548680265625 0.783535534375 0.3529606234375 0.810812675 0.3641058546875 0.819423603125 0.37579605781250003 0.8202410625000001
1050 0.20763627499999998 0.5931138078125 0.21044306562499998 0.6089732328124999 0.1934936953125 0.6273669609375 0.204366440625 0.6398746234375 0.22774684843749998 0.641509540625 0.2402545109375 0.6306367953125 0.22992673749999998 0.6103356640625 0.2357308765625 0.5833310078125 0.2593018421875 0.5262424203125 0.2442598765625 0.51735900625 0.249791528125 0.4942510859375 0.27761364374999997 0.48836502031249995 0.259955446875 0.4048986765625 0.1939834453125 0.3963696765625 0.15264565000000002 0.4835421953125 0.202758228125 0.49487798437499997 0.2011233109375 0.5182583921874999 0.18471891406250002 0.5288586515625 0.18698073125 0.5525115453125 0.20763627499999998 0.5931138078125
1636 0.704293634375 0.8823697375 0.71573805625 0.718706884375 0.67423640625 0.6962258640625001 0.6241238296875 0.6848900734375001 0.584339025 0.6938554156250001 0.56068613125 0.6961172328125 0.5559719390625 0.70753495 0.548151765625 0.875367021875 0.5740664765625 0.8967580984374999 0.6091370875 0.899210475 0.6481044328125 0.9019353375 0.6876167515625 0.8968667296874999 0.704293634375 0.8823697375
1636 0.8807366343749999 0.8790446781249999 0.8896200484375001 0.8640027124999999 0.9046887187499999 0.70450908125 0.8737873281249999 0.6984324578125001 0.8350924687499999 0.6918108609375 0.7922283890624999 0.6888135125 0.7646787609375 0.69080284375 0.7521710984375 0.7016755875 0.7415441359375 0.8536482359375 0.767458846875 0.8750393125 0.7947359890625 0.8769467171875001 0.8220131296875 0.8788541203125 0.85318700625 0.881034009375 0.8807366343749999 0.8790446781249999
2001 0.197935403125 0.6198459781250001 0.21262295468749998 0.57779935625 0.22962573281249998 0.2226515375 0.101305978125 0.2097627578125 0.0756922734375 0.5760558078125 0.09354102812500001 0.6007986453124999 0.123897446875 0.6146687390625 0.1667615265625 0.6176660875 0.197935403125 0.6198459781250001
581 0.25521455 0.5846934390625 0.2494104109375 0.6116980953125 0.2922744921875 0.61469544375 0.3158169375 0.1660259953125 0.24150649531249999 0.1647454921875 0.22570229375 0.390756096875 0.2568761703125 0.3929359859375 0.284862140625 0.4967034609375 0.22613863437499998 0.496512903125 0.25458765 0.5376601375 0.25521455 0.5846934390625
581 0 0.7743838984375 0.042039315625000004 0.7773235734374999 0.028550340624999997 0.6902329828125 0.00110934375 0.5786720375 0.0297489171875 0.56109576875 0.06509201406250001 0.5596514109374999 0.0937030671875 0.1504942796875 0.0235618453125 0.14558952812499998 0 0.4825396140625 0 0.7743838984375
407 0.0337424578125 0 0.0268316796875 0.0988287140625 1 0.21730967968749998 1 0.033742456250000004 0.5174603875 0 0.0337424578125 0
581 0.76696728125 0.5460786921875 0.8393703218749999 0.5746363375 0.8589074015625 0.239244678125 0.7965596484375 0.2348848984375 0.76696728125 0.5460786921875
1636 0.298869384375 0.7443776296875 0.3111045609375 0.73740161875 0.31737174375 0.6477767234375 0.295626253125 0.6227613984375 0.27668755312500004 0.6136054984375 0.1358601359375 0.6115894640625 0.1272492078125 0.6227346953125 0.1286935671875 0.6580777921875 0.1665709671875 0.6763895921875 0.233360428125 0.6732283890625 0.23480478593749998 0.7085714859375 0.2849173640625 0.7199072765625 0.298869384375 0.7443776296875
1373 0.8034003234375 0.5290473953125 0.822339025 0.5382032953125 0.83656353125 0.5587769125000001 0.8302144203124999 0.5935750375 0.8210585203124999 0.6125137375 0.776832009375 0.6290000625000001 0.78715978125 0.6493011937500001 0.8119026203124999 0.6314524390625 0.818061171875 0.65537781875 0.815336309375 0.6943451640625 0.8184155859375 0.7063078546875 0.8495894625 0.70848774375 0.857573490625 0.6503092109375 0.870081153125 0.6394364671874999 0.869454253125 0.5924031656250001 0.870816684375 0.5729194921875 0.8560472046875001 0.56013934375 0.862396315625 0.5253412187500001 0.9024536062499999 0.5124791421875 0.8757214359375001 0.5027782703125 0.8559652765625 0.5053125734374999 0.841195796875 0.492532425 0.751570903125 0.48626524218749995 0.769147171875 0.514904815625 0.8034003234375 0.5290473953125
1050 0.895096478125 0.6176909765625 0.9018000015625001 0.6338228875 0.9254528953125 0.6315610703125001 0.9220192062500001 0.56866834375 0.9208473343750001 0.5294285125 0.9676081484375001 0.532698346875 0.935180471875 0.4364518546875 0.8767294531250001 0.43236456093750003 0.859589525 0.50948179375 0.8751764640624999 0.5105717390625 0.883324346875 0.562046746875 0.877247721875 0.5929481375 0.895096478125 0.6176909765625
1636 0.9502776609374999 0.668539084375 0.9445554515625 0.7503705109375 0.975729328125 0.7525504 0.9833589421875001 0.6434418328125 0.901527515625 0.637719621875 0.8586634359374999 0.6347222734375 0.8592903359375 0.6817555750000001 0.9005194984375 0.7081333296875 0.9118552875000001 0.658020753125 0.9502776609374999 0.668539084375
601 0.67758816875 0.70429181875 0.697344328125 0.701757515625 0.6831198203125 0.6811838984375 0.6649985796875 0.66033779375 0.64216314375 0.6509094078125 0.6143410296875 0.6567954734375 0.5976641468749999 0.671292465625 0.5687520875 0.6927654703125 0.5913150359375 0.706090590625 0.6419725859375001 0.7096329124999999 0.67758816875 0.70429181875