1567 1 0.0497979765625 0.583343040625 0.0060055671875 0.5823117718749999 0.035748203125 0.40779923125 0.141523625 0.1516977046875 0.1067507359375 0.1070353078125 0.750923590625 0.32377034375 0.78155889375 0.42750654062500004 0.99042145 0.5160733796875 1 0.9481072140625001 1 1 0.5062731171875 1 0.0497979765625
994 0.86652469375 0.6202208453125 0.8767722859375 0.6024446296875 0.8785688687500001 0.5853512859375 0.9249677500000001 0.5823724703125001 0.925621053125 0.576156709375 0.896502153125 0.554242909375 0.8982987359375001 0.5371495640624999 0.840611609375 0.5279441890625 0.836253128125 0.5494815875 0.8061029609375 0.557310425 0.7956501140625 0.6567626140625 0.8380171671875001 0.6722133171875 0.8587363734375 0.67439099375 0.86652469375 0.6202208453125
994 0.7942314953125 0.650329084375 0.8056129828125 0.5619722453125 0.832599265625 0.54438423125 0.8431735078125 0.5235001359375 0.84257151875 0.509296903125 0.7804139 0.5027638750000001 0.7760554187500001 0.5243012734375 0.7535396296875 0.5392169421874999 0.7416681656249999 0.632235603125 0.765387934375 0.645726396875 0.781799971875 0.649022478125 0.7942314953125 0.650329084375
994 0.73577905625 0.62847441875 0.751304384375 0.5405531156250001 0.77240155625 0.5192039171875 0.7626952546875 0.5118993171875 0.7654717921875 0.4854823296875 0.71176518125 0.4782664296875 0.706590071875 0.50757353125 0.6847275875000001 0.5162734390625 0.672856121875 0.6092920984375 0.68812488125 0.6234657625 0.7169684453125 0.62806845 0.73577905625 0.62847441875
994 0.6869628328124999 0.514937265625 0.7069167234375 0.50446565 0.707896678125 0.49514200781250006 0.6809617109375 0.49231102812499994 0.6766032296875 0.5138484265625001 0.658721259375 0.524537809375 0.6477177375000001 0.5893677734375 0.6572607125000001 0.5982263140625 0.669202259375 0.6041947421875 0.6869628328124999 0.514937265625
994 0.6568126640624999 0.5227661015625 0.6727860406249999 0.5103050109375 0.6761645656249999 0.49809125468750004 0.668040209375 0.49566624375 0.6696734671875 0.48012683906250003 0.6259998078125 0.477107659375 0.6203860359375 0.49065758906249995 0.6071378828125 0.497120684375 0.5891019703125 0.5690670484375 0.6129850640625001 0.5810039031249999 0.635939515625 0.58184540625 0.6464624453125001 0.5813803046875 0.6568126640624999 0.5227661015625
994 0.6112679484375 0.756787375 0.5977444578125 0.745939359375 0.568084265625 0.749106375 0.5661243578125 0.7677536593750001 0.5570200468750001 0.7746522921875 0.5495583765625 0.8257145593749999 0.5643371593750001 0.8445500453125 0.586801634375 0.8500533703125001 0.6118280078125 0.8511126421874999 0.6252301015625 0.7833925640625 0.617759046875 0.774751790625 0.6112679484375 0.756787375
994 0.688377059375 0.8403049906250001 0.697859334375 0.8098794843749999 0.680028678125 0.8001498734375 0.6527670578125 0.800426775 0.6445913875 0.8184207578124999 0.6204936562500001 0.8284568374999999 0.6097654703125001 0.9105979140624999 0.62536088125 0.9216636984375001 0.6412829437500001 0.9296216015625 0.6661459921875 0.9322348125 0.6797114109375 0.8629607953124999 0.7020638734375 0.8495990671874999 0.688377059375 0.8403049906250001
994 0.727752934375 0.904145615625 0.75583118125 0.8960990125 0.78451141875 0.9022556406250001 0.7869613046875 0.8789465328125001 0.7675487046875 0.8643373328124999 0.7690186375 0.85035186875 0.743063621875 0.838197246875 0.7135667578125 0.839810321875 0.707952984375 0.85336025 0.6816200046875001 0.864732503125 0.6520812109375 0.9464676109375001 0.6810367859374999 0.9699353515625001 0.7012660140625 0.97677485 0.7068190890625 0.9239408734375001 0.7235577796875 0.924129075 0.727752934375 0.904145615625
291 0.6864772484375 0.200664890625 0.7075231046875 0.1997346859375 0.712096225 0.156224353125 0.690611703125 0.1413973859375 0.6890297609375 0.136517796875 0.6641667140624999 0.13390458593750001 0.6609515140625 0.1445644015625 0.639415678125 0.1501564265625 0.6271662484375 0.2667019609375 0.662552225 0.26885007031249997 0.6796175671875 0.265930390625 0.6864772484375 0.200664890625
994 0.8751246500000001 0.1796437578125 0.88264701875 0.1678655375 0.879809784375 0.154998478125 0.853201465625 0.14905961875 0.811436403125 0.147812146875 0.8096398203125 0.1649054921875 0.802280778125 0.175129771875 0.7894806734375 0.25705308125 0.829173815625 0.2580827859375 0.86488644375 0.2571230140625 0.8751246500000001 0.1796437578125
994 0.2448690421875 0.396200428125 0.2369080109375 0.3922214765625 0.237887965625 0.38289783437499997 0.2254564421875 0.381591228125 0.222241240625 0.39225104375000003 0.20980971718750002 0.3909444375 0.2031646765625 0.43423700312499997 0.2340801609375 0.43905745781250005 0.24269449375000002 0.4368206484375 0.2448690421875 0.396200428125
994 0.2985756515625 0.4034163265625 0.290614621875 0.399437375 0.291921228125 0.3870058515625 0.2670581796875 0.384392640625 0.2657515734375 0.3968241640625 0.2573005671875 0.397507034375 0.2568712859375 0.4414529015625 0.27759049375 0.44363057812499995 0.294492509375 0.44226483906249997 0.2985756515625 0.4034163265625
291 0.2737219890625 0.46050615625 0.2699048 0.45696273906249996 0.26848618125 0.4505292109375 0.25812657968749997 0.449440371875 0.25540135468749997 0.45543836562499995 0.24869561562500003 0.459446884375 0.24597977656249997 0.52514791875 0.2601565703125 0.5297801734375 0.274986665625 0.528196665625 0.2737219890625 0.46050615625
994 0.2328342515625 0.490773028125 0.2269451421875 0.4870118453125 0.22776177031249997 0.4792421421875 0.21134973281249997 0.4759460609375 0.2081345296875 0.4866058765625 0.20191876875 0.4859525734375 0.198325603125 0.5201392640625 0.21839150625 0.5285327015625 0.22891443437499998 0.5280676 0.2328342515625 0.490773028125
291 0.1994594984375 0.449558640625 0.200439453125 0.440234996875 0.1819554921875 0.4367211484375 0.18064888750000002 0.449152671875 0.16947265625000002 0.4558335359375 0.1627763015625 0.5195450953125 0.1936917859375 0.52436555 0.20327668906250002 0.45310205625 0.1994594984375 0.449558640625
1008 0.4534891046875 0.4841137609375 0.46672787343750005 0.41794762499999993 0.4522244296875 0.4164232515625 0.453367709375 0.40554566718749996 0.42021697968750005 0.40206138593749996 0.413347915625 0.40762384375 0.39328201093750004 0.39923040625 0.389740159375 0.41299810312499996 0.3854329921875 0.4141165078125 0.3768793578125 0.455637365625 0.4098667609375 0.46067558750000004 0.42371690156249997 0.46841572343750004 0.43756704375 0.4761558578125 0.4534891046875 0.4841137609375
811 0.9185980468749999 0.6429761484375 0.9208846062499999 0.6212209828125 0.8856619562500001 0.6175189328124999 0.88114015 0.640610271875 0.8642381328125 0.6419760125 0.8564498125 0.6961461609375 0.8846400734375001 0.706964609375 0.9265684609375 0.706658140625 0.934356784375 0.6524879921875 0.9185980468749999 0.6429761484375
1008 0.5281808765625 0.451115409375 0.4995006390625 0.44495878125 0.4960101 0.438307484375 0.48150665625 0.43678311093750005 0.48036337500000004 0.44766069374999995 0.470003771875 0.44657185468750005 0.4611234859375 0.49120059375 0.48947707031250004 0.5004651015625 0.50190859375 0.5017717078125 0.5294455515625 0.51880591875 0.543010971875 0.4495319015625 0.5347232890625 0.44866083124999995 0.5281808765625 0.451115409375
1939 0.0518927875 0 0 0.4937268875 0 0.73526750625 0.1032181171875 0.7473801734375 0.1475538625 0.10631520000000001 0.4057273125 0.14130585625 0.5738607640625 0.0364310734375 0.576963953125 0.0069062046875000005 0.5130922734375 0 0.0518927875 0
819 0 0.945332565625 0.42559794375 0.9886497421874999 0.3258422640625 0.7817766609375 0 0.7358586093749999 0 0.945332565625
1708 0 0.9267905187500001 0.0011808703125 0.940899496875 0.013612393749999998 0.9422061015625 0.0092445296875 0.9040404609375001 0.0373227765625 0.8959938562499999 0.08519158906249999 0.879029578125 0.09522454218750001 0.883226296875 0.108757415625 0.953777353125 0.1274047015625 0.9557372624999999 0.11998496249999999 0.9266774953124999 0.1097279859375 0.8847506703124999 0.0966944734375 0.8692408328125 0.0981644046875 0.85525536875 0.0919999578125 0.834183071875 0.0768945234375 0.8184554671875001 0.0488675890625 0.8060830781250001 0.01173634375 0.8006093203125 0 0.801045846875 0 0.9267905187500001
998 0.887878434375 0.4967766796875 0.9332973625 0.5031215078125 0.936237225 0.47515057968749996 0.9145893781250001 0.4618775515625 0.9167126124999999 0.4416763265625 0.8465939625000001 0.4311643453125 0.8400002359375 0.45403791718750003 0.8160658296875001 0.46252005625 0.8142179328125 0.5000323953125 0.843224821875 0.5030811421875 0.84578671875 0.4986370875 0.887878434375 0.4967766796875
998 0.7990655765625 0.18578958750000002 0.7984635890625 0.17158635625000002 0.7549532546875 0.1670132359375 0.7512480781249999 0.1823348734375 0.7416537890625 0.193895325 0.7367027046875 0.2609325328125 0.7615657515625001 0.26354574531249997 0.7934611890625 0.2590425578125 0.7990655765625 0.18578958750000002