407 0.080763796875 0 0.07181290312500001 0.0714796546875 0.5320849109375 0.1605710484375 0.8190123 0.0485371703125 0.5437443296875 0 0.080763796875 0
1966 0 0.6068831453125 0.051287490625 0.5478082046875 0.0747960875 0.369493934375 0.0177284265625 0.3557127640625 0 0.45625566875 0 0.6068831453125
1969 0.778232934375 1 0.8681880375000001 0.683916790625 0.842616328125 0.6714747875 0.80030036875 0.66401334375 0.7333139875 0.6165032453125 0.7380621796875 0.5895749078125 0.72154090625 0.5707957203125 0.678546634375 0.5671811812499999 0.6479943671874999 0.5379949296875 0.6552328375 0.5194387171875 0.6335080328125 0.507675028125 0.602732790625 0.502248521875 0.5201264218749999 0.4083525859375 0.42644406874999996 0.3997668796875 0.3877520421875 0.41674349375 0.349060015625 0.43372010625 0.3135553640625 0.590086596875 0.32152849687499996 0.9722774546874999 0.4787508640625 1 0.778232934375 1
1644 0.601366771875 0.44251000312500005 0.588014090625 0.42825603437500004 0.5920839703125 0.40517460312500003 0.5766963484375001 0.40246135 0.5726264703124999 0.42554278125 0.5597291265625 0.43120165312500003 0.5371030343750001 0.44704461249999994 0.53281018125 0.4938857890625 0.5622287984375001 0.50700610625 0.5814633234375 0.5103976718750001 0.5943606671875 0.5047388015625 0.601366771875 0.44251000312500005
1644 0.5416282531250001 0.44387602031249995 0.5513570031249999 0.43369193125 0.5509016640625 0.41377909218750003 0.5445644796875 0.4047286546875 0.5479560453125 0.385494128125 0.5293998328125 0.3782556578125 0.5246516406249999 0.40518399374999997 0.5047388015625 0.4056393328125 0.4927521375 0.451123884375 0.5183238484375 0.4635658875 0.5368800609375 0.4708043578125 0.5416282531250001 0.44387602031249995
1754 0.2508712265625 0.5631676515625 0.2624119421875 0.565202590625 0.291811775 0.44345824843750004 0.34634676249999996 0.4491077265625 0.345213109375 0.43304179375 0.4225971640625 0.3990885671875 0.47713215 0.40473804687500003 0.060309753125 0.3391740328125 0.029311537500000002 0.357507271875 0.07796467968750001 0.374019153125 0.059204274999999994 0.5254050859375 0.06689808593749999 0.5267617125 0.084757203125 0.4029824296875 0.2732555625 0.4362197765625 0.2508712265625 0.5631676515625
1644 0.129777021875 0.32762392500000004 0.1318119625 0.316083209375 0.11959293281250001 0.317895175 0.11687967968749999 0.3332827953125 0.10647261718750001 0.347313790625 0.09787751875 0.3735638140625 0.1401934765625 0.381025259375 0.14109476406250002 0.35341860937499997 0.1399611125 0.337352675 0.129777021875 0.32762392500000004
183 0.2877700703125 0.6688366671875 0.1780217828125 0.6613846140625 0.160599221875 0.6702120781249999 0.1658121453125 0.730628909375 0.1787188796875 0.7924023671875 0.275569825 0.8055132921875 0.3147078 0.7410171890624999 0.309048928125 0.7281198468750001 0.2877700703125 0.6688366671875
485 0.150192159375 0.684243071875 0.16422315468749998 0.6946501359374999 0.1737289296875 0.708225790625 0.1870816125 0.722479759375 0.2178568546875 0.7279062656249999 0.2640197171875 0.7360460234375 0.303845396875 0.7351353453125 0.314252459375 0.72110435 0.32149093125 0.7025481375 0.3210355921875 0.682635296875 0.2974988203125 0.658652578125 0.2771306421875 0.639195078125 0.25857442812500003 0.6319566062499999 0.24250849375 0.6330902593750001 0.22961115156249998 0.6387491296875 0.2020045015625 0.63784784375 0.1716845984375 0.652334178125 0.1601438828125 0.6502992375 0.165124440625 0.6670434859375 0.150192159375 0.684243071875
1603 0.7844386250000001 0.5065225921875001 0.836260359375 0.5275596921875 0.8928021125000001 0.3193714671875 0.8357768453125001 0.3053498640625 0.7844386250000001 0.5065225921875001
1939 0 0.499197515625 0.4420828390625 0.5810173765625 0.5314065984375 0.16441795312500002 0.06794931875 0.0708959359375 0 0.456255665625 0 0.499197515625
1939 1 0.080450184375 0.8228592062500001 0.0492154828125 0.5359318156249999 0.1612493609375 0.4420828390625 0.5810173765625 0.8327559156250001 1 0.915281453125 1 1 0.508268759375 1 0.080450184375
685 1 0.3040130125 0.790716996875 1 0.9042410984375 1 1 0.4807709765625 1 0.3040130125
819 0.8368689890625 1 0.44592974375 0.5816956890625 0 0.4991966921875 0 0.9152516640625 0.4918591125 1 0.8368689890625 1