1969 0.516573178125 1 0.6767117296875 0.96887221875 0.6837874578124999 0.66985973125 0.6128111656249999 0.367608475 0.5118713890625 0.39336602656249997 0.1208068984375 0.6350761484375 0.2273040859375 1 0.516573178125 1
1969 0.6122364390625 0.3646517671875 0.66654568125 0.581158478125 0.8334223015625 0.54872095 0.770584034375 0.1835193453125 0.5712424656249999 0.23760954218750002 0.5984936578125 0.36732309218750003 0.6122364390625 0.3646517671875
1644 0.5363361078125 0.2781473109375 0.5304463453125 0.279292165625 0.5338947 0.297032415625 0.53111764375 0.30370906875000003 0.54812034375 0.4016620640625 0.5730679249999999 0.39374432187499997 0.5518996390625001 0.30580630468750003 0.543136246875 0.2921676171875 0.5363361078125 0.2781473109375
244 0.19548830156250002 0.1388170203125 0.1089119640625 0.11268782343749999 0.1849642171875 0.42008925937499997 0.25841843125 0.399674359375 0.19548830156250002 0.1388170203125
244 0.286565871875 0.167139690625 0.22838547187499997 0.15083300156249999 0.28729252031249997 0.39099338125 0.3357991546875 0.378496221875 0.286565871875 0.167139690625
244 0.34474627343750003 0.18344638124999998 0.3084973203125 0.17515034375 0.35346844375 0.37506166093750004 0.388232296875 0.365235828125 0.34474627343750003 0.18344638124999998
244 0.40590158593750003 0.361801265625 0.4300353640625 0.360178559375 0.39449893125 0.19832283281250002 0.3647144671875 0.1918386515625 0.40590158593750003 0.361801265625
1547 1 0.4623371625 0.9899997890625001 0.4108905375 0.9681649140624999 0.424340078125 0.9685005640625001 0.43654852968749996 0.9840181625 0.5163796546875 0.9882803203125 0.5278248718749999 0.9792778515625 0.5234379265625 0.9663488734375001 0.5198142171875 0.962086715625 0.508369003125 0.9359390421875 0.43674100156250006 0.9257871203124999 0.426440640625 0.8680389421875001 0.4438025953125 0.87776335 0.5462387703125 0.896917740625 0.5609260765624999 0.905396125 0.635988640625 0.8997454375 0.6278817515624999 0.8885406375 0.6331281671875 0.890264815625 0.6419982937500001 0.908269753125 0.6507721828124999 0.9150698921875 0.6647924875 0.9261321875 0.690258009375 0.9379117140625001 0.6879683015625 0.9163618484375 0.6399939671875 0.9113318187499999 0.5826716546874999 1 0.56543630625 1 0.4623371625
244 0.7952466078125 0.23702547968749998 0.82804720625 0.22758126562499997 0.8140147078125001 0.1658720078125 0.7831773640625 0.1749346046875 0.7952466078125 0.23702547968749998
685 0.895896665625 0.14688734375 0.82440570625 0.1669206265625 0.8915520625 0.4913953125 0.9577279843750001 0.4754635921875 0.895896665625 0.14688734375
1939 0.451855475 0 0.3871631578125 0.012574912499999999 0.43342836875 0.178482021875 0.48940643906250003 0.20442207343750002 0.5763784843749999 0.5680009687500001 1 0.4826020609375 1 0.4726428078125 0.90981394375 0 0.451855475 0
1939 0.2533537265625 1 0.5769532109375 0.570957678125 0.49194441875 0.2069971640625 0.43342836875 0.178482021875 0.3871631578125 0.012574912499999999 0 0.0878318078125 0 0.5481445234375 0.08783180625 1 0.2533537265625 1
819 1 0.48261541875 0.5789164640625 0.570576059375 0.2525326140625 1 0.49526234062499996 1 1 0.90544571875 1 0.48261541875
1050 0.6670556390625 0.13306948125 0.6552761125 0.1353591890625 0.6505358015625 0.14241746093750002 0.657575015625 0.14718602187500002 0.6693545421875 0.1448963140625 0.674094853125 0.13783804375 0.6729454015624999 0.13192462656249998 0.6670556390625 0.13306948125
1050 0.5493569500000001 0.1774267546875 0.553858184375 0.179620228125 0.561136475 0.175137046875 0.5613755515625 0.165885303125 0.5515592796875 0.16779339375 0.547632771875 0.16855662968750001 0.5493569500000001 0.1774267546875