2001 0.1009471078125 0 0.104766915625 0.19451340625 0.27166228124999997 0.1911067265625 0.2773704078125 0 0.1009471078125 0
2001 0.2901527203125 0 0.284529340625 0.188269490625 0.4199103609375 0.1857401375 0.430091921875 0 0.2901527203125 0
2001 0.4677788703125 0 0.454968121875 0.181045621875 0.49580610937499997 0.1811482484375 0.5087618921875 0 0.4677788703125 0
2001 0.51831508125 0 0.510909978125 0.186925346875 0.554855846875 0.1873546265625 0.5679417640625 0.0043868281250000005 0.526203890625 0 0.51831508125 0
2001 0.589558803125 0.0066588703125 0.5801544296875 0.185823996875 0.6392041671875 0.192030375 0.6488204421875 0.012887518749999998 0.589558803125 0.0066588703125
2001 0.6672558265624999 0.014825156249999999 0.6587225234375 0.1857026 0.73063931875 0.18907174375 0.7480607296875 0.023318093749999998 0.6672558265624999 0.014825156249999999
2001 0.7915710625 0.027891214062500003 0.7772575328125 0.19397151562499998 0.8771452578125001 0.2002805203125 0.8971613171874999 0.038989196875 0.7915710625 0.027891214062500003
2001 1 0.049797978124999996 0.9158863 0.040957271875 0.8989004250000001 0.2025670796875 1 0.2067461640625 1 0.049797978124999996
1966 0.40640876718749996 0.31419921562500003 0.5013873359375001 0.30742339375 0.4525323125 0.2939092890625 0.455086390625 0.23971270156250002 0.4466338171875 0.23044506406249998 0.4208997 0.23611953593749999 0.4161088125 0.2817017890625 0.4094575140625 0.2851923265625 0.3144789453125 0.29196814843749996 0.3047789015625 0.324465575 0.29531539375000004 0.4742971625 0.306875846875 0.4838914515625 0.3055692421875 0.496322975 0.3433584828125 0.5254324921875 0.341121671875 0.51681815625 0.34379401718749997 0.52128865 0.3506443140625 0.39632011093749997 0.3954612515625 0.38846170625 0.39627318906250003 0.35084048437500004 0.40640876718749996 0.31419921562500003
1966 0.5383055062500001 0.34482059375 0.5862303265625 0.3372888421875 0.5937526937500001 0.325510621875 0.5751054078125 0.3235507125 0.5794016265625 0.252778759375 0.53589129375 0.24820563906249998 0.526250384375 0.31003660625 0.5044952171875 0.3077500453125 0.40597323281250003 0.3183430578125 0.3993810703125 0.35116713593750004 0.3913424359375 0.5472342796875 0.45623153437499997 0.5875713421875 0.4679318515625 0.44635408749999994 0.5167277421875001 0.43053465468749996 0.5210830953125 0.389096240625 0.5383055062500001 0.34482059375
1966 0.7332900687499999 0.4030208578125 0.7625676015625 0.393529196875 0.7687242296875 0.364848959375 0.7474045984375 0.3584185578125 0.7525718875 0.2793589234375 0.6993023765624999 0.2779496890625 0.6927693484375 0.3401073078125 0.6523668953125 0.3358608390625 0.537869971875 0.348964434375 0.523755440625 0.393566734375 0.5042154875 0.609373128125 0.5099957140625 0.6141702734375001 0.5086891078125 0.626601796875 0.5989359234375 0.6947417687499999 0.6172284046875001 0.5207004375000001 0.709534628125 0.5094541234375 0.717433396875 0.46419852187500005 0.7332900687499999 0.4030208578125
1966 1 0.314954125 0.9532775421874999 0.313022790625 0.9379155390625 0.3993901546875 0.854873825 0.38228288125 0.7395058296875 0.4036741609375 0.717433396875 0.46419852187500005 0.682036771875 0.7411825796875 0.693597225 0.7507768703125001 0.69229061875 0.76320839375 0.8407752359374999 0.875175965625 0.871380971875 0.643774159375 0.99023325 0.5892321515625001 1 0.49630772968750003 1 0.314954125
1888 0.143147496875 0.5169583234374999 0.1525518703125 0.3377931953125 0.1440401640625 0.29919201875 0.1258284140625 0.29308826718750003 0.124839075 0.2427088703125 0.119494384375 0.2337678859375 0.0910879203125 0.23497186406249998 0.0916417234375 0.28949510156249997 0.021961737500000002 0.29474029375 0.0161599140625 0.499421771875 0.033559728125 0.5431467453125001 0.040211025 0.53965620625 0.13606066562500002 0.5245927015625 0.1356251296875 0.52873654375 0.1418408921875 0.529389846875 0.143147496875 0.5169583234374999
1939 0.049797978124999996 0 0.025822421875 0.22811218437499997 0 0.5029185015625 0 0.5100928234375 0.4031018875 0.435350565625 0.4519179734375 0 0.049797978124999996 0
1939 0.45191873749999995 0 0.402666353125 0.43949440781250004 0.9715052328124999 0.767417325 1 0.49630772968750003 1 0.049797978124999996 0.5262038859375 0 0.45191873749999995 0
1754 0.60160826875 0.6992122625 0.6707935859374999 0.668777371875 0.683918778125 0.5737956750000001 0.6669920375 0.764739021875 0.682531440625 0.7663722796875 0.7099701625 0.50531028125 0.6110126421875 0.520047134375 0.5891767453125001 0.69790565625 0.6007371984375001 0.70749994375 0.60160826875 0.6992122625
1761 0.372259615625 0.5494182125 0.38469113906249996 0.5507248171875 0.3950257171875 0.3926055484375 0.350208778125 0.4004639515625 0.3433584828125 0.5254324921875 0.378851778125 0.516594134375 0.372259615625 0.5494182125
1761 0.49582205 0.6294390328125 0.5047101578125 0.634562828125 0.5198356234375 0.4308613046875 0.4643884359375 0.450171278125 0.45225258281249997 0.595532371875 0.5010484734375 0.5797129375 0.49582205 0.6294390328125
1758 0.871380971875 0.643774159375 0.836796284375 0.8831369953125 0.853206759375 0.8764825703125 0.9529170812500001 0.7947909546874999 0.9616277875 0.71191413125 0.97051589375 0.7170379265625 0.99023325 0.5892321515625001 0.871380971875 0.643774159375
819 0.9465504921875001 1 0.9683973515625001 0.7670906734375 0.3999940078125 0.43502391406249996 0 0.5100912765625 0 0.9420409390625 0.530183953125 1 0.9465504921875001 1