1969 0.8025082375 1 0.8876918421875001 0.6082959359375 0.48071911875 0.3944538875 0.378228471875 0.3758002828125 0.32850905468749997 0.6822663265625 0.3564256046875 0.98005685625 0.518849475 1 0.8025082375 1
1969 0.3395213453125 0.5925784203125 0.3785955484375 0.3728106859375 0.39249119375 0.3745168578125 0.4106276453125 0.24321833437499998 0.20799851875000003 0.20316526562499998 0.1707885 0.5718606312500001 0.3395213453125 0.5925784203125
1644 0.45526559375 0.30635788124999996 0.45202956250000004 0.299891209375 0.4542320203125 0.281953628125 0.44827674375 0.2812224125 0.44247117812500003 0.29568291874999997 0.43468051875 0.3098996859375 0.41969804374999997 0.399100115625 0.4451371671875 0.405258315625 0.45526559375 0.30635788124999996
244 0.733994725 0.38306686874999996 0.8086940796875 0.39830813125 0.8631178343749999 0.0863503734375 0.7785750734375 0.11845518125000001 0.733994725 0.38306686874999996
244 0.6553251859375 0.367338128125 0.7045854171875 0.3764211921875 0.7465962296875001 0.1327366828125 0.6896950515625 0.153062109375 0.6553251859375 0.367338128125
244 0.6020947703124999 0.3577675859375 0.6374593546875 0.36514447968749997 0.6683758234375 0.162583109375 0.6327938718749999 0.1733875375 0.6020947703124999 0.3577675859375
244 0.6134597359375 0.183152275 0.5842001390625 0.1916983203125 0.5600407546875 0.35563867031249996 0.5842289390625 0.3555739375 0.6134597359375 0.183152275
1547 0 0.59944513125 0.095437046875 0.611163328125 0.0944178734375 0.668696884375 0.076267021875 0.718057596875 0.0881775765625 0.7195200296875 0.097436540625 0.6933448734375001 0.10324210625000001 0.6788843671875 0.12059115000000001 0.6688758890625001 0.12169237968749999 0.6599070984375001 0.11014890156249998 0.6554550703124999 0.10507748750000001 0.6639363828125 0.1082991203125 0.588465246875 0.126382315625 0.572477575 0.12893745 0.4696125875 0.0701188328125 0.456321234375 0.060710159374999996 0.4673046671875 0.039622696875 0.54058215625 0.036169298437500004 0.552296803125 0.023524592187500002 0.556813565625 0.0148500703125 0.5618178046875 0.01830346875 0.55010315625 0.0282145296875 0.46938404218749996 0.027697742187500003 0.457181915625 0.0049778640625 0.4452882609375 0 0.48582970937500003 0 0.59944513125
244 0.1948370265625 0.1954799015625 0.163442625 0.1885904859375 0.1537489296875 0.25112828125000003 0.1871284234375 0.258261434375 0.1948370265625 0.1954799015625
685 0.04167544375 0.5074528515625001 0.10880150625 0.5187295640625 0.1531500875 0.1903613890625 0.080435825 0.17536386406249999 0.04167544375 0.5074528515625001
1939 0.0598616734375 0 0 0.50180056875 0 0.5175221140625 0.42855107812500004 0.5731632156249999 0.48994928125000003 0.204403115625 0.5439815046875001 0.17462142187500002 0.5785609218750001 0.00589115625 0.5305813046875001 0 0.0598616734375 0
1939 1 0.0576373671875 0.5785609218750001 0.00589115625 0.5439815046875001 0.17462142187500002 0.48759711250000004 0.207148975 0.42818400156249997 0.5761528125 0.7969527750000001 1 0.94236263125 1 1 0.5305813046875001 1 0.0576373671875
819 0.7979420984375001 1 0.42619890937499993 0.5759090734375001 0 0.517535278125 0 0.9359175453124999 0.55296595625 1 0.7979420984375001 1
1050 0.3248871984375 0.153789359375 0.319666075 0.14707894999999999 0.307755521875 0.1456165171875 0.30180024375 0.14488530156249999 0.3010660921875 0.15086449531249999 0.306287215625 0.1575749046875 0.31819777031249996 0.1590373359375 0.3248871984375 0.153789359375
1050 0.4239244484375 0.1841576140625 0.42826170937499997 0.18165549375 0.4293629390625 0.172686703125 0.42539275468750004 0.172199225 0.4154672921875 0.1709805328125 0.41635115625 0.1801930625 0.4239244484375 0.1841576140625