407 0.37795545937499997 0 0.449877953125 0.0321981515625 1 0.0701079234375 1 0.049797978124999996 0.5262038890625 0 0.37795545937499997 0
1754 0.9438978953125 1 0.965323996875 0.7961442640625 0.029098887499999997 0.22692857656249998 0 0.503785996875 0 0.8618064953125 0.0536023453125 0.9534699546875001 0.5078515359375 1 0.9438978953125 1
268 0.6145811578125 0.624423303125 0.464117665625 0.64646338125 0.46264197031250004 0.6605036906249999 0.5421447671874999 0.7138119046875 0.6931001578125 0.6870917234375 0.68858655625 0.6700560109375 0.6145811578125 0.624423303125
268 0.4569715421875 0.5345149078125 0.33555045781250004 0.550143859375 0.3335828640625 0.568864271875 0.37477009843750003 0.5968522421875 0.50242643125 0.581878640625 0.500538553125 0.5698507078125 0.4569715421875 0.5345149078125
268 0.4665703625 0.53315788125 0.4076611828125 0.493843653125 0.24546504374999997 0.507552875 0.24087172343750002 0.5212655078124999 0.29354565625 0.5599243875 0.3316949859375 0.5568363375 0.332186884375 0.552156234375 0.4665703625 0.53315788125
268 0.1031450625 0.8119911890625 0.0901826703125 0.815360590625 0.13908764375 0.9198685875000001 0.40022337343750003 0.8645084953125 0.34598723124999997 0.7807332859375 0.1031450625 0.8119911890625
268 0.40260315 0.8718563250000001 0.39202053281250004 0.88257355625 0.38767316093750004 0.8939461390625001 0.5215715375000001 0.969532871875 0.74152003125 0.8861848078125 0.62017186875 0.7811604296875 0.40260315 0.8718563250000001
268 0.6471669640625 0.8242180609374999 0.8533354984375 0.7820078984375 0.7503674109375 0.7120379703124999 0.5703696109374999 0.745169278125 0.55954104375 0.7582265625 0.6471669640625 0.8242180609374999
268 0.877922890625 1 0.9038891984375 0.9907888625 0.9056108437500001 0.9744085015625 0.807973921875 0.8837057859374999 0.626254475 0.9332174562500001 0.6336397515625001 0.95292089375 0.6139502125 0.9603150484375 0.6059933203125001 0.9760400562499999 0.635271346875 1 0.877922890625 1
278 0.36000634374999996 0.6473503484375 0.18698163750000002 0.6741168546874999 0.1912492890625 0.69349261875 0.178286896875 0.69686201875 0.22349583437499998 0.7465658046875 0.399638165625 0.720126975 0.3984881359375 0.7010788875 0.36000634374999996 0.6473503484375
268 0.40389902031249997 0.6495977546875 0.357952234375 0.6069141218749999 0.22767017812499998 0.6168799453125 0.22570258437500001 0.6356003578125 0.263034346875 0.6702808078125 0.4029152234375 0.658957959375 0.40389902031249997 0.6495977546875
268 0.2073157140625 0.5106409234375 0.039376225 0.5190146921875 0.0376545796875 0.5353950546874999 0.074248496875 0.5770956578125 0.24891513125000003 0.5646971375 0.247027253125 0.5526692046874999 0.2073157140625 0.5106409234375
278 0.24425568437499998 0.788968084375 0.2088915140625 0.735567221875 0.045957528125 0.7562965984375001 0.04472778125 0.76799685625 0.032257287499999995 0.7666861546875 0.0637659859375 0.826779496875 0.0920705453125 0.8273885234374999 0.09042861875 0.8130205390624999 0.24425568437499998 0.788968084375
278 0.5096590671875 0.7529837546875 0.36854844375 0.776006859375 0.3608375015625 0.7893918171875 0.42426028125000004 0.845741759375 0.56249923125 0.8200509281249999 0.563974928125 0.80601061875 0.5096590671875 0.7529837546875
268 0.34735602656250003 0.43782138593750003 0.23315398437499998 0.44474548281250004 0.2644964515625 0.47643052968750005 0.3722172953125 0.471191134375 0.37369299218749996 0.4571508265625 0.34735602656250003 0.43782138593750003
278 0.19106266875 0.395369371875 0.0675077578125 0.4013104421875 0.056679192187500005 0.41436772499999996 0.090401434375 0.45340060312499997 0.208212996875 0.4421240796875 0.21354416406249999 0.421391290625 0.19106266875 0.395369371875
278 0.017798809375 0.5143809140625 0.0201785859375 0.52172874375 0.0388843265625 0.5236947953125 0.14635922031249998 0.5207954515625 0.1402036921875 0.48939175468749996 0.0945028546875 0.44436807187499994 0.005241803125 0.4539135734375 0.0115635640625 0.5137255625 0.017798809375 0.5143809140625
1316 0.520852240625 0.136659825 0.520931959375 0.10591148125000001 0.501076190625 0.084897340625 0.495166609375 0.0511535921875 0.47916631093750006 0.023446973437499997 0.454225321875 0.020825568750000002 0.40746097187499997 0.0159104375 0.3743171421875 0.031354096875 0.363242625 0.046751431249999996 0.35602358125 0.0554562859375 0.3706279015625 0.06645486874999999 0.3607831328125 0.07015194531249999 0.3588155375 0.0888723578125 0.3659548640625 0.11091584843749999 0.3429017515625 0.12032237812499999 0.35414249999999997 0.1333333375 0.3475815859375 0.1657663828125 0.313208009375 0.192910296875 0.29688204375 0.19829207499999998 0.2594705625 0.19435997031250002 0.2251767046875 0.190755540625 0.2239469578125 0.2024557984375 0.22944435625 0.210131303125 0.2450324734375 0.21176968125 0.27309108593750003 0.214718759375 0.29155087812499997 0.21902486250000003 0.2844980640625 0.2561380125 0.2737560125 0.328351934375 0.29385773125000003 0.347026021875 0.28778871562499997 0.374778965625 0.429564265625 0.46538903437499995 0.4337454046875 0.425608159375 0.45859987812499997 0.3690729234375 0.477877234375 0.33561052812500003 0.52389694375 0.2576408296875 0.5221685015624999 0.1841162078125 0.52774561875 0.1610433671875 0.520852240625 0.136659825
268 0.297786125 0.2196802140625 0.17365280156250001 0.1711447484375 0.16905948125 0.1848573828125 0.2004019484375 0.21654242968749998 0.289091384375 0.242425378125 0.2996740015625 0.23170814687500002 0.297786125 0.2196802140625
1316 1 0.23043838125 0.9939134468749999 0.224234990625 0.9446030875 0.1835637359375 0.903169903125 0.1579158171875 0.8410633828125 0.14902225625 0.80193025625 0.1614705125 0.783144796875 0.19025280312499998 0.7692851187499999 0.26213905 0.758868734375 0.301264575 0.72999255625 0.3360839953125 0.6801970953125 0.389997828125 0.6839728484375 0.41405369375 0.6966095734375 0.443772690625 0.6934122328125001 0.47419335937499996 0.7216370765625 0.5055507312499999 0.7241830828125 0.5413068562500001 0.7316548734375 0.6201669328125 0.7479011203125 0.6455335 0.746671375 0.6572337593750001 0.9658158953125 0.7914641609374999 1 0.466224134375 1 0.23043838125
1761 0.7527132046875 0.2698608796875 0.642938253125 0.2346640484375 0.18235433750000002 0.23830456875 0.2662045046875 0.28024020156249996 0.44834292812500004 0.3467017578125 0.5018344265625 0.3475921375 0.5381891875 0.481537778125 0.508315621875 0.3459074375 0.7333561296875 0.3340716203125 0.7658418296875 0.2948997703125 0.7527132046875 0.2698608796875
278 0.6201310906249999 0.2417305265625 0.5788641375 0.2444909015625 0.5768965421875001 0.2632113109375 0.6169337500000001 0.2721511953125 0.65171950625 0.271075521875 0.6498316296875 0.259047590625 0.6201310906249999 0.2417305265625
268 0.59495095 0.3313541578125 0.6614048390625 0.3288751359375 0.6101268859375 0.3069242921875 0.5410472703125 0.3043955359375 0.59495095 0.3313541578125
1761 0.1431346953125 0.1915961859375 0.313453959375 0.190570246875 0.28211149375 0.15888519843749999 0.048701910937499995 0.16037778281249998 0.09325272031250001 0.186353378125 0.0775051671875 0.2462116921875 0.122547875 0.2675071828125 0.1431346953125 0.1915961859375
278 0.2574164546875 0.15392374375 0.15929442968750002 0.1578061140625 0.14756178281250001 0.14947525781249998 0.12573841875 0.1471815296875 0.124754621875 0.1565417359375 0.109412453125 0.15256330625 0.1039150546875 0.1448878015625 0.0787281171875 0.14460645 0.0772524203125 0.158646759375 0.052803332812500006 0.151345253125 0.05108168749999999 0.1677256125 0.1155679828125 0.183967003125 0.22616050156249998 0.181395334375 0.2986036890625 0.181911715625 0.2574164546875 0.15392374375
1316 0.6148796421875 0.23171496875000003 0.6285798812500001 0.2213254125 0.6298096281250001 0.20962515625 0.6375205703125 0.1962401984375 0.6402260140625 0.17049963125 0.6448193328125 0.1567869984375 0.6434233546875 0.1400789609375 0.6280811859375001 0.1361005328125 0.600022575 0.1331514546875 0.5983009296875 0.1495318140625 0.596825234375 0.1635721234375 0.573280225 0.17765875625 0.564585484375 0.2004039203125 0.5489176484375 0.2295138890625 0.5832115078125 0.23311831875000003 0.6148796421875 0.23171496875000003
1316 0.6951932078125 0.1573497015625 0.666888646875 0.1567406734375 0.6654129515625 0.1707809828125 0.6483491375 0.1831829140625 0.6379327531250001 0.2223084390625 0.6309596578125001 0.22867324218750001 0.6585263703125 0.236302425 0.7011893015624999 0.2502500875 0.70389474375 0.224509521875 0.7134935640625 0.2231524953125 0.72932763125 0.222450821875 0.7245680796875 0.2077551609375 0.7044663609375 0.189081071875 0.7083218312499999 0.18238859375 0.704300128125 0.160672778125 0.6951932078125 0.1573497015625
1316 0.7087272171875 0.1185518515625 0.694781028125 0.131281459375 0.6995405781249999 0.14597711875 0.6959310546874999 0.150329546875 0.7093056296875 0.1730283875 0.728177603125 0.203402734375 0.733183103125 0.2157583421875 0.7261302890625 0.2528714921875 0.7472158062500001 0.262185375 0.7600119671875001 0.2304076796875 0.7687067078125 0.2076625140625 0.7737919265625 0.1892697765625 0.775267621875 0.17522946875 0.7772352171875 0.15650905625 0.753278025 0.14452744687500002 0.73818180625 0.138208965625 0.7274329578125001 0.12051790468750001 0.7087272171875 0.1185518515625
1050 0.5237968359375 0.0186742234375 0.5552190203125 0.019610925 0.5411066 0.0039322390625000005 0.49721392187499996 0.0016848359375 0.5237968359375 0.0186742234375
1050 0.43400937968750003 0 0.46119841875 0.014460765625 0.48375963125 0.0097343390625 0.46943453125 0 0.43400937968750003 0
1050 0.3854978484375 0 0.4079528703125 0.011230335937499999 0.4242788359375 0.0058485578125 0.41258466250000003 0 0.3854978484375 0
1316 1 0.1577834453125 0.9717576203125 0.16512467656250002 0.9453409359375 0.17654358125 1 0.231106384375 1 0.1577834453125
1316 0.9007036140625001 0.0914113484375 0.885115496875 0.0897729703125 0.8778964515625001 0.09847782499999999 0.8764207562499999 0.112518134375 0.860340740625 0.1155598609375 0.830068584375 0.13367124531250002 0.8283469374999999 0.15005160625 0.8600150718749999 0.1486482578125 0.8911913078125 0.1519250109375 0.9182661203125001 0.1642342953125 0.9336082890625 0.168212725 0.9384475578125 0.1521600390625 0.9281906093750001 0.129788875 0.9073510421875 0.118134940625 0.912436259375 0.0997422046875 0.9007036140625001 0.0914113484375
1939 1 0.0702287265625 0.4561132 0.032853503125 0.436271021875 0.19164933125 1 0.266961065625 1 0.0702287265625
1939 0.052950042187500004 0 0.03623141875 0.15906708125 0.439142696875 0.1943170578125 0.4525036765625 0.037205931250000004 0.3765099640625 0 0.052950042187500004 0
819 1 0.2693313171875 0.439142696875 0.1943170578125 0.03623141875 0.15906708125 0 0.5037860000000001 0 0.9477249390625 0.509028746875 1 0.9407458312499999 1 1 0.4362342453125 1 0.2693313171875
1050 0.6293041374999999 0.0344952921875 0.673442765625 0.03440264375 0.6346353046875 0.013762501562500001 0.58138975625 0.010532071875 0.6293041374999999 0.0344952921875
1267 0.1772538609375 0 0.1583038359375 0.0772613359375 0.235014678125 0.0971534796875 0.25395957187499996 0.0068744968749999994 0.2281006328125 0 0.1772538609375 0