275 1 0.45164735624999996 0.92358588125 0.1451670640625 0 0.38985517812500003 0 0.545110590625 0.11202448125 0.9846186546875 0.8061072984375001 0.9127518921875 0.8175073328125 0.9323956593749999 1 0.8868951265625 1 0.45164735624999996
278 0.552980275 0.379981484375 0.526167071875 0.2854792484375 0.4763134390625 0.29416146875 0.47807287187499997 0.3012181640625 0.47195113125 0.302744484375 0.4737105640625 0.30980118125 0.45052504375 0.308086609375 0.4747353703125 0.41822856093749994 0.54207450625 0.401439028125 0.552980275 0.379981484375
278 0.6743902609375 0.24102768281250003 0.6324178 0.2552402796875 0.6350569484374999 0.2658253234375 0.6289352078125 0.2673516453125 0.6430832078125001 0.37625472968749996 0.7034208875 0.3574631703125 0.6743902609375 0.24102768281250003
278 0.42821923906250003 0.30990038593749997 0.41291489062500003 0.31371618749999997 0.41467432187500003 0.320772884375 0.4024308421875 0.32382552656249997 0.4006714109375 0.31676882968750003 0.22226124687499998 0.35750379374999997 0.253473028125 0.46964777187499995 0.455490434375 0.41927917499999995 0.42821923906250003 0.30990038593749997
278 0.1698047375 0.38182572812500004 0.17596275 0.40652416406249997 0.09025839531249999 0.427892659375 0.091101840625 0.4051962515625 0.07579749062499999 0.409012053125 0.07931635468750001 0.42312544531249996 0.02203954375 0.44115384375 0.044454165625 0.518014340625 0.232046940625 0.4749898953125 0.2065351765625 0.3726678015625 0.1698047375 0.38182572812500004
278 0.139413675 0.54680588125 0.12586875625 0.5576783796875 0.1144687203125 0.5380346125 0.0917411953125 0.5511965921875001 0.0860411765625 0.541374709375 0.06943539062500001 0.5530103671875 0.10849207187500001 0.6444599640625001 0.1522239640625 0.6373040640625 0.17365005312499998 0.631961940625 0.139413675 0.54680588125
278 0.171323809375 0.5313544171875 0.17136008281249998 0.557579175 0.159116603125 0.5606318171875 0.1705891828125 0.6327251015625001 0.27247760312499997 0.6110691515625 0.24478468437499998 0.5130385640624999 0.171323809375 0.5313544171875
278 0.158141615625 0.8044744953125 0.16950537968749999 0.7978935046875 0.1979329234375 0.7945534078125001 0.2232633265625 0.7657517125 0.190786378125 0.6876523484375 0.17548202968749999 0.6914681515625001 0.1728428828125 0.6808831078125 0.13129214218750002 0.6837474984374999 0.10420230781249999 0.705492496875 0.12577348593749998 0.8050494046875001 0.158141615625 0.8044744953125
278 0.2812747625 0.64635263125 0.27515302343750003 0.647878953125 0.280009596875 0.6803972453125 0.2607646625 0.6814478625 0.2638618046875 0.706909459375 0.2485574546875 0.7107252625 0.260030034375 0.78281854375 0.31382425468749997 0.7769015109375 0.2812747625 0.64635263125
278 0.3781025203125 0.760875140625 0.38376626406250003 0.744472265625 0.3982271703125 0.763352871875 0.40346919375 0.7582982031250001 0.406879240625 0.693737321875 0.371377696875 0.6426258765624999 0.33376754375 0.64825545625 0.30885886406249996 0.6657089453125 0.33613005937499996 0.775087734375 0.3781025203125 0.760875140625
278 0.49251104999999995 0.6199193109375 0.49208932968749997 0.631267515625 0.4859675890625 0.6327938375 0.48244872499999997 0.6186804453125 0.4426574171875 0.62860153125 0.4299922171875 0.643002378125 0.41162699687500004 0.6475813421875001 0.4004083234375 0.7590613625 0.541666328125 0.73883253125 0.5122139812500001 0.63374525 0.5078153999999999 0.616103509375 0.49251104999999995 0.6199193109375
278 0.597460340625 0.5975002015624999 0.58303570625 0.6048443515625 0.583915421875 0.6083727 0.5756125296875 0.6141905296875 0.5699125125 0.6043686453125 0.5454255531250001 0.6104739312499999 0.53364006875 0.6284031265625 0.5630924171875 0.7334904078125 0.655798228125 0.7141239390624999 0.676766321875 0.6939052625000001 0.6407705109374999 0.60169250625 0.597460340625 0.5975002015624999
278 0.7628198546875 0.608739046875 0.7606024265625 0.586805796875 0.743538646875 0.583564903125 0.7182807890625 0.6648161140625 0.7170156234375 0.698860728125 0.7472025984374999 0.7025773265625 0.7628198546875 0.608739046875
278 0.7152789187499999 0.39198349062500004 0.679428196875 0.404669765625 0.682947059375 0.41878315781250003 0.6676427109375 0.42259896093749993 0.664123846875 0.40848556875 0.6549412390625 0.41077505 0.658460103125 0.4248884421875 0.51371950625 0.457228640625 0.5102006421875 0.44311524843749994 0.48571368281250005 0.4492205328125 0.5147443109375 0.56565601875 0.7421283921875 0.5127104874999999 0.7152789187499999 0.39198349062500004
278 0.4954993765625 0.5667066359375 0.46956589062500004 0.4757327453125 0.45862385000000006 0.4709655296875 0.45464699062499997 0.44197558593749997 0.44240351093749997 0.445028228125 0.44156006875 0.46772463750000004 0.43543832968749996 0.4692509578125 0.42115878437500004 0.581494140625 0.4954993765625 0.5667066359375
278 0.3567354296875 0.49262148124999994 0.32306586249999997 0.5010162484375 0.31866728125 0.48337450625 0.2653310578125 0.5041680921875 0.2947834078125 0.609255375 0.3590616734375 0.593229003125 0.390971809375 0.5777775421875 0.3567354296875 0.49262148124999994
316 0.4862306765625 0.190501303125 0.5007641265625 0.2618314265625 0.635442396875 0.2282523609375 0.648987315625 0.2173798609375 0.618233528125 0.12011243593750001 0.4804943875 0.1544546609375 0.4862306765625 0.190501303125
268 0.3948533953125 0.8541385125 0.36692011875 0.89857991875 0.36867955 0.9056366140625001 0.475388271875 0.8902742015625 0.49850124687499997 0.8395392578124999 0.3948533953125 0.8541385125
1252 0.9979400171874999 0.45642485781250003 0.987383425 0.41408467968749996 0.776183409375 0.46674275937500004 0.757818190625 0.471321721875 0.7674950671875 0.5101335515625001 0.840955940625 0.4918176984375 0.8846878359374999 0.4846617984375 0.9367226203125 0.47168806874999997 0.9887574078125001 0.45871433906250003 0.9979400171874999 0.45642485781250003
1252 1 0.575376140625 0.8140111953125 0.6184617265625 0.8013459953125001 0.6328625734375 0.8123605812499999 0.690079303125 1 0.6495406953125 1 0.575376140625
1758 0.5375395546874999 1 0.8166276171875 0.9288673125000001 0.8061072984375001 0.9127518921875 0.11202448125 0.9846186546875 0.11585948125000001 1 0.5375395546874999 1
1939 0.43860772031249995 0 0 0.10935718750000001 0 0.3935324515625 0.92358588125 0.1451670640625 0.894976975 0.0173833734375 0.8906428125 0 0.43860772031249995 0