407 0.057325484375 0 0.24165853125 0.196802740625 0.9319469640625 0.24533901406249997 1 0.21382300468749998 1 0.0418344125 0.5218304703125 0 0.057325484375 0
1050 0.729302075 0.049767785937499996 0.7428168109375 0.0193338 0.672813940625 0.0132093421875 0.6677195921875 0.0404279703125 0.729302075 0.049767785937499996
1050 0.2985974609375 0 0.301207596875 0.012314371875 0.363476346875 0.013810134375 0.36468457656250003 0 0.2985974609375 0
1050 0.35078043124999997 0.1589251109375 0.39620840625 0.166851590625 0.396604184375 0.131317796875 0.35048994375000003 0.13123537031250002 0.35078043124999997 0.1589251109375
1050 0.6089094359375 0.1854605203125 0.6492957078125 0.18899386093749998 0.66281044375 0.1585598734375 0.6173824671875 0.15063339375 0.6089094359375 0.1854605203125
1050 0.8253322828125 0.192538925 0.88588536875 0.2136448203125 0.9125190609375 0.188310640625 0.848930425 0.170891215625 0.8253322828125 0.192538925
2001 0.26003165625 0.48295753750000003 0.8567717203124999 0.5154052953125 0.8650595546875 0.38966489531250004 0.2713550390625 0.3535306671875 0.26003165625 0.48295753750000003
275 0.49015443750000004 0.55051523125 0.6240890765625 0.5701370875 0.627229915625 0.5032270828125001 0.389267725 0.49426422812500004 0.3853353296875 0.6322418187500001 0.47922683125 0.64440830625 0.49015443750000004 0.55051523125
273 0.9581655874999999 1 0.9857445671875 0.6847708203125 0.9722824749999999 0.6835930390625 0.6047410828124999 0.667245521875 0.5715624859374999 0.9844585453124999 0.5858958125 1 0.9581655874999999 1
273 0.5886664828125 0.8199689937500001 0.605084215625 0.6633234953125 0.62696669375 0.6612859171875 0.6243795640625 0.597826828125 0.48907239375 0.5938930765625 0.4750565921875 0.723084390625 0.47759107500000003 0.8181552484375001 0.4812602484375 0.8382364921875001 0.48263277968749996 0.8225483859375 0.5886664828125 0.8199689937500001
273 0 0.95026149375 0.3817206875 0.9836577265625 0.38507210625 0.7903006546875 0.2958791765625 0.7864493296874999 0.39037703281249997 0.63663495625 0.383143978125 0.533248934375 0.24886620625 0.5175491046875 0 0.6369860640625 0 0.95026149375
278 0.16682830625 0.8660559140625 0.1172300921875 0.93680551875 0.122614928125 0.9372766312499999 0.11786371250000001 0.9605732328125001 0.357488925 0.9815377218749999 0.3512326234375 0.8979973875 0.16682830625 0.8660559140625
278 0.2569434609375 0.5182557734375 0.2650207140625 0.5189624421875 0.3027145671875 0.5222602265625 0.364640184375 0.527678015625 0.3861795296875 0.5295624640625001 0.3838828890625 0.49379311562500006 0.3434966171875 0.490259775 0.3441828828125 0.482415721875 0.3256790890625 0.476844803125 0.324649690625 0.4886108828125 0.30849518125 0.4871975453125 0.2950330921875 0.48601976562500004 0.25464682031249997 0.482486425 0.2498956046875 0.5057830265625001 0.2569434609375 0.5182557734375
278 0.30736049374999996 0.562187159375 0.240050040625 0.5562982578125 0.2238955328125 0.554884921875 0.2197779390625 0.6019492375 0.2846864609375 0.635292325 0.3075983375 0.621488665625 0.30736049374999996 0.562187159375
278 0.2692708625 0.5944231671875 0.2184580515625 0.5860255765625 0.16862199375 0.597473671875 0.16856935 0.629085440625 0.2055769375 0.640227278125 0.2031223640625 0.6992932281249999 0.23783331093750001 0.6746657171875 0.2728873890625 0.6461161796875 0.2692708625 0.5944231671875
278 0.10785833125 0.7028148453124999 0.172476365625 0.708468190625 0.20042994531249997 0.699057671875 0.2055769375 0.640227278125 0.1362603328125 0.6262587671875 0.12211197656249999 0.6329250390625 0.1153019640625 0.6797538000000001 0.10785833125 0.7028148453124999
278 0.1611003375 0.869506828125 0.3488833390625 0.8938398062499999 0.3612107421875 0.9700072000000001 0.3784472921875 0.9280426890625 0.3847289734375 0.7942226796875 0.2342966921875 0.7771095140625001 0.1614961140625 0.8339730359375 0.1611003375 0.869506828125
278 0.0283003859375 0.774895359375 0.19454404218750002 0.7973438875000001 0.1965501953125 0.805423496875 0.23126114062499997 0.780795984375 0.22959812343750002 0.7687943500000001 0.0751535359375 0.7355219671875 0.0283003859375 0.774895359375
278 0 0.8548646265625001 0.153366215625 0.864878134375 0.15679754375 0.8256578703124999 0.19454404218750002 0.7973438875000001 0.020909396875 0.7663446390625 0 0.784608809375 0 0.8548646265625001
278 0 0.941392665625 0.10812343906249999 0.9478649296875 0.16075720468750002 0.8734288546875 0 0.8557270390625 0 0.941392665625
278 0.751398903125 0.7275009765625 0.7636463953125 0.6495315609375 0.7145492499999999 0.6215238390625 0.638818409375 0.6188502953125 0.6255941625 0.6769740234375 0.6625491046875001 0.7197276265625 0.751398903125 0.7275009765625
268 0.728804778125 0.95474295 0.7941090796875 0.9525522437499999 0.8020537796875 0.8307338703125 0.73440019375 0.8287669953125001 0.728804778125 0.95474295
268 0.8041924859374999 0.9613385203125 0.85838398125 0.9621276156249999 0.8616301109375 0.8319940765625 0.813166584375 0.8277540671875 0.8041924859374999 0.9613385203125
278 0.9317655359374999 0.9606435765624999 0.939657590625 0.87043696875 0.9181182453125001 0.8685525203125 0.9198339093750001 0.8489423890625 0.9027026484375 0.827683365625 0.8838557218749999 0.8260344734375 0.8688631640625 0.9353800984375 0.8991133843749999 0.9617389296875001 0.9317655359374999 0.9606435765624999
268 0.05847069687499999 0.64711738125 0.051898526562500005 0.7532476499999999 0.10310711718750001 0.7261114484375 0.10899301875 0.6278252328125 0.08813993906249999 0.6180967328125 0.053772125000000004 0.6388022171875 0.05847069687499999 0.64711738125
275 0.1165419421875 0.541540653125 0.16196991562500002 0.5494671328125 0.21518465781249999 0.5304105390625 0.23107405781249998 0.2867737921875 0.1358626703125 0.2586836421875 0.1165419421875 0.541540653125
1939 1 0.2180890265625 0.9292545453125 0.24510345781249998 0.9193563390625 0.32723045625 0.8745619843749999 0.343071690625 0.8565611421874999 0.6418523625 0.9782482874999999 0.7394436343749999 1 0.49082042656249997 1 0.2180890265625
1939 0.20671162656250003 0.5652376640625 0.8515194390625 0.6374592234375 0.8718695656250001 0.342836134375 0.91901320625 0.33115248125 0.9292545453125 0.24510345781249998 0.23896611406249998 0.196567184375 0.23519165156250002 0.2397094765625 0.20671162656250003 0.5652376640625
1939 0.047260465625 0 0.042973303125 0.0490024984375 0 0.5664032171875 0 0.65745416875 0.20132678906249998 0.5647665515625 0.23661682812499998 0.192409603125 0.057280440625 0 0.047260465625 0
819 0.9554525593750001 1 0.9779051546875 0.743365659375 0.8542118578125001 0.6376947796875 0.2040192078125 0.5650021078125 0 0.662594275 0 0.9505426609375001 0.464842515625 0.9948819906249999 0.5366316906249999 1 0.9554525593750001 1
278 0.627705603125 0.621830096875 0.6731335796875 0.6297565765625001 0.67088958125 0.562375459375 0.6328525953125 0.562999703125 0.627705603125 0.621830096875
278 0.32876728593750004 0.4415465671875 0.326022221875 0.4729227765625 0.36944404375 0.47276964843749997 0.37184597343750003 0.4453154640625 0.32876728593750004 0.4415465671875