1584 0.4781695265625 0 0.260296296875 0.0190614375 0.3461173015625 1 0.45379079375 1 1 0.9538541890625 1 0.4781695234375 0.9581655874999999 0 0.4781695265625 0
125 0.3444610734375 1 0.3135488890625 0.6815243734374999 0.3107989296875 0.685947546875 0.30273062500000003 0.7012924703125 0.2988648765625 0.7288174671875 0.298838534375 0.7643717234375 0.2977227453125 0.7874735484375 0.285633459375 0.79271380625 0.26467195781249997 0.786182534375 0.25268663125 0.774683365625 0.1672577234375 0.7842487203124999 0.1628472515625 0.8055474984375 0.1730944484375 0.8151074421875 0.1805140703125 0.8102757265625 0.2937793796875 0.7961837125 0.2976964015625 0.82302780625 0.3093185796875 0.8303761625 0.3047265328125 0.8495995359374999 0.167645803125 0.8783228765625 0.157113071875 0.883426953125 0.14466063906249998 0.8845164000000001 0.13438709843750002 0.9105107140625 0.1383041203125 0.9373548078124999 0.146968421875 0.9826051874999999 0.152970246875 1 0.28042941093749996 1 0.337490375 0.9910321734374999 0.339033528125 1 0.3444610734375 1
1373 0.2035768515625 0.8228970328124999 0.2087399640625 0.7743456203125 0.22376078281249998 0.7667575953125 0.25901680625 0.75739921875 0.2460459921875 0.716708190625 0.248899909375 0.6955455921875 0.2714179671875 0.7019406828125 0.2794086546875 0.6677809265625 0.26633388125 0.643829325 0.2674760140625 0.58517324375 0.25946039375 0.529409653125 0.246852728125 0.4928694375 0.2604209515625 0.46867816875 0.252378990625 0.448468834375 0.251211928125 0.41720156875000003 0.2481251625 0.381919675 0.2486186109375 0.3337768015625 0.226645278125 0.33360792968749997 0.20713637187499997 0.3436799015625 0.19457997968750002 0.361508775 0.1823091203125 0.3646736265625 0.1658357046875 0.35565840625 0.144692628125 0.34705173125 0.12757053125 0.3485497203125 0.11174579843750002 0.32902129062499996 0.0745187984375 0.2799959484375 0.0719504140625 0.28649452656249996 0.056203296874999996 0.2857809296875 0.060587426562500005 0.3000364078125 0.08383178125 0.3147331203125 0.089123784375 0.33936562656249997 0.10053804375 0.380192834375 0.07335032500000001 0.3742062859375 0.07929100781250001 0.38832558281249996 0.0773449625 0.419865209375 0.0922618234375 0.4290166109375 0.085282965625 0.45681396875 0.069250315625 0.47076439062500003 0.072441040625 0.4893068609375 0.07490546718749999 0.499547709375 0.0780961921875 0.518090178125 0.0976827140625 0.5268330375 0.0771619765625 0.5432674078125 0.06304902968750001 0.5612324609375 0.08273951093750001 0.5532358937499999 0.09903135156250001 0.5601757078125 0.1123916578125 0.5694632890625 0.1049720359375 0.574295003125 0.1194217890625 0.59603501875 0.11986255312500001 0.6190006625 0.0916366609375 0.65493076875 0.105541690625 0.6704445671875 0.12385719218749999 0.6646595859375 0.12712553124999998 0.7020168859375 0.117033565625 0.73008660625 0.129304425 0.7269217546875 0.13643851406250002 0.736754059375 0.1273583796875 0.75846138125 0.14538834843749998 0.7673404203125 0.146269878125 0.8132717046875 0.1518986859375 0.877609278125 0.207026765625 0.862329740625 0.2035768515625 0.8228970328124999
261 0.2685447640625 0.13126952187500002 0.2170745171875 0.1525029171875 0.24244225625000002 0.5141682171874999 0.299645271875 0.540532971875 0.2685447640625 0.13126952187500002
685 0.1597092125 0.715896515625 0.10383555 0.131040671875 0.0696177 0.09848239375 0.052495603125 0.0999803828125 0.12105454687499999 0.7401912734375 0.13506353437500002 0.7389656453125 0.1597092125 0.715896515625
1939 0.3445375734375 1 0.2571831890625 0.0193338 0.0735333765625 0.0354010765625 0.1410305609375 0.7175306859374999 0.3401702765625 1 0.3445375734375 1
1939 0 0.4680474390625 0.0245481859375 0.7486344859375 0.1392924328125 0.715591459375 0.0750663453125 0.035266959375000004 0 0.0418344125 0 0.4680474390625
819 0.33600455937499996 1 0.13965558125 0.7197422718750001 0.025923165625 0.7464229 0.045373156250000005 1 0.33600455937499996 1
268 0.7500313390625 0.75835813125 0.7817875859375001 0.52972035625 0.6730367078125 0.5057741625000001 0.6437712296875 0.709098528125 0.7500313390625 0.75835813125
268 0.7918823749999999 0.250695428125 0.7086587046874999 0.249611390625 0.6758906265625 0.48461156406250006 0.763316853125 0.49787567343749994 0.7918823749999999 0.250695428125
268 0.5245139640625001 0.6547021562500001 0.5851932359375 0.6849453609375 0.612071903125 0.4901949796875 0.551470246875 0.47876660624999995 0.5245139640625001 0.6547021562500001
268 0.5372491078125 0.8899038953125 0.56347909375 0.7056667234375 0.5171719578125 0.678348703125 0.5033445453125001 0.6816497359375 0.47685536875 0.8449966718749999 0.5372491078125 0.8899038953125
268 0.465546478125 0.6619524328125 0.461707071875 0.6539231734375 0.41923934375 0.6346344125 0.401000046875 0.7847118296875 0.43814942968750004 0.8149223390625 0.465546478125 0.6619524328125
268 0.7080278953125 0.9774359625000001 0.732156603125 0.7871087546875 0.6635129859375 0.7554710484375 0.63442908125 0.9608708187499999 0.6551050515625 0.9820661109375 0.7080278953125 0.9774359625000001
268 0.834820034375 0.0064403671875 0.7487424453125 0.026518929687499998 0.7225124609375 0.2107561015625 0.811417625 0.20506919843750002 0.834820034375 0.0064403671875