696 0 0.5525521140625 0.0200312984375 0.6467919640625001 0.1915764515625 0.539998934375 0.03151435625 0.0884094 0 0.0951079828125 0 0.5525521140625
1754 0.4894613078125 0.819165653125 0.5251849046875 0.8269074765625 0.5535366140625 0.9282268968749999 0.634623465625 0.95699668125 0.7812037875 0.94117518125 0.7689190375 0.6268608015625 0.636468371875 0.4045406140625 0.47240421406250005 0.4343018234375 0.47538107187499995 0.464339290625 0.20476023593749998 0.521861525 0.1068505015625 0.67046545625 0.13047671249999998 0.8136829359375 0.1650189328125 0.8318992749999999 0.1851959921875 0.8787275390625 0.19407972812500002 0.85639243125 0.257068634375 0.848115428125 0.43091426874999994 0.8162751015625 0.4611564375 0.830293740625 0.4894613078125 0.819165653125
278 0.6620318828125 0.572904821875 0.59753241875 0.1572315578125 0.492157115625 0.174518065625 0.5655403156250001 0.5678562234375 0.6620318828125 0.572904821875
544 1 0.479512778125 0.9607220890624999 0.294724734375 0.6521567234375001 0.35008892187499996 0.6376497484375 0.3940660984375 0.7689190375 0.6268608015625 0.7790778296875 0.8189461953125001 1 0.7878618796875 1 0.479512778125
819 1 0.4674780828125 0.9722990484375 0.3331576 0.19053689375 0.535108196875 0.022503159375 0.6423887109375 0.0660227984375 0.8631649593749999 0.095107984375 1 0.4949376390625 1 1 0.8899946203125 1 0.4674780828125
2001 0.5768017484375 0 0.19791006718749998 0.0888228203125 0.2415715234375 0.29423381718749997 0.688117109375 0.21465273125 0.667349921875 0 0.5768017484375 0
1939 0.447447884375 0 0.031562773437500004 0.08839910937499999 0.1927578265625 0.52952441875 0.967998996875 0.32895989999999997 0.8980764125 0 0.447447884375 0
275 0.6697165578125001 0 0.7071127953125 0.271955509375 0.2810279015625 0.3676343515625 0.2623626921875 0.39204857656250003 0.27441194375 0.49683319218750005 0.6375079296874999 0.4094313515625 0.6478566734375 0.345891221875 0.9596825296875 0.289833996875 0.895482565625 0 0.6697165578125001 0
278 0.2765860359375 0.37880190625 0.4842179640625 0.3295566734375 0.472782821875 0.27575855625 0.273892809375 0.31803393281250003 0.2765860359375 0.37880190625
268 0.8336110328125 0.081492984375 0.8075270984375 0.0870372953125 0.8189622406250001 0.1408354125 0.8483066687499999 0.1345980625 0.8336110328125 0.081492984375
268 0.7758667609375001 0.226671184375 0.8019506968749999 0.22112687343749998 0.7915551125 0.17221949375 0.7654711765625 0.1777638046875 0.7758667609375001 0.226671184375
268 0.8692864968749999 0.329495078125 0.8730192812500001 0.3951537890625 0.9392686781249999 0.38618374843750003 0.9421986953125 0.30377370625 0.8673491953125 0.30434835 0.8692864968749999 0.329495078125