407 0.4781695328125 0 0 0.0418344125 0 0.4417938796875 0.12146661875 0.431166928125 0.142091315625 0.3979931296875 0.16305646406250002 0.36871071875 0.2077103765625 0.34127697968750004 0.255574771875 0.30572001875 0.348773984375 0.2505120890625 0.4128848265625 0.2213760890625 0.50034398125 0.19019737812499998 0.5661570828125 0.18051830625 0.675115878125 0.170985646875 0.8243503375 0.1736140078125 0.9272286218750001 0.18421918125 0.9651211203125 0.169140503125 0.95032324375 0 0.4781695328125 0
283 0.95047815 0.3155049328125 0.7169950187499999 0.33593205937500004 0.72438618125 0.55487100625 0.5956300062500001 0.562214540625 0.5811369765625 0.3517392703125 0.2776089046875 0.378294534375 0.2964290265625 0.7726862828125001 0.9786368921875 0.771818396875 0.9823342374999999 0.7244408671875 0.95047815 0.3155049328125
1768 0.24550056250000002 0.773220775 0.2933649578125 0.7376638125 0.30387134531250004 0.76811399375 0.33111104375 0.7657308281249999 0.320410615625 0.6882435703125 0.21685142812499997 0.6698556265625 0.17711025625000001 0.7086230687499999 0.1878106828125 0.786110328125 0.2192822203125 0.7872780968749999 0.224729453125 0.8495402656250001 0.23927363906250002 0.8365043 0.25060734375 0.8315915578125 0.24550056250000002 0.773220775
1761 0.7999736093750001 0.7913705796875 0.7994867453125 0.8306248875 0.8142249703125 0.8646260015625 0.83723283125 0.858691903125 0.8414170421874999 0.7720600640625 0.860193065625 0.7625750328125 0.83781848125 0.6861091312500001 0.4505286 0.696465578125 0.40893875468749996 0.7589217859375 0.4290765875 0.765002296875 0.435204725 0.8350472359375001 0.49036502656250003 0.838063678125 0.48204776406249994 0.7878161171875 0.7999736093750001 0.7913705796875
872 0.4770112796875 1 0.9635070578124999 0.957437134375 0.9280965078125 0.866427046875 0.25060734375 0.8315915578125 0.1565808140625 0.922162409375 0.175163065625 1 0.4770112796875 1
1917 0.5814227421875 0.8928359 0.5836118671875 0.8730385203125 0.582250059375 0.8574729781249999 0.573786384375 0.8503711109375001 0.572424575 0.83480556875 0.5646418046874999 0.8354864734375 0.5529676484375 0.8365078296874999 0.5335107203125 0.8382100890625 0.5225174671875 0.8470142171875 0.5309811421874999 0.854116084375 0.521009246875 0.8745943687500001 0.52762425 0.9053850000000001 0.555544853125 0.91078460625 0.574661328125 0.9051909609375001 0.5814227421875 0.8928359
831 0.557345896875 0.7969130703125 0.5410994515625001 0.79049210625 0.529765746875 0.7954048484375 0.505055625 0.78188201875 0.494402825 0.7945775328125 0.4873009578125 0.8030412078125 0.50811969375 0.8169044890625001 0.5130324359375 0.8282381937500001 0.5367212015625 0.8300868671874999 0.538083009375 0.845652409375 0.5490762625000001 0.83684828125 0.56075041875 0.8358269249999999 0.56498225625 0.8393778578125 0.5763159609375 0.8344651171875 0.5746137 0.8150081890624999 0.58205601875 0.8104358984375001 0.57578146875 0.783536653125 0.56833915 0.7881089421875 0.557345896875 0.7969130703125
278 0.86009428125 0.8959034984375001 0.848079671875 0.89303346875 0.8509497015624999 0.881018859375 0.8392755453125 0.8820402156249999 0.838594640625 0.8742574453125 0.789174396875 0.8472117859375 0.7059470796875 0.8819414312499999 0.7171343718750001 0.9201743828125 0.7655332593749999 0.935545884375 0.857564703125 0.9118094921875001 0.86009428125 0.8959034984375001
872 0 0.47701128125 0.0439246734375 0.9790726 0.0799685 0.9876826875000001 0.1310433765625 0.9440025015625 0.1320647328125 0.955676659375 0.1515216609375 0.9539743984375001 0.14879804375 0.9228433140625001 0.1995324671875 0.8752717437499999 0.189853396875 0.8094586406250001 0.25717471875000003 0.77219941875 0.29219718906250003 0.76913535 0.28752964375 0.5813274875000001 0.26841316875 0.5869211328125 0.24934785 0.36900354375 0.16305646406250002 0.36871071875 0.146323153125 0.4015440640625 0.12146661875 0.431166928125 0 0.4417938796875 0 0.47701128125
679 0.9821437265625 0.3637097796875 0.9669186375000001 0.3689629734375 0.982579434375 0.547966709375 0.9978045249999999 0.5427135140625 0.9821437265625 0.3637097796875
1939 0.7065874156249999 0.172153415625 0.6514271125 0.1691369734375 0.5544829265625 0.1815396625 0.4773361203125 0.19613147656250002 0.374992328125 0.2364547671875 0.2892354328125 0.2870904078125 0.2445815203125 0.3145241453125 0.22648640000000003 0.3317919484375 0.27376161718750003 0.7825117671874999 0.9711945734375 0.7763906875 0.98977655625 0.7198685765625 0.9732884421874999 0.5762277640625 0.982579434375 0.547966709375 0.9669186375000001 0.3689629734375 0.9818032750000001 0.35981839375 0.9726110671875 0.254750984375 0.9651211203125 0.169140503125 0.9311200078124999 0.183878728125 0.7889874156250001 0.1727866921875 0.7065874156249999 0.172153415625
819 1 0.567807909375 0.9978045249999999 0.5427135140625 0.9864708203125 0.5476262562499999 0.972947990625 0.5723363781249999 0.986906528125 0.7318831859375 0.9673031875 0.7767311390625 0.2773125515625 0.7782799296875 0.2497324 0.7767717078125 0.18951294375 0.80556725625 0.1995324671875 0.8752717437499999 0.0799685 0.9876826875000001 0.0439246734375 0.9790726 0.042780259375000004 1 0.45069448437500004 1 1 0.9541118781250001 1 0.567807909375
278 0.73158683125 0.4130788671875 0.859662103125 0.3979525609375 0.8555766765625 0.351255934375 0.71903773125 0.35928037343749997 0.73158683125 0.4130788671875
278 0.7686520140625 0.4333631109375 0.7676306578125 0.42168895468749995 0.7559565015625 0.4227103109375 0.7566374062500001 0.43049308125 0.72939770625 0.432876246875 0.733823584375 0.4834642578125 0.87036253125 0.4754398203125 0.8620452671875001 0.425192259375 0.7686520140625 0.4333631109375
278 0.8532887671875 0.5043817796875001 0.836895909375 0.541106509375 0.8172449421874999 0.4957716921875 0.7355258453125 0.5029211859375 0.739951721875 0.5535091984375 0.8457000359375 0.5520997624999999 0.8656438281250001 0.51114319375 0.8532887671875 0.5043817796875001
278 0.8562064250000001 0.5825499421875 0.8519745875 0.5789990078125 0.8364090453124999 0.5803608171875 0.8370899484375001 0.5881435875000001 0.778719165625 0.5932503703124999 0.777697809375 0.5815762125 0.761791815625 0.5790466359375 0.762813171875 0.5907207921875 0.7355734734375 0.5931039578124999 0.7396588984375 0.639800584375 0.8768787484375 0.6395589171875 0.8756633515625 0.5808476812500001 0.8562064250000001 0.5825499421875
278 0.5099242687500001 0.38933894375 0.503162853125 0.4016940046875 0.5024819500000001 0.39391123437500003 0.48657595468750003 0.39138165625 0.4875973109375 0.40305581406249996 0.45223438906249996 0.402228496875 0.456319815625 0.44892512343749996 0.5766123140625 0.434479721875 0.5721864375 0.3838917109375 0.5099242687500001 0.38933894375
278 0.42942056875 0.4551996734375 0.4169190953125 0.491583953125 0.409963640625 0.456901934375 0.2925411703125 0.45933272656249996 0.2969670484375 0.5099207390625 0.44128876406249995 0.5012153968749999 0.4372033390625 0.45451877031250004 0.42942056875 0.4551996734375
278 0.3924030140625 0.5250982015625001 0.3795610875 0.5575910937499999 0.3651633140625 0.527481365625 0.29409701875 0.5219353484375 0.2988633484375 0.5764147453125 0.45130828906250003 0.5709198843750001 0.44688241093750003 0.5203318718750001 0.3924030140625 0.5250982015625001
278 0.10706531562499999 0.7147512078125 0.09213305000000001 0.6337130156249999 0.0486469046875 0.6296752171875 0.011899562499999999 0.6578431015625 0.01671231875 0.7128531421875001 0.025199807812500002 0.7650463953125 0.10706531562499999 0.7147512078125