1584 0.0255177171875 0 0 0.48690704843750005 0 0.9702296765625 0.602428325 1 0.670941290625 1 0.7227731671875001 0.010988873437500001 0.5130929671875 0 0.0255177171875 0
125 0.852440028125 1 0.852529146875 0.99829951875 0.8621093656250001 0.9946292124999999 0.8696591984375001 0.9699905734375 0.87673900625 0.924465378125 0.8797167968749999 0.8975009359375001 0.8685423265625 0.8718809984375 0.8560594578125 0.8712267984375 0.8453550140624999 0.86649341875 0.7073553593749999 0.8425716234375 0.702095225 0.8235202203125 0.7134538671875 0.8157707328124999 0.716431659375 0.7888062890625 0.8301197734375 0.7989368171875 0.8377034999999999 0.8035066484375 0.84761081875 0.79359490625 0.842459715625 0.772463025 0.7567490234375 0.765884925 0.7451723140625 0.77779536875 0.72445151875 0.7850542093749999 0.712186715625 0.7802390531250001 0.7102653640625001 0.7571902421875001 0.7089982125 0.7216585640625001 0.704174209375 0.694285246875 0.695575290625 0.6792312500000001 0.6926726390625 0.67490674375 0.672538878125 1 0.6775107453125 1 0.6795474031250001 0.9850615453125 0.8024226078125001 1 0.852440028125 1
1373 0.8796976109375001 0.6888806921875 0.8816602093749999 0.651432084375 0.900166446875 0.656574340625 0.91352158125 0.6405847140625001 0.884058940625 0.6056615640625 0.883697946875 0.5826945296875 0.8973801828125 0.5604634671875 0.88979645625 0.5558936375 0.902824490625 0.5461454453125001 0.9188642109374999 0.5386412828125 0.9388217734375001 0.5459457921875 0.924090453125 0.528484215625 0.9030086640625001 0.5127760203125 0.9222781343750001 0.503354928125 0.9248197921875001 0.4847123984375 0.9269253171875 0.47439178281250005 0.9294669750000001 0.45574925312500003 0.9129572296875 0.44236685937500003 0.9050125093749999 0.41482999375 0.919600903125 0.4051635765625 0.9165553265625 0.3737110796875 0.9219996343749999 0.3593930578125 0.8950374046875 0.3663247953125 0.9050198625 0.3251241078125 0.9094489781249999 0.30032191875 0.932166265625 0.28482294218750004 0.936050215625 0.2704231453125 0.920337596875 0.2716858734375 0.9175439781250001 0.26528088906249997 0.882050615625 0.3155755703125 0.8669170562499999 0.335644378125 0.8497531109375001 0.3347448546875 0.82892328125 0.3440841703125 0.8127745296875 0.3536688125 0.80040069375 0.350934134375 0.78722973125 0.333554334375 0.7673812015625 0.3241693484375 0.745427146875 0.3251049765625 0.747600459375 0.37320129999999996 0.74574689375 0.40856942968750004 0.7456717546875 0.43985837656250004 0.7383399875000001 0.46033606093749996 0.7527442078125001 0.48403906875 0.7414194578125 0.5209970265625 0.7353548421875 0.5770063875 0.738543346875 0.635586878125 0.7263124375000001 0.6599801921874999 0.735490415625 0.6938402671875 0.7577715703125001 0.6866632046875 0.7613623125 0.7077133109375 0.749819496875 0.748832225 0.7853806453125001 0.7569544828125 0.8006571328125001 0.7640136671875 0.8075115203125 0.8123553140625001 0.8054398875000001 0.8518844015625 0.8610676328125001 0.8652306890625001 0.8644476640625 0.800735865625 0.863725678125 0.7548017953125 0.8814347890625 0.745298928125 0.8716026109375001 0.723921721875 0.8783892124999999 0.7138464296875 0.8907630484375 0.7165811078125001 0.8796976109375001 0.6888806921875
261 0.7016472578124999 0.5335160015625 0.757895309375 0.5051709515625 0.770625659375 0.14284064531250001 0.71844573125 0.123416471875 0.7016472578124999 0.5335160015625
685 0.9332713046875 0.0846063859375 0.9161073609375 0.0837068609375 0.883046621875 0.11743949218750001 0.847618171875 0.70388901875 0.8730539359374999 0.726083975 0.8870971640624999 0.7268199484375 0.9332713046875 0.0846063859375
1939 0.6733350578125 1 0.8663424750000001 0.7048703187500001 0.9099925624999999 0.0208006265625 0.725893884375 0.0111524234375 0.6725081125 1 0.6733350578125 1
1939 1 0.0255177171875 0.908455846875 0.020720090625 0.8680118671875 0.7028716140625 0.9838393999999999 0.7318899953125 1 0.42352738749999996 1 0.0255177171875
819 0.9711258046875001 1 0.982388075 0.7297277421875 0.8677938015625 0.707032571875 0.677428428125 1 0.9711258046875001 1
268 0.36361378437499997 0.71398869375 0.32727021562499997 0.5118095390625 0.219421296875 0.5395364953125 0.2591375421875 0.7669267140625 0.36361378437499997 0.71398869375
268 0.2367694140625 0.5070665921875 0.32367947343750003 0.49075943281249995 0.28272996875 0.2570460046875 0.1995948265625 0.26103384531249996 0.2367694140625 0.5070665921875
268 0.447820071875 0.48057582656250003 0.3876541765625 0.4941122046875 0.4213131609375 0.6878058984375001 0.480899996875 0.655463440625 0.447820071875 0.48057582656250003
268 0.4437372421875 0.7077568249999999 0.47638103281250005 0.8909663515625 0.5351707421875 0.843978771875 0.5029969765625 0.681655803125 0.4890627828125 0.67883935 0.4437372421875 0.7077568249999999
268 0.5436414421875 0.652493003125 0.5400845921874999 0.6606513656249999 0.5728035234375 0.8125719437500001 0.6088759453125 0.7810833421875001 0.5854101328125 0.631733890625 0.5436414421875 0.652493003125
268 0.278004771875 0.7950360046875 0.3087611046875 0.984405190625 0.3618132984375 0.9871855375 0.38173696874999996 0.9652815765625 0.3455024328125 0.76102194375 0.278004771875 0.7950360046875
268 0.1784791453125 0.21611717968750002 0.26752862187500004 0.21869787343749997 0.2348848296875 0.035488346875 0.1481589453125 0.01842608125 0.1784791453125 0.21611717968750002