407 0.12442460156249999 0 0.0781670125 0.1726356703125 0.3131131859375 0.23154525937499998 1 0.28135444062500004 1 0.11633650625 0.56582625 0 0.12442460156249999 0
1690 1 0.2800884203125 0.3168863328125 0.232556271875 0.24786662499999998 0.505233921875 0.9034158624999999 0.926283159375 1 0.56582625 1 0.2800884203125
1939 0.0147441625 0.3942403765625 0.2602696671875 0.443852546875 0.32065948125 0.2335672828125 0.0754048765625 0.1678515109375 0.056195651562500004 0.2395413171875 0.0147441625 0.3942403765625
1694 0 0.8755753984375 0.4254365703125 0.9895707843749999 0 0.4940675171875 0 0.8755753984375
1761 0.46900211875000003 0.5402227140625 0.2906531625 0.49647830156249995 0.346437678125 0.5599542890625 0.34515576718749996 0.579831040625 0.5388682140625 0.6115158968750001 0.5234321359375 0.6842167156250001 0.5405467515625 0.6807144671875001 0.5600268765624999 0.5929210578124999 0.46900211875000003 0.5402227140625
670 0.32017081875 0.431594678125 0.29928305625 0.43408591406249997 0.2936136109375 0.5458001234375 0.315241484375 0.5556393421875 0.27926113125 0.5540865312500001 0.253985834375 0.648415225 0.2763538203125 0.6705848984375 0.2476488625 0.6871577140625 0.22540660156249998 0.7701669640625 0.33179485 0.8108057531249999 0.35571564843750003 0.7969950734375 0.3727045390625 0.6883139 0.380250834375 0.6903359250000001 0.411321303125 0.589471946875 0.3650325171875 0.5811129515625 0.36732544218749996 0.557463053125 0.4022947828125 0.5627890125 0.42379693281249997 0.46744930625 0.4087043421875 0.463405259375 0.44833211874999995 0.3607901578125 0.358787584375 0.332752725 0.32017081875 0.431594678125
819 0.8828665890625 1 0.8993198250000001 0.9264771843749999 0.2451044890625 0.5004497625 0 0.4785928078125 0 0.4826686265625 0.42920971718749995 0.9905817953125 0.46316472500000005 1 0.8828665890625 1
127 0.713942978125 1 0.76457010625 0.82566634375 0.6662699515625 0.7548423734374999 0.6577126437499999 0.756593496875 0.6600055671875 0.7329435984375 0.643432753125 0.7042386406250001 0.46858604374999996 0.6776088437500001 0.45470277656249997 0.7143293109375 0.43105287812500004 0.7120363859375 0.4040264578125 0.7978077734375 0.48143884843749996 0.8711229796875 0.5201813390625001 0.8774599500000001 0.642203978125 0.8899355812499999 0.632563071875 0.956101115625 0.711799175 0.9773323656249999 0.7057254000000001 1 0.713942978125 1
127 0.7367094062499999 1 0.7402332328125001 0.9768631531249999 0.8821326234375 0.9906206953125001 0.9215620875000001 0.8434679328125 0.8436078968749999 0.8023599328125 0.831350028125 0.7424587812500001 0.668833775 0.715088871875 0.6597346671875 0.7490472015625 0.76457010625 0.82566634375 0.7217286484375001 1 0.7367094062499999 1
127 0.689272715625 1 0.633574084375 0.95232796875 0.642203978125 0.8899355812499999 0.484200984375 0.8759071390625 0.40577758125 0.8063650812500001 0.3755924 0.7982769859375 0.35571564843750003 0.7969950734375 0.3317222625 0.8714470171875 0.4339938765625 0.9878196609375 0.4794515203125 1 0.689272715625 1
278 1 0.3495426671875 0.9744976421875 0.34405792968750004 0.967691459375 0.35436636093749996 0.9707244953125 0.3430469171875 0.9405393125 0.33495882187500003 0.935484253125 0.35382456093750003 0.9090722187500001 0.346747478125 0.91109424375 0.3392011828125 0.873362765625 0.3290910640625 0.8534134281249999 0.388450415625 1 0.42082763593749994 1 0.3495426671875
278 0.8373824125 0.3275382515625 0.8280849921875 0.3169589203125 0.8164946499999999 0.3300294875 0.7221659546875 0.30475419062500003 0.6984434687500001 0.36310253124999997 0.8023404828125 0.38285355625 0.8373824125 0.3275382515625
627 0 0.4889247140625 0.2307325609375 0.7351976234375 0.28964215000000004 0.50025145 0.29442630937500003 0.4974893140625 0.295708221875 0.47761256406249997 0.2705780984375 0.4506587296875 0.0164952875 0.40279768281250006 0 0.47783855312499995 0 0.4889247140625
278 0.6517386093749999 0.4921296671875 0.5621940750000001 0.46409223437499997 0.546288784375 0.5083589953125001 0.63657343125 0.5487268828125 0.6517386093749999 0.4921296671875
278 0.7938363125000001 0.5504248703125 0.725919653125 0.53222665625 0.694921771875 0.57244936875 0.777660121875 0.610795234375 0.7938363125000001 0.5504248703125