407 0.5558224609375 0.1338291140625 0.5464149 0.223336084375 0.5997609015625 0.228942975 0.73992025625 0.178316278125 0.5558224609375 0.1338291140625
1939 0.49504401875 0.6754430546875 0.5478673781250001 0.6860225546875001 0.5959504718749999 0.2285424828125 0.54260446875 0.22293559218749998 0.5311063390624999 0.332333 0.49504401875 0.6754430546875
676 0.5565335218749999 0.6768783203125001 0.6109248078125 0.6725399921874999 0.648925765625 0.2743307421875 0.6043978375 0.294788375 0.5565335218749999 0.6768783203125001
676 0.598752103125 0.7517012515625 0.650530178125 0.7722259703125001 0.71877754375 0.19620425625 0.6622956875 0.220433021875 0.598752103125 0.7517012515625
1939 0.5954278296875 0.2335150921875 0.5532457359375 0.67150521875 0.5565335218749999 0.6768783203125001 0.6049204796875001 0.289815765625 0.65273619375 0.274731234375 0.658485259375 0.2200325296875 0.7220653296874999 0.20157735781250002 0.645826396875 0.81697945625 0.678552328125 0.8355017140625 0.7475411140625 0.17911726249999999 0.5954278296875 0.2335150921875
275 0.097562215625 0.6085283265625 0.19611071875 0.6239137328125001 0.1784928140625 0.8281912140625 0.47294110937499995 0.8490838937499999 0.5216987765625001 0.4218399703125 0.366516484375 0.395474571875 0.3774919734375 0.2910497734375 0.1395255328125 0.2459283265625 0.097562215625 0.6085283265625
275 0 0.9451744812499999 0.1681919 0.9628521624999999 0.19992115 0.624314225 0.097562215625 0.6085283265625 0.1696200109375 0.032907103124999997 0.159234009375 0.0217604078125 0.05739771875000001 0.0010019 0 0.5471047203125 0 0.9451744812499999
278 0.1001754265625 0.5836652796874999 0.0869574375 0.6727717578125 0.174597296875 0.681983078125 0.18833793125 0.587903990625 0.1001754265625 0.5836652796874999
1316 0.169656496875 0.5457201609375 0.160990353125 0.5548643953125 0.13655985625 0.5673792703125 0.113174640625 0.5699489265625 0.104508496875 0.5790931609375 0.11541714218750002 0.5852672484375 0.1464232140625 0.5834985765625 0.1888605734375 0.58293138125 0.1982012890625 0.6040232953125 0.197004071875 0.5787597546875001 0.194086996875 0.5332052859374999 0.184071703125 0.48187722187500004 0.17958670000000002 0.45124058125 0.19848691093749998 0.4180342828125 0.21477391093749998 0.4096910328125 0.2163418375 0.3947732046875 0.20976626562499998 0.38402700156249997 0.1950471921875 0.37745242343749996 0.1759950484375 0.37544996249999996 0.15432969375 0.39831054843749997 0.15552691093749998 0.42357408750000003 0.1577694125 0.438892409375 0.159489271875 0.45918333906250003 0.1698752734375 0.470330034375 0.181306559375 0.4715315109375 0.1835490609375 0.48684983125 0.17555749375000002 0.5262302156249999 0.169656496875 0.5457201609375
1321 0.2815749234375 0.5072078484375 0.27656727812500004 0.481543815625 0.259605703125 0.45965091718749995 0.2530301296875 0.4489047140625 0.24802248593749998 0.4232406828125 0.2338260546875 0.41169349375 0.2109634828125 0.409290540625 0.19415384062500002 0.4226064 0.180631984375 0.4412953625 0.1818292015625 0.46655890156249996 0.1934124203125 0.5029691359374999 0.19513228124999998 0.5232600671875 0.20223049531249998 0.5290336609375 0.20880606875000002 0.5397798640625 0.2067155 0.5596703015625 0.19110307499999998 0.5982497015625 0.18243693125 0.6073939359375 0.182588865625 0.64260269375 0.192974865625 0.6537493890625 0.174311675 0.8679720890624999 0.20046203437500001 0.8757481437499999 0.1920997578125 0.9553098953125 0.18724404375 0.9648546234375001 0.218250115625 0.9630859515625 0.2310973953125 0.914160840625 0.23371060781250003 0.88929779375 0.257618465625 0.8817555265625 0.26269295625 0.7968206734375001 0.26896466406249997 0.7371493609375 0.27695623125 0.6977689765624999 0.28666765625 0.6786795234375 0.287561009375 0.6335255453124999 0.2965978609375 0.5841999437500001 0.293680784375 0.5386454734375 0.2815749234375 0.5072078484375
275 1 0.40053312500000005 0.8049345656250001 0.3661410484375 0.7772162796875 0.373282821875 0.7318983296875 0.8411086046875 0.769479975 0.8500861359374999 0.77485833125 0.8355688000000001 0.9664045546875 0.8458431953125001 1 0.5262038859375 1 0.40053312500000005
1774 0.730771459375 1 0.7624486046875 0.7337136578125001 0.7853111765625 0.7361166109374999 0.786879103125 0.72119878125 0.7759704593750001 0.7150246953125 0.57319123125 0.6283537015625 0.3991087265625 0.6351945999999999 0.390965228125 0.6393662250000001 0.3980634421875 0.6451398187499999 0.368120896875 0.8933698015625 0.3828399703125 0.8999443796875 0.41345709062499997 0.681950546875 0.5220208859375 0.7486640171875 0.492600984375 0.9919213890625 0.5116531265625001 0.99392385 0.5448834578125 0.7510669703125 0.7397379640625 0.7665194625 0.7115745609374999 1 0.730771459375 1
278 0.7832874515625 0.6454081625 0.75713709375 0.6376321078125 0.6575433046875 0.6321919203124999 0.6517942390625 0.686890625 0.703049671875 0.712387953125 0.7759704593750001 0.7150246953125 0.7832874515625 0.6454081625
278 0.5116834859375 0.3705119078125 0.3788411234375 0.351522071875 0.3746599859375 0.391302946875 0.5069797046875 0.4152653921875 0.5116834859375 0.3705119078125
278 0.3632286984375 0.3901014703125 0.370545690625 0.32048493749999996 0.3629248328125 0.31968395312500003 0.36135690625 0.33460178125 0.3461151921875 0.3329998125 0.34768311875 0.318081984375 0.3400622609375 0.31728100000000004 0.33692640625000003 0.34711665625 0.32930555 0.346315671875 0.3334866890625 0.30653479687499996 0.3182449734375 0.304932828125 0.3112986921875 0.3343679921875 0.2998674046875 0.333166515625 0.301957975 0.313276078125 0.294337115625 0.31247509375 0.2870201234375 0.3820916265625 0.3632286984375 0.3901014703125
278 0.259520615625 0.31384327343749996 0.26108854375 0.2989254453125 0.253467684375 0.2981244609375 0.2475666875 0.31761440625000004 0.23994582968749997 0.316813421875 0.24151375625 0.30189559374999997 0.21103032656249998 0.29869165625 0.19990290625 0.367907696875 0.2761114796875 0.375917540625 0.2823831875 0.3162462265625 0.259520615625 0.31384327343749996
278 0.41187092031250006 0.440461846875 0.4139614890625 0.4205714078125 0.398719775 0.4189694390625 0.3971518484375 0.43388726875000005 0.3895309890625 0.433086284375 0.39005363125 0.42811367499999997 0.38243277343750004 0.4273126890625 0.3803422046875 0.44720312812499996 0.365100490625 0.44560115937500006 0.359351425 0.5002998625 0.42793914062500005 0.5075087234375 0.43092306249999995 0.4424643078125 0.41187092031250006 0.440461846875
278 0.31713284375 0.4254769328125 0.31504227500000004 0.4453673703125 0.3036109890625 0.44416589375 0.305178915625 0.42924806562500006 0.286126771875 0.427245603125 0.279332421875 0.4918895265625 0.3479201375 0.49909838593750006 0.3514267015625 0.4290813625 0.31713284375 0.4254769328125
278 0.3551702859375 0.5400807390625 0.3483759359375 0.6047246625 0.416963653125 0.6119335218749999 0.419947575 0.54688910625 0.3551702859375 0.5400807390625
278 0.83123685625 0.40912586093750003 0.8301915718749999 0.4190710796875 0.8263811437499999 0.41867058906250004 0.8279490703124999 0.403752759375 0.805086496875 0.40134980625 0.7988147890625 0.4610211203125 0.8483503640625001 0.46622751874999996 0.8540994281250001 0.4115288140625 0.83123685625 0.40912586093750003
278 0.8927263578125 0.4105611265625 0.8736742140624999 0.40855866562500004 0.8726289296875 0.418503884375 0.8644854296875 0.422675509375 0.85925900625 0.4724016046875 0.9126050078124999 0.4780084953125 0.9155889296874999 0.4129640796875 0.8927263578125 0.4105611265625
1340 1 0.20966597656250002 0.9304416921875 0.1983408890625 0.9154369984375 0.377755321875 1 0.396462434375 1 0.20966597656250002
1321 0.9613991609375001 0.5635776296875 0.9591566609375001 0.548259309375 0.9634897312499999 0.5436871921875001 0.9607245875 0.53334148125 0.94981594375 0.5271673953125 0.9437630140625 0.5114485828124999 0.931809084375 0.515219715625 0.9139541578125 0.53848079375 0.9167193015624999 0.5488265046875 0.9265826609375001 0.5649458093749999 0.9244920921875 0.5848362484375 0.9191137375 0.599353584375 0.9159778828125 0.6291892406249999 0.90626645625 0.64827869375 0.908660890625 0.6988057734375 0.9065703218750001 0.7186962109375 0.8943976140625001 0.7978574703125 0.8917844031250001 0.82272051875 0.9113591890625001 0.8197503703125 0.9077006937500001 0.8545586359374999 0.9104658375 0.864904346875 0.8947014796874999 0.8682749875000001 0.8827475515625001 0.8720461203125 0.893133553125 0.8831928171874999 0.9230943406250001 0.8913693640625 0.932283125 0.8772525203124999 0.9267528359374999 0.856561096875 0.9293660484374999 0.83169805 0.945653046875 0.8233548 0.9472209749999999 0.8084369718750001 0.9460237578124999 0.78317343125 0.954015325 0.7437930484375 0.9602870328125 0.684121734375 0.9634228859375 0.654286078125 0.9703691703124999 0.6248509125 0.9735050234375 0.59501525625 0.9636416640625001 0.5788959515625 0.9613991609375001 0.5635776296875
1321 0.8494807359375001 0.60208994375 0.8397693078125 0.621179396875 0.837156096875 0.6460424437500001 0.8485873828124999 0.6472439203125 0.8400731734375 0.6915969140625 0.8289457515624999 0.7608129546875 0.8252872546875001 0.7956212203125 0.8405289703125 0.7972231890625 0.8427714734375 0.8125415109375 0.8406809031250001 0.8324319484375 0.8375450499999999 0.8622676046875 0.8288789078125 0.8714118390625 0.8207354078125 0.875583465625 0.8273109796875 0.88632966875 0.8425526953125001 0.8879316375 0.8501735531250001 0.8887326218749999 0.8595811140625 0.79922565 0.867201971875 0.8000266343750001 0.8630208328125001 0.8398075109375001 0.8577944093750001 0.88953360625 0.8692256953124999 0.8907350828125 0.8713162656250001 0.8708446437499999 0.8772172640625 0.8513546984374999 0.8874513328125 0.8272926359375001 0.8895419015625 0.8074021984374999 0.893874971875 0.8028300796875 0.9070929640625 0.7137236015624999 0.910751459375 0.6789153359375 0.9067890984375 0.643306084375 0.9170231671875 0.6192440218749999 0.9234468078125 0.5947814671875 0.9092503781250001 0.5832342796875001 0.9102956624999999 0.5732890609375 0.91238623125 0.553398621875 0.9068559421875 0.5327072 0.8959472984374999 0.5265331140625 0.880705584375 0.5249311453125001 0.8737593015625 0.554366309375 0.8754791609374999 0.5746572390625 0.8591921609375 0.583000490625 0.8494807359375001 0.60208994375
1321 0.768416446875 0.6036248265624999 0.75713709375 0.6376321078125 0.7761892375 0.63963456875 0.773053384375 0.6694702265625 0.76140331875 0.7436588765625001 0.758942040625 0.8037306828125 0.7660402562499999 0.8095042765624999 0.7688054 0.8198499874999999 0.7738130453125 0.84551401875 0.7618591171875 0.8492851515625001 0.7608138328125 0.8592303703124999 0.76738940625 0.8699765734374999 0.77829805 0.8761506609374999 0.7864415484375 0.871979034375 0.793017121875 0.8827252390625 0.8125919078124999 0.879755090625 0.814159834375 0.8648372609375 0.7999634046875 0.8532900734375 0.807954971875 0.813909690625 0.81228804375 0.8093375734375 0.823719328125 0.81053905 0.8273778249999999 0.7757307828125 0.8329749578125 0.6858233203124999 0.837156096875 0.6460424437500001 0.839246665625 0.62615200625 0.841337234375 0.60626156875 0.8444730890625 0.5764259125 0.8389428015625 0.5557344890625 0.8318445859375 0.5499608953124999 0.8257916546875 0.5342420828125001 0.8240717953125 0.5139511531250001 0.8174962234375001 0.50320495 0.81906415 0.4882871203125 0.8076328640625 0.48708564374999996 0.8060649375000001 0.5020034734375 0.8022545078125001 0.50160298125 0.7930657234375 0.515719825 0.791497796875 0.530637653125 0.8013611562499999 0.5467569578125 0.7926950140625 0.5559011921875 0.780741084375 0.559672325 0.768416446875 0.6036248265624999
1939 0.0575030234375 0 0 0.547104715625 0 0.7943482390625001 0.4734637515625 0.844111284375 0.5558224609375 0.1338291140625 0.7475411140625 0.17911726249999999 0.68236275625 0.8359022062499999 0.9663971765625 0.8459133968750001 1 0.526203890625 1 0.049797978124999996 0.526203890625 0 0.0575030234375 0
819 0.9479125843749999 1 0.9562335265625 0.942614075 0.9663971765625 0.8459133968750001 0.68236275625 0.8359022062499999 0.6420159671875 0.8165789640625001 0.6510528203125 0.7672533609375 0.5992747453125 0.7467286421875 0.6071143796875 0.6721395 0.55272309375 0.676477828125 0.4955666609375 0.6704704453125 0.4734637515625 0.844111284375 0 0.7991119203125 0 0.944962965625 0.5504092109375 1 0.9479125843749999 1