407 0 0 0 0.1 0.005 0.205 0.10500000000000001 0.225 0.9099999999999999 0.24 0.9949999999999999 0.22000000000000003 0.9949999999999999 0 0 0
1050 0.06 0.065 0.06999999999999999 0.06999999999999999 0.09 0.06999999999999999 0.09 0.05 0.065 0.05 0.06 0.05500000000000001 0.06 0.065
1050 0.025 0.16499999999999998 0.045 0.16 0.045 0.145 0.03 0.145 0.02 0.155 0.025 0.16499999999999998
1050 0.7849999999999999 0.05500000000000001 0.765 0.05500000000000001 0.755 0.05500000000000001 0.755 0.075 0.78 0.075 0.7849999999999999 0.065 0.7849999999999999 0.05500000000000001
1050 0.765 0.095 0.76 0.10500000000000001 0.755 0.11499999999999999 0.775 0.12 0.78 0.11000000000000001 0.775 0.095 0.765 0.095
1050 0.665 0.155 0.65 0.155 0.655 0.16999999999999998 0.67 0.16499999999999998 0.67 0.16 0.665 0.155
1050 0.23500000000000001 0.16499999999999998 0.25 0.16499999999999998 0.255 0.16 0.25 0.155 0.24 0.155 0.23500000000000001 0.16 0.23500000000000001 0.16499999999999998
1754 0.505 0.65 0.505 0.6599999999999999 0.515 0.6599999999999999 0.515 0.63 0.525 0.63 0.52 0.545 0.41500000000000004 0.54 0.385 0.62 0.385 0.655 0.4 0.6599999999999999 0.4 0.65 0.505 0.65
275 0.89 0.47000000000000003 0.905 0.27 0.905 0.24 0.195 0.22999999999999998 0.215 0.45999999999999996 0.89 0.47000000000000003
1650 0.075 0.515 0.10500000000000001 0.655 0.28500000000000003 0.67 0.36 0.54 0.355 0.505 0.27999999999999997 0.495 0.22999999999999998 0.45 0.075 0.515
1317 0.18 0.49000000000000005 0.16999999999999998 0.49000000000000005 0.16499999999999998 0.51 0.16999999999999998 0.52 0.16 0.525 0.18 0.5599999999999999 0.205 0.5650000000000001 0.24 0.5650000000000001 0.275 0.575 0.3 0.61 0.325 0.615 0.33999999999999997 0.61 0.36 0.625 0.37 0.62 0.32999999999999996 0.585 0.31 0.5599999999999999 0.28500000000000003 0.54 0.275 0.53 0.26 0.53 0.24500000000000002 0.51 0.22000000000000003 0.49000000000000005 0.2 0.5 0.18 0.49000000000000005
1317 0.23500000000000001 0.645 0.29 0.65 0.325 0.645 0.29500000000000004 0.61 0.26 0.575 0.22999999999999998 0.5700000000000001 0.195 0.58 0.16499999999999998 0.58 0.13999999999999999 0.5549999999999999 0.13 0.545 0.125 0.515 0.10500000000000001 0.505 0.095 0.515 0.095 0.545 0.095 0.5599999999999999 0.1 0.58 0.10500000000000001 0.63 0.13999999999999999 0.64 0.175 0.645 0.23500000000000001 0.645
1316 0.5549999999999999 0.29 0.54 0.27999999999999997 0.525 0.29 0.5349999999999999 0.305 0.5349999999999999 0.325 0.53 0.335 0.51 0.325 0.52 0.34500000000000003 0.53 0.34500000000000003 0.53 0.41 0.5349999999999999 0.425 0.5599999999999999 0.425 0.5700000000000001 0.41500000000000004 0.5700000000000001 0.38 0.5700000000000001 0.32999999999999996 0.5700000000000001 0.315 0.5549999999999999 0.3 0.5549999999999999 0.29
1321 0.945 0.32 0.95 0.3 0.9400000000000001 0.28500000000000003 0.9199999999999999 0.29 0.915 0.315 0.9199999999999999 0.32999999999999996 0.915 0.365 0.905 0.4 0.9 0.475 0.89 0.48 0.905 0.485 0.905 0.49000000000000005 0.93 0.49000000000000005 0.9349999999999999 0.465 0.9400000000000001 0.425 0.945 0.385 0.95 0.355 0.9550000000000001 0.32999999999999996 0.945 0.32
275 0 0.5674418609375 0.21000000000000002 0.45999999999999996 0.19 0.22999999999999998 0 0.20564102499999998 0 0.5674418609375
275 0.89 0.47000000000000003 0.9949999999999999 0.52 0.9949999999999999 0.215 0.905 0.24 0.89 0.47000000000000003
819 0.74 0.6900000000000001 0.735 0.675 0.675 0.5549999999999999 0.355 0.545 0.275 0.675 0.74 0.6900000000000001
819 0.9949999999999999 0.58 0.9949999999999999 0.52 0.885 0.465 0.795 0.47000000000000003 0.9949999999999999 0.58
275 0.27999999999999997 0.41500000000000004 0.27999999999999997 0.485 0.365 0.5 0.37 0.55 0.6900000000000001 0.55 0.705 0.45 0.67 0.44000000000000006 0.37 0.43499999999999994 0.37 0.42000000000000004 0.27999999999999997 0.41500000000000004
275 0.675 0.58 0.745 0.67 0.8699999999999999 0.675 0.9949999999999999 0.6799999999999999 0.9949999999999999 0.625 0.9949999999999999 0.58 0.7849999999999999 0.465 0.7 0.465 0.675 0.58
275 0.02 0.99 0.99 0.9949999999999999 0.9949999999999999 0.6799999999999999 0.10500000000000001 0.6599999999999999 0.01 0.8 0.02 0.99
275 0 0.991 0.02 0.9949999999999999 0.01 0.8 0.11000000000000001 0.6599999999999999 0.08 0.515 0 0.5667647062500001 0 0.991
268 0.145 0.805 0.21000000000000002 0.6599999999999999 0.10500000000000001 0.6599999999999999 0.02 0.795 0.145 0.805
268 0.43 0.7 0.32 0.6950000000000001 0.29500000000000004 0.8 0.29500000000000004 0.8150000000000001 0.42000000000000004 0.8099999999999999 0.43 0.7
268 0.425 0.8150000000000001 0.55 0.8150000000000001 0.545 0.6950000000000001 0.43499999999999994 0.6950000000000001 0.425 0.8150000000000001
268 0.55 0.8099999999999999 0.6799999999999999 0.8099999999999999 0.6599999999999999 0.7 0.55 0.7 0.55 0.8099999999999999
268 0.6599999999999999 0.6900000000000001 0.6799999999999999 0.8099999999999999 0.6950000000000001 0.8300000000000001 0.8300000000000001 0.825 0.8300000000000001 0.8099999999999999 0.78 0.6950000000000001 0.6599999999999999 0.6900000000000001
268 0.835 0.8300000000000001 0.97 0.8300000000000001 0.97 0.8150000000000001 0.9099999999999999 0.705 0.79 0.705 0.835 0.8300000000000001
278 0.25 0.9550000000000001 0.255 0.9650000000000001 0.27 0.9650000000000001 0.32999999999999996 0.97 0.335 0.96 0.43 0.9650000000000001 0.425 0.8800000000000001 0.06 0.8699999999999999 0.06999999999999999 0.96 0.15 0.9650000000000001 0.185 0.9650000000000001 0.22999999999999998 0.9650000000000001 0.25 0.9550000000000001
278 0.495 0.9800000000000001 0.55 0.975 0.575 0.975 0.585 0.985 0.64 0.9800000000000001 0.6599999999999999 0.975 0.67 0.985 0.8150000000000001 0.985 0.82 0.885 0.79 0.8949999999999999 0.445 0.89 0.445 0.97 0.465 0.9650000000000001 0.47000000000000003 0.97 0.495 0.9800000000000001
278 0.55 0.89 0.55 0.845 0.445 0.8400000000000001 0.445 0.885 0.55 0.89
278 0.3 0.305 0.3 0.335 0.36 0.335 0.36 0.31 0.3 0.305
278 0.3 0.355 0.3 0.39 0.365 0.39 0.365 0.355 0.3 0.355
278 0.375 0.39 0.43499999999999994 0.39 0.44000000000000006 0.355 0.38 0.355 0.375 0.39
278 0.3 0.23500000000000001 0.29500000000000004 0.27 0.365 0.27 0.365 0.23500000000000001 0.3 0.23500000000000001
278 0.385 0.265 0.43499999999999994 0.265 0.43499999999999994 0.23500000000000001 0.38 0.22999999999999998 0.385 0.265
278 0.77 0.315 0.835 0.315 0.835 0.28500000000000003 0.775 0.29 0.77 0.315
268 0.8099999999999999 0.545 0.8800000000000001 0.54 0.8400000000000001 0.505 0.775 0.51 0.8099999999999999 0.545
278 0.22000000000000003 0.29 0.275 0.29500000000000004 0.275 0.265 0.22000000000000003 0.265 0.22000000000000003 0.29
278 0.45 0.39 0.51 0.39 0.51 0.355 0.45 0.35 0.45 0.39
278 0.865 0.40499999999999997 0.8099999999999999 0.40499999999999997 0.8 0.45 0.86 0.45999999999999996 0.865 0.40499999999999997
278 0.71 0.55 0.725 0.5599999999999999 0.745 0.52 0.73 0.51 0.71 0.55