407 0.0798037078125 0 0.044845098437499994 0.2024788578125 0.11650860156250001 0.24942371875 0.5845678125 0.31564713125 0.6524090546875 0.286842709375 0.779764153125 0.231869878125 1 0.1200000640625 1 0.0729596578125 0.539350853125 0 0.0798037078125 0
581 1 0.099308459375 0.9867625890625 0.09854765 0.9636136437499999 0.0948812171875 0.9167046796875 0.091406509375 0.8819812625000001 0.0859068609375 0.83893045625 0.083043225 0.8080651953125001 0.0781546484375 0.78369410625 0.0822045296875 0.731980596875 0.35876973125 0.6935189515625 0.5266954484374999 0.6422606875 0.7005042640625 0.609106965625 0.8099465468749999 0.6509356265624999 0.8205264968750001 0.701091675 0.828470434375 0.718357521875 0.81934025 0.7240488968750001 0.8083768499999999 0.7136965671875 0.79882731875 0.7212211578125001 0.7762894453125 0.7531168375 0.7497016890625 0.8416627374999999 0.73999633125 0.8615645984375 0.739193534375 0.8878406999999999 0.5732927578125 0.9501822921875 0.5792117546875 0.9862355484374999 0.35158045625 1 0.3219888984375 1 0.099308459375
581 0.5945366921875 0.27767662656250003 0.5884259703125 0.31625820312499997 0.5794516125 0.39789058437499997 0.5436259796875 0.5741436890625 0.5783493984375 0.5796433375000001 0.5834297 0.5725380953125 0.59297923125 0.562185765625 0.5832379750000001 0.5487780765625 0.592176434375 0.54228390625 0.6133004390625 0.53376479375 0.6667035734375 0.5461779609375 0.6866054328125 0.5453751640625 0.7472574015625 0.2623157921875 0.5955671109375 0.24620029375 0.5945366921875 0.27767662656250003
581 0.5353703875 0.42650328125000003 0.5436977749999999 0.4238672671875 0.550191946875 0.43280572656249994 0.561155346875 0.4384971015625 0.570704878125 0.4281447734375 0.585370609375 0.335548990625 0.5512582640625 0.326191184375 0.5353703875 0.42650328125000003
1727 0.925283890625 1 0.9270455828124999 0.9749963906250001 0.844646303125 0.8709819640625 0.8621756703125 0.7353353765625 0.7307706890625 0.7659371171875 0.7136965671875 0.79882731875 0.7311541390625 0.8134571515625 0.71896859375 0.81548209375 0.708807990625 0.8296925796875 0.40462461406249994 0.7775597234375 0.05780977968749999 0.69494505625 0.03527190625 0.687420465625 0.006239860937499999 0.670957415625 0 0.6648174499999999 0 0.9228149125 0.4999595109375 1 0.925283890625 1
1727 0.21660531249999998 0.71614085625 0.2300130015625 0.7063996 0.25640903125 0.7145352625 0.2852493515625 0.7072382937499999 0.3305168234375 0.7460474921875 0.346560525 0.7446336234375 0.34797439375 0.7606773265625 0.3936612140625 0.77186835 0.42311260468749995 0.7607132234375 0.44179232031250004 0.7676267421875 0.47896002812500005 0.7576937609375001 0.546573646875 0.78026753125 0.563420146875 0.7987555234375 0.5865690921875 0.8024219562500001 0.6305303875 0.5997728203125 0.6709451796875 0.59430906875 0.6788891171875 0.5441530203125 0.6055841234375 0.53254265 0.5832379750000001 0.5487780765625 0.59297923125 0.562185765625 0.5783493984375 0.5796433375000001 0.2355844453125 0.5213997609375001 0.1557493828125 0.5759891406250001 0.15147187812500001 0.60299624375 0.1636574234375 0.6009713031249999 0.23310425937499998 0.6119706015624999 0.2276046109375 0.6466940203125 0.226574190625 0.678170353125 0.2241299015625 0.6936029828125 0.211525009375 0.7232460984375 0.21660531249999998 0.71614085625
1728 0.329402371875 0.5283491765624999 0.3480820875 0.5352626953125 0.5448481234375 0.5664273734374999 0.5483228328124999 0.5195184109375 0.35216786718750004 0.48449557499999996 0.31519188593749997 0.5181885734375 0.329402371875 0.5283491765624999
1727 0.243144934375 0.4237236765625 0.23825635625000002 0.45458893749999996 0.245972671875 0.45581108124999997 0.2533055375 0.40951319062499997 0.25452768125 0.40179687499999994 0.208229790625 0.3944640109375 0.207007646875 0.40218032499999995 0.1645679125 0.39545853124999997 0.154790759375 0.457189053125 0.16250707343749998 0.45841119687500004 0.17186488125 0.4242988515625 0.1950138265625 0.42796528437500003 0.2027301421875 0.429187428125 0.1984526359375 0.45619453125 0.2055578796875 0.4612748328125 0.21491568593750002 0.42716248749999997 0.243144934375 0.4237236765625
1316 0.451904790625 0.429103396875 0.44926877656249997 0.42077600937500004 0.442163534375 0.4156957078125 0.44399675 0.40412123437499997 0.43750257968749995 0.395182775 0.4297862640625 0.39396063125 0.42592810625000005 0.393349559375 0.41962566093750003 0.4081711171875 0.41779244374999996 0.419745590625 0.41718137187500004 0.423603746875 0.40132939375000004 0.448777634375 0.39888510625 0.4642102640625 0.4033543359375 0.4609631796875 0.4122927953125 0.4544690078125 0.428336496875 0.4530551390625 0.43483066875 0.4619935984375 0.43929989843749995 0.4587465125 0.44315805625 0.4593575859375 0.454732528125 0.4611908015625 0.45717681718750003 0.445758171875 0.451904790625 0.429103396875
144 0.356637096875 0.4812484890625 0.4640544375 0.502216665625 0.46325164062499996 0.48231480624999995 0.35847031406249996 0.469674015625 0.356637096875 0.4812484890625
144 0.5309492921875 0.7540632265625 0.550311875 0.606842165625 0.5507312234375 0.579223990625 0.37772520468750004 0.5478675875000001 0.350909825 0.5673501 0.3529347671875 0.5795356453125 0.5336571015625 0.6121141921875 0.5055477828125 0.789589440625 0.5242274984375 0.7965029593749999 0.526060715625 0.7849284859375001 0.5309492921875 0.7540632265625
1321 0.1119675765625 0.402947225 0.11765895 0.3919838234375 0.12132538281250001 0.36883487812500004 0.1193004421875 0.356649334375 0.105701028125 0.342630571875 0.11078132968750001 0.3355253296875 0.116472703125 0.324561928125 0.11058960468750001 0.3117653125 0.095768046875 0.30546286562499997 0.0841935734375 0.30362965000000003 0.081749284375 0.3190622796875 0.078693925 0.3383530671875 0.081941009375 0.342822296875 0.0660890328125 0.36799618437500003 0.051878546875 0.3578355796875 0.0539034875 0.370021125 0.055317356250000005 0.386064828125 0.06566968437500001 0.395614359375 0.0506205046875 0.44069010625000005 0.049973534375 0.5196864734375 0.037176917187500005 0.525569571875 0.03981293125 0.533896959375 0.0469181734375 0.5389772609375 0.0456960296875 0.5466935765625001 0.069456046875 0.5465018515625 0.08672189375 0.5373716671875 0.0909993984375 0.5103645640625001 0.095276903125 0.4833574609375 0.0975294671875 0.4441648140625 0.1056651296875 0.4177687828125 0.1119675765625 0.402947225
2001 0.40499582656250005 0.42562868906249995 0.51749346875 0.4394916234375 0.5347952140625 0.35522322812499996 0.42290864375000004 0.3375021359375 0.40499582656250005 0.42562868906249995
759 1 0.35217220312499997 0.9856244765625 0.3554386140625 0.954651521875 0.57596466875 0.8923099296875 0.570045671875 0.8407881453125 0.8703708921875 0.9308164453125001 0.9761586281250001 1 0.5393508515625001 1 0.35217220312499997
676 0.2699244140625 0.479379375 0.3708475828125 0.4914090921875 0.39853755468749996 0.34155201874999996 0.2943673 0.325053071875 0.2699244140625 0.479379375
1939 0.0983681625 0.38892846406250003 0.2597997078125 0.41845165 0.2817983046875 0.279557978125 0.11650860156250001 0.24942371875 0.1116200234375 0.2802889796875 0.0983681625 0.38892846406250003
1939 0 0.5214729890625 0.0800359984375 0.5046731906249999 0.1197556859375 0.2538929484375 0.044845098437499994 0.2024788578125 0 0.48561966874999996 0 0.5214729890625
1939 0.553594859375 0.5361731843750001 0.5890370421875 0.3124000453125 0.28687860625 0.272452734375 0.24880040937499998 0.48789848750000003 0.553594859375 0.5361731843750001
1939 1 0.12159539531250001 0.9038721656250001 0.17242781875 0.8008881578124999 0.2233507671875 0.7202266359375 0.7326275671875 0.8806107015625001 1 0.92354908125 1 0.9938441703124999 0.5782172328125 1 0.5393508546875 1 0.12159539531250001
819 0.8782205578125 1 0.7202266359375 0.7326275671875 0.6839694203125 0.537047778125 0.24880040937499998 0.48789848750000003 0.26041077968750004 0.41459349218749997 0.10222632031250001 0.3895395359375 0.0800359984375 0.5046731906249999 0 0.5192038343750001 0 0.9188748625000001 0.5256423 1 0.8782205578125 1
874 0.10318494375000001 0.5083396234374999 0.1257228171875 0.5158642140625 0.1462357484375 0.511203259375 0.16032630625 0.34732742499999997 0.117886571875 0.34060563125 0.10318494375000001 0.5083396234374999