407 0.46941868906249995 0 0 0.0576373671875 0 0.0952839421875 0.229763878125 0.2222695890625 0.3551228703125 0.281653559375 0.42191752656250003 0.312808059375 0.8920027718749999 0.26296001874999997 0.965260971875 0.21854477656250001 0.935340678125 0 0.46941868906249995 0
581 0 0.2892535296875 0.0192404203125 0.33470149375 0.0473274953125 0.563452365625 0.10983768281249999 0.5597126640625001 0.1303079234375 0.7264294015625 0.1501696421875 0.7279262734375 0.23832289062499998 0.740715928125 0.269271240625 0.7684006296875 0.2760046875 0.791187378125 0.2653253921875 0.8003698015625 0.27063068125 0.8115251499999999 0.287567371875 0.821252340625 0.33797010625 0.8150636640625001 0.3801425203125 0.8059499562499999 0.35082847500000003 0.695417296875 0.305667278125 0.5199254734375 0.27308958437499997 0.350759759375 0.2310595640625 0.0725582578125 0.20684465937500002 0.06766030468749999 0.1758275921875 0.071468721875 0.1327030734375 0.0728281609375 0.09780887187500001 0.0771126296875 0.05080721875000001 0.078948121875 0.02754441875 0.081804434375 0 0.0824244109375 0 0.2892535296875
581 0.38559020624999996 0.529790096875 0.40640402968749995 0.5390412375 0.4151104015625 0.5458434 0.40490715625 0.5589029562500001 0.41408957968750004 0.5695822515625 0.4189188171875 0.5768604671875 0.45381301875 0.572575996875 0.4241603546875 0.395179965625 0.41804039218750005 0.3132841109375 0.41327987187500004 0.27451277812499997 0.4133485875 0.24301965781249998 0.26118828125000004 0.2538314234375 0.311924671875 0.5388350875000001 0.331786390625 0.5403319609375 0.38559020624999996 0.529790096875
581 0.452183675 0.43109498593750006 0.45898583750000005 0.42238861562499996 0.46721615781250003 0.42531364531250004 0.4548388015625 0.32450817656250003 0.420420653125 0.332669778125 0.43184590468749995 0.4257209796875 0.441028328125 0.4364002765625 0.452183675 0.43109498593750006
1727 1 0.676609584375 0.987493025 0.6880852546875 0.9579041140625 0.703525071875 0.9351173656249999 0.7102585171875 0.585630590625 0.78071919375 0.2798131046875 0.8222044453124999 0.27015462968750004 0.807648015625 0.2580471765625 0.8051990390625001 0.2760046875 0.791187378125 0.26008881875 0.757721334375 0.129831871875 0.7225522671875 0.14261656250000002 0.8587279890625 0.0566374265625 0.9598033609375 0.058062378125 1 0.4800392140625 1 1 0.938217571875 1 0.676609584375
1727 0.7628254375 0.62121691875 0.8326138390625 0.6126479812500001 0.844721290625 0.6150969578125001 0.8413889265625001 0.5879570234375 0.7635076390625 0.53061469375 0.4189188171875 0.5768604671875 0.40490715625 0.5589029562500001 0.4151104015625 0.5458434 0.3933444734375 0.5288379937500001 0.3196789390625 0.5378829828125 0.325867615625 0.5882857171875 0.36606710625 0.595156596875 0.40292926875 0.7992165109375 0.4261920703125 0.7963601984374999 0.443673528125 0.778471403125 0.5120337734375 0.758271065625 0.5488321828125 0.7694951296875 0.567741796875 0.7632377359375 0.5967859390625 0.7754139046875 0.6428354875 0.7658241453125 0.6448084125 0.749839559375 0.6607929984375 0.751812484375 0.707387315625 0.7146067406250001 0.73595540625 0.722905775 0.7626192875 0.7156962765625 0.7756788453125 0.7258995203125 0.7805080828125 0.7331777359375 0.7689453984375 0.7031127734375 0.767041190625 0.6876042390625 0.76710990625 0.6561111203125 0.7628254375 0.62121691875
1728 0.6505947171875001 0.540543071875 0.6695043328125 0.534285678125 0.6840607624999999 0.524627203125 0.6482831734375 0.48966428593750005 0.451025421875 0.517820078125 0.4528609140625 0.56482173125 0.6505947171875001 0.540543071875
1727 0.8073143593750001 0.4386530296875 0.830577159375 0.4357967171875 0.8387387625 0.47021486562500003 0.8464930296875 0.4692627609375 0.8388761953125 0.40722862656250003 0.796227728125 0.41246520000000003 0.7952756234375 0.4047109328125 0.7487500234375 0.410423559375 0.7497021265625 0.418177825 0.755414753125 0.46470342656249997 0.76316901875 0.46375132187499996 0.759360603125 0.43273425468750004 0.787452640625 0.43715615625000004 0.79561424375 0.47157430624999996 0.8028924578125001 0.4667450671875 0.7995600921875 0.439605134375 0.8073143593750001 0.4386530296875
1316 0.5664560359374999 0.464291128125 0.5732581984375 0.45558475625000006 0.589242784375 0.45755768124999996 0.59794915625 0.46435984374999995 0.602302340625 0.467760925 0.6003981328125 0.4522523921875 0.5854343671875 0.4265406140625 0.584958315625 0.42266348125000003 0.583530159375 0.41103208125 0.5777488171875 0.3959996 0.573871684375 0.3964756515625 0.5661174171875001 0.39742775625000004 0.5593152546875 0.4061341265625 0.5607434109375 0.4177655265625 0.5534651968750001 0.42259476406249996 0.5505401671875 0.430825084375 0.5446901093750001 0.447285721875 0.5465943171875 0.4627942546875 0.5582257171875 0.4613660984375 0.5621028515625001 0.460890046875 0.5664560359374999 0.464291128125
144 0.6425018312499999 0.47463180468750005 0.537343178125 0.48360807812499995 0.5358463046875 0.5034697984375 0.6439299875 0.48626320468750006 0.6425018312499999 0.47463180468750005
144 0.644199890625 0.584619696875 0.64664886875 0.57251224375 0.6205297546875 0.55210575625 0.44653480312499993 0.5774052359375 0.44599003593750003 0.605021221875 0.46020288281250005 0.7528283421874999 0.4640113 0.783845409375 0.46543945625000005 0.7954768109375 0.4843490703125 0.7892194156250001 0.4624506734375 0.6108712796875 0.644199890625 0.584619696875
1321 0.9117220953125 0.5517721 0.9286587859375001 0.5614992921875 0.9523976390625 0.5625201125 0.9514455343750001 0.5547658453125 0.9587237484375001 0.5499366078125 0.9616487781249999 0.5417062890625 0.9490652734375 0.5353801781249999 0.9511756312499999 0.4564093546875 0.9377087390625001 0.41083585781250004 0.948388034375 0.401653434375 0.950360959375 0.3856688484375 0.9528099375 0.373561396875 0.9382535078125 0.383219871875 0.9232897421875 0.35750809375000003 0.9266908234375 0.3531549078125 0.9243105625 0.333769240625 0.9224063546875 0.31826070781250004 0.9107749546875 0.3196888640625 0.8957424734374999 0.32547020625 0.8894163624999999 0.33805371093750003 0.8947216515624999 0.3492090578125 0.899550890625 0.35648727343750003 0.8854705125000001 0.37002288125 0.8830215359375 0.382130334375 0.8858778484375 0.405393134375 0.8911831375 0.4165484828125 0.8969644796875 0.4315809640625 0.904173978125 0.4582448453125 0.905057365625 0.49749223281250005 0.90838973125 0.524632165625 0.9117220953125 0.5517721
2001 0.5827154875 0.340291575 0.47027861875 0.3540970875 0.4846289 0.4389179703125 0.5975418203125 0.4289895921875 0.5827154875 0.340291575
759 0 0.5305813140625 0.052828299999999995 0.9608332890625 0.1464936953125 0.8582519375000001 0.10548449687499999 0.5563115828125 0.042974310937499996 0.560051284375 0.0197164734375 0.338578628125 0 0.33336879218750004 0 0.5305813140625
676 0.71161299375 0.332336121875 0.6069303921875 0.3451895296875 0.6293735593750001 0.4959216796875 0.7306550796875 0.48742145781249996 0.71161299375 0.332336121875
1939 0.905263515625 0.40301287343750003 0.8958111890625 0.2939770859375 0.8920027718749999 0.26296001874999997 0.7257620874999999 0.28730739375000003 0.7428999640625 0.426884196875 0.905263515625 0.40301287343750003
1939 1 0.5014714640625 0.965260971875 0.21854477656250001 0.8886016906249999 0.26731320468750003 0.9195450796875001 0.5193268765625 1 0.5391696031250001 1 0.5014714640625
1939 0.7514689031249999 0.49667259843749995 0.72093285 0.28002917968749996 0.417564340625 0.309406978125 0.4451753640625 0.534280715625 0.7514689031249999 0.49667259843749995
1939 0.093361753125 1 0.271788934375 0.7248000578125 0.2089500546875 0.2130184484375 0.10780596718749999 0.15853243125 0 0.096616596875 0 0.530581315625 0.0037269234375000002 0.560934671875 0.0612351609375 1 0.093361753125 1
819 1 0.53685424375 0.9195450796875001 0.5193268765625 0.9013863828125 0.4034889265625 0.7424239125 0.4230070640625 0.7514689031249999 0.49667259843749995 0.3148497015625 0.5306047687500001 0.271788934375 0.7248000578125 0.095930578125 1 0.44682467812500004 1 1 0.9342969609375 1 0.53685424375
874 0.896282278125 0.5221831890625 0.8874434375 0.354038296875 0.8447949703125 0.3592748703125 0.853157759375 0.5235426296875 0.8734955296875 0.5289166359374999 0.896282278125 0.5221831890625