507 0.45264346875 1 0.4159635546875 0.793194796875 0.31666316875 0.7532404921875 0.1807853484375 0.8459701328125 0.039539009375 0.8092811875000001 0.06708361562500001 1 0.45264346875 1
1917 0.160794190625 0.6686411953125 0.16459970468750001 0.6957188390625 0.1660459515625 0.7481107671875 0.18937211874999998 0.794797915625 0.22013851718750002 0.7681210265625 0.2206263875 0.715457275 0.2038866796875 0.6875676546875 0.20624594687500003 0.66225336875 0.160794190625 0.6686411953125
369 0.078545375 0.539508390625 0.0873064140625 0.5737788562499999 0.10090621875000001 0.5652931296875 0.09782556406250001 0.543373134375 0.078545375 0.539508390625
369 0.07546124843749999 0.55966503125 0.0563012890625 0.563672665625 0.061739475 0.5813166953125 0.077393628125 0.5804315265625 0.07546124843749999 0.55966503125
1917 0.02360771875 0.5064681046875 0.028683475000000003 0.5215333109375 0.024269859375 0.5392470390625 0.0391956796875 0.5752808609375 0.06228485625 0.5641466109375 0.0622273453125 0.5286529437499999 0.050744609375000006 0.5171179390625 0.053586537499999996 0.5022548578125 0.02360771875 0.5064681046875
1373 0.1931967328125 0.5904540546875 0.13155238593750002 0.5307438609374999 0.0983030171875 0.6169392921875 0.1665965421875 0.667825728125 0.19766438749999998 0.6503106296875 0.26790418437499997 0.5536570140625 0.1931967328125 0.5904540546875
822 0.1927296984375 0.390657984375 0.24114361562500003 0.3772794546875 0.19364272031250002 0.31295176874999997 0.156894490625 0.318116396875 0.1354920234375 0.39738733593750003 0.176047503125 0.39826203437499996 0.1933221734375 0.5352114796875 0.20976217031250002 0.5329009890624999 0.1927296984375 0.390657984375
1650 0.770947221875 0.5894641765624999 0.74194414375 0.4883499234375 0.606921834375 0.46787968125 0.4220933984375 0.4859663453125 0.2296504609375 0.49197436093749997 0.161470221875 0.5331135812500001 0.1813498296875 0.597378546875 0.1301532328125 0.640075509375 0.139700115625 0.6729206546875 0.2243726546875 0.7280795671875 0.40605250625 0.7788091484375 0.42158295468749996 0.8121282359374999 0.43426800312499997 0.9023870453124999 0.618124171875 0.9475512484375 0.7245616078125 0.9260180437500001 0.7328451953124999 0.88672235 0.72184685625 0.8646002328125 0.72717175625 0.7902186062500001 0.7871903765625 0.775209140625 0.7685234984375 0.6634380703125 0.781943825 0.6326246140625 0.7701003937500001 0.59747246875 0.770947221875 0.5894641765624999
1806 0.6239037390625 0.4904757421875 0.5814106703124999 0.5319495046875 0.5439288984374999 0.637148078125 0.581517009375 0.7081284343750001 0.5872601140625 0.692857615625 0.6600979062500001 0.6076727921875 0.66294504375 0.529694753125 0.6239037390625 0.4904757421875
1806 0.478780484375 0.5595220328125 0.46656420625 0.6480209765625 0.529963190625 0.6851316171875 0.56194405625 0.5899103046875 0.57107794375 0.500529684375 0.5128749453125 0.48635662812499997 0.478780484375 0.5595220328125
1807 0.321761496875 0.49480755624999995 0.2748582828125 0.511918409375 0.17114080781250002 0.53175446875 0.195608303125 0.6637483921875 0.2368886421875 0.6697807359375 0.3716739625 0.632429578125 0.3355965546875 0.565181546875 0.321761496875 0.49480755624999995
2001 0.6156253625 0.4666564796875 0.7123294921875 0.474103675 0.665215334375 0.11781835468749999 0.57636616875 0.1381945671875 0.6156253625 0.4666564796875
2001 0.45763237031250004 0.48623118749999994 0.531008596875 0.46802955312499994 0.491446221875 0.1514441671875 0.41788877968750004 0.16835639062500002 0.45763237031250004 0.48623118749999994
2005 0.36271066093750004 0.1195713453125 0.3991871734375 0.47735168906250003 0.4300110828125 0.48616846718750006 0.55476165 0.46863591875 0.6968565531250001 0.4762782546875 0.736019825 0.502331328125 0.6880082734374999 0.0344073578125 0.36271066093750004 0.1195713453125
587 0.6823598765625001 0 0.731550434375 0.4635130703125 0.7562043515625 0.5336814484375 0.7840608921875 0.612603884375 0.7616321187499999 0.6775553859375 0.776493484375 0.7622488140625 0.792208621875 0.754780678125 0.83173953125 0.72029761875 0.9443382765624999 0.74260440625 0.8538114968749999 0 0.6823598765625001 0
581 0.35074700000000003 0.07654681875 0.27598029999999996 0.098888509375 0.17661545781250002 0.107593809375 0.221792025 0.506227590625 0.307377584375 0.4836802859375 0.389335371875 0.4774213890625 0.3600534203125 0.0936472015625 0.34917705 0.058359146875000004 0.35074700000000003 0.07654681875
369 0 0.2635383421875 0.016245834375 0.3628659890625 0.027850539062500002 0.36123505312500004 0.0036252421875 0.2239475734375 0 0.22842838125 0 0.2635383421875
1113 0 0.5209296218749999 0.031626534375 0.7459641109375 0.1315977421875 0.7135057578125 0.0804341359375 0.3564746703125 0 0.3667392453125 0 0.5209296218749999
1601 0.06699991875 0.555594675 0.0085512484375 0.5887918125 0.03212135 0.609147084375 0.0596206703125 0.6223757421875 0.07182305781250001 0.702183346875 0.0521177171875 0.7233610671874999 0.0649299421875 0.7373389828125 0.1233768765625 0.7251801625 0.11594532500000002 0.6933526078125001 0.0946700359375 0.6963426546875 0.0783572140625 0.6223722515625 0.10326027812500001 0.6030937984375 0.1117250796875 0.56508751875 0.06699991875 0.555594675
1650 1 0.667637009375 0.9601126624999999 0.7495916203124999 0.8398994140625 0.7152061828125 0.8055679640625 0.730550190625 0.8029647609375001 0.782196353125 0.740227915625 0.7778646453125 0.719734996875 0.8215060062499999 0.734293178125 0.9180759609375 0.48575736562499994 0.9740434671875 0.47419785000000003 1 0.5231183953125 1 1 0.9297920906250001 1 0.667637009375
1133 1 0.4836506796875 0.971996028125 0.3008624390625 0.9230994499999999 0.30378976562500004 0.9665806265624999 0.7394784484375 1 0.6595287578125 1 0.4836506796875
1675 0.1650196453125 0.7337913281249999 0.134134753125 0.7315575203125 0.052537659375000004 0.7614335578125 0.044738468749999996 0.790142134375 0.10179319375 0.8031616921875001 0.174686759375 0.7745088531250001 0.1650196453125 0.7337913281249999
831 1 0.7726809718750001 0.9914192328125001 0.7688596015625 0.965791309375 0.7829804078125 0.9462671859375 0.8054475390625001 0.9338139171875 0.8361250859375 0.9341136265625 0.8663251953125 0.9698947984374999 0.8612964796875 1 0.8545815546875 1 0.7726809718750001
1869 0.307597209375 0.75188486875 0.14392730625 0.71703246875 0.034163543750000004 0.7640158718750001 0.0381502734375 0.7923829265625 0.17661566875 0.8373519859374999 0.307597209375 0.75188486875
1939 0.855774059375 0 0.94572875 0.7384643484375 0.9587831734375 0.7471487078125 0.9647074921875 0.733167303125 0.923160434375 0.29720679843750003 0.9739911296875 0.2940076484375 0.9334825140625 0 0.855774059375 0
1939 0 0.3617758984375 0.0827916671875 0.352198703125 0.13431770468749998 0.7118086124999999 0.1484001703125 0.7137740906250001 0.1219950859375 0.624128628125 0.1790532828125 0.5950715468750001 0.1624372796875 0.5329776703125 0.21000436875 0.52760743125 0.2188298640625 0.5132182921874999 0.17353827500000002 0.0435971765625 0 0.0670240453125 0 0.3617758984375
1939 0.5843724 0 0.521073028125 0.0184221859375 0.356186921875 0.0731525296875 0.3630155796875 0.08665649843749999 0.36410113437499997 0.11543128750000001 0.6835963953124999 0.0310827671875 0.6808017734375 0 0.5843724 0
586 0.52372133125 0 0.25585502031249996 0.0819937390625 0.1910638265625 0.0700614734375 0.184414646875 0.0788852328125 0.1818149171875 0.08845475781249999 0.1861658125 0.0983623171875 0.2522272484375 0.09828214375 0.26902967499999997 0.0985504765625 0.360841 0.0711835609375 0.58142165 0 0.52372133125 0
407 0.4650365953125 0 0.2418370109375 0.03136865625 0.1772252953125 0.04176411875 0.1787342625 0.0665347625 0.25373968750000003 0.08097615 0.5111533484375 0 0.4650365953125 0