80 0.5484751515624999 0.545287753125 0.558256628125 0.5432086359375 0.5604625875 0.5535868609375 0.6590785015625 0.5461842953125 0.6563210515625 0.5332115140625 0.6675073328125001 0.5281220171875 0.6443447578125 0.41915066718749994 0.633762128125 0.40784118124999996 0.5295269921875 0.42728526406249995 0.5484751515624999 0.545287753125
51 0.802324078125 0.6621725609375 0.79916048125 0.6953863484375 0.8158095 0.7352359515625 0.8512203171875001 0.7575387171875 0.8539777656249999 0.7705114953125001 0.8461004234375 0.7911683265625 0.862551940625 0.80123034375 0.8493572015625 0.8257292015625 0.8263809890625 0.852307178125 0.8268803171875 0.8738952718749999 0.8472444234375001 0.8831256406250001 0.861542140625 0.8638158953125 0.892895025 0.8381691828125 0.9342268890625001 0.8402309390625 0.9236964203125 0.8099279140625001 0.9086497093749999 0.7968555187499999 0.9020839921875 0.7467273078125001 0.9236554 0.7231597125 0.88007655625 0.6239515296875 0.879577228125 0.6023634359375001 0.8994420062499999 0.5900057109375 0.8846561 0.48196562187499997 0.8456866796875 0.43330147500000005 0.8373100093750001 0.43237021249999996 0.811878171875 0.43777591562499996 0.775260053125 0.44827111718749996 0.7286928328125 0.6235877890625 0.7490569390624999 0.6328181578125001 0.80854695 0.6337320609375 0.802324078125 0.6621725609375
676 0.26118284531249997 0.2999226171875 0.3684737109375 0.795066984375 0.47532095312499995 0.73981455625 0.3737946515625 0.281409796875 0.26118284531249997 0.2999226171875
2001 0.23258386562500002 0.8483572718750001 0.3637078046875 0.8015035671874999 0.2508498796875 0.2994071796875 0.1217865578125 0.3078579828125 0.23258386562500002 0.8483572718750001
2001 0 0.536153009375 0.0832496171875 0.91535236875 0.219992778125 0.856457146875 0.1100487859375 0.31035292187499997 0 0.3241394 0 0.536153009375
423 0.341693225 1 0.39484090312500003 0.9575927484375001 0.3612410390625 0.8860930343750001 0.3690662203125 0.884429740625 0.3911369578125 0.882450240625 0.395101709375 0.8626250546875 0.3963090109375 0.829827090625 0.3849252265625 0.8051290015625 0.362053334375 0.7937198984375 0.31876517656250003 0.792073965625 0.2294835703125 0.75681578125 0.14717382968749998 0.7254992390624999 0.079057484375 0.7128600265625 0.08181493437500001 0.7258328078125 0.128702715625 0.840608325 0.18442547812500001 0.8911349968750001 0.19240842656249998 1 0.341693225 1
1567 0.49714202656250006 0.7270410078125 0.582865028125 0.7359378078125001 0.629316784375 0.7043699546875 0.5451884953125 0.3181969375 0.41521969687500004 0.35124621562499997 0.49714202656250006 0.7270410078125
1567 0.6923876812499999 0.5201217578125 0.598235846875 0.529287234375 0.548724815625 0.5560818000000001 0.5853728140625 0.7381165421875 0.702948028125 0.7429547249999999 0.7418764296875 0.7048506703124999 0.6923876812499999 0.5201217578125
423 0.5175600765625 1 0.6908861500000001 0.9651726375 0.6436965421874999 0.858596609375 0.6760070640625 0.789357884375 0.67225095625 0.733208915625 0.6449149843749999 0.7200369046875 0.62204309375 0.708627803125 0.5952064499999999 0.7170438859375 0.561450103125 0.7025247890624999 0.5229278500000001 0.694442275 0.501408603125 0.69901633125 0.48350012031249995 0.7109582328124999 0.3793693078125 0.6924152390625 0.34691344375 0.712872840625 0.35513363125 0.77078471875 0.3762467296875 0.8123972296874999 0.4539359078125 0.898931478125 0.45715176562500004 1 0.5175600765625 1
1506 0.8057672171875 0.8322827609375001 0.676256728125 0.8001519328125 0.612291496875 0.9032368609375 0.7365367515625 0.9202161765625 0.811032453125 0.8474342734375 0.8057672171875 0.8322827609375001
162 0.024292359375 0.6187413421875 0.08250062500000001 0.8829702265625 0.402647346875 0.6576377734375 0.3870602875 0.53620908125 0.2909521578125 0.5457903796875 0.024292359375 0.6187413421875
1658 0.6948022859375 0.454525828125 0.7707959718749999 0.44650820781249995 0.7481327249999999 0.35912495 0.6810671984375001 0.3706683890625 0.6948022859375 0.454525828125
962 0.7193175046875 0.5794803374999999 0.7469553015625 0.5844528578125 0.7550412890625 0.4878218703125 0.7036261234375 0.4960387234375 0.7193175046875 0.5794803374999999
154 0.74262896875 0.2274176515625 0.7436797875 0.2516003015625 0.8149597296875 0.2310257234375 0.8021711390625 0.2093380140625 0.74262896875 0.2274176515625