950 0.67311690625 0.61755638125 0.6946108875 0.6832040296875 0.7406623625 0.736880753125 0.7605900578125 0.7624203234375 0.7958854750000001 0.75584768125 0.8035529374999999 0.715725296875 0.7828567578125 0.6634131562500001 0.7864947046874999 0.6383384546875 0.74430801875 0.5819482828125 0.7178254609375 0.591916665625 0.686951134375 0.5934686453125 0.67311690625 0.61755638125
369 0.38558365625 0.19724269375 0.40072030156249994 0.33419661093749997 0.412870965625 0.32374905468750004 0.393854875 0.196227115625 0.38558365625 0.19724269375
369 0.4090138890625 0.1966047328125 0.42469217343750004 0.33796996875 0.43794078125 0.3296265109375 0.41811222656249997 0.19548759843750002 0.4090138890625 0.1966047328125
1250 0.23994663906249997 0.028175625 0.12312860625 0.0425190765625 0.167230453125 0.34719318593750004 0.38766574062500003 0.31676876875 0.35051931718749996 0.034749203125 0.23994663906249997 0.028175625
831 0.16265581875 0.2962599328125 0.17161875 0.29403996875 0.171662728125 0.27388437187500003 0.1602624109375 0.2562534140625 0.157810365625 0.243121021875 0.17120904374999998 0.22916186249999998 0.16890706718749998 0.21041376875 0.1506042953125 0.198108146875 0.136422475 0.1920132671875 0.1264970125 0.1932319609375 0.116465459375 0.1799107625 0.1187493015625 0.14380776875 0.11375725156250001 0.15785417968749998 0.0999376828125 0.1752233859375 0.10458561562499999 0.1925639765625 0.0976831609375 0.1978893125 0.0830951078125 0.188485946875 0.0785092890625 0.20584084531250002 0.0717275859375 0.2189875421875 0.057487126562500004 0.23976679218750002 0.0433967375 0.2549303390625 0.06556429531249999 0.2645225140625 0.076573040625 0.272126453125 0.0953113609375 0.2743034984375 0.1008010734375 0.284824 0.082439665625 0.29939250624999997 0.0818540453125 0.3151367875 0.0786516484375 0.3300829109375 0.094231553125 0.327050484375 0.10265284062499999 0.3204192015625 0.108457353125 0.3129897671875 0.11137426718750001 0.30255651562499997 0.1170433703125 0.29402425 0.120746903125 0.36521465625 0.1465230890625 0.36316919375 0.14032353125000002 0.29900199375000003 0.1492864609375 0.2967820296875 0.16265581875 0.2962599328125
614 0.46940420312500003 0.37389986875000003 0.44761355625 0.381053246875 0.4508340859375 0.4209582078125 0.4742789765625 0.41360171562500003 0.46940420312500003 0.37389986875000003
614 0.48357484062499995 0.44828289843749997 0.47700184375 0.428939765625 0.4545341453125 0.430578996875 0.4612900046875 0.49243898125 0.48681002968750003 0.48146932812500004 0.48357484062499995 0.44828289843749997
614 0.49908492187500003 0.54041275 0.487563853125 0.51496043125 0.46315643125 0.5213156531250001 0.470227090625 0.5652256984374999 0.49988272343749995 0.55374825625 0.49908492187500003 0.54041275
614 0 0.3985822734375 0.0388178671875 0.3954244734375 0.01529273125 0.313234390625 0 0.313831596875 0 0.3985822734375
614 0 0.509792325 0.06974312187500001 0.4968561328125 0.05497220625 0.4449359171875 0.0527763203125 0.44072771718750003 0 0.4472078328125 0 0.509792325
614 0.015379926562499998 0.525920203125 0.0022813890625 0.52864795625 0.006735271875 0.571759846875 0.0371447296875 0.5937735078124999 0.07176309374999999 0.5816867203125 0.06252586875 0.520131409375 0.033441196875 0.5225831015625 0.025876348437500002 0.5156757609375 0.014432053125 0.5182003984375 0.015379926562499998 0.525920203125
1354 0.7856899515625 0.5018637125 0.77711859375 0.5141106953125 0.7729899359375 0.6377577203125 0.8433574 0.6638207984375 0.852199578125 0.6537794734375 0.8607709359375001 0.6415324890625 0.8676552578125 0.5813560671875 0.8735770453124999 0.5201783734375 0.8425819671875001 0.5139089921875 0.8130910625000001 0.5130521984375 0.7856899515625 0.5018637125
278 0.7415307484375 0.402056975 0.742478621875 0.4097767796875 0.7674276859375 0.407832875 0.7914142171874999 0.4048876984375 0.7914288765624999 0.39816916562500004 0.7888121015625 0.3973710109375 0.7830222484375 0.398081915625 0.7822097859375 0.3914649421875 0.748026971875 0.3934231515625 0.7495311453125 0.398835740625 0.7415307484375 0.402056975
1342 0.7810204109375001 0.368102415625 0.7644779749999999 0.3701335703125 0.766088240625 0.3900860515625 0.783593209375 0.3890561671875 0.7810204109375001 0.368102415625
1342 0.795564484375 0.397661378125 0.79763961875 0.3940482171875 0.8032026312499999 0.370976059375 0.78956245 0.369292496875 0.786616215625 0.3931628109375 0.7868870359375 0.39536846875 0.795564484375 0.397661378125
1342 0.8439730984375 0.3816424484375 0.8450563828125001 0.39046508125 0.8475230890625 0.396878940625 0.850410684375 0.3998827546875 0.8577193703124999 0.3978659046875 0.8635092234374999 0.39715500000000004 0.8654489468750001 0.3924390109375 0.8655990171875001 0.38682330781249996 0.8656136765625 0.38010477656249997 0.8621844390625 0.372689646875 0.8577780078125 0.370991778125 0.8503339125 0.371905796875 0.8481233671874999 0.37441612812499997 0.8441231703125001 0.376026746875 0.8439730984375 0.3816424484375
1387 0.8811496015625 0.3972279453125 0.872878384375 0.398243521875 0.86378004375 0.3993606578125 0.8513732171875 0.40088402500000003 0.8492980828125001 0.4044971859375 0.8528773921875 0.4062966125 0.8596297749999999 0.4065869796875 0.8714803015625 0.40737082812500003 0.882232884375 0.406050578125 0.8870602046875 0.40433840156249995 0.8914812937500001 0.3993177390625 0.8902479421875 0.396110809375 0.8811496015625 0.3972279453125
1604 0.9398752484375 0.3900173421875 0.9365667625 0.3904235734375 0.927468421875 0.39154070937499996 0.92181398125 0.39335444375 0.9186409031249999 0.39486350312499996 0.9190324750000001 0.4048905234375 0.9201304171875 0.40699462343750004 0.9352894296875001 0.407372240625 0.9441169500000001 0.40404944687500005 0.9433044875000001 0.397432471875 0.9427628453124999 0.39302115625 0.9398752484375 0.3900173421875
1558 0.987021190625 0.3842285484375 0.9866149609375 0.38092006093749997 0.9829002421874999 0.37801780625000003 0.980975178125 0.37601526406249997 0.980568946875 0.372706775 0.97808758125 0.3730114484375 0.977666690625 0.3764214953125 0.9762832671874999 0.37883026875 0.972418478125 0.381543715625 0.9693808125000001 0.384155603125 0.9682682109374999 0.38877003593750004 0.9705995062499999 0.394081065625 0.9710057375 0.397389553125 0.9694869031250001 0.3986954984375 0.9657575265625 0.4025117734375 0.9693368343750001 0.4043112 0.9836687265625 0.404790375 0.9908420015624999 0.40167069843750003 0.9885107062499999 0.39635966875 0.9878336531249999 0.3908455234375 0.987021190625 0.3842285484375
1250 0.7206482296875001 0.2456583640625 0.8185487421875 0.22244314062499998 0.8002536812500001 0.08027975000000001 0.7024592609375 0.11803486875 0.7196856984375 0.24465709375000003 0.7206482296875001 0.2456583640625
1250 0.9839067531250001 0.35886348125 0.9854255859375 0.3575575359375 0.9563123546875 0.1204492890625 0.8247560109375 0.1567525734375 0.8484088484375001 0.369903253125 0.8492359703125001 0.36980169531249996 0.9839067531250001 0.35886348125
1250 0.817963121875 0.2381874203125 0.7283484890625 0.253668534375 0.7427019890625 0.370568415625 0.8349187390624999 0.3626039875 0.817963121875 0.2381874203125
371 0.8944421890625 0.3687288921875 0.8941860265624999 0.3598047015625 0.8914485015625001 0.351185184375 0.89188405 0.3410566078125 0.8905152875000001 0.33674685000000004 0.8822552546875 0.269474278125 0.8790821781249999 0.27098333750000003 0.8848608453125 0.33856058437500003 0.8826503015625 0.3410709140625 0.8855378984375 0.344074728125 0.8875837125 0.35389863125 0.886877340625 0.3618215515625 0.888381515625 0.3672341390625 0.892187665625 0.3913948203125 0.8880373968749999 0.3986211421875 0.8903686921875 0.4039321703125 0.905948596875 0.40089974375 0.9047152437499999 0.39769281562500003 0.89728580625 0.391888303125 0.8944421890625 0.3687288921875
371 0.9175429609375 0.3927594015625 0.9231974015625 0.39094566875000003 0.9201743953125 0.3868390265625 0.9188349515625 0.369092203125 0.91775166875 0.3602695703125 0.9176309171874999 0.352448209375 0.9155704421875 0.3493428390625 0.9175248265624999 0.33790831718750003 0.915735171875 0.33700860312500003 0.9145018203124999 0.333801675 0.9055500750000001 0.2677334890625 0.9022415875 0.26813971875 0.909809909375 0.3366166796875 0.9075993656250001 0.339127009375 0.9088327171874999 0.3423339390625 0.9111640140624999 0.34764496875 0.9099160015625 0.351156571875 0.9100367515625001 0.3589779328125 0.9129243484374999 0.361981746875 0.9130304390624999 0.376521640625 0.9150615953125 0.39306407499999996 0.9093924937500001 0.4015963421875 0.916972 0.40178515 0.9176637124999999 0.4005807640625 0.9175429609375 0.3927594015625
1601 1 0.49177276093750005 0.9883606359374999 0.40197537031249997 0.9676972515625 0.397795784375 0.9635616421875 0.3983035734375 0.9587343203125 0.40001575 0.79583530625 0.3998670375 0.7394556140625 0.4056701375 0.72786125 0.41381047656250003 0.73088425625 0.41791712031249995 0.7422733874999999 0.5038362281250001 0.7443338625 0.5069416015625 0.7468005671875 0.5133554593749999 0.7458233765625 0.5190727203125001 0.7438836531249999 0.523788709375 0.74677125 0.5267925250000001 0.7470420703125 0.5289981828125 0.747433640625 0.5390252015625 0.7511483609375 0.54192745625 0.7587278671875 0.542116265625 0.7591487578125 0.538706221875 0.757644584375 0.5332936328125 0.7566967109375 0.52557383125 0.7571176015625001 0.522163784375 0.7546508953125 0.515749928125 0.754800965625 0.5101342234375 0.7566052796875 0.50431540625 0.76639533125 0.50199388125 0.77824585625 0.5027777328124999 0.7785899749999999 0.4713907296875 0.78579256875 0.4548339859375 0.7998536390625001 0.45310750468750005 0.8177794984375 0.448667575 0.9300886734375 0.45390848437500003 0.9395932437500001 0.45609983437499996 0.948797675 0.46952259218750003 0.9510410125 0.515144815625 0.9628768796875 0.522647196875 0.9725315203125 0.5192228453125 0.9816152 0.524824240625 0.99250319375 0.5246068187499999 1 0.530280434375 1 0.49177276093750005
423 0.7093023171875 0.392580665625 0.7012872609375 0.40252043437499996 0.6968515109375 0.41425962812500006 0.6958596609375001 0.426695421875 0.69076151875 0.42620193906250003 0.68895720625 0.432020759375 0.66387273125 0.43286183281249996 0.661797596875 0.4364749953125 0.6838297468750001 0.444964340625 0.6921009640625 0.4439487625 0.7050494328125 0.44683671093750005 0.7207061078125 0.4717812421875 0.7282890890625 0.53353966875 0.7277327890625 0.5358468843749999 0.7366957171874999 0.5336269203125 0.7383353031250001 0.5401423375000001 0.744260565625 0.5405342609375 0.7356857328124999 0.49121162656250006 0.7336399171875 0.4813877234375 0.735894440625 0.4587217953125 0.7284028921875 0.41822179375 0.7268987171875 0.41280920625000006 0.73918479375 0.40346447812499997 0.7394702734374999 0.3989516046875 0.7352139140625 0.39163803124999996 0.7273635875 0.389243565625 0.7171673046875 0.3882566015625 0.7093023171875 0.392580665625
614 0.7009578015625 0.42718890312499996 0.6910323390625 0.42840759687499996 0.6931989062499999 0.44605286250000004 0.68065666875 0.4464734 0.6569556171875 0.4449057015625 0.6432274812500001 0.48353333125000003 0.6465359671875001 0.48312710000000003 0.6495003374999999 0.5141078718750001 0.655066821875 0.55260533125 0.6564355843749999 0.556915090625 0.666075565625 0.5602092703125 0.675038496875 0.55798930625 0.6864827906250001 0.55546466875 0.6994312578125 0.5583526171875001 0.7290868921875 0.546875175 0.719187275 0.4730871875 0.7033951875 0.44703982656249996 0.7009578015625 0.42718890312499996
1354 0.5749972624999999 0.488552584375 0.5725158968749999 0.4888572578125 0.566249990625 0.581421953125 0.563333075 0.591855203125 0.564566428125 0.5950621328125 0.5925384984375001 0.5972248718750001 0.5978013703125 0.58538411875 0.591920084375 0.5648365984375 0.6247487953124999 0.551850096875 0.6298434625 0.4907739609375 0.6251662109375 0.48687043281250003 0.6181283453125 0.49109294062500003 0.5857351859375 0.4939508640625 0.5749972624999999 0.488552584375
255 0.65214295625 0.43989934531249997 0.5898526609375 0.43859198906249997 0.5738993203125 0.486448484375 0.5862914875 0.49164364843749997 0.61689499375 0.48788600937500004 0.6257225125 0.48456321718749995 0.6317685265625 0.492776503125 0.6292138640625 0.5266738359375001 0.637905971875 0.5222482140625 0.645558775 0.48884436249999996 0.6690916234375 0.4411766765625 0.65214295625 0.43989934531249997
753 0.652885596875 0.5416785984375 0.5945368609374999 0.565634753125 0.6034264921875 0.5970074484375 0.6135787953125 0.6181500093750001 0.61203411875 0.6944626375 0.6323827046875 0.7165921625 0.641975234375 0.6784723203125 0.649554740625 0.6786611312499999 0.6726848296875 0.6892545765625 0.6737792984375 0.629789059375 0.6729668375 0.6231720843749999 0.6732816359375 0.605222146875 0.678123615625 0.5967914390625 0.6938535890625 0.5881433078125 0.69826001875 0.5898411765625 0.7198859375 0.5950220359375 0.7332846156249999 0.5810628765625 0.7432100765625 0.5798441828125 0.7560084734375 0.5883478359375001 0.7644297625 0.5817165546874999 0.767255246875 0.550024878125 0.76492395 0.54471385 0.730349565625 0.5366450406250001 0.652885596875 0.5416785984375
423 0.9551284093750001 0.726220009375 0.94714343125 0.4697257078125 0.9364201671875 0.4576088953125 0.9311866156249999 0.456012584375 0.8195691515625001 0.44956728906250004 0.7877176328125 0.4568365296875 0.780094146875 0.4768033171875 0.7765804265625 0.571268996875 0.756835596875 0.588246278125 0.6876170015625 0.667270940625 0.664307521875 0.6757302609375 0.6642928609375 0.68244879375 0.6695264125 0.6840451046875 0.6737827734375 0.6913586765625 0.666865659375 0.7034025453125 0.6704009890625 0.72535756875 0.6715610437499999 0.762157159375 0.6724649375 0.7900325593749999 0.6745254125 0.7931379296875 0.75443024375 0.8695249140625 0.8326187171875 0.9114195234375 0.8459734156250001 0.9176159593750001 0.8542446343749999 0.9166003828125 0.8596282562500001 0.9125809890625 0.8662452296875 0.9117685281250001 0.864891125 0.9007402375 0.88239609375 0.8997103515625 0.8886068375 0.895589403125 0.8895840296875 0.8898721421875001 0.9054494125 0.8823268421874999 0.906305853125 0.8687882203124999 0.9265630078125 0.8696593203124999 0.92507349375 0.8575282 0.9304424546875 0.860227340625 0.9414658593749999 0.8611127468750001 0.9432848328125001 0.848575396875 0.948668453125 0.84455600625 0.9474644203125001 0.8279120109375 0.9537959140625001 0.831612421875 0.966608971875 0.83339754375 0.9645778171874999 0.8168551078125 0.9729991046875 0.8102238265624999 0.9721866421875 0.803606853125 0.96100969375 0.7467675296875 0.9551284093750001 0.726220009375
423 0.59384515 0.566839140625 0.651787653125 0.5395744984374999 0.6736334640625 0.44397737656249997 0.5873712953125 0.43889666250000003 0.5858524625 0.4402026078125 0.566187878125 0.5467264625 0.550728725 0.5575802515625 0.5453451031250001 0.5615996437499999 0.509914278125 0.5670694578125001 0.5029971625 0.579113325 0.5036742140625 0.5846274703125001 0.5006365484375 0.5872393609375 0.4825752796875 0.5905764609374999 0.4794091515625 0.71522475625 0.47883819218749996 0.7242505046875001 0.48901981406250006 0.7319560015625 0.49452418593749997 0.7357579703125 0.53018185625 0.7526494109375 0.5359570484375 0.7586570390625 0.5425740218749999 0.7578445765625 0.5468303828125001 0.76515815 0.555372421875 0.7663482296875 0.5611476140625 0.7723558578125 0.572998140625 0.7731397062500001 0.5778108015625001 0.7781460640625 0.59600748125 0.7759117921875001 0.597390903125 0.7735030171874999 0.6057975328125 0.77359026875 0.6071956140625 0.7644629640625 0.616293953125 0.7633458281250001 0.6120599640625 0.6194559546875 0.6020430703125 0.599416221875 0.59384515 0.566839140625
371 0.48782696562499994 0.6470238578124999 0.4927896953125 0.6464145109375 0.49596277187500004 0.64490545 0.49763167499999994 0.637983803125 0.49709003437500004 0.6335724859375 0.493375315625 0.63067023125 0.484141565625 0.6306845375 0.48263739218749996 0.62527195 0.4747396109375 0.5814634609375 0.46894975937499994 0.582174365625 0.4736891234375 0.6207733828124999 0.4723057 0.6231821562500001 0.471884809375 0.6265922015625 0.47490781562500006 0.6306988437500001 0.47159932812500005 0.6311050765624999 0.4642906421875 0.633121925 0.460575925 0.6302196671875 0.4564403140625 0.63072745625 0.4546360015625 0.6365462765625 0.45600476562500003 0.6408560328124999 0.46054660468749997 0.6436567328125 0.4663217984375 0.649664359375 0.47486383749999994 0.6508544406250001 0.48382676562500004 0.6486344765625 0.48782696562499994 0.6470238578124999
1675 0.438814596875 0.62393598125 0.38700606249999997 0.6191027140625 0.3409140859375 0.64715120625 0.3381472390625 0.651968753125 0.34169722812500003 0.6672052453124999 0.341261678125 0.677333821875 0.3360134671875 0.6824560421875 0.3372321609375 0.692381503125 0.3832361828125 0.70464420625 0.45456270468750004 0.6701389359375 0.45295243906250005 0.6501864546875 0.4468917671875 0.6486917015625 0.44209376406249995 0.6369668140625 0.438814596875 0.62393598125
121 1 0.6582352828125 0.9539209 0.648006396875 0.9566472421875 0.7249140656249999 0.9651306421875001 0.7529782734375 1 0.7667215859375001 1 0.6582352828125
423 0.7384630015625 0.671102934375 0.7386717109375 0.638613103125 0.7079767734375 0.621112315625 0.6841109921874999 0.6318788515625 0.6268895171875 0.64450204375 0.62675410625 0.6433992140625 0.62169994375 0.6227501359375001 0.6149475609375 0.62245976875 0.6189581828125 0.8055580062500001 0.5888669984375 0.8271640250000001 0.547481590625 0.845678978125 0.54238345 0.8451854953125 0.539902084375 0.8454901687499999 0.5374500375 0.8323577765625 0.536216684375 0.8291508484375001 0.533193678125 0.82504420625 0.5307123125000001 0.8253488796875 0.5285017671875 0.8278592109374999 0.5250432109375 0.83388114375 0.5383315625 0.9968094781250001 0.55583653125 0.99577959375 0.551788878125 0.9559761906249999 0.5537139421874999 0.9579787312500001 0.598711453125 0.989395759375 0.6375861781250001 0.9846225437499999 0.7551728828125001 0.9713041671875 0.737368534375 0.730568453125 0.7379541546875 0.7148241718749999 0.7384630015625 0.671102934375
833 0.8024530406249999 0.1460575703125 0.7988590734375001 0.15097667343750001 0.79744633125 0.1668225125 0.7943646859375 0.1895899984375 0.7909501078125001 0.175456334375 0.7828143 0.1775747421875 0.7745577421875 0.1718717890625 0.7661804328125 0.158347471875 0.76437611875 0.1641662921875 0.7611883828125 0.172393884375 0.755819421875 0.1696947421875 0.746329509375 0.160784859375 0.739035484375 0.15608317656249998 0.7368249390625 0.15859350781249998 0.7373519203125001 0.16972335624999998 0.7385706140625 0.1796488171875 0.7401955375 0.192882765625 0.7418351234375 0.1993981828125 0.7476103171874999 0.20540581093750002 0.757250296875 0.208699990625 0.766860959375 0.2254312359375 0.764364934375 0.23245444218750003 0.7565146078125 0.2300599734375 0.7423474453125001 0.2172465640625 0.731203290625 0.20853979531250003 0.725278028125 0.208147871875 0.7229174125 0.21627390625 0.7256549390625 0.224893421875 0.7310092421875 0.23431109375 0.7387094984375 0.2423212640625 0.7469513984375 0.2547427515625 0.7591788359375 0.27227215312499997 0.7584724656249999 0.2801950703125 0.754322196875 0.2874213921875 0.7499011078125 0.2924420546875 0.745615428125 0.29856554687500003 0.7436757046875 0.30328153593749996 0.7527593859375 0.3088829328125 0.75851991875 0.3216090921875 0.7630471 0.33112832187499996 0.7685368125 0.341648825 0.770582628125 0.3514727296875 0.7727785125 0.3556809296875 0.7773350125 0.3517630953125 0.7823124031249999 0.3444352171875 0.7860417796875 0.34061894062500003 0.7938921078125001 0.3430134078125 0.7984192890624999 0.3525326375 0.7996379828125 0.3624581 0.8081653609374999 0.3703667125 0.814632265625 0.3751699515625 0.8162571906249999 0.3884039015625 0.8106027484375 0.390217634375 0.8039711140625 0.3977486296875 0.8036856328124999 0.402261503125 0.8040918640625 0.405569990625 0.80588151875 0.40646970312499997 0.808362884375 0.4061650296875 0.8107088390625 0.40475752812500004 0.81043801875 0.4025518703125 0.810167196875 0.4003462125 0.815129928125 0.399736865625 0.8194009484375 0.4003319046875 0.8199425890625 0.4047432203125 0.8228301859375 0.4077470359375 0.8261386734375 0.40734080468749995 0.8265595625 0.403930759375 0.8258825109375 0.3984166140625 0.8282284656250001 0.39700911250000004 0.8307098312500001 0.39670443906249997 0.8359433828125 0.39830075 0.83813926875 0.40250895 0.8401997437500001 0.405614321875 0.8435082312500001 0.40520809062499996 0.843102 0.40189960312500006 0.8421541265625001 0.39417979999999997 0.8399582406249999 0.38997160000000003 0.8362435234375001 0.38706934375 0.8296265484375 0.38788180625 0.8261973109375 0.380466675 0.82634738125 0.37485097343749996 0.830633059375 0.36872748125 0.8372646937500001 0.3611964859375 0.8376855843750001 0.357786440625 0.8371439421875 0.353375125 0.8382565453125 0.34876069374999996 0.8400461984375 0.34966040625 0.8405878390625 0.35407172343750004 0.8398814703124999 0.361994640625 0.8424835843749999 0.3695113296875 0.852138225 0.366086978125 0.86752408125 0.38882585000000003 0.8691636656249999 0.39534126718749996 0.87812659375 0.393121303125 0.8768932421875 0.3899143734375 0.8741703749999999 0.3745763234375 0.876681059375 0.36083458749999997 0.8764542171875 0.33847333281249997 0.8664226640624999 0.32515213125 0.8671436953124999 0.31051068125 0.8700606109375 0.30007743124999997 0.8693982171875 0.287844753125 0.86957760625 0.2687919859375 0.8774719125000001 0.25103085625 0.8840888874999999 0.25021839375 0.8936227765625 0.23897268125 0.9020733828124999 0.21890433593749997 0.9029151640625 0.21208424531249997 0.8985087343749999 0.21038637656249998 0.8932605234375 0.21550859843749998 0.88722916875 0.20057677968749998 0.8780100796875001 0.1938725546875 0.8711222828125 0.192479359375 0.8657093437500001 0.20993581562500002 0.8562194328125001 0.20102593125 0.8713456515625 0.1532709953125 0.8672247015625001 0.1470602515625 0.8551947859375 0.1653291703125 0.8488486343750001 0.16834728906250002 0.844606934375 0.1543151859375 0.8393733828125001 0.152718875 0.8364418078125 0.16987065625 0.824078959375 0.1512384265625 0.8142414546875001 0.11214592812499999 0.811745428125 0.11916913437500001 0.8146804781249999 0.16358696875 0.8024530406249999 0.1460575703125
507 0.3668067859375 0.8443544921875 0.3644901515625 0.832324928125 0.36408392031250003 0.8290164421874999 0.362729815625 0.8179881515625 0.3606840015625 0.8081642484374999 0.35946530781249997 0.7982387859375 0.35797579375 0.7861076671875 0.36266770312499996 0.7832926609374999 0.3620199703125 0.764341453125 0.42119582656250004 0.740283740625 0.42906428906249994 0.79752929375 0.43608749375 0.80002531875 0.44614836562500004 0.799909453125 0.44947151406249997 0.792784690625 0.441753121875 0.7299234343750001 0.49954555625 0.708274496875 0.5032456140625 0.717895284375 0.5062539609375001 0.7287204593750001 0.5056830015625 0.7377462078125 0.5082704578125 0.7519814265625 0.5090682609375 0.7653169328125 0.5084972999999999 0.77434268125 0.51851766875 0.8559520328125 0.5266241578125 0.8672706890624999 0.5445500156249999 0.8628307609375 0.5426689296875 0.8406726203125 0.5332962953125 0.7780144796874999 0.529731646875 0.7694965203125 0.5272649406250001 0.7630826609375 0.526858709375 0.759774175 0.5272795984374999 0.75636413125 0.52606090625 0.74643866875 0.5246921421875 0.742128909375 0.5223755078125001 0.7300993484375 0.525142353125 0.7252818015625 0.52405906875 0.7164591687499999 0.5258633828125 0.71064035 0.5204616265625 0.6598086546874999 0.5271079203125 0.6455591296875001 0.5267163484374999 0.6355321093749999 0.52149745625 0.627217265625 0.5157222625 0.6212096375 0.5089845390625001 0.6142007390625001 0.49507353906249996 0.61031151875 0.48116253750000004 0.6064222984375001 0.4658681140625 0.6049418515625 0.3875770234375 0.6100769671874999 0.381095459375 0.611992259375 0.364688434375 0.61512624375 0.34580004375 0.6185649015625 0.2860825453125 0.638211296875 0.27835296875000004 0.6436381921875001 0.2663523734375 0.6484700453125 0.257374784375 0.6574085421875 0.24743466406249998 0.6653457671874999 0.23844241406250002 0.681002796875 0.23772138437499998 0.6956442468749999 0.24266945624999997 0.7017534328125 0.25245950625 0.6994319109375 0.260866134375 0.6995191625 0.2807023984375 0.7038003078124999 0.29888441875 0.7082845671875 0.30768261875 0.7183988375 0.316586909375 0.7430530015625 0.3213849109375 0.754777890625 0.3319727640625 0.7657918734375 0.334274740625 0.78453996875 0.3386665125 0.79295636875 0.3427728015625 0.8058856437499999 0.34331444375000003 0.8102969609375 0.3415101296875 0.8161157796875 0.343420534375 0.8248368546875 0.3469851828125 0.8333548140625 0.3465349734375 0.8502019234375 0.343768128125 0.8550194703124999 0.35569890000000004 0.9453498953125001 0.3578947859375 0.9495580953125 0.3644971015625 0.9554641671875 0.37276831875 0.9544485890625 0.38395645156249997 0.9429997609375 0.3740421765625 0.8759303031250001 0.3707923265625 0.8494624046875 0.3668067859375 0.8443544921875
183 0.44079482499999995 0.5374947765625 0.4362969625 0.5145384828124999 0.433965665625 0.5092274515625 0.4248819859375 0.5036260546875 0.41316687031250005 0.5039450343749999 0.39993292187499996 0.505569959375 0.39068451249999997 0.5123027984374999 0.38653424531249997 0.5195291203125 0.38261081875 0.5491166953125 0.3812273953125 0.5515254703125 0.3791522609375 0.5551386296875 0.37707712656250003 0.5587517890625 0.378160409375 0.5675744218750001 0.381695740625 0.5895294453125 0.38866030625 0.6188995984375001 0.43896466562500003 0.618320278125 0.4403334296875 0.6226300359375 0.4434771875 0.634558040625 0.4536734703125 0.6355450046875 0.45947798281249996 0.6281155671875001 0.4605905828125 0.6235011359375 0.45384938437500005 0.55492261875 0.4457282359375 0.55032249375 0.4428406390625 0.5473186796875 0.44079482499999995 0.5374947765625
614 0.473144765625 0.30179544375 0.4770095546875 0.299081996875 0.465067596875 0.2770397203125 0.4624508203125 0.276241565625 0.45971329375 0.2676220484375 0.45640480625 0.2680282796875 0.45542761406250004 0.273745540625 0.4381934671875 0.2769810828125 0.44882877499999996 0.3294090890625 0.4752966734375 0.3261592390625 0.473144765625 0.30179544375
1425 0.35444817500000003 0.6342948749999999 0.3457707234375 0.632001965625 0.3389269078125 0.6104531734374999 0.33787294375 0.5881934765625 0.342008553125 0.5876856874999999 0.34710669375 0.5881791703125 0.35399448906250003 0.589572365625 0.3610323546875 0.5853498593750001 0.3858460078125 0.5823031249999999 0.389981615625 0.5817953359375 0.3891691546875 0.5751783609375 0.39125894843750003 0.56484666875 0.3850628640625 0.5622490859375 0.37334775 0.5625680671875 0.3715580953125 0.561668353125 0.36894131875 0.5608701968750001 0.3686704984375 0.5586645390625 0.367993446875 0.55315039375 0.36814351562500003 0.547534690625 0.3670602328125 0.5387120578125 0.3695415984375 0.538407384375 0.3725646046875 0.542514028125 0.376700215625 0.5420062390625 0.380835825 0.54149845 0.3822192453125 0.5390896749999999 0.388203146875 0.512607471875 0.3873906859375 0.505990496875 0.386021921875 0.5016807390625 0.383811378125 0.5041910703125 0.38257802343749997 0.5009841421875 0.381344671875 0.49777721093749994 0.374606946875 0.4907683140625 0.36800463125 0.48486224375000003 0.3614023171875 0.47895617343749997 0.35410829062500004 0.474254490625 0.349837271875 0.4736594515625 0.343220296875 0.4744719125 0.34129523125 0.4724693703125 0.344062078125 0.4676518234375 0.342557903125 0.462239234375 0.3374744234375 0.455027221875 0.33335347187500003 0.44881647812500003 0.329774165625 0.4470170515625 0.324405203125 0.44431790937500004 0.321938496875 0.4379040515625 0.31671960625 0.4295892078125 0.3131256375 0.43450831250000005 0.3078920859375 0.4329120015625 0.3051399 0.4310110171875 0.29892915625 0.435131965625 0.2945080671875 0.44015262968749996 0.2918766328125 0.4460730046875 0.28772636406249996 0.45329932656249994 0.2862075296875 0.45460527187500005 0.28124479999999996 0.45521461875 0.2788988453125 0.4566221203125 0.2735298828125 0.45392298125 0.27146940937499997 0.4508176078125 0.2692735234375 0.44660940781249997 0.265152575 0.4403986640625 0.263227509375 0.438396121875 0.25949813125 0.442212396875 0.25742299687500003 0.44582555937499996 0.2581000484375 0.45133970312500005 0.2589125109375 0.45795667812499996 0.254341353125 0.46859304375 0.2544621046875 0.47641440625 0.2555453875 0.48523703906250004 0.2530493609375 0.49226024375 0.24972621562500003 0.49938500625 0.2458614265625 0.502098453125 0.24022164375 0.49719365625 0.2359506234375 0.49659861406249994 0.22519804062499998 0.497918865625 0.22050613125 0.500733871875 0.21966435 0.5075539609375 0.2222664671875 0.5150706484375001 0.221830915625 0.5251992265625 0.22264337812499999 0.5318162 0.22303495 0.5418432203125 0.221366046875 0.5487648671875001 0.2179074890625 0.5547868015625 0.2140280421875 0.5642187812499999 0.211667428125 0.572344815625 0.2108256453125 0.5791649046875 0.220871859375 0.5857675734375001 0.23133896250000002 0.588960196875 0.2390538796875 0.590251834375 0.239460109375 0.5935603203125 0.23973093125 0.595765978125 0.2398516828125 0.6035873406250001 0.240528734375 0.6091014859375 0.24299543906249998 0.61551534375 0.24559755625 0.62303203125 0.250545628125 0.6291412171874999 0.257718903125 0.626021540625 0.2629671140625 0.62089931875 0.268229984375 0.609058565625 0.2672967703125 0.59462023125 0.27489093593749997 0.5880905078125 0.28177873125 0.589483703125 0.287165828125 0.6470339296875001 0.281375975 0.647744834375 0.2722629765625 0.6555805015625 0.2704586625 0.6613993203125 0.2784297421875 0.6716151484374999 0.288761434375 0.6737049421875 0.29785977343750003 0.6725878078124999 0.30874776718749997 0.672370384375 0.3372907984375 0.665507375 0.33607210468750004 0.6555819125 0.3392598421875 0.647354321875 0.35444817500000003 0.6342948749999999
834 0.5035576984375 0.3853787234375 0.5010909921875 0.37896486406249996 0.5006847609375 0.3756563765625 0.4997368890625 0.3679365734375 0.49990161874999994 0.3556023390625 0.5023976421875 0.34857913281249997 0.501164290625 0.345372203125 0.5006226484375 0.3409608859375 0.499539365625 0.33213825468749997 0.5002457375 0.3242153359375 0.49985416562499996 0.3141883171875 0.5015377265625001 0.3005481359375 0.4943791125 0.2969492828125 0.49107062343749996 0.2973555140625 0.4817014640625 0.29626699218749997 0.475611471875 0.3082093015625 0.4775072171875 0.3236489078125 0.48038015312500004 0.3333712546875 0.48561370468750004 0.334967565625 0.49332862187500004 0.33625920468750004 0.4938702640625 0.3406705203125 0.4913742390625 0.3476937265625 0.49692606406250006 0.3929097171875 0.5043701609375 0.391995696875 0.507678646875 0.39158946562499997 0.504655640625 0.38748282343749996 0.5035576984375 0.3853787234375
1650 0.3367767015625 1 0.3159314671875 0.8539595609375 0.3163523578125 0.8505495171874999 0.3236903625 0.835095603125 0.3246822140625 0.822659809375 0.3230572890625 0.8094258609375 0.3214470234375 0.78947338125 0.315971971875 0.772234346875 0.31282821250000004 0.7603063437500001 0.304450903125 0.7467820265625 0.29509640312499996 0.738974971875 0.21229279218750002 0.727872325 0.168122403125 0.6963537390625001 0.1598658453125 0.6906507859375 0.15341359999999998 0.6791290140624999 0.1478177953125 0.65406861875 0.146749171875 0.638527453125 0.1442971265625 0.6253950625 0.13715316875 0.6150776765625 0.1294529125 0.60706750625 0.0634039203125 0.623013490625 0.034798775 0.5951810109375 0.011818753125000001 0.5789718609375 0.006585201562499999 0.57737555 0.058476959375000005 1 0.3367767015625 1
121 0.52546795625 1 0.7602710234375001 0.9717976500000001 0.8338667296875 0.9079079203125 0.6161585421875 0.7622429984375 0.5295927609375 0.7068240734375 0.504358215625 0.7132808515625 0.4775901796875 0.7277621078125 0.419918496875 0.7572324078125 0.3257033828125 0.7967869515625 0.33382800625 0.8629566953125 0.3296777375 0.8701830171875 0.3197522765625 0.8714017109375 0.33840834218750004 1 0.52546795625 1
255 0.31744076875 1 0.30793106875 0.857180796875 0.29285653906250003 0.75492236875 0.29482558124999997 0.7367693140625 0.304044671875 0.7434735406249999 0.3159866296875 0.7655158140625 0.32340488125 0.839608478125 0.31814201249999996 0.8514492296875 0.3193460453125 0.8680932234375 0.32278994375000003 0.8687898203125 0.327752675 0.8681804734374999 0.33327170625 0.8652639109375 0.331632121875 0.8587484953125 0.319459846875 0.7527753484375 0.316030609375 0.7453602171875 0.3054720734375 0.7209091703125 0.30094489375 0.7113899406249999 0.2535574484375 0.7015360109375 0.2419777453125 0.7029578203125 0.23784213593749998 0.703465609375 0.2338419359375 0.7050762265625 0.23148132187499998 0.7132022609375 0.2307896109375 0.7144066484375 0.22417263593749998 0.7152191109375 0.21671388125000002 0.7228516625 0.2145033359375 0.72536199375 0.20429239375 0.7310935609375 0.1702010125 0.754310196875 0.1635840375 0.755122659375 0.13998907656249998 0.7680948546875 0.1239589640625 0.7879743921875 0.1195232140625 0.7997135859375 0.11313308281250001 0.822887303125 0.1014507625 0.8713388375 0.0983251375 0.91426191875 0.09374072343749999 1 0.31744076875 1
1113 0.054489203124999996 0.41365047187500004 0.0567765203125 0.4391170984375 0.06697280312500001 0.4401040625 0.0934407 0.4368542140625 0.0882657859375 0.4083837734375 0.10122891406250001 0.40455319218749997 0.10488499375 0.43432957656250004 0.11081025781250001 0.43472150000000004 0.1313528921875 0.43107972656250004 0.126869690625 0.4014049 0.145893490625 0.39906907187499996 0.14845162812499998 0.42674135468749996 0.15685825625 0.42682860624999996 0.1585125 0.42662549062500005 0.1750549375 0.42459433593749996 0.1715342671875 0.3959207796875 0.39458632968749996 0.36629451875 0.3967382359375 0.390658315625 0.40735540937500003 0.3882352359375 0.4214164796875 0.386508753125 0.41843745156249995 0.3622465140625 0.4250544265625 0.36143405156249997 0.42637921093750003 0.38589940624999997 0.437958915625 0.3844775984375 0.4527116984375 0.381546728125 0.45042437968750004 0.35608010156250003 0.4792382328125 0.35142275 0.476530025 0.32936617031250004 0.47391325 0.32856801406249997 0.058698110937500006 0.3795500234375 0.0425619046875 0.384889665625 0.038697115625 0.3876031125 0.0438720296875 0.41607355156250003 0.054489203124999996 0.41365047187500004
802 0.48630465625 0.5867601828125 0.502019971875 0.5848305859375 0.50328264375 0.5746004499999999 0.511433109375 0.5657635125 0.5442471609374999 0.5594955421875001 0.55101420625 0.553067378125 0.5572542671875 0.5355093640625 0.5379596453125 0.535639534375 0.53191363125 0.5274262484375 0.5299885671875 0.52542370625 0.48630465625 0.5867601828125
804 0.0664165015625 0.442411278125 0.090713596875 0.6129435515625 0.129182090625 0.6048618484375 0.1448534265625 0.6230878468750001 0.1481472546875 0.6294001484375 0.1541053109375 0.677924625 0.1620763890625 0.6881404546875001 0.21009690625 0.723664125 0.21326998281249998 0.722155065625 0.21990161718749998 0.7146240703125 0.2296916671875 0.7123025484375 0.2298417390625 0.70668684375 0.23853384531250002 0.702261221875 0.23539008906249997 0.69033321875 0.2397050859375 0.6707726625 0.2739465390625 0.641940321875 0.3447021015625 0.6164608015625 0.46973290156249997 0.6022284046874999 0.46716010468749997 0.581274653125 0.47116030468750003 0.579664034375 0.44540301250000003 0.383563578125 0.4598849734375 0.37842705 0.3731664046875 0.0140572046875 0.0464532984375 0.054172529687500005 0.053296354687500005 0.328718328125 0.0664165015625 0.442411278125
1939 0.477980315625 0 0.37454982812500004 0.01164843125 0.43751641562500004 0.2714669390625 0.4654884859375 0.27362967656250003 0.45573893906249996 0.194225984375 0.573296325 0.1943446734375 0.6070868093749999 0.435356446875 0.6901758984375 0.44194622031249997 0.6920095328125 0.4226903375 0.6455344515625 0.057857034375000005 0.6042301984375 0 0.477980315625 0