1944 0.8253317078125001 0.1428809984375 0.8169494703125 0.182666415625 0.8315586296875 0.20616452343749997 0.844449065625 0.22689814687499998 0.8749477546875 0.22564526406250002 0.8863784796875 0.2070394671875 0.901003221875 0.17433548125 0.908541678125 0.0769657296875 0.9143137828125001 0.0670142671875 0.9067579796875 0.06373910625 0.8678441234375001 0.0603345859375 0.8315083546875 0.061076789062500005 0.8368429875000001 0.07853525 0.83463828125 0.1149399609375 0.8253317078125001 0.1428809984375
1942 0.726103140625 0.2910464734375 0.7188392796875 0.2956391953125 0.7187907703125 0.307398465625 0.72331455 0.311715415625 0.7310003 0.335914859375 0.739253471875 0.353628659375 0.763915084375 0.35186510000000004 0.775053865625 0.32539141875 0.7885437671875 0.30565871875 0.7767396625 0.28371308125 0.779122828125 0.2564733828125 0.7899696671875 0.22213181718750002 0.7968281015625001 0.2109683375 0.772279975 0.21143476875 0.7508773546875 0.20956228124999998 0.7297017015625 0.2050955390625 0.73390149375 0.23552528437500003 0.7336424796875 0.2721002234375 0.726103140625 0.2910464734375
1467 0.64127499375 0.6443727265625 0.63819534375 0.7355972859375 0.6438054531249999 0.738702221875 0.6506638890625001 0.72753874375 0.6624515296875 0.7272629703125 0.7362258609375 0.7467879609375 0.8215929093750001 0.7346507531250001 0.819857721875 0.7096648578125 0.819484340625 0.6691134234375 0.8233427984375 0.6250110531249999 0.79673549375 0.6266043875 0.7922117140625 0.6222874375 0.7967346109375 0.5481808859374999 0.7762398640625 0.5359313703125 0.6785012890625 0.53260858125 0.65286683125 0.534287028125 0.64291228125 0.61445365625 0.6379995390625 0.6257873609375 0.64127499375 0.6443727265625
1113 1 0.471812671875 0.85863898125 0.45687459218750004 0.8556069578125 0.45791638125 0.8538561874999999 0.489132578125 0.8692597359375 0.5035507859374999 0.8750483046875001 0.5158207328125 0.8813557828125 0.5333643078125 0.996038171875 0.5447047734375 1 0.49942087187500006 1 0.471812671875
806 0.852448515625 0.7517278953125001 0.8503408296874999 0.76461406875 0.8829636703125001 0.772696425 0.8817473921874999 0.7529841578124999 0.91247305 0.74913701875 0.9280203640625 0.5714304140625 0.9030503453125001 0.543104678125 0.8739949015624999 0.5614755687499999 0.862079078125 0.6976740625 0.858706603125 0.7026072390625 0.852448515625 0.7517278953125001
581 0.591542815625 0.32763508125 0.614244034375 0.4603268890625 0.57421445 0.72738556875 0.629780178125 0.730939884375 0.6599669328125 0.3859036984375 0.6996387187499999 0.0220914921875 0.5824917265625 0.005307171875000001 0.5800288890624999 0.1567103234375 0.591542815625 0.32763508125
581 0.40125279999999997 0 0.3798174546875 0.1705634625 0.338329925 0.5551297265625 0.334358865625 0.6789527265624999 0.31937897187500003 0.8501736890625 0.3841863 0.8153248265625 0.44614006249999993 0.790682765625 0.44396563593750005 0.6362597937500001 0.439878446875 0.526109415625 0.43606761718750003 0.4800290125 0.48255197499999997 0.352083103125 0.5269927375 0.169062003125 0.5597758078124999 0.0072409578125 0.49021775625 0 0.40125279999999997 0
1340 0.24344139375 0 0.20992801874999997 0.3308457109375 0.3405164015625 0.3396566 0.375966375 0 0.24344139375 0
1340 0.315076865625 0.3727214703125 0.2264343609375 0.3662733125 0.2120868625 0.541470775 0.3012318140625 0.5309711484374999 0.315076865625 0.3727214703125
1907 0.0418344125 0 0.030273660937500002 0.1321400015625 0.050818684375 0.2894772484375 0.096690640625 0.4934702578125 0.0801219703125 0.682851021875 0.095250040625 0.7116227546875 0.104492521875 0.7516430796875 0.18687605937500001 0.7287883921875 0.1764475796875 0.47822811718749997 0.179803590625 0.45107353124999994 0.2314039765625 0 0.0418344125 0
125 0 0.9533567328125001 0.1926023 0.9658667062499999 0.20575174999999998 0.950025390625 0.2006440859375 0.929972671875 0.2195006640625 0.8937177546875 0.2859132328125 0.8629305015625001 0.2790703796875 0.8178918890625001 0.26789866875 0.79992275 0.2286443625 0.8004096140625 0.22358520781250002 0.7685976250000001 0.21589945625 0.7443981828124999 0.193459015625 0.7319784406250001 0.10587079531250002 0.7582989484375 0.10270882343750001 0.73841645625 0.090320834375 0.7007350484375 0.0729066203125 0.675684475 0.034074203125 0.70496350625 0.028529065625 0.7123207125000001 0 0.668387675 0 0.9533567328125001
1050 0.3746171828125 0.56614679375 0.38690726875000003 0.5489232375 0.3971866890625 0.5210673140625001 0.41544380312499996 0.5252787171875 0.3997318484375 0.480771215625 0.385139153125 0.47949452031249995 0.3792371 0.46852170312499997 0.3588073265625 0.466734328125 0.3398372625 0.5042863765625001 0.360785946875 0.5113473765625 0.3576569046875 0.5359077046875 0.3660885328125 0.5627865187500001 0.359036059375 0.620987075 0.3441029109375 0.6236017656249999 0.327240534375 0.6482676406250001 0.3735967078125 0.6562444515625 0.38348716718750003 0.6440391828124999 0.370483246875 0.6246026890625 0.3746171828125 0.56614679375
1601 0.32819868125 0.782978346875 0.36224830468749997 0.785957303125 0.35838984687500003 0.8300596718750001 0.3725771171875 0.8247656125 0.3878177890625 0.7738167140625001 0.41408464062499994 0.776114765625 0.4087829375 0.8030991249999999 0.41862488437499995 0.802653128125 0.432664859375 0.675789871875 0.4359238515625 0.672153825 0.454229475 0.6646059609375 0.4304107609375 0.6455303515625 0.3928102046875 0.6383195578125 0.3742126390625 0.6379995390625 0.3464055203125 0.6421020171875 0.3208845453125 0.6424833343749999 0.3040706796875 0.655389940625 0.30470307343749997 0.6593664390625 0.32153340468749997 0.66868124375 0.3065050015625 0.851661478125 0.314287771875 0.8523423812500001 0.32819868125 0.782978346875
507 0.9529730984375 1 0.9647650875 0.8909529734375001 0.863070153125 0.8768275921875001 0.5611793671875 0.82035325625 0.45770073437500003 0.7930012515625 0.3656051984375 0.83722621875 0.2201980328125 0.9081563921875 0.20103304687499998 0.914322015625 0.20310868750000002 0.9354165249999999 0.2090757140625 0.9568514859375 0.19603975 0.971395671875 0.543671140625 1 0.9529730984375 1
457 0.46201489218749997 0.900557371875 0.7537232781250001 0.9613690890625 0.8540225937500001 0.868193690625 0.5948235640624999 0.8167614578125001 0.46201489218749997 0.900557371875
458 0.73420049375 0.8707811859374999 0.7250879609374999 0.8516851437499999 0.7163323421875 0.8509191265625 0.704317734375 0.8537891562500001 0.6905844 0.8538947015625 0.6795426390625 0.8568498437500001 0.6760237515624999 0.8186373250000001 0.6665872296875001 0.8256540781249999 0.6619664296875001 0.8448556671875 0.6535997734375 0.8284389953125 0.6412447125 0.8352004093750001 0.633753884375 0.8423873890625 0.6267655015625 0.8326265859375 0.6161291656250001 0.8421524843749999 0.6064492109375 0.829542084375 0.6062542890625 0.7981556609375 0.593510265625 0.82056773125 0.5875111937499999 0.8331134499999999 0.5776527812500001 0.8113380390625 0.5652492109375 0.8298587234375001 0.5520832984374999 0.8234786250000001 0.5413819875 0.8225423812500001 0.5420308453125 0.8487402921875 0.538626325 0.887654146875 0.7295476484375001 0.9239634546875 0.7368600187500001 0.9076114625 0.731184934375 0.8940443859375 0.73420049375 0.8707811859374999
458 0.7694014218749999 0.8830102671875 0.78644225625 0.8675094046874999 0.78848496875 0.8441610921875 0.783263821875 0.8254055015624999 0.768671125 0.8241288062500001 0.774897165625 0.8089888296875 0.761277315625 0.807797246875 0.7557321796875 0.815154453125 0.7536244937500001 0.8280406250000001 0.744982359375 0.8259774796875 0.7368911828125 0.7952072796875 0.73428105 0.8250412359375 0.7235797390625 0.8241049921875 0.7185205859375 0.7922930046875 0.71321888125 0.8192773640625 0.693356528125 0.811004346875 0.6897241562499999 0.7740889578125 0.684827878125 0.807644071875 0.6797202140625 0.7875913531250001 0.6660518546875001 0.798159040625 0.646773384375 0.80562179375 0.640044015625 0.7592860515625001 0.6301215124999999 0.805472 0.627980896875 0.7739153515625 0.6251273328125 0.784122153125 0.619031240625 0.8201864125 0.611750915625 0.802557725 0.610972990625 0.8338590343750001 0.7398106046875 0.8738861203124999 0.7694014218749999 0.8830102671875
1394 0.5345400171875 0.855927271875 0.5451113796875 0.8359392328125 0.5358853609375 0.81814031875 0.5431327578125 0.791326184375 0.514174334375 0.7861785375 0.50708893125 0.7999362718749999 0.4696668328125 0.8018904921875001 0.42314866406249996 0.8069700781250001 0.39076925625 0.8185148765625 0.3682317953125 0.8296136734375 0.3618922703125 0.846050778125 0.365281209375 0.863339015625 0.40328719375000005 0.8771205640625 0.45713419687499995 0.8779103953125 0.5057115421875 0.8717039062499999 0.5345400171875 0.855927271875
1203 0.832604390625 0.92252329375 0.819681909375 0.9357703515625 0.8222114875000001 0.951676346875 0.8943805781249999 0.9671397234375 0.9200635453125001 0.95370200625 0.9128481953125 0.9465354609375 0.832604390625 0.92252329375
1105 0.8243027093749999 0.9165687640625 0.94174164375 0.9412209671875 0.965283996875 0.8962266015625 0.8668480546874999 0.8784651718750001 0.8243027093749999 0.9165687640625
583 0.20535661093750002 0.41671153125 0.21480959687499998 0.43191618906249996 0.224084125 0.43795583281250006 0.2330017359375 0.425665453125 0.23818995625 0.3999782203125 0.23222292968749997 0.3785432609375 0.21602499375 0.3732049546875 0.2085991390625 0.39085407499999997 0.1983032546875 0.39648858593749997 0.1978008078125 0.41343637187500004 0.20535661093750002 0.41671153125
583 0.32345998593749997 0.41135955312499994 0.3333669078125 0.42137569687500004 0.34303039687500003 0.41176468593750004 0.3529373203125 0.421780828125 0.3600391859375 0.43024450312500007 0.374112971875 0.426247571875 0.37884725625 0.40574885624999996 0.37643116249999997 0.38854573124999997 0.36824296562500003 0.3812940734375 0.3549800328125 0.39843251562500004 0.345365053125 0.39628425625 0.33871712187499997 0.3826320671875 0.338084728125 0.37865556875 0.3250487625 0.3931997546875 0.32345998593749997 0.41135955312499994
691 0.524950025 0.192410315625 0.4919070578125 0.31238279687500004 0.452232625 0.44092449843750003 0.4391646140625 0.48944936562499997 0.44386773437500004 0.5813548296875 0.44746805937499995 0.6522509000000001 0.4584613125 0.661055028125 0.44737104062500005 0.6757694390625 0.45093932031249995 0.780646190625 0.5308747171875 0.774569059375 0.5186972328125 0.7120719859375 0.5479475984375 0.7250875171875 0.583872646875 0.247233546875 0.5806292375 0.19466750156249998 0.578503321875 0.028485259375 0.5586409671875 0.0202122421875 0.55607934375 0.0382869296875 0.5415360406249999 0.103674465625 0.524950025 0.192410315625
2001 0.5245445984375 0.1858395609375 0.50035426875 0.28305952031250003 0.47495030781249997 0.5958377171875 0.543098065625 0.590036359375 0.5798660124999999 0.09134321875 0.548037559375 0.0741809625 0.5245445984375 0.1858395609375
682 0.48749940937499997 0.5420392234375 0.4761657046875 0.53712648125 0.4713014734375 0.5367009171875 0.47319865625 0.5486304125 0.48292711875 0.5494815421875 0.4971793625 0.5546496234375 0.500892290625 0.5458250640625 0.48749940937499997 0.5420392234375
541 0.8913788359374999 0.777353828125 0.8245928875 0.7675896437499999 0.82640863125 0.7468355875 0.7413170609375 0.7446192671875 0.6523341031250001 0.7420624953125 0.5671775578125 0.7293840359375 0.529058090625 0.716899615625 0.51962156875 0.72391636875 0.5537370484374999 0.8157809671875 0.964181203125 0.8752172046875 0.9737138625 0.766258409375 0.8844389625 0.7558337546875 0.8913788359374999 0.777353828125
804 0.935494728125 0.5420220234375 0.92414720625 0.7501583765625 0.97473521875 0.754584253125 0.9925522125 0.5509350765625001 0.935494728125 0.5420220234375
1939 1 0.0429875875 0.703124678125 0.015861187500000002 0.632406775 0.7233273390625 0.976226975 0.75994299375 1 0.49241825156249996 1 0.0429875875
1632 0.4065435375 0.6382140109375001 0.3925347265625 0.652673084375 0.3939129984375 0.659328953125 0.4193204890625 0.6602447640625 0.4243467140625 0.6476139296875 0.4065435375 0.6382140109375001