423 0.9141666671875001 0.867777778125 0.9091666671875 0.6066666671875 0.8683333328125 0.6033333328125 0.7758333328125 0.64 0.7325 0.6288888890625 0.735 0.5522222218749999 0.7183333328125 0.527777778125 0.6591666671875 0.542222221875 0.5558333328125 0.50555555625 0.5475 0.577777778125 0.485 0.6111111109375 0.5175 0.85 0.705 0.9988888890625001 0.9141666671875001 0.867777778125
423 0.7883333328125001 0.22777777812500002 0.7208333328125 0.21888888906249998 0.7125 0.25888888906249996 0.6691666671875 0.26555555625 0.6741666671875 0.38333333281250004 0.6791666671875001 0.3333333328125 0.7125 0.33555555625 0.72 0.36666666718749996 0.7241666671875 0.33555555625 0.7616666671875 0.342222221875 0.7608333328125 0.37333333281250003 0.7708333328125 0.36666666718749996 0.7725 0.332222221875 0.7825 0.36444444374999996 0.7883333328125001 0.36444444374999996 0.7833333328125 0.32555555625 0.7883333328125001 0.22777777812500002
1506 1 0.4611111109375 0.7441666671875 0.5688888890625 1 0.692222221875 1 0.4611111109375
423 0.11499999999999999 0.407777778125 0.1116666671875 0.27777777812500004 0.02 0.287777778125 0.013333332812500001 0.5611111109375 0.0516666671875 0.5911111109375 0.0566666671875 0.4588888890625 0.1316666671875 0.44666666718750003 0.13333333281249998 0.5700000000000001 0.14416666718749999 0.5688888890625 0.14250000000000002 0.48444444375 0.14250000000000002 0.4188888890625 0.11499999999999999 0.407777778125
1340 0.1491666671875 0.0666666671875 0.14750000000000002 0.1688888890625 0.2133333328125 0.16444444375 0.2133333328125 0.06555555625000001 0.1491666671875 0.0666666671875
1340 0.06833333281250001 0.0633333328125 0.0666666671875 0.172222221875 0.135 0.16999999999999998 0.1358333328125 0.06444444375 0.06833333281250001 0.0633333328125
1050 0.30416666718749996 0.19 0.31416666718749997 0.19 0.31083333281250003 0.18111111093750001 0.3083333328125 0.11333333281249999 0.31416666718749997 0.1066666671875 0.31 0.082222221875 0.2991666671875 0.08333333281250001 0.2916666671875 0.11000000000000001 0.3025 0.11333333281249999 0.30333333281249997 0.18222222187499998 0.29500000000000004 0.18555555625 0.30416666718749996 0.19
423 0.49833333281250003 0.5211111109375001 0.5041666671875 0.43555555625000003 0.5075000000000001 0.4011111109375 0.5166666671875 0.39888888906250003 0.5341666671875 0.47888888906249993 0.5408333328125 0.47555555624999996 0.525 0.39888888906250003 0.5416666671875 0.4011111109375 0.5566666671875 0.39888888906250003 0.5708333328124999 0.49555555625 0.5816666671874999 0.49555555625 0.5758333328125 0.4688888890625 0.5675 0.40444444375 0.5683333328125 0.36222222187500003 0.5758333328125 0.3111111109375 0.5758333328125 0.2633333328125 0.5291666671875 0.25555555625 0.5208333328125 0.3466666671875 0.5091666671875 0.367777778125 0.475 0.37 0.4716666671875 0.3966666671875 0.4925 0.40555555625000006 0.4875 0.51555555625 0.49833333281250003 0.5211111109375001
539 1 0.2662108265625 0.9683333328125 0.2488888890625 0.8383333328125 0.28555555625 0.8358333328124999 0.357777778125 0.7483333328125 0.3811111109375 0.7424999999999999 0.4533333328125 0.8591666671875 0.4966666671875 0.9991666671875 0.44000000000000006 1 0.3533333328125 1 0.2662108265625
1923 0.265 0.1411111109375 0.2533333328125 0.13999999999999999 0.2491666671875 0.1533333328125 0.24333333281249997 0.162222221875 0.23333333281250002 0.172222221875 0.22999999999999998 0.1988888890625 0.2741666671875 0.1911111109375 0.26916666718750004 0.1611111109375 0.265 0.1411111109375
1879 0.9199999999999999 0.2 0.9316666671875 0.20555555625 0.9525 0.1988888890625 0.9341666671875 0.1488888890625 0.9199999999999999 0.2
1340 0.5808333328125 0.1433333328125 0.6233333328125 0.137777778125 0.6183333328125 0.0466666671875 0.5741666671875 0.0488888890625 0.5808333328125 0.1433333328125
1675 0.9491666671875001 0.2033333328125 0.9966666671875 0.2033333328125 0.9941666671875 0.1833333328125 0.9508333328124999 0.18555555625 0.9491666671875001 0.2033333328125
1675 0.6058333328125001 0.382222221875 0.61 0.397777778125 0.6216666671875 0.40444444375 0.6458333328125 0.40555555625000006 0.6558333328125 0.4 0.655 0.38 0.6216666671875 0.37333333281250003 0.6058333328125001 0.382222221875
1356 0.9758333328125 0.2488888890625 0.8741666671875 0.262222221875 0.8758333328125 0.35555555625 0.8941666671874999 0.3611111109375 0.9266666671875001 0.35111111093749997 0.9383333328125 0.36666666718749996 0.9991666671875 0.347777778125 0.9991666671875 0.2888888890625 0.9891666671875001 0.27777777812500004 0.9800000000000001 0.27999999999999997 0.9758333328125 0.2488888890625
113 0.045 0.35 0.0325 0.35444444375 0.029166667187500002 0.37555555625000003 0.0408333328125 0.377777778125 0.0516666671875 0.372222221875 0.054166667187499996 0.3588888890625 0.045 0.35
1340 0.9925 0.004444443750000001 0.8858333328124999 0.004444443750000001 0.8858333328124999 0.167777778125 0.9908333328125 0.1611111109375 0.9925 0.004444443750000001
1917 0.6241666671874999 0.0933333328125 0.6283333328125 0.1411111109375 0.6566666671875 0.142222221875 0.6591666671875 0.097777778125 0.6241666671874999 0.0933333328125
1754 0.9258333328124999 0.25555555625 0.9316666671875 0.24555555624999997 0.9941666671875 0.23333333281250002 0.9933333328125 0.197777778125 0.8975 0.20555555625 0.8916666671875 0.25444444375 0.9258333328124999 0.25555555625
1354 0.7108333328125 0.27555555625 0.705 0.287777778125 0.7033333328125 0.3 0.7725 0.30444444375 0.7725 0.27999999999999997 0.7108333328125 0.27555555625
1095 0.6033333328125 0.3288888890625 0.6191666671875 0.36 0.6558333328125 0.35111111093749997 0.6541666671875 0.3233333328125 0.6033333328125 0.3288888890625
1360 0.0725 0.2788888890625 0.0666666671875 0.2833333328125 0.065 0.29333333281249996 0.0716666671875 0.30333333281249997 0.0816666671875 0.3188888890625 0.0975 0.3311111109375 0.125 0.31222222187500004 0.11499999999999999 0.29333333281249996 0.10166666718749999 0.29111111093750003 0.0816666671875 0.27555555625 0.0725 0.2788888890625
113 0.13 0.31 0.1241666671875 0.32444444375 0.13916666718749998 0.332222221875 0.1525 0.32444444375 0.145 0.3088888890625 0.13 0.31
113 0.1025 0.3211111109375 0.10500000000000001 0.337777778125 0.1158333328125 0.3366666671875 0.125 0.33444444375 0.1183333328125 0.3188888890625 0.1025 0.3211111109375
306 0.1558333328125 0.307777778125 0.1508333328125 0.30222222187500003 0.14250000000000002 0.2988888890625 0.1325 0.29333333281249996 0.1208333328125 0.2811111109375 0.0991666671875 0.2811111109375 0.095 0.2811111109375 0.0866666671875 0.272222221875 0.065 0.272222221875 0.0616666671875 0.30222222187500003 0.0716666671875 0.3111111109375 0.0775 0.3211111109375 0.0816666671875 0.3266666671875 0.075 0.332222221875 0.0783333328125 0.367777778125 0.0941666671875 0.372222221875 0.13 0.367777778125 0.1575 0.357777778125 0.1591666671875 0.3266666671875 0.1558333328125 0.307777778125
301 0.1641666671875 0.18222222187499998 0.16 0.207777778125 0.2058333328125 0.20444444375 0.2033333328125 0.18555555625 0.1641666671875 0.18222222187499998
1601 0.0016666671875 0.21111111093749999 0.0025 0.2266666671875 0.0066666671875 0.35111111093749997 0.3625 0.30333333281249997 0.3608333328125 0.1933333328125 0.3308333328125 0.1833333328125 0.0016666671875 0.21111111093749999
507 0.9083333328125001 0.50555555625 0.9991666671875 0.5366666671875 0.9875 0.47000000000000003 0.9008333328125 0.4933333328125 0.8966666671875 0.5599999999999999 0.9083333328125001 0.50555555625
1754 0.0008333328124999999 0.41 0.054166667187499996 0.4066666671875 0.0508333328125 0.687777778125 0.0733333328125 0.687777778125 0.0816666671875 0.41555555625 0.31416666718749997 0.38 0.31 0.5177777781249999 0.3275 0.52444444375 0.3291666671875 0.37555555625000003 0.40083333281250005 0.36222222187500003 0.3983333328125 0.5822222218750001 0.4225 0.58444444375 0.42416666718749996 0.35 0.5266666671875 0.3266666671875 0.4308333328125 0.297777778125 0.0008333328124999999 0.3533333328125 0.0008333328124999999 0.41
1682 0.9716666671875 0.21000000000000002 0.9099999999999999 0.22444444375 0.9349999999999999 0.23777777812499998 0.99 0.2311111109375 0.9891666671875001 0.21777777812500002 0.9716666671875 0.21000000000000002
376 0.5383333328125001 0.058888889062500005 0.5349999999999999 0.13555555625 0.5291666671875 0.1366666671875 0.5308333328125 0.1488888890625 0.5725 0.15 0.5725 0.13333333281249998 0.5641666671875 0.13333333281249998 0.5641666671875 0.06444444375 0.5383333328125001 0.058888889062500005
819 0.9991666671875 0.9988888890625001 0.9983333328124999 0.6977777781250001 0.74 0.5811111109375 0.7408333328125 0.567777778125 0.8733333328124999 0.507777778125 0.7375 0.457777778125 0.74 0.412222221875 0.745 0.38 0.8108333328124999 0.36 0.725 0.3433333328125 0.7216666671875 0.347777778125 0.6633333328125001 0.36222222187500003 0.665 0.3911111109375 0.6591666671875 0.4 0.65 0.407777778125 0.6333333328124999 0.41111111093749997 0.6066666671875 0.4 0.5741666671875 0.41 0.5508333328125 0.40555555625000006 0.5075000000000001 0.41 0.4725 0.407777778125 0.42833333281249997 0.3911111109375 0.3825 0.37 0.1408333328125 0.41 0.14416666718749999 0.44333333281250004 0.1308333328125 0.4511111109375 0.08 0.4611111109375 0.0358333328125 0.4588888890625 0.0158333328125 0.4533333328125 0.0116666671875 0.6044444437500001 0.0008333328124999999 0.6066666671875 0 0.9988888890625001 0.9991666671875 0.9988888890625001
1939 0.0008333328124999999 0 0.0008333328124999999 0.004444443750000001 0.0016666671875 0.20555555625 0.3308333328125 0.1766666671875 0.3641666671875 0.19 0.3641666671875 0.3 0.3891666671875 0.3688888890625 0.425 0.38 0.4875 0.3688888890625 0.49000000000000005 0.1488888890625 0.7191666671875 0.137777778125 0.7258333328125001 0.33888888906250003 0.8150000000000001 0.3588888890625 0.8316666671874999 0.3566666671875 0.835 0.2833333328125 0.9991666671875 0.27 0.9983333328124999 0.0011111109375000002 0.8150000000000001 0.0022222218750000003 0.7233333328125 0.0011111109375000002 0.4458333328125 0 0.0008333328124999999 0
1113 0.6758333328125 0.21444444375 0.6733333328125 0.3566666671875 0.7141666671875 0.352222221875 0.7183333328125 0.13999999999999999 0.5183333328125 0.1488888890625 0.4916666671875 0.1488888890625 0.49083333281249997 0.3711111109375 0.5058333328125 0.367777778125 0.5191666671874999 0.35444444375 0.5616666671874999 0.37 0.5608333328125 0.2211111109375 0.6799999999999999 0.20888888906249997 0.6758333328125 0.21444444375
804 0.6725 0.21111111093749999 0.5641666671875 0.2233333328125 0.5641666671875 0.26 0.5775 0.2666666671875 0.5700000000000001 0.3788888890625 0.6466666671875 0.3633333328125 0.6725 0.357777778125 0.6725 0.21111111093749999
1209 0.5775 0.31444444374999997 0.5691666671875 0.357777778125 0.5675 0.4066666671875 0.5733333328125 0.412222221875 0.5841666671875 0.4033333328125 0.5866666671874999 0.3188888890625 0.5775 0.31444444374999997
1209 0.5875 0.4 0.6025 0.397777778125 0.6041666671875 0.31444444374999997 0.5883333328125 0.31555555625 0.5875 0.4
1416 0.975 0.5 0.9791666671874999 0.492222221875 0.9824999999999999 0.48444444375 0.985 0.467777778125 0.9824999999999999 0.45444444375000004 0.975 0.4411111109375 0.9766666671875001 0.43666666718749997 0.9724999999999999 0.43222222187500003 0.9616666671875 0.43 0.95 0.43 0.945 0.43555555625000003 0.9466666671875 0.44000000000000006 0.9433333328125 0.44444444375 0.9383333328125 0.45222222187499994 0.9375 0.46444444375 0.9383333328125 0.48 0.9441666671875 0.4911111109375 0.9541666671875 0.5033333328125 0.97 0.502222221875 0.975 0.5
423 0.45 0.6266666671875 0.44166666718750003 0.57555555625 0.4375 0.5488888890625 0.4341666671875 0.5011111109375 0.445 0.4888888890625 0.44666666718750003 0.497777778125 0.4575 0.5555555562500001 0.46333333281250005 0.5822222218750001 0.47000000000000003 0.612222221875 0.4766666671875 0.6133333328125 0.48 0.607777778125 0.47750000000000004 0.5944444437499999 0.4658333328125 0.5288888890625 0.4608333328125 0.47444444375000006 0.4608333328125 0.44444444375 0.46166666718749994 0.43 0.4658333328125 0.40222222187499995 0.47083333281249995 0.367777778125 0.4733333328125 0.3266666671875 0.4716666671875 0.31444444374999997 0.46666666718750005 0.31222222187500004 0.44000000000000006 0.33444444375 0.43583333281250003 0.34555555625 0.4266666671875 0.38555555625000004 0.4216666671875 0.4533333328125 0.40750000000000003 0.4511111109375 0.39416666718750004 0.44888888906249996 0.3708333328125 0.44555555625 0.3591666671875 0.44666666718750003 0.34249999999999997 0.4611111109375 0.3258333328125 0.47444444375000006 0.31916666718750003 0.482222221875 0.31916666718750003 0.49444444374999996 0.32166666718750003 0.53 0.3225 0.5633333328125001 0.31916666718750003 0.60555555625 0.3158333328125 0.6466666671875 0.3233333328125 0.6455555562499999 0.3266666671875 0.637777778125 0.335 0.5766666671875 0.3375 0.49888888906249995 0.33999999999999997 0.49444444374999996 0.3491666671875 0.49444444374999996 0.35583333281249996 0.49888888906249995 0.35583333281249996 0.5188888890625 0.3566666671875 0.5411111109375 0.355 0.56555555625 0.3508333328125 0.6033333328125 0.355 0.60555555625 0.3583333328125 0.6044444437500001 0.36 0.59555555625 0.3675 0.5488888890625 0.3691666671875 0.5266666671875 0.3708333328125 0.5033333328125 0.385 0.51 0.40416666718750005 0.5111111109375 0.4166666671875 0.51 0.42750000000000005 0.5888888890625 0.44666666718750003 0.6533333328125 0.45083333281250004 0.6533333328125 0.45583333281250005 0.647777778125 0.45 0.6266666671875
423 0.2725 0.6411111109375 0.26916666718750004 0.5944444437499999 0.2666666671875 0.49444444374999996 0.265 0.48555555625 0.2666666671875 0.477777778125 0.2716666671875 0.43444444375 0.2733333328125 0.407777778125 0.2741666671875 0.352222221875 0.2733333328125 0.347777778125 0.1625 0.36444444374999996 0.1558333328125 0.38555555625000004 0.1558333328125 0.4011111109375 0.1525 0.42222222187499997 0.1516666671875 0.4888888890625 0.11333333281249999 0.4966666671875 0.1125 0.5633333328125001 0.11000000000000001 0.6688888890625 0.11000000000000001 0.6766666671875 0.1208333328125 0.6733333328125 0.1241666671875 0.6311111109375 0.1275 0.5288888890625 0.1483333328125 0.5566666671875 0.1491666671875 0.597777778125 0.1516666671875 0.6211111109375 0.1583333328125 0.73 0.1608333328125 0.7322222218750001 0.16999999999999998 0.73 0.1675 0.6688888890625 0.1633333328125 0.5533333328125 0.1666666671875 0.5522222218749999 0.185 0.5477777781250001 0.2125 0.5411111109375 0.2108333328125 0.5511111109375 0.2125 0.5900000000000001 0.21000000000000002 0.6244444437500001 0.20833333281250002 0.6455555562499999 0.21833333281249998 0.6455555562499999 0.22000000000000003 0.6333333328124999 0.2216666671875 0.597777778125 0.225 0.5366666671875 0.25166666718749997 0.532222221875 0.2533333328125 0.5766666671875 0.25666666718750003 0.6044444437500001 0.265 0.6944444437499999 0.26749999999999996 0.69555555625 0.2766666671875 0.6911111109375 0.2725 0.6411111109375
1917 0.6733333328125 0.0666666671875 0.6766666671875 0.058888889062500005 0.6833333328125 0.035555556249999995 0.6875 0.02444444375 0.6975 0.0033333328125 0.6916666671875 0.0022222218750000003 0.6833333328125 0.014444443749999999 0.6791666671875001 0.022222221875 0.675 0.04444444375 0.6683333328125001 0.0633333328125 0.6683333328125001 0.0411111109375 0.6666666671875 0.0311111109375 0.6658333328125 0.0233333328125 0.6758333328125 0.00555555625 0.6433333328125 0.0033333328125 0.6258333328125001 0.0033333328125 0.6333333328124999 0.0333333328125 0.6241666671874999 0.04444444375 0.6241666671874999 0.05444444375 0.635 0.05444444375 0.6408333328125 0.06444444375 0.6491666671874999 0.06999999999999999 0.6558333328125 0.06555555625000001 0.6575 0.0711111109375 0.6633333328125001 0.137777778125 0.6775 0.1366666671875 0.6841666671875 0.06999999999999999 0.6733333328125 0.0666666671875