1944 0.6757204796875 0 0.6827588328124999 0.023708890625 0.6835699125 0.053147912500000005 0.6893005999999999 0.0934008703125 0.7110655453125 0.11048524062500001 0.730269909375 0.125559684375 0.7585007921875 0.1139511953125 0.762878603125 0.0925579265625 0.7654359421875 0.0568242765625 0.7495992453125 0 0.6757204796875 0
1942 0.6410011375 0.226316084375 0.6357461453125001 0.23311621875 0.6397224671874999 0.24418290781250002 0.6454499140625 0.24669229062500003 0.6609488546875 0.2668036484375 0.674762775 0.280626425 0.6973339375000001 0.270534453125 0.6987464359375 0.2418476421875 0.704673815625 0.2186911515625 0.6860757359375 0.2021062390625 0.6789986531250001 0.17569420468750002 0.677445840625 0.1397138515625 0.6800725265625001 0.126877890625 0.6571643609375 0.1357121453125 0.6364120484375 0.1412727109375 0.614985728125 0.1443178453125 0.629339828125 0.1714760390625 0.6416058 0.205933828125 0.6410011375 0.226316084375
1467 0.68213345 0.5873470921874999 0.7104401625000001 0.6741234406250001 0.7167738921875 0.6751223546875 0.7194005781249999 0.66228639375 0.7303830171875 0.657995640625 0.8063861515624999 0.6511108218749999 0.8824537687499999 0.610508328125 0.8722775453124999 0.5876227359375 0.858057275 0.5496445546875 0.846599140625 0.5068822140625 0.8221414046875 0.5174796921875 0.8164139578125 0.514970309375 0.7953181578125 0.44378600781250005 0.7718698140625 0.43928484531249995 0.6788891359375 0.46959100625000005 0.6553746874999999 0.47993573125 0.6734390718750001 0.558672378125 0.672698959375 0.5710028328125001 0.68213345 0.5873470921874999
1113 0.8482050890625 0.3770423796875 0.8578411328125 0.3865925515625 0.8697684796875 0.40092083437500003 0.9814133437500001 0.3723536984375 0.962541121875 0.3019216078125 0.822260646875 0.336813615625 0.8197677890625 0.338829590625 0.828799171875 0.36876201875 0.8482050890625 0.3770423796875
806 0.9172892812500001 0.6160023546875 0.9197160343749999 0.6288322671875 0.95313580625 0.6252695296875 0.9452508859375 0.60716205 0.9728077609374999 0.5930381265625 0.9266382171875 0.420731046875 0.893486103125 0.4026538109375 0.8724661328125001 0.42985434843750003 0.9078515484375 0.5619145203125 0.9063697046874999 0.56770364375 0.9172892812500001 0.6160023546875
581 0.44134586249999996 0 0.4083219546875 0.006926967187499999 0.45779057187500005 0.1500417328125 0.527069834375 0.30672047187499996 0.5937852734375 0.42364570781250005 0.647509215625 0.6882897046875 0.7009395671875 0.67262506875 0.6112965124999999 0.338072634375 0.52840311875 0 0.44134586249999996 0
581 0.40555368437499995 0.7248131609375 0.4500382078125 0.8908316624999999 0.4990181625 0.8359190312500001 0.548807575 0.7915736328125 0.493948515625 0.647207203125 0.452434165625 0.5450976078124999 0.43309273125000003 0.5030995734375 0.4330136609375 0.36697115937499997 0.412177415625 0.179787946875 0.3876373671875 0.016513434375 0.234150875 0.0549439828125 0.27439141718750004 0.23153576875 0.3669353 0.6070994203125 0.40555368437499995 0.7248131609375
1340 0.2952937671875 0.40387309374999997 0.210299421875 0.06403099375 0.0819446734375 0.094379496875 0.169567325 0.44025742343749996 0.2952937671875 0.40387309374999997
1340 0.28269727499999997 0.4436447421875 0.19719516718750002 0.467902978125 0.24363398906249997 0.637441875 0.323811759375 0.5970860828125 0.28269727499999997 0.4436447421875
1907 0 0.44443045937500003 0.005904610937500001 0.4558023828125 0.1187798671875 0.631803975 0.167982446875 0.8154305000000001 0.1920386953125 0.8372929796875 0.21441154375 0.87173866875 0.28400998125 0.822085459375 0.18851375625 0.5902025671875 0.182379959375 0.5635377796875 0.07129923906249999 0.099927965625 0.0747353828125 0.0976592359375 0 0.11714609218750001 0 0.44443045937500003
125 0.366600671875 1 0.371076246875 0.965910090625 0.4229537875 0.9142651015625001 0.4011194953125 0.87428304375 0.38447571406250003 0.861218525 0.3477552484375 0.8751017921875001 0.3321208578125 0.8469386343749999 0.3166219171875 0.8268272765625 0.2912869984375 0.8228316203125001 0.2179831375 0.87752174375 0.20821164374999998 0.8599197703125 0.1836829421875 0.8287477703125001 0.15875113125 0.8111639437499999 0.13227461406250002 0.851958703125 0.12958020312500002 0.8607687625 0.066239665625 0.813036046875 0.117617765625 1 0.366600671875 1
1050 0.404802228125 0.605041103125 0.410460328125 0.584652796875 0.4105925359375 0.5549610234375 0.4291889953125 0.552674146875 0.3992021265625 0.51622458125 0.385052821875 0.5200158765625 0.3757537828125 0.5117234203125001 0.35594475625 0.5170312328125 0.350962284375 0.5588067578125 0.3730626125 0.55827705625 0.3785224015625 0.5824264109375 0.3956386375 0.604800446875 0.40891724218750003 0.66190316875 0.39577895 0.6694676109375 0.388369725 0.698413225 0.434658509375 0.6900542296875 0.43977805156249994 0.67520229375 0.4209106921875 0.6613855656250001 0.404802228125 0.605041103125
1601 0.4353438625 0.8246721750000001 0.46835890625000004 0.815825821875 0.47981704062499997 0.8585881625 0.4913380375 0.8487610421875 0.48823403593750003 0.795672121875 0.5137027828125 0.788847790625 0.51795000625 0.816018084375 0.5270458703124999 0.8122328390625 0.49684934375 0.6882184203125 0.4986681921875 0.6836870125 0.5132883296874999 0.6703334484375 0.4843818171875 0.6605547203125 0.446582615625 0.6666389374999999 0.4289971671875 0.672698959375 0.404270153125 0.6860646234375001 0.3804187 0.69515163125 0.369033153125 0.7130305546875 0.3709874515625 0.71655095 0.389988640625 0.719547690625 0.4384494859375 0.8966328828125001 0.44599578125 0.894610859375 0.4353438625 0.8246721750000001
507 1 0.723509815625 0.9700569703124999 0.7299248015625001 0.6670570671875 0.780109015625 0.560464021875 0.7897983140625 0.48904835625 0.8628547187500001 0.3766698640625 0.979239459375 0.3607694359375 0.9915880609375 0.3648033109375 1 0.5471817796875 1 1 0.876156084375 1 0.723509815625
457 0.6013043640625 0.889392478125 0.8962194140624999 0.84676665625 0.9586020765625 0.7249060359375 0.697443803125 0.7652268359375001 0.6013043640625 0.889392478125
458 0.846891109375 0.7683190578125 0.8317968984374999 0.7534913171875 0.823307315625 0.7557660953124999 0.812998884375 0.7625722781250001 0.8001298718750001 0.7673685359375 0.7907647265625 0.773921965625 0.774388603125 0.739217475 0.7679210453125 0.749038546875 0.77014624375 0.76866254375 0.7566693265625 0.7560974828125 0.7473719062499999 0.7666768140625 0.742790921875 0.77599238125 0.7328855984375 0.76921039375 0.7261487609375 0.7817996515625001 0.71273956875 0.773260490625 0.7018216125000001 0.7438335671875 0.697511528125 0.7692527359375 0.6961651328125 0.783093659375 0.6794536265625 0.7660032421875 0.6741325296875 0.7876492625 0.659578496875 0.786156940625 0.649202340625 0.7889372234375001 0.6587722796875 0.8133332828125001 0.6688824 0.8510647609375 0.8607082734375 0.8198854109375 0.8619869437500001 0.8020185859375 0.85201389375 0.791210696875 0.846891109375 0.7683190578125
458 0.8841517546875 0.767771209375 0.89486329375 0.7473768546875 0.8887972234375001 0.7247379671874999 0.877476159375 0.708899215625 0.8633268546874999 0.7126905109375 0.8639992421875 0.6963341546875 0.850793225 0.699872696875 0.8480988140625 0.7086827578125 0.8505255671875 0.72151266875 0.8416989796875001 0.7225297296875001 0.8235717328125001 0.696382546875 0.8313228234375 0.7253100124999999 0.8209466671874999 0.7280902953124999 0.8053122765625 0.6999271375 0.8095595 0.72709743125 0.788065453125 0.7261166625000001 0.772026334375 0.6926698890625 0.7789018624999999 0.7258760078125001 0.7672437953125 0.7087795390625 0.7580141 0.7233847718749999 0.7424506765625 0.736991090625 0.72027938125 0.695751315625 0.726751803125 0.74254560625 0.713947271875 0.7136241890624999 0.7147567312499999 0.7241914234375 0.72136298125 0.7601657265624999 0.708492346875 0.746090196875 0.718467015625 0.7757698734375 0.8532248390625 0.769317971875 0.8841517546875 0.767771209375
1394 0.6541912953125 0.8226488484375001 0.6572888140625001 0.80025061875 0.64253160625 0.7866805921875 0.6401709578125 0.75900479375 0.6111983421875 0.7640719515625001 0.6092456640624999 0.77942334375 0.5747487765625 0.794058821875 0.5327733171875 0.814742221875 0.5062951796874999 0.83666519375 0.48891290625000006 0.8548029171874999 0.4885775234375 0.8724169890625 0.497675009375 0.8875035312499999 0.5381025187499999 0.8874551390625 0.5889722875000001 0.8697805781250001 0.6324973171875 0.84733395625 0.6541912953125 0.8226488484375001
1203 1 0.7807779515625 0.9570573703124999 0.7832846203125 0.9494449703125 0.80015253125 0.957262165625 0.8142341109375 1 0.8082989359375 1 0.7807779515625
1105 1 0.7257224812499999 0.974167121875 0.7301715046874999 0.947219771875 0.7805285343749999 1 0.7729746093750001 1 0.7257224812499999
583 0.1946394484375 0.5225084156250001 0.2087226484375 0.5335630078125 0.21950353281249999 0.5360663406249999 0.22367978906250002 0.521467159375 0.2197695703125 0.49555458124999996 0.20683121249999997 0.47745315 0.189784321875 0.47797680312499996 0.18884265625000002 0.4971013453125 0.18109480625000002 0.505917453125 0.18641914531249998 0.5220150078125 0.1946394484375 0.5225084156250001
583 0.3037898328125 0.4770854671875 0.3165250171875 0.483109196875 0.32231856875 0.47077269218750006 0.3350537515625 0.47679642031249997 0.344622071875 0.4823206921875 0.3564800734375 0.4737512875 0.3539178703125 0.4528695734375 0.3457636703125 0.437530278125 0.33558906875 0.4335164765625 0.32898768125 0.454157534375 0.3192178078125 0.4554273484375 0.308301471875 0.4448722125 0.3063471734375 0.44135181875 0.29907177812499997 0.4594774453125 0.3037898328125 0.4770854671875
691 0.41824348593750005 0.20242683281249998 0.428226259375 0.326465446875 0.43490833906250004 0.46082459218749994 0.4392249078125 0.5108925734375 0.4750779140625 0.5956469 0.5027089984375 0.6610360296875 0.516050465625 0.6655492890625 0.51066164375 0.683169409375 0.549884690625 0.7805008953125 0.62292089375 0.74745074375 0.5901025421874999 0.6928876500000001 0.6220404687500001 0.695114034375 0.4923632890625 0.23379109531250003 0.471336834375 0.18550448125000002 0.412501453125 0.030071360937500003 0.39100740625 0.029090592187499997 0.394782175 0.04695136875 0.40347979531249994 0.1133696578125 0.41824348593750005 0.20242683281249998
2001 0.4156151796875 0.19639100625 0.42613489062500004 0.29602146406249996 0.50923941875 0.59862549375 0.5712931828125 0.5698660953125 0.43528065156249995 0.088672453125 0.3995018515625 0.0834311796875 0.4156151796875 0.19639100625
682 0.5026315484375 0.5437794015625 0.49030109375 0.543039290625 0.4855846578125 0.5443030546875 0.4914475546875 0.5548642390625 0.500880425 0.552336709375 0.516040740625 0.5523185625 0.5165115734375 0.5427562921875 0.5026315484375 0.5437794015625
541 1 0.5967678453125 0.9487547546874999 0.6089192234375 0.9626364000000001 0.6267679 0.8965385890625001 0.6404347078125 0.8911465265625 0.620311253125 0.810428578125 0.647331625 0.7259374828125 0.675363009375 0.641580215625 0.6925744078125 0.6014897109375 0.693880515625 0.5950221515624999 0.7037015875 0.6584997593749999 0.7783578921875 1 0.7072616921875 1 0.5967678453125
804 1 0.453039490625 0.9802685015625 0.37940053749999997 0.9236035609375 0.390539815625 0.984127203125 0.590005090625 1 0.5857519875 1 0.453039490625
1939 0.5315089265624999 0 0.70080411875 0.66457326875 1 0.5904127703125 1 0.4447481640625 0.88147986875 0 0.5315089265624999 0
1632 0.45945162812499996 0.6618426796875 0.4512329453125 0.680221059375 0.4548045390625 0.6860041328125 0.4789929953125 0.678174840625 0.47939610312500003 0.6645866687499999 0.45945162812499996 0.6618426796875