80 0.546038540625 0.5477626812499999 0.5559154234375 0.5461983359375 0.55757520625 0.5566777890625 0.656443390625 0.5544465265625 0.6543686625 0.5413472109375 0.6658059781250001 0.5368501343750001 0.648378265625 0.4268158890625 0.63840203125 0.41496805 0.533292121875 0.428930240625 0.546038540625 0.5477626812499999
51 0.793422296875 0.677772728125 0.788524759375 0.710775428125 0.8030653953125 0.7514417609375 0.837260446875 0.7755672203125 0.8393351734375001 0.7886665328125 0.8303875328125001 0.8088827875 0.846289896875 0.8197920203125 0.8318310703125 0.8435667453125 0.8074953624999999 0.8689058140625001 0.8068641734374999 0.89049045625 0.826717290625 0.9007739499999999 0.8420060078124999 0.8822389515625 0.8746581687500001 0.8582682703125 0.9158254843750001 0.86249034375 0.9068953843750001 0.8316777249999999 0.8925534515625 0.8178357625 0.888620240625 0.767432628125 0.91139551875 0.745026290625 0.873068553125 0.6436733296875 0.8736997421874999 0.6220886875 0.89418405 0.610787540625 0.8850727890625001 0.5021216828124999 0.848703659375 0.4514847265625 0.8403872078125 0.4501163390625 0.8147073109375 0.454183634375 0.7775901000000001 0.46274800781250003 0.7219113328125 0.6353872734375 0.74176445 0.64567076875 0.8011251015624999 0.6496968859375001 0.793422296875 0.677772728125
676 0.2719813765625 0.2876980921875 0.35321135 0.7877790515624999 0.4628038515625 0.7381942968749999 0.38540773906250003 0.2751042890625 0.2719813765625 0.2876980921875
2001 0.2147187390625 0.8338843812500001 0.34811511093749997 0.793957384375 0.26168954843750003 0.286642575 0.132360821875 0.28832714375 0.2147187390625 0.8338843812500001
2001 0 0.5172395921875 0.062082896875 0.8929721140625 0.20172099375000002 0.8413141890625001 0.1205085609375 0.2902043578125 0 0.2989283328125 0 0.5172395921875
423 0.3032064390625 1 0.371036465625 0.95146203125 0.34122465625 0.878301825 0.3491261625 0.8770503484375001 0.37127025156250004 0.8762286546875 0.3762671390625 0.8566381375000001 0.3791893 0.8239483062499999 0.3691137140625 0.7986882843750001 0.346870275 0.78609779375 0.30372758125 0.782188590625 0.21641360468749998 0.7423060890625 0.135855646875 0.70672470625 0.0684941375 0.69053788125 0.070568865625 0.703637196875 0.1113855046875 0.8207093359375 0.16438753749999999 0.874083065625 0.16684212812500002 0.9918599890625 0.19754323437500002 1 0.3032064390625 1
1567 0.485263534375 0.72658028125 0.570403434375 0.739951284375 0.6184436640625 0.7108577890625 0.554641403125 0.32081107656249996 0.42312105625 0.34701301875 0.485263534375 0.72658028125
1567 0.6910709296875 0.530162975 0.5965684437500001 0.5343883640625 0.5457229453125 0.5585550015625 0.5727937562500001 0.742258278125 0.689954628125 0.7532432421874999 0.730823890625 0.7172287640625 0.6910709296875 0.530162975
423 0.4929586671875 1 0.6662792921875 0.9745253437500001 0.6247321140625 0.8656256625 0.66062203125 0.798172828125 0.65980968125 0.7419042296875 0.6332005421875 0.7273196171875 0.6109571015624999 0.7147291265625 0.583716775 0.72172915625 0.550766559375 0.7054632859375001 0.51272010625 0.6953757484375 0.4909909625 0.6988173078125001 0.4724820328125 0.7098055859375 0.3694643921875 0.6858382187500001 0.33598233906249997 0.7045691749999999 0.3411603875 0.7628318968750001 0.360066721875 0.8054923531249999 0.43312057656249997 0.8959739484375 0.4309823296875 1 0.4929586671875 1
1506 0.7879578390625 0.8478299984375001 0.6603064359374999 0.8089651484375 0.5910338171875 0.9085611218749999 0.7142201703125 0.9320196624999999 0.7924228890625 0.8632363078124999 0.7879578390625 0.8478299984375001
162 0.018729859374999998 0.593681996875 0.06302967968749999 0.86059515 0.3945306421875 0.6523266921875 0.38532003125 0.53024865 0.2888421671875 0.53478690625 0.018729859374999998 0.593681996875
1658 0.69691525 0.4647833125 0.7732243999999999 0.46075388124999994 0.7551654984375 0.372304278125 0.6875877453125 0.380321959375 0.69691525 0.4647833125
962 0.714857259375 0.5908496046875 0.7421969374999999 0.597261759375 0.7553291171875001 0.501186390625 0.703554378125 0.5067011203125 0.714857259375 0.5908496046875
154 0.7565623109375 0.240489434375 0.7563460671875 0.2646939390625 0.8286051140625 0.24787806250000002 0.8169690968750001 0.225550771875 0.7565623109375 0.240489434375