423 0.2802608359375 0.51247995 0.261929609375 0.5357022390624999 0.2590755234375 0.6123565421875 0.2150726765625 0.62041780625 0.1253557390625 0.5773879828124999 0.0843893515625 0.5778648093750001 0.061187340624999996 0.837991084375 0.260698640625 0.98337354375 0.45812786406250006 0.8479266796875 0.5072127421875 0.611886796875 0.4471902046875 0.5742748828125 0.44391513906249996 0.5016472875 0.33827578125 0.5310164656249999 0.2802608359375 0.51247995
423 0.24997676093750001 0.3243536171875 0.28785045625 0.32031905781250003 0.289836771875 0.35164503593749996 0.29948870312500003 0.321132884375 0.33289585312500003 0.3212412890625 0.33439585 0.371468275 0.34759943125000003 0.25432618125 0.30483669999999996 0.24465297343749998 0.2993139265625 0.20416910625 0.23135829531250002 0.20832778125 0.22952548281250001 0.306216159375 0.22182491093749998 0.344661534375 0.2276440328125 0.345068446875 0.23986738281250003 0.31362228124999997 0.2391272671875 0.3480990828125 0.2486378640625 0.35544707343750004 0.24997676093750001 0.3243536171875
1506 0 0.652015075 0.2516226640625 0.5516888734375 0.0039307265624999995 0.42632760468750003 0 0.48253961562500003 0 0.652015075
423 0.940885625 0.622163321875 0.9812182765624999 0.5949103984375 0.99363461875 0.3217778484375 0.9028888109375 0.3054078640625 0.89049525625 0.43485866875 0.8622871734374999 0.44402441093749995 0.8577142484375001 0.509420275 0.8501610953125001 0.5935427578125 0.8608905328124999 0.5954068578125 0.8711564359375 0.47249021874999997 0.9451211609374999 0.48991440312499995 0.940885625 0.622163321875
1340 0.874738471875 0.194284615625 0.880206525 0.0921951421875 0.8162736734375 0.086610696875 0.8093755343750001 0.1852586953125 0.874738471875 0.194284615625
1340 0.9551423765625 0.2032484765625 0.9610754765625 0.094508575 0.8936623953125 0.0909084171875 0.8871305140624999 0.1962649765625 0.9551423765625 0.2032484765625
1050 0.7128181984374999 0.1205878859375 0.7181722796875001 0.1276452234375 0.71095043125 0.1950835078125 0.707005159375 0.203718221875 0.7169808 0.20441578749999997 0.726435165625 0.2006216046875 0.7183546546875 0.1967150859375 0.723991403125 0.1280521375 0.73503086875 0.12548261875 0.7294093109374999 0.0983577375 0.7186798734375001 0.09649363749999999 0.7128181984374999 0.1205878859375
423 0.48795596406249997 0.254116446875 0.440860425 0.258619975 0.437527615625 0.30628136875 0.441444015625 0.35779115 0.4393300453125 0.39996865000000004 0.4265215953125 0.4636748078125 0.418842296875 0.4898696046875 0.42964924218749995 0.49062529843749997 0.45052452499999995 0.3951823234375 0.46533297031250004 0.3984454796875 0.482114053125 0.397391278125 0.46097129375 0.4727667125 0.46738919843750004 0.47655696875000003 0.4904270859375 0.3979725828125 0.49941640937500004 0.40082882499999994 0.5003389 0.4354218875 0.5001899703125 0.521175946875 0.51138445 0.5163896203125 0.5140698421875001 0.4063087921875 0.5354724828124999 0.398894815625 0.5340074421875001 0.3720605859375 0.5000790187499999 0.36746042968750003 0.489913409375 0.3455869203125 0.48795596406249997 0.254116446875
539 0.2605648640625 0.3640778609375 0.17490566093749998 0.33469767500000003 0.17744971874999999 0.2624769921875 0.0503241296875 0.2168313015625 0.0175262828125 0.2319020890625 0.011448925 0.31881236875 0.006234665625 0.40532605000000005 0.141940765625 0.4716205875 0.2613460203125 0.436531065625 0.2605648640625 0.3640778609375
1923 0.7711781296875 0.1580835390625 0.759462375 0.1583781171875 0.7539107281249999 0.17803874687500001 0.7468302140625 0.2076168859375 0.7903467421875 0.218456628125 0.7888817031250001 0.1916223984375 0.7796036265625 0.18094919375000001 0.774404559375 0.17167504375 0.7711781296875 0.1580835390625
1879 0.08992425781249999 0.1761612640625 0.10195004062499999 0.171433065625 0.0913832140625 0.11945824218750001 0.0696067171875 0.1680575765625 0.08992425781249999 0.1761612640625
1340 0.4022344453125 0.13005683437499999 0.4442433828125 0.13856350625 0.45748191875 0.0448141671875 0.41357785625 0.039516448437500004 0.4022344453125 0.13005683437499999
1675 0.0252376078125 0.16941028281249998 0.07262190156250001 0.172723715625 0.072199409375 0.1548729828125 0.029126648437500003 0.1496333921875 0.0252376078125 0.16941028281249998
1675 0.402640234375 0.3751265625 0.3874655265625 0.3651548484375 0.3537483484375 0.3694800609375 0.35152191718750003 0.3893732109375 0.36111002187499996 0.3956127984375 0.385295325 0.396190175 0.397398615625 0.3903535734375 0.402640234375 0.3751265625
1356 0.1164819015625 0.3339537609375 0.1351581140625 0.32969060781250004 0.1433313234375 0.23670088906250003 0.0428423984375 0.21630812812500003 0.036515679687500004 0.24705280156249998 0.02752635625 0.2441965578125 0.01677564375 0.2545830390625 0.012667762499999999 0.3133284765625 0.0720352890625 0.3364148734375 0.08475863593750001 0.321711034375 0.1164819015625 0.3339537609375
113 0.9545907187499999 0.3903323890625 0.9561545421875 0.403807634375 0.9665739515625 0.41010535312499996 0.9783672125 0.4087023703125 0.9765146359375001 0.38741016093749997 0.9643551140625 0.3821045875 0.9545907187499999 0.3903323890625
1340 0.0415673921875 0 0.03400200625 0.127697825 0.1382811890625 0.14167268125000002 0.14818790625 0 0.0415673921875 0
1917 0.3970141046875 0.133033265625 0.4045034296875 0.0856625234375 0.36927865937500004 0.08765466562499999 0.36867228124999996 0.13216523593750001 0.3970141046875 0.133033265625
1754 0.126416503125 0.22772131875 0.12400769687499999 0.178544609375 0.028950359375 0.1641007828125 0.025638824999999997 0.1995115953125 0.0871339984375 0.216063825 0.0922555578125 0.22644637968749998 0.126416503125 0.22772131875
1354 0.24180506249999997 0.28591216875000003 0.311113271875 0.2863033734375 0.31030324375 0.2739946640625 0.3053367 0.2613953015625 0.2435102203125 0.2615272703125 0.24180506249999997 0.28591216875000003
1095 0.3908895234375 0.3520283859375 0.4088544890625 0.32209753750000003 0.35853251875000003 0.3130095609375 0.3549322328125 0.34060341250000004 0.3908895234375 0.3520283859375
1360 0.9410087078125 0.3336914265625 0.9483567 0.324180828125 0.9473916578124999 0.3140889265625 0.9418825625 0.309248396875 0.9329707468749999 0.30528374999999996 0.9119343656250001 0.3194062828125 0.898478496875 0.3206930046875 0.887185234375 0.3388383171875 0.9133006234375 0.359599496875 0.929947965625 0.34851152500000004 0.9410087078125 0.3336914265625
113 0.85889964375 0.3491124625 0.871657946875 0.35780138125 0.8871639578125 0.351088896875 0.882352428125 0.336272725 0.867466475 0.33411797499999996 0.85889964375 0.3491124625
113 0.885635090625 0.36100640624999997 0.8946244140624999 0.3638626515625 0.90535385 0.36572675 0.90901036875 0.34927507343749997 0.89337061875 0.3459537875 0.885635090625 0.36100640624999997
306 0.929405415625 0.35627035625 0.9339494687500001 0.3510189859375 0.9404661578125 0.3414502578125 0.9510618546874999 0.3332805859375 0.9498293359375 0.30312114375 0.9282154484375 0.301609753125 0.9192823578124999 0.309895684375 0.9151258406249999 0.3096050328125 0.8935119531250001 0.3080936421875 0.8810211265625 0.3194722671875 0.87065795 0.324316725 0.8621123953125001 0.327060634375 0.8567370390625 0.33225387500000003 0.8520942015624999 0.35086422968750003 0.8515866078125001 0.3820158171875 0.8783220546875 0.393909759375 0.9137580703125 0.400842984375 0.9298628640625 0.3975138453125 0.9356683078125 0.362277421875 0.929405415625 0.35627035625
301 0.85955616875 0.23220681718749997 0.8571823171874999 0.2064228609375 0.8178785375000001 0.20701594843749999 0.8140670046875 0.22568443125 0.85955616875 0.23220681718749997
1601 1 0.2438957671875 0.6908441359374999 0.19590518750000002 0.6602196499999999 0.20378813281250002 0.6508838296875 0.31340391875 1 0.385368040625 1 0.2438957671875
507 0 0.5016218875 0.0922738109375 0.4770581296875 0.10011420468750001 0.532183775 0.1006081203125 0.465388853125 0.015780220312500003 0.43606679687499994 0 0.49970668125 0 0.5016218875
1754 1 0.386866678125 0.5831044890625 0.3030952046875 0.4854894140625 0.3252287265625 0.586112078125 0.35565525781249996 0.5714206671875 0.58964486875 0.5956834796875 0.5891138406249999 0.60853599375 0.369475359375 0.679097996875 0.387775428125 0.670374640625 0.536417890625 0.6882970546875 0.530988203125 0.6937514296875 0.3932553921875 0.923204840625 0.44494271718749995 0.9125286125000001 0.7170831234375 0.9349738046875 0.71865264375 0.951257909375 0.437993784375 1 0.44447687656249996 1 0.386866678125
1682 0.029950356249999997 0.19758543906249998 0.08435133593750001 0.208072471875 0.1102205234375 0.1965155296875 0.0497116671875 0.17780462187499999 0.0317117453125 0.184342715625 0.029950356249999997 0.19758543906249998
376 0.49050761718749997 0.13400184843750002 0.49253040156249994 0.05728941562499999 0.46637245937499994 0.0610293953125 0.4615670140625 0.12975047343749999 0.4532539796875 0.1291691703125 0.45209137187500004 0.1457952375 0.4937340484375 0.147593353125 0.4962492328125 0.135517165625 0.49050761718749997 0.13400184843750002
819 0.9661880546875 1 0.99051003125 0.6412269390625001 0.9798581015625001 0.6382544343750001 0.9862425640625 0.48722077031250005 0.965903746875 0.4913676640625 0.9216896531250001 0.4905035609375 0.8716777125 0.4769819671875 0.8589194078125001 0.4682930484375 0.8645698375 0.4352734359375 0.6262821171875 0.378513059375 0.5790877953125 0.39637557343749996 0.5338661078125 0.4099207296875 0.4987963515625 0.4096960625 0.45587860625000004 0.4022396640625 0.43229208124999996 0.40504562968749996 0.4005688140625 0.3928029046875 0.3731920359375 0.4020267765625 0.3567984890625 0.39753895625 0.3481967015625 0.3891406890625 0.3429976359375 0.379866540625 0.34667543125 0.35116428437499997 0.2894917875 0.33268589843749996 0.286476603125 0.32801975781250003 0.1996897484375 0.3386583953125 0.263967584375 0.363201978125 0.266707696875 0.395694490625 0.2660238109375 0.44131346718750003 0.1270335375 0.48171641562499995 0.2550253859375 0.550812990625 0.25492660312500004 0.564171975 0 0.6584952000000001 0 0.9651437187499999 0.49846804375 1 0.9661880546875 1
1939 0.0353121578125 0 0.0180932671875 0.23574016250000002 0.1809299453125 0.260492703125 0.179139684375 0.3338799234375 0.1956107375 0.3372593390625 0.285955328125 0.3235280109375 0.30663455625 0.1233718390625 0.5344679140624999 0.1504417421875 0.5216154000000001 0.37008022500000004 0.58318808125 0.38552405 0.6197091968749999 0.3769396109375 0.64945374375 0.30996244375000004 0.6571269562500001 0.2002303984375 0.691309178125 0.1892547609375 1 0.23823296093750002 1 0.033742456250000004 0.58891295625 0.00499645 0.513099303125 0 0.0353121578125 0
1113 0.53280530625 0.15032548125 0.5062036 0.148465309375 0.307310846875 0.125646778125 0.2966634890625 0.3376426890625 0.33708732656249996 0.3449246984375 0.3445143375 0.2028745296875 0.34074535625 0.19704185624999998 0.45876915937499996 0.2175469515625 0.44755189062499995 0.36601502343750003 0.4910334640625 0.3534620109375 0.5034042328125 0.3676929515625 0.518135171875 0.3720645125 0.53280530625 0.15032548125
804 0.348072071875 0.1997818375 0.33784112187500004 0.3460912328125 0.363223990625 0.35343529687499997 0.4386188 0.37430095625000004 0.438965296875 0.261828928125 0.45273119375000004 0.2561085875 0.45528893125 0.2195312390625 0.348072071875 0.1997818375
1209 0.4261781203125 0.31328450625 0.422781484375 0.3976976375 0.43296837187500004 0.40732056875 0.43917503125 0.40218546093749996 0.44092274062500003 0.3532994015625 0.43563248750000005 0.3094903203125 0.4261781203125 0.31328450625
1209 0.404880346875 0.39087674843750003 0.41968879374999996 0.394139903125 0.4247480375 0.30984303125 0.409030778125 0.30763014843750003 0.404880346875 0.39087674843750003
1416 0.0616219640625 0.4136544046875 0.058606778125 0.408988265625 0.0605794140625 0.40467090937499994 0.05597913125 0.398780103125 0.044340882812499996 0.397966278125 0.033378925 0.399427390625 0.028912378125 0.4035703578125 0.0302649578125 0.4081202359375 0.021853140625 0.420897915625 0.018429143749999998 0.43402437968749996 0.019760446875 0.4508248375 0.022543109375000002 0.458816190625 0.0261570765625 0.46686567500000004 0.03098988125 0.46943126562500004 0.0467071390625 0.4716441484375 0.0575353578125 0.46014926406249995 0.0641295546875 0.44947213125 0.0660459578125 0.43401259843749995 0.06606723437499999 0.42176201874999997 0.0616219640625 0.4136544046875
423 0.6140223015624999 0.517997634375 0.6286195015625 0.5123354234375 0.6286544562499999 0.53572818125 0.6287669203124999 0.5580125312499999 0.6329933484375 0.60508869375 0.6340358984375001 0.6140721890624999 0.637283603125 0.6154131171875 0.6415951359375 0.6134869593750001 0.6400738625 0.5755105546875 0.6401164140625 0.55100939375 0.6424978625 0.528899434375 0.6438929921875001 0.5089481546875 0.650853446875 0.504979578125 0.659997784375 0.5056190125 0.662181665625 0.5102270234375 0.6592500718750001 0.5879897296875 0.663300209375 0.6495332796875 0.6660828734375001 0.657524634375 0.673487096875 0.6591562125 0.6730296484375 0.6179127234374999 0.672649709375 0.5755608296875 0.675806228125 0.5423668265625 0.6807803671875 0.507072271875 0.681632946875 0.49487982343750003 0.675525071875 0.48665594843750004 0.6598290890625 0.4721924875 0.644210615625 0.45662062187499997 0.6326498765624999 0.4546983921875 0.609140859375 0.45639595312500003 0.595684990625 0.45768267500000004 0.58139781875 0.4589112671875 0.5811379375 0.3909498125 0.5747838609375 0.350407815625 0.5714024140625 0.3390331171875 0.5463508499999999 0.3150048546875 0.541208015625 0.31687288125 0.53869283125 0.328949071875 0.5383189749999999 0.37013442812499997 0.540904071875 0.40484375000000006 0.5431229078124999 0.4328445140625 0.54294661875 0.447311903125 0.540853925 0.477238825 0.5320682515625 0.5312018640625 0.5158570796874999 0.595783903125 0.5124330828125 0.608910365625 0.5153707609375 0.614684909375 0.5220986953125 0.6140415484374999 0.5308418171875 0.5845796703125 0.5385211125 0.5583848765625 0.5533584296875 0.5015035359375 0.5556410953124999 0.49275256093750003 0.565595459375 0.5057007062500001 0.5589374359375 0.553129578125 0.552920746875 0.579440634375 0.5410423828125001 0.6298459375000001 0.5337506234375 0.650498709375 0.5383509078125 0.6563895140625 0.5425074234375 0.656680165625 0.56612281875 0.5937297046875 0.582432771875 0.5157886796875 0.594824815625 0.517769040625 0.6140223015624999 0.517997634375
423 0.7717723765625 0.5557603796875 0.77083469375 0.6169551484375 0.7700170703125 0.6525403515625 0.7708270984375 0.6648490640625 0.7808027390625 0.665546628125 0.78061276875 0.6443706812500001 0.78052158125 0.60983575 0.784896940625 0.571157853125 0.7839318984375 0.561065953125 0.8108998671875 0.5696346828125 0.8288785109375001 0.57534716875 0.83212621875 0.5766880953125 0.8199089531249999 0.6916715124999999 0.813152146875 0.7524593671875001 0.8221414703125 0.7553156109375 0.8247903953125 0.75327319375 0.8390365265625 0.6451145953124999 0.8431580875 0.6220124921875 0.8468571578124999 0.58105965625 0.869577421875 0.5548028031250001 0.8657719734375 0.6570085390625 0.8661519140625 0.6993604312499999 0.8767263359375 0.703441340625 0.8772688859375 0.695682509375 0.8821381593750001 0.5902096890624999 0.8859572874999999 0.523647290625 0.8482598828125001 0.513214459375 0.8520790109374999 0.446652059375 0.8502264343749999 0.42535985312499996 0.8513115359375 0.40984219062499994 0.8461337453125 0.3883174609375 0.7367330046875 0.3639600515625 0.7355916703125 0.36833553750000003 0.7325476156249999 0.42381389374999995 0.7323500484375 0.4505318625 0.7343150890625 0.4941084203125 0.7354351453125 0.5019835140625 0.73315248125 0.5107344875 0.7236829234375 0.6103165015625 0.7171024078125 0.65663696875 0.7094580671874999 0.7062245203125 0.718292375 0.7112975734375 0.72086379375 0.7103635578125 0.735454909375 0.6211640968750001 0.740717803125 0.5936865078125 0.745480696875 0.5494665875 0.7717723765625 0.5557603796875
1917 0.34123546562499996 0 0.34612981875000004 0.012523534375000001 0.3495112640625 0.0238982328125 0.3545340390625 0.0476397703125 0.357316703125 0.0556311234375 0.3462772375 0.058200640625 0.3482772328125 0.1251699546875 0.36233188437499997 0.1272665765625 0.37280143906249996 0.06116921875 0.37485158125 0.055743457812499994 0.38119197968749996 0.0606421171875 0.38989255 0.055681398437499995 0.3964092375 0.0461126703125 0.40721618125000003 0.046868365625000005 0.4079137453125 0.036892725 0.39954448125 0.025169246875000002 0.407740071875 0 0.3616949265625 0 0.3678212140625 0.0129265203125 0.366447359375 0.020627221875 0.36408718906250004 0.0304866015625 0.3625370453125 0.052654690625 0.357204240625 0.033346771875 0.35459786718749997 0.0108880296875 0.3509839015625 0.0028385453125000003 0.3493260609375 0 0.34123546562499996 0