787 0.0565453828125 0.21863399687500001 0.05788465 0.1834490140625 0.0110167890625 0.18426709531250002 0.013560453125 0.2180820203125 0.0565453828125 0.21863399687500001
1073 0.2353881734375 0.22462825625 0.25407564374999997 0.17611764375 0.220877575 0.1766971171875 0.2353881734375 0.22462825625
1073 0.160113415625 0.2207330546875 0.1335464625 0.265474359375 0.1657681171875 0.264911928125 0.172196190625 0.4093529921875 0.17903108750000002 0.4092336890625 0.1755549796875 0.26604338125 0.20680022031249998 0.26549799375 0.179687140625 0.22299595781249998 0.160113415625 0.2207330546875
304 0.39518064218750004 0.3143010671875 0.3848036828125 0.3353187046875 0.4069892453125 0.3753021859375 0.4071255921875 0.38311349687499996 0.40755735625 0.4078493109375 0.399996015625 0.42230639375 0.4292657046875 0.4204932078125 0.41922887343750004 0.4050410203125 0.4196598984375 0.3737787375 0.42822037812499997 0.360606496875 0.4404592671875 0.3343472328125 0.44225302343750006 0.32519995156250003 0.43519088281249996 0.31230040468750003 0.4214301921875 0.30733147031249997 0.41345980937500004 0.29835462343749997 0.40076643125 0.29857618750000003 0.39518064218750004 0.3143010671875
1050 0.8761882968749999 0.229070428125 0.8527990765625001 0.176085140625 0.8323398359375 0.17904682031250002 0.8069538171874999 0.2354880484375 0.8362689546875 0.23627863124999998 0.8413342984375 0.3586046921875 0.8286409203125 0.35882625625000003 0.8278235765625 0.36795649531249996 0.8610443703125 0.36867890625 0.852983090625 0.35449451718749997 0.8480086453125001 0.2373759953125 0.8761882968749999 0.229070428125
1754 0.7919257296875 0.5496002484375 0.822399078125 0.56078886875 0.8394995281250001 0.7011368 0.8364801281249999 0.7519784890625 0.9167271140625 0.7049979140625 0.9470179265625 0.64977335625 0.9496282859375 0.5754977359375 0.9918178578125 0.5304837375 0.9573706828124999 0.5154576359374999 0.822580134375 0.5152058484375 0.78365993125 0.52369889375 0.7919257296875 0.5496002484375
423 0.6576116562500001 0.5206899484374999 0.6028643125 0.517738721875 0.5463004875 0.5226328921875 0.5219810421875 0.528266515625 0.521572740625 0.5608306859375001 0.52713654375 0.5998020203125 0.5241398671875 0.65194559375 0.5214158859375 0.7197117875 0.5219839984375 0.7522589140625 0.5308626203125 0.7573130625 0.5301823640625 0.8302527109375 0.5389928125 0.83140120625 0.5455315515625 0.7583592968749999 0.608340175 0.7754949125 0.7043688515625 0.7373548390625 0.8169064046875001 0.7497155859375 0.81692765 0.6390212734375 0.8245791499999999 0.57377363125 0.826302515625 0.392726396875 0.753752478125 0.3770631015625 0.6971432046875 0.3793535015625 0.6753219734375 0.4161982796875 0.6576116562500001 0.5206899484374999
1354 0.780866296875 0.47556323593750005 0.6991649437499999 0.43922316875 0.64155875 0.608223025 0.6722820656249999 0.63373238125 0.780866296875 0.47556323593750005
1754 0.2030830140625 0.7799641390625001 0.22817583125000002 0.8745927046874999 0.28598876406249996 0.8853041125000001 0.285010871875 0.77332495625 0.311192246875 0.7624497046875 0.3087849296875 0.7364460921875 0.2675483078125 0.7241430624999999 0.1906843140625 0.7411121078125 0.184190284375 0.7607596875 0.2030830140625 0.7799641390625001
354 0.249903946875 0.6645460890625 0.2713388609375 0.605569265625 0.2603937890625 0.594039778125 0.252196903125 0.6280421796875 0.2375506953125 0.6282978296875 0.233236 0.604932071875 0.2205653453125 0.6064555203124999 0.221315253125 0.6494177265625 0.2014915609375 0.6328340890625 0.196927634375 0.6511456953125 0.1900700140625 0.6499631140625 0.18568788281249998 0.6786898015625 0.1628902390625 0.7155516234375 0.171814309375 0.72320954375 0.1997212671875 0.6992813546875001 0.2005847984375 0.748752984375 0.2611224515625 0.7476962968749999 0.2699321609375 0.6928466921875 0.264845571875 0.6812149437499999 0.249903946875 0.6645460890625
1917 0.24731113749999997 0.34813689999999997 0.25073957812500003 0.320729140625 0.25780098125 0.27763058749999997 0.22455746406250002 0.2756062921875 0.2347306421875 0.2988697890625 0.23850068906250002 0.3469884046875 0.24731113749999997 0.34813689999999997
1340 0.3497641921875 0.17444739375 0.32830581406250003 0.17612423125 0.33085021718749996 0.26593725468749996 0.3514003546875 0.2681831140625 0.3497641921875 0.17444739375
1340 0.320539953125 0.17886434843750001 0.30298722968749997 0.1804730140625 0.304418871875 0.2624917703125 0.32101790625 0.2622020328125 0.320539953125 0.17886434843750001
1073 0.392726396875 0.17369748437500002 0.3949973671875 0.1918897890625 0.429149125 0.1899913859375 0.43196474374999994 0.18343083124999998 0.4395033609375 0.1676718640625 0.4340077296875 0.1326061859375 0.41904338125 0.1146354453125 0.4151135234375 0.001405534375 0.4063258 0.001558925 0.4074173140625 0.1200475046875 0.3937929703125 0.12288988281249999 0.38194039687500003 0.1712811921875 0.392726396875 0.17369748437500002
1771 0.5465489781249999 0.4249574296875 0.43276231875000004 0.396991103125 0.27478780937499997 0.41146909374999996 0.3886653671875 0.444642959375 0.5465489781249999 0.4249574296875
2001 0.785969696875 0.040512074999999995 0.60104191875 0.077599325 0.6078805109375 0.3574705171875 0.7789347156249999 0.364903009375 0.785969696875 0.040512074999999995
581 0.63694124375 0.007951771875 0.5677749375000001 0.0182750453125 0.5853570390625 0.5219511578125 0.6437827921875 0.5118153609375 0.63694124375 0.007951771875
753 0.845379996875 0.6463383265625 0.8600716515625001 0.6486864453125001 0.8624979984375001 0.39600144843749996 0.9513971 0.397054271875 0.953894575 0.3722673265625 0.830480125 0.35228274531250003 0.8073870609375 0.3722200625 0.833954753125 0.38347685625 0.845379996875 0.6463383265625
1675 0.6263928375 0.8025277171875 0.6247127031249999 0.8181844249999999 0.783368946875 0.842762984375 0.8113668031250001 0.8240423359375001 0.8314851765625001 0.80155238125 0.8340962749999999 0.783274859375 0.829804303125 0.7612109874999999 0.6773019609375 0.7534546734374999 0.6572744859374999 0.7811521703125 0.6263928375 0.8025277171875
1675 0.8295741015625 0.5241997421875 0.8217400671874999 0.523034203125 0.8259865890625001 0.5424943046874999 0.9180421781250001 0.5565148484375 0.950876653125 0.5351052140625 0.9515803734375 0.5194655499999999 0.9571207140625001 0.5011369 0.8924728843749999 0.49054479687499997 0.830277821875 0.508560078125 0.8295741015625 0.5241997421875
539 0.10648591562500001 1 0.4246864453125 0.997483921875 0.41539804374999995 0.9129977421875 0.3737523796875 0.8772607828125001 0.2550162171875 0.9014721203124999 0.1402743890625 0.762828525 0.1274673890625 0.7565406625 0.1226520140625 0.6485353359375 0.11456801093749999 0.6330490625 0.009206221875 0.6400972875 0.0061406343750000005 0.6323371078125 0.015482625 1 0.10648591562500001 1
423 0.057161162499999994 0.42177919062499997 0.162386603125 0.40691965625000004 0.1607739046875 0.37048391875000003 0.1303005578125 0.3592952984375 0.1218529609375 0.3229788640625 0.0164911734375 0.3300270875 0.0170380390625 0.4732685265625 0.0531653484375 0.472637921875 0.057161162499999994 0.42177919062499997
1225 0.0564127328125 0.49081318281249997 0.06806152343750001 0.48670300781250003 0.0732162875 0.5022404109374999 0.0946973890625 0.5018654578125 0.0973993859375 0.48879547656250005 0.1705622453125 0.48361156875000005 0.1756033859375 0.4926395484375 0.198015453125 0.48964377968750006 0.1921107828125 0.4311441703125 0.1663604328125 0.4107571390625 0.057252059375 0.42698672968749996 0.0543008328125 0.48173407343749997 0.0564127328125 0.49081318281249997
1225 0.614993275 0.764960528125 0.604889009375 0.8016007875 0.567649678125 0.8504352234375 0.5624729312500001 0.8895940343750001 0.565267303125 0.9937277921875 0.8142755375 0.99068361875 0.8492673625 0.9809568640625 0.8462002953125 0.8612004843750001 0.8405683187499999 0.8183234953125 0.8476524453125001 0.776526828125 0.8445414078125 0.7661628781250001 0.7992855078125001 0.7474185984374999 0.7192195781249999 0.748816153125 0.6380408890625 0.74241944375 0.614993275 0.764960528125
1999 0.5320581468750001 0.1543357796875 0.5163446296875 0.14940093125 0.5050139812500001 0.1717374984375 0.49961072656249994 0.2538755578125 0.509671021875 0.3266277296875 0.5198903890625 0.4084930953125 0.5647819578125 0.350409115625 0.5624648 0.2736149421875 0.553789959375 0.224279659375 0.5499062890624999 0.16965161875 0.5320581468750001 0.1543357796875
831 0.222491753125 0.325129053125 0.22598836718749998 0.3016269484375 0.2163378515625 0.3083068078125 0.218086159375 0.29655575624999997 0.216905225 0.284855834375 0.20716381093749997 0.28632815312500004 0.2064600921875 0.3019678171875 0.20339450312500001 0.2942076359375 0.1944931578125 0.2878516015625 0.18883919531249999 0.2996708265625 0.1958558875 0.309966603125 0.1910192671875 0.31265559062500003 0.1941075796875 0.32171765625000004 0.201896165625 0.32027942343750004 0.201146996875 0.33331531718749996 0.20337251875 0.34890385 0.21313665624999997 0.3487334171875 0.2198806546875 0.3434065734375 0.22258265000000002 0.3303365921875 0.222491753125 0.325129053125
539 0.21895116718750002 0.4580235859375 0.307532865625 0.4968481171875 0.3056694578125 0.39009354687500003 0.388369209375 0.37172035625 0.3800125125 0.34061146249999996 0.288025096875 0.3304965734375 0.2432017015625 0.39248620624999997 0.21706577500000002 0.405965228125 0.21895116718750002 0.4580235859375
581 0.1401555921875 0.3643324046875 0.1469677640625 0.362911215625 0.139380003125 0.0960759171875 0.0621751421875 0.0935166875 0.0661973765625 0.3239503359375 0.122693028125 0.3151505109375 0.1401555921875 0.3643324046875
423 0.2733363984375 0.55214085 0.2616436359375 0.6656434531250001 0.266639328125 0.6720676625 0.2738598015625 0.6380823046875 0.30501414375 0.6323293765625 0.34615986875 0.639424865625 0.3604432234375 0.6743371546875 0.3853073171875 0.6439506703125 0.36405198125 0.5453482765625 0.38126383750000004 0.5242113359375 0.37124972968750003 0.5100610343749999 0.3118021125 0.5176101046875 0.2932949609375 0.4645396 0.2916822609375 0.4281038625 0.2745605640625 0.39845024375000004 0.2480837703125 0.3924009890625 0.2546012625 0.4300533953125 0.26868083593750003 0.5092468171875 0.2733363984375 0.55214085
423 0.5148287421875 0.566157528125 0.5101504546875 0.5219616125 0.5910110000000001 0.5101319328125 0.5877408921875 0.4906547875 0.606973009375 0.4173913140625 0.5940978343750001 0.40719779999999994 0.554292115625 0.42091542656250003 0.5234559156249999 0.4448947453125 0.5005673734375 0.4765490265625 0.4711386125 0.4692490171875 0.46137447500000006 0.4694194515625 0.449998378125 0.489152246875 0.4481144625 0.5490900875 0.45522205312499997 0.5645934031250001 0.4565400734375 0.6401027359375 0.4418264328125 0.6924508296874999 0.4578119046875 0.6570101968750001 0.5114919375 0.654770928125 0.5148287421875 0.566157528125
423 0.32594838125000003 0.48871298281250003 0.3226343015625 0.5786282671875 0.3375532015625 0.5939952359375 0.411556128125 0.580982975 0.4051515171875 0.49384189687499996 0.4117364453125 0.4794018578125 0.40571889062500005 0.470390921875 0.4044925078125 0.4560872296875 0.3954313515625 0.3846199015625 0.356238453125 0.3774903265625 0.32408497187499996 0.3819584125 0.31654635625 0.3977173796875 0.32594838125000003 0.48871298281250003
804 0.90301039375 0.590636553125 0.898447946875 0.7209443578125 0.9959067875000001 0.6528268421875 0.9903143468750001 0.1645688296875 0.9249855218749999 0.1709182765625 0.9481020484375 0.20828094375 0.9562799078124999 0.4529671546875 0.90301039375 0.590636553125
612 0.8685148125 0.34901428437500004 0.8527103968749999 0.338871896875 0.8698775421875 0.3711292859375 0.8993063031249999 0.3784292953125 0.916768128125 0.3716130890625 0.928007878125 0.3440689828125 0.9174036734375 0.35206777031250003 0.9026211203125 0.3445121109375 0.8819346359375 0.33445494062500003 0.8685148125 0.34901428437500004
1596 0.0173077765625 0.2648987515625 0.059316292187499994 0.2654677703125 0.059565521875000006 0.22379040625000002 0.01757973125 0.22452327031250002 0.0173077765625 0.2648987515625
994 0.9247399875 0.4925861359375 0.9449961859375 0.5899036890625 0.9967915640625 0.5916041609375 0.9947236359374999 0.47313262343750007 0.929190290625 0.4677651046875 0.93039395 0.4807669109375 0.9247399875 0.4925861359375
581 0.77506576875 0 0.7267031359375 0.0024781265625 0.727230234375 0.3684100765625 0.7976910968750001 0.37629615 0.8120418859375 0.35911599375000003 0.8038280453125 0 0.77506576875 0
581 0.41372954687499996 0.089984846875 0.37183465312499997 0.09592525156250001 0.3788543015625 0.330213425 0.4241776375 0.2968652609375 0.41372954687499996 0.089984846875
423 0.5348092890625 0.423860065625 0.5811999359375 0.3957023984375 0.582607375 0.3644230703125 0.55224765 0.3597438734375 0.531334659375 0.3926659546875 0.5348092890625 0.423860065625
1354 0.299129240625 0.35113925625000003 0.259028103125 0.347932378125 0.2499002515625 0.3845555921875 0.2843247015625 0.3982798109375 0.299129240625 0.35113925625000003
1354 0.10364270625000001 0.3988290625 0.0693993125 0.3395218265625 0.0382449703125 0.345274753125 0.0715801234375 0.4085046890625 0.10364270625000001 0.3988290625
291 0.963065659375 0.170253584375 0.97964196875 0.1686619625 0.9793912593749999 0.098343128125 0.9732828078125 0.084124653125 0.9737820078125001 0.056768025 0.9630641796875 0.058257385937499996 0.9654033234374999 0.0803553453125 0.9578874328125 0.097416196875 0.963065659375 0.170253584375
753 0.2412715984375 0.3938221796875 0.2498548015625 0.3819518234375 0.2581880359375 0.3557607328125 0.251057721875 0.33895553125 0.19447117187500002 0.34254781562500003 0.1965830703125 0.35162692500000003 0.189884521875 0.3595575390625 0.19933125625 0.39715881249999996 0.20428223750000002 0.4569773515625 0.21711196250000003 0.46456709687500003 0.22090325625 0.4019914 0.2412715984375 0.3938221796875
1506 0.0153806296875 0.49022711875 0.0169031703125 0.577453415625 0.2673188453125 0.543129915625 0.31380038906249996 0.5201797874999999 0.1995819640625 0.46747764687500004 0.0153806296875 0.49022711875
1506 0.38347106875 0.8744865796875001 0.4172826984375 0.9090579999999999 0.4276384125 0.9987346765625 0.5624289609375 0.9989864624999999 0.5586354499999999 0.8935678625 0.5646749890625 0.8478825828125001 0.5981450109375 0.8069276296875 0.6007333859374999 0.787348225 0.41789478124999996 0.8322126984375 0.24874869375 0.8781404500000001 0.2588764234375 0.8988001765625 0.38347106875 0.8744865796875001
819 0.1244912203125 0.6419918250000001 0.13132759375 0.7538687187499999 0.1412053546875 0.7602077109375001 0.2330351765625 0.873205603125 0.601687075 0.786029296875 0.6015734515625 0.7795198703125 0.5181010671874999 0.753628971875 0.516917915625 0.5739347515625 0.445366278125 0.5035581984374999 0.3176605953125 0.5175078453124999 0.288845396875 0.54535873125 0.016948618749999998 0.580057184375 0.017403109375 0.6060948859375 0.0168811859375 0.6321496296875 0.11645266406250002 0.6291093203125 0.1244912203125 0.6419918250000001
1939 0 0.4484077046875 0.0032113921875 0.6323882375000001 0.014042842187499998 0.6374082999999999 0.0030896390625 0.0098997203125 0 0.009579825 0 0.4484077046875
1939 0.1442173625 0.1493850296875 0.1488978671875 0.36157524375 0.16072845625 0.36788015 0.1632721203125 0.40169507187500003 0.1909071234375 0.4181423640625 0.1955399625 0.45973451093750006 0.2013984453125 0.45963225 0.189566378125 0.3413311484375 0.25698437812499997 0.3427589265625 0.267724928125 0.3425714484375 0.287003234375 0.3279098453125 0.3174084078125 0.3351928125 0.434918928125 0.3526758828125 0.4235201046875 0.37110679375 0.42197631874999997 0.3945748109375 0.4434801453125 0.3955017421875 0.43659462656250003 0.0010305812500000001 0.172985634375 0.006934173437500001 0.0040433281250000005 0.0085807921875 0.0084504 0.14915028749999998 0.1442173625 0.1493850296875
1939 0.49563658281249995 0 0.44050028125 0.0009624078125 0.44493525156249997 0.5348204828124999 0.5277486265625 0.522956715625 0.653683278125 0.5194562375 0.831254975 0.5645411328125001 0.8205606109374999 0.6233304796875 0.897175375 0.6480387984375 0.8960846 0.5855483171875 0.9320982859375 0.5784082875000001 0.9266019171875 0.487344509375 0.9544634265624999 0.4608125515625 0.9461492203124999 0.2083150296875 0.918286971875 0.178848890625 0.9201261781250001 0.172305378125 0.9922444484374999 0.16323285781250002 0.9903228593750001 0 0.49563658281249995 0