507 0 0.948565834375 0.3325697609375 0.9812287453125 0.3475295546875 0.764155403125 0.26084463593749996 0.7013649734375 0.1065696375 0.758468328125 0 0.7004590375 0 0.948565834375
1917 0.1300720546875 0.58157051875 0.1272138546875 0.608764478125 0.11594238750000001 0.6599500203125 0.1272810234375 0.710893471875 0.1635872515625 0.6924520656250001 0.1768011453125 0.6414706781249999 0.1673057890625 0.6103597984375 0.17571905625 0.5863682125 0.1300720546875 0.58157051875
369 0.081506434375 0.4363757203125 0.08171645625 0.4717476953125 0.096965171875 0.466804121875 0.099278953125 0.44478996562499995 0.081506434375 0.4363757203125
369 0.0736375859375 0.45518750468749997 0.05407722499999999 0.45444088281250006 0.055085396875000005 0.47287642500000004 0.070488696875 0.47580463125000005 0.0736375859375 0.45518750468749997
1917 0.0361938296875 0.3910262515625 0.0374742109375 0.4068718921875 0.028906359375000003 0.42299169687499993 0.0346714484375 0.46156604375 0.059768396875 0.45634830624999995 0.068299290625 0.4218950375 0.05994820937499999 0.407924746875 0.0663014265625 0.39419068749999997 0.0361938296875 0.3910262515625
1373 0.180427284375 0.5135447546874999 0.1350592421875 0.44069509218749997 0.0819449578125 0.5162864 0.13589933125 0.582182990625 0.1702816140625 0.5727041578125001 0.261817615625 0.49591411093750004 0.180427284375 0.5135447546874999
822 0.22830916874999999 0.3195704953125 0.27852154375 0.318301753125 0.24799390312499997 0.2443933671875 0.2110878171875 0.24051438125 0.17114371875 0.312252909375 0.21028291875 0.322912884375 0.1939133875 0.4599734671875 0.21042400468750003 0.46170880312499996 0.22830916874999999 0.3195704953125
1650 0.7412555875 0.6523547734374999 0.737575778125 0.547227565625 0.6115164078124999 0.494700525 0.42780260625000005 0.46753589218749997 0.239622575 0.426809284375 0.1635151015625 0.4502322 0.1672571 0.5173975343749999 0.1072519296875 0.5464406375 0.10856926874999999 0.580619740625 0.1773825234375 0.6546243390625001 0.341393109375 0.74779936875 0.348401621875 0.7838858937500001 0.33887428750000004 0.8745324218749999 0.5063429328125 0.9628338859375001 0.6148280749999999 0.96768985625 0.63237209375 0.9315653953125 0.6270522765625001 0.907439659375 0.6502135484375 0.8365556953125 0.7120804781250001 0.83651189375 0.7210079546875 0.723544975 0.7414840890625001 0.69689348125 0.7384965343750001 0.65992031875 0.7412555875 0.6523547734374999
1806 0.6225273953125 0.5207336812500001 0.5712631406249999 0.5506954921875 0.5094449 0.64370155625 0.52874478125 0.7216668796875 0.5380116359375 0.708239053125 0.6292939078125 0.6432056390625001 0.65092106875 0.568232665625 0.6225273953125 0.5207336812500001
1806 0.46501111093749997 0.552620509375 0.4317478765625 0.6355352703125 0.48428576406249996 0.6868811703125 0.53835278125 0.6022252078125 0.5688384828124999 0.5177092609375 0.515793134375 0.48987662500000007 0.46501111093749997 0.552620509375
1807 0.32831210781250003 0.451841996875 0.2786626296875 0.457097671875 0.17322722968749998 0.4512529859375 0.165035715625 0.5852453484375 0.203630496875 0.6010851234375 0.3434481796875 0.597450975 0.324711196875 0.5234725828125 0.32831210781250003 0.451841996875
2001 0.6202573218749999 0.49561923124999996 0.7122872859375 0.526240059375 0.752765840625 0.1691399890625 0.6616264234375 0.167416384375 0.6202573218749999 0.49561923124999996
2001 0.462221846875 0.476390521875 0.5378218609375 0.4764808703125 0.57602359375 0.15972841875 0.500559684375 0.1583431203125 0.462221846875 0.476390521875
2005 0.4588227625 0.0976584046875 0.40766086718750005 0.45363561093750004 0.435436203125 0.469647471875 0.560722653125 0.4828156078125 0.69674788125 0.524606803125 0.728445028125 0.559360440625 0.7950606796875 0.0937207671875 0.4588227625 0.0976584046875
587 0.9705847343749999 0.0493248203125 0.80118539375 0.0354479984375 0.7334993828124999 0.5206140078125 0.7404457078125 0.5946624078125 0.748381725 0.67797961875 0.7109059921875 0.7355757703125 0.704836715625 0.82134873125 0.7218917515625 0.8179042671874999 0.7685906328125001 0.7940088953125 0.8724482140625 0.8428931765625001 0.9705847343749999 0.0493248203125
581 0.4576230484375 0.053017618749999995 0.3796722953125 0.0566079640625 0.281153009375 0.0410161484375 0.22854939999999999 0.438738003125 0.31704738906249996 0.437565471875 0.39808484375000003 0.4513198734375 0.462516071875 0.071861475 0.460499728125 0.03499039375 0.4576230484375 0.053017618749999995
369 0.0851528203125 0.1120635890625 0.074487959375 0.12010745625000001 0.0637911203125 0.2499087296875 0.0754456734375 0.2511336734375 0.0851528203125 0.1120635890625
1113 0 0.6243746890625 0.09088914687500001 0.6180391515625 0.1276189546875 0.2592358171875 0.0257777171875 0.247222615625 0 0.49248121562499997 0 0.6243746890625
1601 0.066412303125 0.449191075 0.0016686937499999998 0.46726210312500005 0.019614276562499998 0.49271485937500004 0.043096446875 0.5122032578125 0.0356291640625 0.5925922609375001 0.011385803125 0.6083737593749999 0.020435885937500002 0.625036028125 0.08008818125 0.6273779703125 0.0805771609375 0.5946979734375 0.0592104796875 0.5924522453125001 0.0612772796875 0.5167326515624999 0.0901044953125 0.5040514468749999 0.1075124078125 0.46922193749999996 0.066412303125 0.449191075
1650 0.9474020734374999 1 0.9747667015625 0.7475975828125 0.8860636718749999 0.853489009375 0.7777398609375 0.79104275 0.74071615 0.7976254453125 0.7256959359375 0.8471077250000001 0.6658705781250001 0.8277272703125 0.6354285859375 0.8651146109375001 0.6261919406249999 0.96233796875 0.3714989390625 0.9565167453125 0.34880816875 0.9855539828125 0.4954833984375 1 0.9474020734374999 1
1133 1 0.4198155328125 0.957999140625 0.41197506875 0.8947861078124999 0.8452409843750001 0.9770989625000001 0.7347501578125 1 0.48740375937499997 1 0.4198155328125
1675 0 0.677426484375 0.040280187499999995 0.6978215484375 0.11794025156250001 0.687654371875 0.118410753125 0.6458076453125 0.0889836796875 0.6361684578125 0.0025827 0.6454169265624999 0 0.650038390625 0 0.677426484375
831 0.9574813953125 0.9120562812499999 0.9408161937499999 0.902449165625 0.91177895625 0.8797583953125001 0.8834961609375 0.887259796875 0.8591166953125 0.9043362453125001 0.839611771875 0.93108981875 0.8325965125 0.9604653624999999 0.868531384375 0.9642422703125 0.9175003390625 0.965461346875 0.9508307421875 0.98467558125 0.9574813953125 0.9120562812499999
1869 0 0.683750671875 0.10460873281250001 0.749097440625 0.2523759296875 0.6978563640625 0.10199928124999999 0.6244438953125 0 0.640914696875 0 0.683750671875
1939 1 0.05194253125 0.972527159375 0.049528978125 0.8747989531249999 0.8392124828125 0.88536466875 0.8507970296874999 0.89449541875 0.8386641546875 0.9596508765625 0.405602396875 1 0.41300690468749995 1 0.05194253125
1939 0.050779920312500004 0 0.0253509234375 0.2419407359375 0.1309409078125 0.2556572015625 0.09393889062500001 0.6170504375 0.10712755468749999 0.6223643890624999 0.10319401406249999 0.5289938109375 0.1655868828125 0.514603478125 0.164486315625 0.450334278125 0.2119396359375 0.45663108125 0.22398402499999998 0.444804440625 0.29039120937499996 0 0.050779920312500004 0
1939 0.463722534375 0.051040190625 0.467081446875 0.0657950375 0.46117350312500005 0.0939777109375 0.7915841421875001 0.0894276015625 0.8006224953125001 0.03146106875 0.6369512875 0.0378251328125 0.463722534375 0.051040190625
586 0.30425209375 0.008094059375 0.2956657640625 0.015047134374999998 0.29082817968749997 0.023703471875 0.29265297968750004 0.0343693109375 0.356771503125 0.050273228125 0.3730099109375 0.054598465625 0.468714703125 0.05025563281249999 0.794096215625 0.02815661875 0.696003725 0.01784668125 0.36423203593750003 0.0353462953125 0.30425209375 0.008094059375
407 0.2934554828125 0 0.293141959375 0.001689315625 0.36242571562500003 0.0338471875 0.6707521921875 0.015192639062499999 0.5262038875 0 0.2934554828125 0