539 0.6064453125 1 0.6083984375 0.984375 0.5927734375 0.9752604171874999 0.5947265625 0.9505208328125001 0.61328125 0.9309895828125001 0.705078125 0.8854166671874999 0.8330078125 0.80859375 0.8359375 0.7552083328125 0.828125 0.6510416671875 0.82421875 0.5768229171875 0.814453125 0.5 0.779296875 0.4817708328125 0.7265625 0.4713541671875 0.7080078125 0.47265625 0.705078125 0.4440104171875 0.716796875 0.4166666671875 0.7080078125 0.4036458328125 0.677734375 0.4127604171875 0.625 0.4440104171875 0.6044921875 0.4557291671875 0.576171875 0.4401041671875 0.5439453125 0.4166666671875 0.515625 0.39453125 0.50390625 0.40625 0.4970703125 0.46484375 0.4833984375 0.4752604171875 0.4306640625 0.48046875 0.400390625 0.48046875 0.349609375 0.484375 0.3125 0.4908854171875 0.2841796875 0.47265625 0.25390625 0.4466145828125 0.2216796875 0.4348958328125 0.2060546875 0.4661458328125 0.1826171875 0.4661458328125 0.1591796875 0.4661458328125 0.15234375 0.5065104171875 0.1220703125 0.5208333328125 0.0693359375 0.54296875 0.0419921875 0.5638020828125 0.0322265625 0.6197916671875 0.025390625 0.6966145828125 0.0185546875 0.7981770828125 0.0185546875 0.8828125 0.0234375 0.96875 0.0390625 0.9817708328125001 0.0439453125 1 0.6064453125 1
1354 0.6357421875 0.65625 0.7109375 0.6575520828125 0.712890625 0.6380208328125 0.7080078125 0.5950520828125 0.703125 0.5455729171875 0.705078125 0.5052083328125 0.7099609375 0.4596354171875 0.712890625 0.4309895828125 0.7177734375 0.3984375 0.6943359375 0.4075520828125 0.6552734375 0.4283854171875 0.6171875 0.4479166671875 0.5927734375 0.4505208328125 0.56640625 0.4322916671875 0.5361328125 0.4075520828125 0.525390625 0.3971354171875 0.513671875 0.4075520828125 0.5 0.4322916671875 0.4931640625 0.4908854171875 0.4921875 0.54296875 0.4853515625 0.5833333328125 0.474609375 0.6419270828125 0.4990234375 0.6510416671875 0.52734375 0.6510416671875 0.57421875 0.6510416671875 0.6357421875 0.65625
1354 0.341796875 0.59765625 0.3681640625 0.6223958328125 0.404296875 0.67578125 0.4072265625 0.65625 0.3984375 0.6171875 0.37890625 0.57421875 0.349609375 0.5364583328125 0.330078125 0.5091145828125 0.298828125 0.484375 0.267578125 0.45703125 0.2353515625 0.4348958328125 0.2109375 0.4375 0.212890625 0.4557291671875 0.2109375 0.48046875 0.1962890625 0.46875 0.1728515625 0.4622395828125 0.1552734375 0.4817708328125 0.15234375 0.52734375 0.15234375 0.5559895828125 0.173828125 0.5638020828125 0.21484375 0.5703125 0.26171875 0.5833333328125 0.341796875 0.59765625
646 0.025390625 0.5247395828125 0.0341796875 0.5494791671875 0.05078125 0.5520833328125 0.0849609375 0.5390625 0.099609375 0.5234375 0.138671875 0.5 0.154296875 0.4401041671875 0.15234375 0.39453125 0.1357421875 0.3580729171875 0.11328125 0.3385416671875 0.0625 0.3385416671875 0.0361328125 0.3424479171875 0.0185546875 0.3541666671875 0.00390625 0.3736979171875 0.001953125 0.47265625 0.0205078125 0.5052083328125 0.025390625 0.5247395828125
1046 0.71484375 0.4440104171875 0.7177734375 0.4778645828125 0.736328125 0.47265625 0.7353515625 0.4505208328125 0.7421875 0.21484375 0.751953125 0.02734375 0.7197265625 0.02734375 0.712890625 0.1822916671875 0.7060546875 0.32421875 0.701171875 0.3919270828125 0.71484375 0.4440104171875
1601 0.849609375 0.61328125 0.8603515625 0.5885416671875 0.900390625 0.5794270828125 0.9306640625 0.57421875 0.939453125 0.5546875 0.9306640625 0.5299479171875 0.923828125 0.5065104171875 0.9208984375 0.4752604171875 0.9052734375 0.4557291671875 0.904296875 0.4309895828125 0.892578125 0.4166666671875 0.876953125 0.4153645828125 0.8740234375 0.4348958328125 0.875 0.4557291671875 0.861328125 0.46484375 0.8515625 0.4557291671875 0.837890625 0.453125 0.8193359375 0.4661458328125 0.8046875 0.484375 0.8193359375 0.5208333328125 0.82421875 0.55859375 0.826171875 0.58984375 0.8310546875 0.6263020828125 0.8330078125 0.67578125 0.8330078125 0.7252604171875 0.828125 0.7643229171875 0.82421875 0.79296875 0.8427734375 0.7994791671875 0.8603515625 0.7955729171875 0.8603515625 0.77734375 0.849609375 0.7682291671875 0.8466796875 0.7369791671875 0.8466796875 0.6575520828125 0.849609375 0.61328125
788 0.912109375 0.5403645828125 0.9208984375 0.5234375 0.92578125 0.4908854171875 0.916015625 0.4622395828125 0.90234375 0.4166666671875 0.8681640625 0.4192708328125 0.8720703125 0.46875 0.875 0.5 0.8603515625 0.5182291671875 0.86328125 0.54296875 0.87890625 0.55859375 0.9091796875 0.5611979171875 0.912109375 0.5403645828125
2001 0.81640625 0.4817708328125 0.8466796875 0.6354166671875 0.9462890625 0.6575520828125 0.94921875 0.0052083328125 0.8173828125 0.0026041671875 0.81640625 0.4817708328125
268 0.94921875 0.7395833328125 0.951171875 0.7747395828125 0.98828125 0.7955729171875 0.990234375 0.7057291671875 0.94921875 0.7395833328125
507 0.9814453125 1 0.98828125 0.984375 0.98828125 0.71875 0.974609375 0.7161458328125 0.62890625 0.9283854171874999 0.6044921875 0.94140625 0.591796875 0.96484375 0.5966796875 1 0.9814453125 1
283 0.0224609375 0.7317708328125 0.029296875 0.6692708328125 0.037109375 0.5924479171875 0.0615234375 0.5455729171875 0.111328125 0.5208333328125 0.1337890625 0.5143229171875 0.15234375 0.49609375 0.1484375 0.4713541671875 0.1640625 0.453125 0.1845703125 0.4557291671875 0.19921875 0.4557291671875 0.216796875 0.4231770828125 0.2470703125 0.4348958328125 0.27734375 0.4596354171875 0.3232421875 0.4934895828125 0.365234375 0.4817708328125 0.416015625 0.48046875 0.4609375 0.4778645828125 0.4970703125 0.4778645828125 0.4970703125 0.4479166671875 0.5 0.421875 0.5068359375 0.3919270828125 0.5546875 0.4231770828125 0.5859375 0.4401041671875 0.6064453125 0.44140625 0.638671875 0.4375 0.6689453125 0.4166666671875 0.6796875 0.4010416671875 0.6826171875 0.0052083328125 0.00390625 0.006510417187500001 0.001953125 0.8828125 0.0205078125 0.8723958328125001 0.0224609375 0.7317708328125
278 0.453125 0.3203125 0.4833984375 0.3177083328125 0.4970703125 0.19140625 0.4599609375 0.1940104171875 0.4140625 0.20052083281250002 0.392578125 0.3177083328125 0.453125 0.3203125
1250 0.3193359375 0.0481770828125 0.3330078125 0.07682291718749999 0.3466796875 0.1197916671875 0.3349609375 0.15625 0.4296875 0.1627604171875 0.4296875 0.0299479171875 0.3095703125 0.006510417187500001 0.2978515625 0.006510417187500001 0.2978515625 0.0481770828125 0.3193359375 0.0481770828125
788 0.5673828125 0.1393229171875 0.5693359375 0.1875 0.5712890625 0.20963541718749998 0.6064453125 0.21614583281250002 0.62890625 0.21614583281250002 0.625 0.1848958328125 0.615234375 0.1510416671875 0.611328125 0.1171875 0.6103515625 0.09244791718749999 0.5966796875 0.07942708281250001 0.5810546875 0.07942708281250001 0.5732421875 0.09505208281250001 0.57421875 0.1171875 0.5673828125 0.1393229171875
278 0.388671875 0.4010416671875 0.3857421875 0.45703125 0.390625 0.48046875 0.4423828125 0.4778645828125 0.474609375 0.48046875 0.4833984375 0.4622395828125 0.4921875 0.4375 0.4951171875 0.4010416671875 0.4921875 0.3697916671875 0.4140625 0.3606770828125 0.40234375 0.3697916671875 0.40234375 0.3880208328125 0.388671875 0.4010416671875
1917 0.58984375 0.3606770828125 0.5830078125 0.3893229171875 0.5966796875 0.3984375 0.6220703125 0.39453125 0.6201171875 0.3645833328125 0.6171875 0.3424479171875 0.625 0.3203125 0.625 0.2955729171875 0.61328125 0.27734375 0.6103515625 0.2591145828125 0.58984375 0.2643229171875 0.587890625 0.2799479171875 0.576171875 0.2981770828125 0.5830078125 0.32421875 0.58984375 0.3606770828125
971 0.3837890625 0.3046875 0.404296875 0.3177083328125 0.4306640625 0.3177083328125 0.4423828125 0.3059895828125 0.439453125 0.2747395828125 0.44140625 0.25 0.427734375 0.24088541718749998 0.4140625 0.22526041718749998 0.404296875 0.1979166671875 0.388671875 0.203125 0.3818359375 0.21875 0.37890625 0.24348958281250002 0.376953125 0.2682291671875 0.3837890625 0.3046875
303 0.0849609375 0.2643229171875 0.0966796875 0.2747395828125 0.1298828125 0.2734375 0.1708984375 0.2734375 0.1865234375 0.23697916718749998 0.1982421875 0.21875 0.1826171875 0.1875 0.15234375 0.1848958328125 0.1318359375 0.1783854171875 0.103515625 0.1901041671875 0.07421875 0.1901041671875 0.0390625 0.203125 0.0546875 0.22786458281250002 0.07421875 0.24348958281250002 0.087890625 0.24609375 0.0849609375 0.2643229171875
647 0.0439453125 0.3203125 0.080078125 0.3138020828125 0.064453125 0.2981770828125 0.05078125 0.27734375 0.0322265625 0.265625 0.013671875 0.28125 0.0048828125 0.3138020828125 0.0224609375 0.3203125 0.0439453125 0.3203125
278 0.3056640625 0.1966145828125 0.291015625 0.19140625 0.291015625 0.3229166671875 0.32421875 0.3203125 0.3056640625 0.1966145828125
646 0.2060546875 0.06510416718749999 0.2177734375 0.05598958281250001 0.216796875 0.0338541671875 0.203125 0.014322917187500001 0.1943359375 0.0026041671875 0.142578125 0.0052083328125 0.138671875 0.03125 0.1484375 0.05208333281250001 0.1728515625 0.05859375 0.2060546875 0.06510416718749999
1917 0.330078125 0.06380208281250001 0.3115234375 0.0455729171875 0.2890625 0.0546875 0.291015625 0.15625 0.326171875 0.1575520828125 0.33984375 0.1419270828125 0.3427734375 0.1080729171875 0.330078125 0.06380208281250001
278 0.5439453125 0.09505208281250001 0.5205078125 0.09895833281250001 0.5185546875 0.20703125 0.5576171875 0.20963541718749998 0.5439453125 0.09505208281250001
278 0.3095703125 0.48046875 0.3330078125 0.4895833328125 0.330078125 0.4153645828125 0.31640625 0.41015625 0.30078125 0.3919270828125 0.2890625 0.3893229171875 0.287109375 0.45703125 0.2939453125 0.47265625 0.3095703125 0.48046875
788 0.330078125 0.4596354171875 0.32421875 0.4817708328125 0.337890625 0.4778645828125 0.376953125 0.4752604171875 0.3740234375 0.4505208328125 0.36328125 0.4466145828125 0.3603515625 0.42578125 0.353515625 0.4036458328125 0.337890625 0.3671875 0.330078125 0.37890625 0.31640625 0.3971354171875 0.3212890625 0.42578125 0.330078125 0.4596354171875
268 0.2392578125 0.07421875 0.1123046875 0.05729166718749999 0.0634765625 0.06380208281250001 0.115234375 0.07682291718749999 0.240234375 0.09375 0.2392578125 0.07421875
278 0.822265625 0.99609375 0.8271484375 0.9908854171874999 0.9404296875 0.9973958328125001 0.9892578125 0.93359375 0.9833984375 0.9231770828125001 0.9638671875 0.9114583328125001 0.8046875 0.8932291671874999 0.8046875 0.8828125 0.7705078125 0.8736979171874999 0.703125 0.953125 0.703125 0.9778645828125001 0.822265625 0.99609375
789 0.861328125 0.9036458328125001 0.8857421875 0.8984375 0.9130859375 0.90234375 0.94140625 0.9140625 0.958984375 0.90234375 0.9677734375 0.8580729171874999 0.9423828125 0.828125 0.919921875 0.8463541671874999 0.92578125 0.8307291671874999 0.951171875 0.8111979171874999 0.9423828125 0.79296875 0.91796875 0.796875 0.900390625 0.7916666671875 0.8828125 0.8125 0.8056640625 0.8658854171874999 0.8173828125 0.8828125 0.8388671875 0.90625 0.861328125 0.9036458328125001
1675 0.20703125 0.3216145828125 0.2060546875 0.2760416671875 0.1142578125 0.2760416671875 0.072265625 0.2760416671875 0.0654296875 0.31640625 0.0966796875 0.3190104171875 0.20703125 0.3216145828125
278 0.2529296875 0.3138020828125 0.2685546875 0.1953125 0.232421875 0.1666666671875 0.177734375 0.1666666671875 0.19921875 0.20703125 0.20703125 0.3138020828125 0.2529296875 0.3138020828125
1917 0.0986328125 0.0364583328125 0.095703125 0.05338541718749999 0.126953125 0.05729166718749999 0.1201171875 0.03125 0.0986328125 0.0364583328125
306 0.0654296875 0.5 0.037109375 0.49609375 0.0244140625 0.51171875 0.03125 0.5416666671875 0.087890625 0.5325520828125 0.0947265625 0.50390625 0.0654296875 0.5
278 0.6630859375 0.125 0.6201171875 0.1276041671875 0.625 0.20833333281250002 0.65625 0.21744791718749998 0.6630859375 0.125
1072 0.55078125 0.0338541671875 0.5810546875 0.0403645828125 0.560546875 0.0182291671875 0.55078125 0.0338541671875
301 0.59375 0.013020832812499999 0.6025390625 0.0338541671875 0.623046875 0.0338541671875 0.6279296875 0.01171875 0.59375 0.013020832812499999
888 0.51953125 0.02734375 0.5458984375 0.01953125 0.53515625 0.0026041671875 0.513671875 0.0013020828125 0.51953125 0.02734375
676 0.97265625 0.006510417187500001 0.9638671875 0.7096354171875 0.98828125 0.6901041671875 0.9853515625 0.0026041671875 0.97265625 0.006510417187500001
1340 0.0556640625 0.00390625 0.0556640625 0.0403645828125 0.1328125 0.04296875 0.1376953125 0.0026041671875 0.0556640625 0.00390625
1540 0.0048828125 0.06119791718749999 0.0546875 0.07942708281250001 0.0419921875 0.01171875 0.0107421875 0.0026041671875 0.0048828125 0.06119791718749999
647 0.3056640625 0.23828125 0.3173828125 0.30859375 0.337890625 0.30078125 0.3330078125 0.23828125 0.3134765625 0.22916666718749998 0.3056640625 0.23828125