80 0.46656041718749997 0.5735463828125 0.46435445781249995 0.5631681578125 0.474135934375 0.5610890421875 0.443450003125 0.44558149374999995 0.340317846875 0.4702146890625 0.33525011562499996 0.4848507609375 0.3584126921875 0.5938221125 0.370701953125 0.593921728125 0.373459403125 0.606894509375 0.46656041718749997 0.5735463828125
51 0.15707076874999998 0.5796713046875 0.1412639234375 0.6399785078125 0.171700190625 0.744692009375 0.1948739078125 0.74790161875 0.2031984171875 0.7678264203125 0.20373876562499998 0.8761827171875 0.23303103281249998 0.8889389046874999 0.24742193124999998 0.937403821875 0.23899309999999999 0.955466096875 0.2416983875 0.987432415625 0.2786183328125 0.9687377250000001 0.31769207499999996 0.9794147953125 0.338607671875 0.9912397203125 0.353456878125 0.9745245312499999 0.34513236875 0.9545997296875001 0.3133323171875 0.9396648093750001 0.29131374062500004 0.922650771875 0.3022503578125 0.9067672265625 0.2866521578125 0.8911002765625 0.2838947078125 0.8781274968749999 0.30717274687499996 0.84335003125 0.3061740890625 0.8001738406250001 0.289774734375 0.7711182859375 0.2725220640625 0.7476676671875 0.3264971765625 0.722636009375 0.34134638281249996 0.70592081875 0.22749739687499998 0.5647016640625 0.1897762984375 0.5700077515624999 0.1643444609375 0.5754134546875 0.15707076874999998 0.5796713046875
676 0.7401697984375 0.7160605421875 0.6367915234375 0.22008452812499998 0.526385678125 0.24897557343750001 0.6200867984375 0.7090436265625 0.7401697984375 0.7160605421875
2001 0.7471416640624999 0.720002184375 0.8859864625 0.7094722625000001 0.7673639734375 0.170636265625 0.6460215109375 0.21541085624999998 0.7471416640624999 0.720002184375
2001 1 0.46839241875 0.9289353218749999 0.12273432343749999 0.7791017453125 0.1681413265625 0.900783509375 0.711750609375 1 0.71054103125 1 0.46839241875
423 0.971128096875 0.523244565625 0.9140415484375 0.5624964734375 0.85158544375 0.624583946875 0.784363434375 0.693108 0.74548719375 0.7122185156249999 0.7292331828124999 0.7319440859374999 0.7288791953125 0.759137115625 0.7433222546875 0.78860849375 0.755007865625 0.8051070921875001 0.775975621875 0.7979384781250001 0.783800803125 0.796275184375 0.782187353125 0.87525971875 0.896900796875 0.9051121984374999 0.9872965234375 0.8397977546875 0.94738060625 0.728963878125 0.9777348343750001 0.660140978125 0.9738855453124999 0.5362173453125 0.971128096875 0.523244565625
1567 0.3847722890625 0.3522944546875 0.4649879875 0.73929911875 0.5202635812499999 0.74924415625 0.5949567859375 0.7062498390624999 0.516947046875 0.3296234 0.3847722890625 0.3522944546875
1567 0.36235516093750003 0.7855204062500001 0.41341633906249997 0.8044965843749999 0.5188587765625 0.7522545359375 0.4782981890625 0.5710514421874999 0.42216927968749995 0.5667113390625 0.3324293640625 0.596633259375 0.36235516093750003 0.7855204062500001
423 0.5264001375 1 0.7470672203125 0.9505192031249999 0.7043416921875 0.8457060859375 0.7401176375 0.7350540796875 0.74248008125 0.6884516890625 0.7264347124999999 0.6322031046875 0.6884639499999999 0.6267151453124999 0.6008778328125 0.6860088296875 0.5796604109375 0.6823833968749999 0.5581411640625 0.686957453125 0.526236790625 0.710009609375 0.50130428125 0.7370034078125001 0.4733646578125 0.7402303796874999 0.4571106453125 0.7599559499999999 0.4374955328125 0.783107721875 0.4569020015625 0.835930103125 0.5145810578125001 0.886040953125 0.5148142671875 1 0.5264001375 1
1506 0.4548302421875 0.9800947437499999 0.5614278203125 0.91404826875 0.46106425624999997 0.8458925046875001 0.355819321875 0.9279221375000001 0.357171965625 0.9439052984374999 0.4548302421875 0.9800947437499999
162 1 0.4985788734375 0.982877009375 0.41498788593749997 0.70959933125 0.456804175 0.617903121875 0.487141921875 0.6530531328125 0.6044123796875 1 0.6727288359375 1 0.4985788734375
1658 0.23085849687499999 0.5612754609375 0.3035432453125 0.5376905046875 0.281982978125 0.455496359375 0.21602043124999998 0.47222891093749997 0.23085849687499999 0.5612754609375
962 0.3087451765625 0.6775972953125 0.3319710546875 0.6618133671875001 0.3123670828125 0.5792034 0.2620548984375 0.5926093625 0.3087451765625 0.6775972953125
154 0.176354178125 0.37218908281249996 0.16747817812500002 0.349669725 0.1057300484375 0.3573711390625 0.1028682765625 0.382385434375 0.176354178125 0.37218908281249996