787 0.9528934953125001 0.1990714515625 0.9530040078124999 0.234281740625 0.9959820171875 0.23523025312499998 0.9997042546875001 0.2015247 0.9528934953125001 0.1990714515625
1073 0.7902354984375 0.186635296875 0.7570778781249999 0.1848975796875 0.7740609671875001 0.2340308234375 0.7902354984375 0.186635296875
1073 0.8744151296875 0.2784062703125 0.8494258109375 0.23276504843749998 0.8297850359375 0.234343459375 0.8012051734375 0.2758733703125 0.8324123453125001 0.27750886874999997 0.8239410859375 0.420490634375 0.8307676546874999 0.4208484 0.8422327328125 0.2767196625 0.8744151296875 0.2784062703125
304 0.576600659375 0.363196484375 0.58469621875 0.37665945624999997 0.58403594375 0.40791773906250006 0.573465953125 0.42301023125 0.60265453125 0.4258438125 0.5956023421875 0.4111316484375 0.5968971125 0.38642597031250003 0.5973059859375 0.37862417812500004 0.6208734375 0.3394393171875 0.6112363046875 0.3180723328125 0.6062027078125001 0.302162090625 0.59352479375 0.30149766875 0.58524598125 0.3101908859375 0.571320259375 0.31467655156249996 0.5638122328125 0.32732177500000004 0.5652856609375 0.336526084375 0.576600659375 0.363196484375
1050 0.173139634375 0.22470366562500002 0.2024645046875 0.2249366484375 0.1790637203125 0.16764384375000002 0.1587203046875 0.16396995 0.133496171875 0.2161066890625 0.16136879843750002 0.225390653125 0.15231000625 0.3422642234375 0.143758609375 0.3561586359375 0.1769843765625 0.35659605625 0.176486171875 0.347442853125 0.1638082578125 0.34677843125 0.173139634375 0.22470366562500002
1754 0.0763724203125 0.69032946875 0.15493092343749998 0.7400820046875001 0.1536877125 0.6891659109375 0.17567581875 0.5495002718750001 0.20652107968750003 0.5393819718749999 0.2156857875 0.51378486875 0.177085696875 0.5039387015625 0.042368471875 0.4994862125 0.0074178765625 0.513300971875 0.0480107828125 0.55975994375 0.0480273703125 0.6340814171875 0.0763724203125 0.69032946875
423 0.1745716984375 0.7385035921875 0.2874720796875 0.7300778796875 0.3821111890625 0.7715460703125 0.4454795765625 0.7566128828124999 0.44946520625 0.8298384953125 0.45831036875000003 0.82899818125 0.460176084375 0.756079225 0.469225684375 0.7513380140625 0.4709293296875 0.718830540625 0.4705720125 0.6510105625 0.469396946875 0.5987941718750001 0.47631744062500003 0.5600407515625 0.4770458609375 0.52748216875 0.45293784062500003 0.521003240625 0.39657927656249997 0.514138003125 0.34176228750000004 0.5151767765625 0.32770946562500003 0.4101306796875 0.3071873921875 0.372546796875 0.2506925375 0.3682821578125 0.1776400546875 0.3814039515625 0.1730439125 0.5624010421875 0.178413640625 0.6278759703125 0.1745716984375 0.7385035921875
1354 0.3030774625 0.43230943593750004 0.2201576296875 0.4657760296875 0.323155690625 0.6276383578125 0.3547505546875 0.6032167687500001 0.3030774625 0.43230943593750004
1754 0.7004339468749999 0.8925382796875001 0.758585484375 0.883851040625 0.7869655046874999 0.7901558453125 0.80651695 0.7716224390625 0.8007125687500001 0.751760190625 0.724487609375 0.7321189671874999 0.6828467375 0.742975365625 0.6795333734375 0.7688791234375 0.7053192593750001 0.7806614671875 0.7004339468749999 0.8925382796875001
354 0.8293817593749999 0.7271852765625 0.8078844625 0.6895502828125 0.8045075484374999 0.6606881609374999 0.797612834375 0.66163069375 0.793690753125 0.6431709640625 0.773300375 0.6590526624999999 0.7755491859375 0.6161428 0.7629394171875 0.6141780796874999 0.7578118968750001 0.637379021875 0.7431835343750001 0.6366123828125 0.7361783078124999 0.6023446265625 0.7248375296875 0.6134851140625 0.744201125 0.673174078125 0.72868686875 0.6893113234375 0.7231974359375 0.7007584671875 0.7300875546875 0.7558821124999999 0.7905514515625 0.759050890625 0.7931409921875 0.709639534375 0.82019586875 0.7345270859374999 0.8293817593749999 0.7271852765625
1917 0.7666800406250001 0.35620780937499996 0.7721271062499999 0.308250078125 0.783105971875 0.28535579218749996 0.7498120593750001 0.28621867343749996 0.7553650421875 0.3295374109375 0.7578348765625 0.357048125 0.7666800406250001 0.35620780937499996
1340 0.682892696875 0.18231356875 0.6615059109375 0.179888865625 0.6565994140625 0.273510384375 0.6772154140625 0.27198308125000004 0.682892696875 0.18231356875
1340 0.7080440875 0.1875433078125 0.6905581984375 0.1853230421875 0.6871720921875 0.268593278125 0.703750903125 0.26946213750000003 0.7080440875 0.1875433078125
1073 0.5787739281250001 0.1351330890625 0.572057871875 0.1699856109375 0.579041915625 0.18599807343750002 0.581626859375 0.19265289375 0.6156915578125 0.19574202031250001 0.6185960484375 0.1776400546875 0.6294598046875 0.175601659375 0.619303284375 0.1268261796875 0.6057864375 0.12351005156249999 0.6110124796874999 0.00513174375 0.6022354625 0.0046717609375 0.59435633125 0.11769554374999999 0.5787739281250001 0.1351330890625
1771 0.57079168125 0.399400415625 0.45609832499999997 0.42337860625 0.61319874375 0.448562203125 0.72816468125 0.41938281718750003 0.57079168125 0.399400415625
2001 0.4137612046875 0.074330328125 0.2302404046875 0.030811784375 0.2259500203125 0.355250625 0.3971594140625 0.35379236718749996 0.4137612046875 0.074330328125
581 0.4490783078125 0.0162031875 0.38031441250000003 0.0034723343750000003 0.35589244531249997 0.5067902156249999 0.41392887500000003 0.5189588671875 0.4490783078125 0.0162031875
753 0.13495861250000002 0.6360295515625001 0.149723265625 0.6341955921875 0.17031528125 0.37189298593750003 0.1972596453125 0.36157024843749996 0.174876453125 0.340839140625 0.05083973125 0.35650444531250003 0.052470634375000005 0.381363453125 0.14135232343749998 0.383413803125 0.13495861250000002 0.6360295515625001
1675 0.2048414171875 0.8326647484375 0.3642587921875 0.813638184375 0.36312609375 0.7979323796875 0.333009253125 0.7754920984375 0.31396060625 0.7471125265625 0.161280471875 0.7495418609375 0.15622109687500002 0.7714425046875 0.1581927296875 0.7898000171875 0.17751395781249998 0.8129783937499999 0.2048414171875 0.8326647484375
1675 0.1727289625 0.53109165 0.1776520453125 0.5117916046875 0.16978210625 0.5126830296875 0.1696246328125 0.49702833437500005 0.10809618125 0.47685345 0.043118075 0.48518292343749997 0.0480153796875 0.5036937640625 0.0481728546875 0.5193484609375 0.0802401421875 0.541890959375 0.1727289625 0.53109165
539 0.9677751296875 1 0.988940021875 0.6494919343750001 0.9856054750000001 0.6571404000000001 0.8805538500000001 0.6464193953125 0.87193430625 0.66161410625 0.8633525343749999 0.7693855859375 0.8503338921875001 0.775222659375 0.7308233703125 0.9097773640625 0.6130045015625 0.8814369453124999 0.5701370046875 0.9156987203125 0.5579057359374999 0.9998092734374999 0.5623578234375 1 0.9677751296875 1
423 0.8406561890625 0.418758896875 0.9452989390625 0.43728169218749996 0.947517375 0.4882488953125 0.98360066875 0.49013994062500005 0.98914625625 0.3470048453125 0.8840946296875 0.33628384218749996 0.8743847546874999 0.3722833359375 0.84353949375 0.3824016359375 0.8406561890625 0.418758896875
1225 0.82980901875 0.4951187640625 0.9027463921875001 0.502852859375 0.9049906078125 0.516009178125 0.9264455390625 0.5171335828125 0.932139409375 0.50178554375 0.9436376609374999 0.5062997515625 0.9460651296875 0.49729987812500004 0.94502635625 0.44248288750000003 0.8365508546875 0.42245535624999997 0.8101046937499999 0.44193129531249997 0.8021620125 0.500189196875 0.8244558765625 0.5039653093750001 0.82980901875 0.4951187640625
1225 0.141404884375 0.8488982343749999 0.13416025 0.968474621875 0.16879129843750001 0.9794166499999999 0.4175416046875 0.99114923125 0.42396849062499997 0.8871764296875 0.42016151874999996 0.8478608078125 0.3846491703125 0.7977564859374999 0.3758297859375 0.7607859140625 0.353582884375 0.7374542109375 0.27223040468750004 0.741013928125 0.192262025 0.7368229640624999 0.1463795265625 0.7539764171875001 0.14290868750000002 0.7642254796875 0.1485298171875 0.8062439187500001 0.141404884375 0.8488982343749999
1999 0.5089786546874999 0.254039075 0.5064452703125 0.17176248125 0.49590105781249993 0.1490440875 0.4800248890625 0.153427534375 0.4616531046875 0.168111153125 0.455865309375 0.222570378125 0.4454739765625 0.27157285937500003 0.44047815156250003 0.348239384375 0.4833152734375 0.40785467343750004 0.49638547343750006 0.32639582968749997 0.5089786546874999 0.254039075
831 0.8119280421875 0.3325017515625 0.8153307359375 0.3235529875 0.8105909062500001 0.32069684375 0.8179626421874999 0.3106522171875 0.8127246078124999 0.298642871875 0.8036068625 0.3046843828125 0.8002723156249999 0.312332846875 0.8001148406249999 0.2966781515625 0.79043074375 0.294866759375 0.7888422078125 0.306518340625 0.7901793453125 0.3183232484375 0.7807678328125001 0.3113106609375 0.7834421046875 0.33492047812500003 0.783169521875 0.3401216734375 0.7854137359375 0.353277990625 0.7919677218750001 0.3588369515625 0.8017199640625 0.35934804374999996 0.8044881609375001 0.3438466765625 0.8041943953124999 0.33079257812499996 0.8119280421875 0.3325017515625
539 0.6924598875 0.50356704375 0.7823425796875 0.46785761875 0.7860436359375 0.4158967734375 0.7603940406249999 0.4015138328125 0.7177613578125001 0.337997646875 0.625476975 0.344896059375 0.6160396828125 0.3756943578125 0.6980478406249999 0.3969425359375 0.6924598875 0.50356704375
581 0.8835282812499999 0.328430940625 0.93968240625 0.339197075 0.951744209375 0.10904417343749999 0.8744970640625 0.1089074328125 0.8576015078125 0.3753153734375 0.8643599296875 0.3769734390625 0.8835282812499999 0.328430940625
423 0.6874686578125 0.5241673890625 0.6283207140625 0.514548225 0.6178188687499999 0.5283404203125001 0.6342825703125 0.55006516875 0.609599009375 0.6478656968750001 0.633387484375 0.6791014140625 0.6488805578125 0.644708875 0.690248846875 0.6390536734375 0.7211834374999999 0.6458903671875 0.727213440625 0.6801070124999999 0.732430290625 0.6738610656249999 0.724705834375 0.5600195328125 0.7308555421875 0.51731410625 0.7476903484374999 0.438660296875 0.7555179203125 0.40125828593749996 0.7288461390625 0.40637982812500006 0.7106999765625 0.43541784375 0.7078166703125001 0.471775103125 0.6874686578125 0.5241673890625
423 0.55034974375 0.4909038859375 0.539669240625 0.470786090625 0.5299169984375001 0.4702749984375 0.5002514 0.47654351093749997 0.47848151874999995 0.4441097140625 0.44850097031249997 0.4190688359375 0.40919823749999995 0.40397036406250003 0.39597515625 0.41370833281249997 0.4126387 0.4875983671875 0.4086908421875 0.506949521875 0.4890892796875 0.5215939875 0.4828714265625 0.5655997125 0.4831136359375 0.6542755828125 0.5366828171875 0.65838689375 0.5514216921874999 0.694363821875 0.5385439375 0.64153411875 0.5424963921875 0.5661167828125 0.5501407109375 0.5508709625 0.55034974375 0.4909038859375
423 0.5889286515625 0.4824947578125 0.5950056171875 0.49715581249999996 0.5855637296875 0.5840202890625 0.659067453125 0.5996072890625 0.674513565625 0.5847703421875 0.674339503125 0.4947941734375 0.6869115 0.40418212656249997 0.67992745625 0.388169665625 0.647949496875 0.3825821609375 0.60853165625 0.38833958125 0.5969818453125 0.45944714375 0.5952570171875 0.47369932343750004 0.5889286515625 0.4824947578125
804 0 0.6361326328125 0.09408393125 0.7069041328125001 0.0940719390625 0.5765164796875 0.04563946875 0.437071865625 0.062351771874999996 0.192820115625 0.0867581546875 0.15628696250000002 0.021690718749999997 0.1476614421875 0 0.6152024359375 0 0.6361326328125
612 0.1348453 0.3582992515625 0.1531277546875 0.3266606359375 0.1369790015625 0.336245278125 0.1240754671875 0.321226459375 0.10305059375 0.33055555625 0.0880133578125 0.337590709375 0.077694765625 0.3292267125 0.0879663953125 0.3571463015625 0.10517970000000001 0.3645677640625 0.1348453 0.3582992515625
1596 0.9486003109375 0.28099028125 0.990603096875 0.281887684375 0.991740390625 0.24152730781249998 0.9498057531249999 0.2393296078125 0.9486003109375 0.28099028125
994 0.070539459375 0.46575809531249995 0.0721961421875 0.452806215625 0.006515393749999999 0.455883384375 0.000314128125 0.5742105828125 0.0521373 0.574318778125 0.07577749218749999 0.477767440625 0.070539459375 0.46575809531249995
581 0.2132111078125 0 0.1930649828125 0.3483117109375 0.20680744999999998 0.36598223750000003 0.277500609375 0.36056001718749997 0.29061166250000003 0 0.2132111078125 0
581 0.642189278125 0.10064430937499999 0.600527221875 0.0932454125 0.582865475 0.29963516874999996 0.6269973656250001 0.334544778125 0.642189278125 0.10064430937499999
423 0.4526790453125 0.358005896875 0.4221745140625 0.3616227046875 0.4224894625 0.39293209687499997 0.4678691609375 0.42269162031249996 0.4724303328125 0.391637775 0.4526790453125 0.358005896875
1354 0.7461321875 0.3564348125 0.705943559375 0.3582402265625 0.7190938984375 0.405868734375 0.753976346875 0.3933542734375 0.7461321875 0.3564348125
1354 0.935938984375 0.3546473328125 0.8996466578125 0.41272336249999997 0.9313520343749999 0.4235120640625 0.9668735749999999 0.3614840265625 0.935938984375 0.3546473328125
291 0.032213746875 0.152124540625 0.048724412499999994 0.1542937 0.056441471875 0.0816813984375 0.049525575 0.0643686390625 0.052634501562500005 0.0423657765625 0.04197518125 0.0405032765625 0.04151934375 0.0678606609375 0.0349183953125 0.0818572921875 0.032213746875 0.152124540625
753 0.8108377093750001 0.3533065328125 0.7544109999999999 0.3477415953125 0.7466985359375 0.3642877140625 0.7541126390625 0.39075367656250004 0.76227634375 0.40291635000000003 0.7823471765625001 0.41179144062499995 0.7839522999999999 0.4744613328125 0.7970390890625 0.4673239609375 0.804074690625 0.40771464843749994 0.8148279359374999 0.370465965625 0.808410240625 0.3623064078125 0.8108377093750001 0.3533065328125
1506 0.68538191875 0.5266657671874999 0.7310342000000001 0.551224096875 0.9800994546874999 0.5942660703125 0.984665221875 0.5071460437499999 0.8013700437500001 0.477981896875 0.68538191875 0.5266657671874999
1506 0.5550563187499999 1 0.56839099375 0.9116956046875 0.6033885515625 0.878325253125 0.727058765625 0.9069723296875001 0.7379013390625 0.886678640625 0.5704611468749999 0.8348757546875 0.3892996703125 0.7836576359375 0.39120315625 0.803315446875 0.4232234828125 0.8454135375 0.42766495000000004 0.8912817640625 0.42019469374999996 0.9965037546875 0.525979225 1 0.5550563187499999 1
819 0.5544762609375 0.5054627203125001 0.48051210468749994 0.5732992859375 0.4730584359375 0.75284275 0.38873332031249996 0.7758047328125001 0.3883925921875 0.7823062281250001 0.753777509375 0.8822951937499999 0.8494949593750001 0.7725709515625 0.8595879296875 0.76658055 0.8703245875000001 0.6550103953125 0.8788078390624999 0.6424162796874999 0.9782125562499999 0.64892973125 0.9786002484375 0.62287264375 0.9799631625 0.596866665625 0.7094429765625 0.5527002890625 0.6816173140624999 0.5238607328125 0.5544762609375 0.5054627203125001
1939 1 0.289179015625 0.9808656453125 0.6542842546875 0.99186569375 0.6496452625 1 0.494433459375 1 0.289179015625
1939 1 0.0256166359375 0.84402290625 0.0186471734375 0.5807805312500001 0.0035473546874999996 0.5601323609375 0.3975379140625 0.5816554375 0.3973620203125 0.5809316140624999 0.373854421875 0.5701829640625 0.355036925 0.68823205 0.3416655625 0.7188728734375001 0.33544815781250004 0.7376277531250001 0.3507736328125 0.74835521875 0.3513358359375 0.8157819765625 0.35226178125 0.79982846875 0.4700778859375 0.8056798140625 0.470384540625 0.8117613765625 0.428979415625 0.8399535468750001 0.41350659062500006 0.8436757859374999 0.3798010390625 0.8557192046875001 0.37391285625 0.8678021906250001 0.16201525 1 0.1664028625 1 0.0256166359375
1939 0.026640470312499998 0 0.0198084171875 0.14625892499999998 0.0915661296875 0.15784280781249999 0.0931758484375 0.164446521875 0.0643022203125 0.19292233281249999 0.0471810421875 0.444975878125 0.07409962656249999 0.47246402656250003 0.0654285265625 0.563280509375 0.101171090625 0.57167305 0.09790009375 0.634087396875 0.17533049375 0.612067946875 0.1666943640625 0.5529411843750001 0.34573132968750003 0.5140809156249999 0.47146710000000003 0.52197431875 0.5538159859375 0.536721003125 0.576879634375 0.0033429171875 0.513092971875 0 0.026640470312499998 0