1250 0.6740334953125 0.382612925 0.6470932375 0.5007364937500001 0.7736311171875 0.525332965625 0.7959915453125 0.41029853125000004 0.6740334953125 0.382612925
410 0.41896241874999995 0 0.3901564375 0.021021934375000002 0.30377729531250003 0.0559632375 0.2867420421875 0.1640740578125 0.40870009218750003 0.1917596625 0.4592936953125 0.1976147015625 0.426067428125 0.286660859375 0.46153859218750004 0.3293700140625 0.49764736093749995 0.348326934375 0.539503425 0.29677249687499996 0.543760025 0.233930103125 0.5988257140625 0.21677825468749998 0.6666789078125 0.29761673437499997 0.7135457734374999 0.322644178125 0.7268542874999999 0.2337057640625 0.74261433125 0.1730994125 0.74090815 0.1409328671875 0.70085715625 0.101312846875 0.6739080453125 0.076177659375 0.6444310796875 0.018716210937499998 0.5481445234375 0 0.41896241874999995 0
1250 0.7008660109375 0.24457160312499998 0.6777602328125 0.36344051875 0.8004636312500001 0.38729164374999997 0.8235694078125 0.2684227265625 0.7008660109375 0.24457160312499998
1754 0 0.66960536875 0.7745019140625 0.8279337515625 0.6182313125000001 0.5468580109375 0.273873353125 0.4759422421875 0 0.65441415 0 0.66960536875
1373 1 0.156082265625 0.9777928921875001 0.1710611484375 0.89058721875 0.619695446875 0.927971196875 0.5911478984375 0.9748380624999999 0.6161753421875 0.985380671875 0.5824103593750001 0.9860182765625 0.5586581234375 0.9544893374999999 0.5366120703124999 0.973554 0.5204210546875 0.9848419578125001 0.48282159062499996 0.9915500859374999 0.44831126093749996 1 0.42016513906249997 1 0.3419302265625 0.99548345625 0.3257156046875 1 0.3282641765625 1 0.24985206249999997 0.9957978328125 0.24221010937499998 1 0.24045316093750002 1 0.156082265625
300 0.5023437859375 0.508414309375 0.4892419046875 0.4939294765625 0.48455433281250004 0.47710085625 0.49445933750000004 0.46708810781250004 0.489771765625 0.4502594875 0.4720900546875 0.4388637875 0.45068160625000003 0.4466404921875 0.4399235109375 0.44056996875000004 0.41233679375000004 0.43918701562500007 0.41627901874999995 0.4598501171875 0.3910360890625 0.466881475 0.394232965625 0.4913790578125 0.37974813125 0.5044809390625 0.39295775625 0.5388835265624999 0.37432406406249996 0.6347455562500001 0.387425946875 0.649230390625 0.4166111015625 0.662862134375 0.4487776453125 0.661155953125 0.46635161406250003 0.6526339 0.48040547499999997 0.559861003125 0.48871204218750003 0.5375994640624999 0.502451528125 0.5283320640625 0.5023437859375 0.508414309375
436 0.40626627031250007 0.4499451125 0.3280859515625 0.442707121875 0.3108352125 0.5109824359374999 0.403608109375 0.525036296875 0.40626627031250007 0.4499451125
436 0.5788179234374999 0.48348575625 0.5044720859375 0.47699311250000004 0.49797944375 0.55133895 0.5639109703125 0.5601753796875 0.5788179234374999 0.48348575625
436 0.7038739609375 0.659009946875 0.683210859375 0.6629521703125001 0.70877701875 0.7156740734375 0.727949425 0.7194008109375 0.7642648265624999 0.6349344828125 0.8203902390625 0.53044265625 0.7926957796874999 0.5091419515625 0.783536121875 0.51532021875 0.7561648921875 0.5537727734375 0.7038739609375 0.659009946875
1373 0.747005234375 0.559951040625 0.7598916296875 0.5346003671874999 0.7323049140625 0.5332174140625 0.73294251875 0.5094651796874999 0.71760459375 0.5064837890625 0.699285278125 0.5188403234375001 0.6801128734375 0.5151135859375 0.68330975 0.5396111671875 0.6711687015625001 0.561127359375 0.6812891921875 0.59095011875 0.6644605718750001 0.595637690625 0.6684027968749999 0.6163007921875 0.7113274374999999 0.620665134375 0.7227231375 0.6029834234375 0.747005234375 0.559951040625
436 0.7513784296875 0.66028515625 0.73551064375 0.700973753125 0.7164459812499999 0.71716476875 0.7295478625 0.7316496031249999 0.763636075 0.8019454734375 0.778974 0.8049268640625 0.7947340421875 0.7443205125000001 0.815073915625 0.6806250281249999 0.876632246875 0.5891273406249999 0.88344811875 0.5745347640625 0.8373266015624999 0.5456728390625 0.8129367625 0.56878746875 0.7969612328125 0.5895583125 0.7513784296875 0.66028515625
423 0.8466316953125 1 0.8501318140624999 0.9301806796875001 0.8720701249999999 0.8787339875000001 0.8954991296875001 0.81961833125 0.906041740625 0.7858533484375 0.9575873234375001 0.68445065625 0.9750535484375 0.6560108484375 0.9756911531249999 0.6322586140625 0.9264805015625001 0.5988168609375 0.8837713468749999 0.634288025 0.8305195828124999 0.703524171875 0.7903697000000001 0.787245153125 0.7599093359375 0.8211178796875 0.743296203125 0.8656409578125001 0.76268409375 0.9092032031249999 0.743727175 0.9453119718749999 0.7268985546875 0.9499995437500001 0.7145595046875 1 0.8466316953125 1
436 0.15628849843749998 0.5485907531249999 0.20357748281250002 0.5100304546875 0.1932415046875 0.44037218906250003 0.176835003125 0.38147201875 0.1393432828125 0.390101815625 0.13348824374999999 0.44069541718750005 0.1512776984375 0.47200887187499996 0.15628849843749998 0.5485907531249999
436 0.147128840625 0.5547690203125 0.1468056125 0.49501575937500003 0.134341334375 0.45677869062500004 0.1211317109375 0.42237610312499996 0.114100353125 0.397133171875 0.064359840625 0.40736140625 0.0802364796875 0.509931565625 0.0845019328125 0.5903479265625 0.147128840625 0.5547690203125
423 0 0.6505094765625 0.061602789062499996 0.6057935953125 0.06447643593749999 0.5705379171875 0.0237789859375 0.41141137343749995 0 0.49278145 0 0.6505094765625
423 0.026894678124999998 0.8457674718750001 0.0157144640625 0.9032846890625 0.337810884375 0.9658938906250001 0.357297665625 0.8861151328125001 0.3710371515625 0.8768477328125 0.3776375375 0.8224196484374999 0.3858363609375 0.78024035625 0.36666395625 0.7765136171875 0.3515415171875 0.813367734375 0.3264063296875 0.8403168453125 0.3554748875 0.6907720796875 0.0633089703125 0.6379601390625 0.05063806093749999 0.7031463203125 0.04020319375 0.75682905625 0.026894678124999998 0.8457674718750001
423 0.7131011375 1 0.71699355 0.9600122921875001 0.7558682234375 0.92379578125 0.7541620421874999 0.8916292359375 0.7403148125000001 0.8809788828125 0.76192989375 0.769778928125 0.4851019 0.7199483796874999 0.4467659421875 0.8557536593749999 0.43206562187499997 0.8290200343749999 0.4264172171875 0.7761903890624999 0.41033394375 0.7770434796875 0.403625815625 0.8115538093750001 0.40245834843750006 0.8789760328125 0.40948970625000003 0.9042189625000001 0.3953281015625 0.9770741046874999 0.42600395156250004 0.9830368859374999 0.50738470625 1 0.7131011375 1
681 0.669974675 0.1987733140625 0.3156039671875 0.117952540625 0.25012111875 0.4753046375 0.590644596875 0.545475059375 0.669974675 0.1987733140625
1373 0.2601338671875 0.48520964375000003 0.2837783578125 0.46592949531250005 0.279836134375 0.44526639375 0.3089135453125 0.4389803828125 0.29037874375 0.41150141093750003 0.30251979218749997 0.38998521875000003 0.27184394218749997 0.3840224375 0.2635373765625 0.40628397656250004 0.24788507499999998 0.48680808124999997 0.2601338671875 0.48520964375000003
407 0.363896134375 0 0.8724479765625001 0.0988524640625 0.9136664359375001 0.0710502625 0.5481445218750001 0 0.363896134375 0
1373 0.3999802609375 0.42086769999999996 0.4513192109375 0.4228882578125 0.47347300781249996 0.41127707031250005 0.4987159375 0.40424571406250004 0.4771997453125 0.392104665625 0.49242992656249995 0.3751683015625 0.4754935640625 0.3599381203125 0.46164633437499997 0.3492877671875 0.44013014375 0.33714671875 0.410307384375 0.3472672109375 0.40125546874999996 0.37336323125000004 0.40296165000000006 0.4055297765625 0.3999802609375 0.42086769999999996
1373 0.6000020328125 0.2926147875 0.591695465625 0.3148763265625 0.574866846875 0.3195638984375 0.6087395718749999 0.35002426249999996 0.5958531765624999 0.375374934375 0.5652850703125 0.3893299078125 0.5814760859375 0.4083945703125 0.614280234375 0.3829361546875 0.6466534125 0.2778067234375 0.6365329203125001 0.24798396562499997 0.613526034375 0.2435118796875 0.5890284515624999 0.24670875625000002 0.576887403125 0.268224946875 0.6000020328125 0.2926147875