407 0.451855475 0 0 0.08783180625 0 0.1229821109375 0.46309017187499996 0.1354206296875 0.6221466312499999 0 0.451855475 0
676 0.6519598203125 0.65134525 0.5510725828124999 0.162707109375 0.6153781640625 0.1213548265625 0.7199605124999999 0.6669797984375 0.6134751640625 0.103969321875 0.52848574375 0.160439265625 0.6243382703125 0.6611531890625 0.6519598203125 0.65134525
1939 0.6218697296875 0 0.461667525 0.135697165625 0.5600142859374999 0.649242815625 0.622915621875 0.6614297234375 0.526647390625 0.15857717968750001 0.6164959921875 0.0967238546875 0.722454746875 0.6798115265625 1 0.7767991234375 1 0.45185547656249997 0.981460209375 0.35647652343749997 0.9109843124999999 0 0.6218697296875 0
1939 0 0.5254199953125 0.070373734375 0.8798043046874999 0.55432369375 0.6503489546875 0.46125181875 0.13355854375 0 0.118811378125 0 0.5254199953125
1939 0.6713875703125 0.4322845234375 0.614195690625 0.13046238125 0.5539178796875001 0.1621540390625 0.6155532328125 0.4564541765625 0.638075428125 0.4431986 0.6713875703125 0.4322845234375
874 0.7080805734375 0.5982673796875 0.6723945125 0.4298693671875 0.61229223125 0.454868625 0.6170405265625 0.47170105937500006 0.648393996875 0.6254052609375 0.665465775 0.6220868421875 0.7080805734375 0.5982673796875
2001 0.407560196875 0.52573646875 0.5097506843749999 0.49699494531250005 0.44656339218749996 0.1719245046875 0.33653913750000003 0.17555564375 0.407560196875 0.52573646875
598 0.5334643234375 0.6721590156249999 0.523856846875 0.6607099625 0.5195242578125 0.646016146875 0.503487259375 0.5559175187500001 0.4899444953125 0.478650615625 0.498064678125 0.47485278593749997 0.51281775 0.4520102421875 0.5250765875 0.41633596875 0.523764825 0.3943966859375 0.4981665921875 0.2551097671875 0.4864805875 0.23296760625 0.48085464062499994 0.24959716406250002 0.502120284375 0.3741902703125 0.49377832968749996 0.422419734375 0.482046084375 0.438016809375 0.4739721421875 0.40407540312499995 0.45942243749999995 0.32922365781249996 0.4361429078125 0.20946086562500002 0.4411129734375 0.18186166406249998 0.4299073203125 0.1773815453125 0.4296209046875 0.2062897609375 0.417630078125 0.1597931609375 0.40257218593750005 0.158281265625 0.40346824375 0.178081928125 0.411542184375 0.21202333437499998 0.43020270937499994 0.3460005296875 0.41129257812500003 0.347456859375 0.39752804375 0.3146215921875 0.37306604062500004 0.2039663546875 0.3626917984375 0.2037634765625 0.38312603125 0.324079340625 0.4095188671875 0.3611181921875 0.42991629218750005 0.374908746875 0.44114035156250003 0.4326515203125 0.4044379171875 0.410933209375 0.3882437921875 0.3807896328125 0.365814078125 0.3185667375 0.35471931093750003 0.2918707984375 0.341324240625 0.2989133890625 0.34613718125 0.33126924375 0.3651303609375 0.3985989875 0.39946785 0.43853240937500004 0.44945446875000006 0.47542394843749997 0.460502996875 0.539859121875 0.491967353125 0.6713475046874999 0.48835529062500005 0.6831467499999999 0.46767145 0.6982644125 0.4695744484375 0.71564991875 0.491329875 0.7136405171875 0.5183601906249999 0.70838635625 0.5392842046874999 0.7020997140625 0.5485868609375 0.6891943296874999 0.5334643234375 0.6721590156249999
214 0.5027744125 1 0.518867915625 0.976838253125 0.5153020953125 0.9508982625 0.52033680625 0.9388224828125 0.5265539890625 0.9176391468749999 0.532946703125 0.8897634140624999 0.52938088125 0.8638234234375 0.5339998875 0.849609021875 0.524743471875 0.8247751703124999 0.4935376953125 0.7553804625 0.4812604546875 0.7377920796875 0.4511446671875 0.7347682890625 0.35558707031250003 0.7444650984375001 0.0048313890625 0.0868926796875 0 0.0879539515625 0 0.5296472875 0.0921411546875 1 0.5027744125 1
461 1 0.4740870359375 0.9983932640625 0.4663758140625 0.7469818546875 0.4641984359375 0.6958311671875 0.48967710625 0.736348571875 0.7436936296875001 0.72947550625 0.7539073234375 0.733632565625 0.7752935359375 1 0.8756648984375 1 0.4740870359375
1340 0.7257256421875 0.1953407828125 0.77079740625 0.4196194875 0.9047665031250001 0.40245623750000004 0.855473034375 0.14126790312499998 0.7257256421875 0.1953407828125
1341 0.9800375625 0.3567530578125 0.92391726875 0.06803917968749999 0.8699212859375001 0.0940709203125 0.9265681703125 0.36270760156250004 0.9800375625 0.3567530578125
1539 0.9055054328125 0.4822119546875 0.92032315 0.47489282812500005 0.9094039125 0.441504490625 0.9026417312499999 0.42950236718749996 0.907851975 0.4107341875 0.9071960921875 0.3997645484375 0.8920735546874999 0.382729234375 0.8816993140625 0.38252635625 0.8717407765624999 0.38446210000000003 0.8718516624999999 0.36224628124999997 0.8578007124999999 0.35831923125 0.8492648218750001 0.3599784390625 0.849920703125 0.3709480796875 0.8532463515625001 0.38805705156250003 0.8496342875 0.399856296875 0.8536804609375 0.4434583265625 0.8505487484375 0.47291961406249994 0.8395832703125 0.47727051249999997 0.8432599765625 0.48099468749999996 0.852211571875 0.4814740984375 0.8641193484375 0.4591846234375 0.8605535265625001 0.43324463281250003 0.8684981781250001 0.4361392015625 0.8718238250000001 0.453248171875 0.86335258125 0.47043080000000004 0.8668537593750001 0.4808473734375 0.8790663562500001 0.4829123375 0.9014130187499999 0.47634915937500005 0.9055054328125 0.4822119546875
1050 0.745605446875 0.42673573437499995 0.7477302171875 0.3996896046875 0.737882565625 0.3794095296875 0.7687651171875001 0.37118714375 0.7380396921875 0.319454478125 0.7095867296875 0.3249851734375 0.7047459546875 0.383631209375 0.7297623828125 0.3832073609375 0.734510678125 0.40003979687499996 0.7329124984375001 0.4070087296875 0.7390834421875 0.42356463125 0.74448761875 0.4513667078125 0.743369790625 0.47599768124999997 0.7484691484375 0.47944532031250003 0.762279921875 0.47454135 0.7534392125 0.4518461203125 0.745605446875 0.42673573437499995
589 0.1263930328125 0.70467770625 0.1861810625 0.7995885546875 0.24414016875 0.7483727703125 0.1835853734375 0.6647080984375 0.1263930328125 0.70467770625
819 1 0.8750165421875 0.7328011531249999 0.77101629375 0.73089815625 0.7536307890625 0.7329120390625 0.7488004765625 0.7084962796875 0.6004060015625 0.649400940625 0.6229901046874999 0.655636528125 0.6550694234375001 0.6265923296875 0.6651538968749999 0.5585916375 0.64951935 0.070373734375 0.8798043046874999 0.0937374109375 1 0.5075771375 1 1 0.9055073406249999 1 0.8750165421875
1050 0.21776665468749998 0.081013078125 0.2156881265625 0.0703199734375 0.2117712421875 0.057764779687500004 0.2018127078125 0.0597005234375 0.195115171875 0.0632218171875 0.2022930578125 0.0773625625 0.21776665468749998 0.081013078125