407 0.3889288890625 0 0.54326699375 0.1361203234375 1 0.1318268734375 1 0.0951079828125 0.5525521203125 0 0.3889288890625 0
676 0.3454219859375 0.6486701359375 0.37286815624999997 0.6589586421875 0.477444746875 0.1599938375 0.39345380625000004 0.102049225 0.2771587890625 0.6631155265625 0.391247678125 0.1193988703125 0.45482176875 0.16186714062500002 0.3454219859375 0.6486701359375
1939 0.0962723375 0 0.0211179484375 0.3480957421875 0 0.4474478796875 0 0.7664618203125 0.274440990625 0.67590176875 0.39055989062499996 0.09475214062500001 0.4793153171875 0.15816411875 0.3742857625 0.6592599640625 0.4373902078125 0.6481726921875001 0.5446845984375 0.13642164375000002 0.389212184375 0 0.0962723375 0
1939 1 0.12769105625 0.5451375656249999 0.13429060312500002 0.44306062968750004 0.6493779765625 0.92293233125 0.8872444703125 1 0.5317446125 1 0.12769105625
1939 0.3852243453125 0.4544441265625 0.45198655781249997 0.1612644984375 0.39227102343750003 0.128525675 0.32982033125 0.42930371093749997 0.3629369234375 0.44079750312500005 0.3852243453125 0.4544441265625
874 0.3324287171875 0.619180471875 0.34943997968749996 0.622796328125 0.383471184375 0.46966273125 0.38851252187499996 0.452915728125 0.3288556921875 0.42687134843749996 0.290236115625 0.5946209062500001 0.3324287171875 0.619180471875
2001 0.49030324687500004 0.4968252296875 0.5919765609375001 0.5273458468750001 0.6690983015625 0.17845784375 0.5591541765625 0.17290707031250002 0.49030324687500004 0.4968252296875
598 0.508446584375 0.6833220828125001 0.505040996875 0.6714615968750001 0.53879535 0.54054236875 0.55096674375 0.47630983281250006 0.6015895953125 0.44029629843749996 0.6366187890624999 0.4009682296875 0.6567841421875 0.33398021875 0.6621610375 0.3017132890625 0.6488909171875 0.2944379953125 0.63733193125 0.3209362375 0.6138196953125 0.3827582046875 0.5971019578125001 0.4126145640625 0.560026078125 0.4336890203125 0.5722561765624999 0.376150928125 0.5928911734375 0.3627184578125 0.6199264062500001 0.326145865625 0.6424573296875 0.206204953125 0.632081125 0.20622674531250001 0.6056916484375 0.316438209375 0.59135615625 0.3490282515625 0.5724743218749999 0.34724211562499996 0.5934702281249999 0.21361099687500001 0.6021353 0.17981566875 0.6033767906249999 0.1600336609375 0.5882948046875 0.1612825296875 0.5754943265625 0.2075627796875 0.5757124734375 0.17865396718749998 0.5644303374999999 0.1829378390625 0.5689179734375001 0.210619575 0.543551840625 0.32995784375000003 0.5276980078125 0.4045442625 0.5190329375 0.4383395890625 0.5075746859375 0.42254013281249997 0.5000757218749999 0.37417242812499996 0.5235125765624999 0.249969434375 0.5181777125 0.233244221875 0.506107053125 0.2551790625 0.47808182656250003 0.3939980171875 0.4763873703125 0.415911065625 0.4880217390625 0.45179384999999994 0.50237390625 0.47489039218749995 0.5104265703124999 0.478829359375 0.49553737656249996 0.555848140625 0.4779303828125 0.6456531625 0.47334201093750006 0.6602691265625 0.463536184375 0.6715487625 0.44811864375 0.68831755625 0.4571946515625 0.7013833296875001 0.47800576250000004 0.7080341890625 0.5049402625 0.71375929375 0.52665730625 0.7161480734375 0.5288634359375 0.698798428125 0.508446584375 0.6833220828125001
214 1 0.0997390953125 0.6401244296875 0.74694821875 0.5447506203125 0.735585175 0.5145866484375 0.7380829125 0.5020043171874999 0.7554543484375 0.4695921890625 0.824293871875 0.459903771875 0.8489623937499999 0.4642739984375 0.86325524375 0.46025600468750005 0.8891290515625 0.46616124687499993 0.9171121078125 0.47200778281250005 0.938400721875 0.4768309765625 0.9505625296875 0.47281298281249995 0.9764363375 0.488583178125 1 0.9005781031250001 1 1 0.5355963906250001 1 0.0997390953125
461 0 0.864568003125 0.26159848281250003 0.7711741578125 0.26612815 0.749863753125 0.259434384375 0.7395316625 0.30437881718750004 0.48626095312500006 0.2536805859375 0.4598934609375 0.002269465625 0.45768277343749997 0 0.46769618125 0 0.864568003125
1340 0.2306466703125 0.4149056625 0.2796257734375 0.191447728125 0.15084184375 0.1351186796875 0.09699751875 0.3954069453125 0.2306466703125 0.4149056625
1341 0.0836860515625 0.06070659375 0.0225355546875 0.3483970640625 0.07589288125 0.35528387031249997 0.1372194953125 0.087676728125 0.0836860515625 0.06070659375
1539 0.1406664296875 0.4269622734375 0.1366484359375 0.45283608124999997 0.1481653921875 0.47532998125 0.157123990625 0.47500686875 0.160865134375 0.47134742812499997 0.149977259375 0.46680581875 0.1473601953125 0.43729436406250005 0.1521667125 0.39376958906250004 0.1487611234375 0.38190910312500004 0.1523848578125 0.3648607765625 0.15323208593749998 0.35390425468750003 0.14472645312500002 0.3520963265625 0.13060910625 0.3557775546875 0.13033225625 0.377991925 0.12040901875000001 0.37588267656249996 0.11003281718749999 0.3759044671875 0.094615275 0.3926732625 0.093768046875 0.4036297859375 0.0986499453125 0.42248603749999997 0.0916793296875 0.4343683171875 0.080179046875 0.46756100156249997 0.094866771875 0.4751376171875 0.09906088125 0.46934713749999996 0.1212895984375 0.4762993203125 0.1335363734375 0.474447809375 0.1372188125 0.4640939265625 0.1290487375 0.44676607187500006 0.1326724703125 0.4297177484375 0.1406664296875 0.4269622734375
1050 0.268745896875 0.402958009375 0.26726958437500004 0.3959622453125 0.27231092343749996 0.3792152421875 0.2973161453125 0.3800756234375 0.293499621875 0.3213540359375 0.265147515625 0.31532760937500004 0.23352391093749997 0.366516165625 0.26425825937499997 0.37527627343750003 0.254058171875 0.39538139375000003 0.25571059687500003 0.4224604875 0.2474397875 0.44743033125 0.2382043390625 0.4699678125 0.2519274234375 0.475112065625 0.2570861734375 0.4717539484375 0.2563983859375 0.4471072171875 0.26228695156250004 0.4194036921875 0.268745896875 0.402958009375
589 0.8085426 0.805019821875 0.8699779453125001 0.7111668734375 0.8134918828125001 0.6702052093749999 0.7514861609375 0.7528003125 0.8085426 0.805019821875
819 0.898965403125 1 0.92293233125 0.8872444703125 0.4388078125 0.6484740125 0.3705446171875 0.6629194015625 0.341680840625 0.6523295734375 0.34847534062499996 0.6203639671875 0.28978315 0.5967519484375 0.2627812671875 0.7446977078125 0.26471054375 0.74956243125 0.2625044171875 0.7669120765625 0 0.863844553125 0 0.8981899343749999 0.4846899109375 1 0.898965403125 1
1050 0.805037640625 0.0826226359375 0.8124612234375 0.068609315625 0.8058261625 0.06497166875 0.7959029265625001 0.0628624203125 0.791767521875 0.0753473421875 0.7895026890625 0.08600254375000001 0.805037640625 0.0826226359375