1567 1 0.33802691875 0.8402364828125 0.2939107515625 0.4739592 0.31759198906249997 0.3480165703125 0.7936498953125 0.24612969375 0.76611845625 0.209816 0.8539507890625 0.2589946640625 0.9535025875 0.4666620078125 1 0.8549586874999999 1 1 0.41309845625 1 0.33802691875
1146 0.4982719484375 0.194917015625 0.4397137953125 0.20545180312500003 0.30117298593749997 0.7708082 0.3497740015625 0.7860376296875 0.4982719484375 0.194917015625
1567 0.16063733593750001 0.754398990625 0.1849353953125 0.7880716421875 0.222996725 0.79685879375 0.24408099062500002 0.7576274749999999 0.2935607203125 0.7690507703125 0.40339520625 0.34540001249999996 0.36826129375 0.341297709375 0.2997508984375 0.3254808390625 0.22066654218749998 0.6680328140625 0.1779203640625 0.66217308125 0.16063733593750001 0.754398990625
288 1 0.12232704375 0.9848891249999999 0.1188384234375 0.9257484265624999 0.0971667171875 0.912276428125 0.138155465625 0.9058292531250001 0.200811025 0.89323596875 0.237993640625 0.869811728125 0.2526307296875 0.833211659375 0.272243940625 0.7925141828125 0.27487518906249997 0.7974903046875 0.28805101875 0.8203271031250001 0.293323309375 0.8601458624999999 0.29449819375 0.9646688859375001 0.310611234375 0.9661350437499999 0.2868957203125 0.9676012 0.2631802078125 0.9678973703124999 0.22716757968749998 1 0.17464709375 1 0.12232704375
1445 0.7448016765625 0.151607878125 0.75095268125 0.124964946875 0.7395342828125 0.12232880156249999 0.7368981375 0.1337472 0.719037459375 0.1416507390625 0.7278197140625 0.1557052828125 0.724304853125 0.170929815625 0.719911278125 0.18996048125 0.7102454125000001 0.2318279453125 0.6915011234375 0.2956534921875 0.7096530734375001 0.3038532 0.7775809234375 0.2874635765625 0.7872467890625 0.2455961125 0.779051978125 0.2116321875 0.7641236140625 0.1721047 0.7582687781249999 0.1627350046875 0.7544626453125 0.1618562890625 0.7448016765625 0.151607878125
286 0.7831200046875 0.5413094 0.7497435218749999 0.5295948328125 0.7529622125000001 0.550382928125 0.7476899218749999 0.5732197265625001 0.7386114984375001 0.595177809375 0.7151872578125 0.6098149 0.7125511125 0.6212332984375 0.73363048125 0.6341178546874999 0.7573459953125 0.6355840125000001 0.7681818484375 0.6060136625 0.7696480046875 0.58229815 0.7831200046875 0.5413094
286 0.7014288828125 0.582584525 0.708458603125 0.5521354609375 0.7210518875 0.5149528453125 0.70114250625 0.514365403125 0.6938215140625 0.5287112203125 0.6800582421875 0.553596721875 0.671858534375 0.571748671875 0.653119140625 0.58345834375 0.6487255656250001 0.6024890093749999 0.6791746296875 0.6095187296875 0.6914717453125 0.6083487421875 0.700841440625 0.60249390625 0.7014288828125 0.582584525
965 0.5635293781249999 0.5547569171875 0.5529896937500001 0.5483146390625 0.53600773125 0.55241204375 0.5389351484375 0.5570968921875 0.5524022515625 0.56822401875 0.5866574484375 0.5761324546875 0.62442750625 0.5688163578125 0.619155215625 0.59165315625 0.6267674828125 0.5934105859375001 0.6320397734375 0.5705737875 0.6490217359375 0.56647638125 0.646681759375 0.541882153125 0.6127178343749999 0.550076965625 0.5749477765625 0.5573930625 0.5635293781249999 0.5547569171875
1573 0.8147145734375 0.8212156109375 0.8240842703125001 0.815360775 0.8273078578125 0.7840329953125 0.8232104515625001 0.7670510328125 0.801543640625 0.77407585625 0.79100395625 0.767633578125 0.7751919828125 0.7840280984375 0.7649435718750001 0.7936890671875 0.744155475 0.7969077578125 0.7385919125 0.8036413093749999 0.7377131968749999 0.8074474421875 0.74825288125 0.8138897203125 0.7748958125 0.8200407265624999 0.787192928125 0.8188707375 0.7956839078125 0.8168220359375 0.8147145734375 0.8212156109375
1573 0.75264645625 0.7948590546875 0.76962841875 0.79076165 0.7731432796875 0.7755371171875 0.7754881515625 0.7480154703124999 0.7687546015625 0.7424519078125 0.7631910375000001 0.7491854578125 0.746209075 0.7532828640625 0.735669390625 0.7468405859375 0.7280571250000001 0.74508315625 0.72073613125 0.7594289734374999 0.7113664359375 0.765283809375 0.6935057578125 0.7731873484375 0.6891121828125 0.7922180140624999 0.7166338296875 0.7945628859375 0.7403493421875 0.79602904375 0.75264645625 0.7948590546875
1573 0.6981906062500001 0.7702599296875 0.7169299984374999 0.7585502578125001 0.7280571250000001 0.74508315625 0.744160371875 0.7447918828125 0.745917803125 0.7371796171875 0.741820396875 0.7201976546875 0.730401996875 0.7175615093750001 0.7181048828125001 0.718731496875 0.7116626046875 0.72927118125 0.7002442062500001 0.7266350359375 0.682383528125 0.734538575 0.6721351171875 0.7441995453125 0.64490474375 0.7579579187500001 0.662177978125 0.7699637609375001 0.68120864375 0.7743573359375 0.6981906062500001 0.7702599296875
964 0.5936724796874999 0.702031015625 0.60040603125 0.7075945781249999 0.611241884375 0.678024228125 0.625296428125 0.669241975 0.624126440625 0.6569448609374999 0.611538053125 0.6420116015625 0.598653496875 0.66309096875 0.584598953125 0.6718732234375 0.5573685796875 0.6856315984375 0.5310169203124999 0.695583840625 0.5860602140625 0.700273584375 0.5980660546875 0.68300035 0.5936724796874999 0.702031015625
286 0.748879496875 0.377053340625 0.7222365640625 0.37090233437500003 0.7163768328125 0.41364851406250003 0.703492275 0.43472788125 0.6847528828125 0.446437553125 0.7067109671875 0.4555159765625 0.7380387453125 0.4587395640625 0.748879496875 0.377053340625
965 0.4575353015625 0.6144752640625 0.45314172499999994 0.6335059296875001 0.46134143437499997 0.6153539796875 0.4715898453125 0.6056930109375 0.4654437359375 0.5802200671875 0.4505104765625 0.5928084546875 0.43177108437499995 0.6045181265624999 0.41186170468750005 0.6039306843750001 0.4016132921875 0.6135916531250001 0.435868490625 0.6215000890625 0.45080175 0.6089117015625 0.460171446875 0.6030568656249999 0.4575353015625 0.6144752640625
966 0.5026312484375 0.5406974765625 0.5046799515625 0.54918845625 0.5207831984375 0.548897184375 0.5322015984374999 0.5515333296875 0.5500622749999999 0.543629790625 0.56997165625 0.5442172328125 0.5822687703125 0.5430472453124999 0.58812360625 0.552416940625 0.5907597515624999 0.5409985421875 0.601886878125 0.5275314390625 0.594862053125 0.5058646296875 0.5685103953125 0.5158168703125 0.5644129890625 0.498834909375 0.5486010140625 0.5152294281249999 0.545673596875 0.51054458125 0.5406974765625 0.49736875156250004 0.5237155140625 0.5014661578124999 0.5187393921875 0.488290328125 0.5114183984375 0.5026361453125 0.50409740625 0.5169819625 0.48711544375000004 0.5210793687499999 0.4674973359375 0.5365951734375 0.47891573593750003 0.53923131875 0.48477057187500006 0.5486010140625 0.5026312484375 0.5406974765625
286 0.520156584375 0.9857335640624999 0.5260114203125 0.9951032609375 0.5450469828125 0.9473809609374999 0.5400708609375 0.93420513125 0.5714133312499999 0.78108109375 0.540964265625 0.7740513734375 0.50874308125 0.93098154375 0.49322237968750005 0.9634793125 0.4548648796875 0.9907047890625 0.49380492656249997 0.99568580625 0.5087381859375 0.9830974203125 0.520156584375 0.9857335640624999
286 0.3951416359375 0.9368265875 0.416221003125 0.9497111437499999 0.45340361875 0.9623044281249999 0.4771191328125 0.963770584375 0.485318840625 0.9456186343749999 0.49761595468750003 0.944448646875 0.5380368484375 0.7693665249999999 0.5029029359375 0.7652642234375 0.4674630609375 0.9014062984375 0.4443300921875 0.9321466359375 0.4188571484375 0.9382927453125 0.3951416359375 0.9368265875
286 0.54187725625 0.405434115625 0.5369011359375 0.3922582859375 0.541882153125 0.353318240625 0.5228514875 0.348924665625 0.5202153421875 0.3603430640625 0.5187491859375 0.384058578125 0.517283028125 0.407774090625 0.5014710531250001 0.4241686109375 0.5281139859375 0.4303196171875 0.5345562640625 0.4197799328125 0.54187725625 0.405434115625
407 0.1022820421875 0 0.098918059375 0.014571009375 0.39873484062500003 0.0877480546875 0.48905812656250003 0 0.1022820421875 0
1050 0.1032831625 0 0.10112583125 0.0050081 0.0951945046875 0.0306994984375 0.10331772187499999 0.0476086421875 0.11297869062499999 0.057857053125 0.11063381875 0.0853787 0.1164886546875 0.094748396875 0.125567078125 0.0727903125 0.12761578125 0.08128129375000001 0.1419615984375 0.0886022875 0.14869515 0.09416585 0.151913840625 0.1149539453125 0.177386784375 0.1088078375 0.17211449375 0.1316446359375 0.1920238734375 0.13223207812499999 0.1888051828125 0.11144398281250001 0.19436874531249998 0.10471043124999999 0.21252069687500003 0.1129101390625 0.22130295000000003 0.126964684375 0.2388723546875 0.10295789687500001 0.247654609375 0.1170124421875 0.24970331250000002 0.1255034234375 0.2590730078125 0.1196485875 0.26258786875 0.1044240546875 0.2822059765625 0.08890825 0.3003579265625 0.0971079578125 0.3144124703125 0.08832570468749999 0.3205634765625 0.061682771875 0.323199621875 0.050264373437499996 0.30944124687499996 0.023034 0.31140376718749996 0 0.1032831625 0
581 0 0.715459496875 0.0083920125 0.7192503875 0.0244952609375 0.7189591156249999 0.05787174375 0.730673684375 0.0842234015625 0.7207214421875 0.10910890312499999 0.7344847140625 0.1594673484375 0.7421018765625 0.166788340625 0.727756059375 0.1826052125 0.6592456640625 0.22242397343750003 0.6604205484375 0.2640001640625 0.6539831671874999 0.2792246953125 0.6574980265625 0.3940499921875 0.0906754734375 0.0980392046875 0.0183777453125 0.0176479 0.366590740625 0 0.447033090625 0 0.715459496875
819 0 0.8928249265625 0.362638971875 0.9734217609375 0.2183167734375 0.7476703359375 0.1641521953125 0.7391744578125 0 0.7128184265625 0 0.8928249265625
1939 0.4930344625 0 0.3940499921875 0.0906754734375 0.22212290625 0.7485490515625 0.362638971875 0.9734217609375 0.47776197187499997 1 0.8896999578125 1 1 0.5222380265625 1 0.10228204062499999 0.5569678078125 0 0.4930344625 0