1354 0.678858875 0.8539948578125 0.6996420734375 0.9028920421875 0.783085728125 0.9061205265625001 0.8428138703125001 0.9078828531250001 0.8273029609375 0.8361488703125 0.8275991296875 0.8001362421874999 0.7669922734375 0.8021800484374999 0.6730089359375 0.7925092859375 0.678858875 0.8539948578125
1354 0.9368070015625 0.8133218640625 0.8671266187500001 0.7852078796875 0.83168674375 0.9213499546874999 0.9054645328125 0.9664459015625001 0.9368070015625 0.8133218640625
214 0 0.8076360640625 0.0455648359375 0.836075421875 0.137494575 0.889371078125 0.2144959515625 0.9031392453124999 0.2935509265625 0.8732825203125 0.388417878125 0.8270312750000001 0.446097315625 0.8203026203125001 0.4668903078125 0.7649680531249999 0.44405840625000004 0.7075798890625 0.197834640625 0.6106446484375 0.188469840625 0.564383609375 0.17119660625 0.55237776875 0.1676866421875 0.5154864265625 0.1463160015625 0.48649862187500004 0.11293951875 0.47478405312499994 0.08337406562500001 0.41183232500000005 0.067275715625 0.3600077234375 0.039754068749999996 0.35766285 0.0221846640625 0.3816696375 0 0.47776197500000006 0 0.8076360640625
1354 0 0.6227059515625 0.069887378125 0.6091686984375 0.0458854875 0.5394834187499999 0 0.5351416359375001 0 0.6227059515625
1354 0.1348829125 0.6402101015625 0.1896349328125 0.6287966 0.18788239843750001 0.5842929906250001 0.1761727265625 0.5655535984375 0.13723268125000002 0.56057258125 0.0886316671875 0.5453431515625 0.09331161875 0.5945316093749999 0.09682158125 0.6314229515625 0.1348829125 0.6402101015625
676 0.673630653125 0.40778878125 0.5644227828124999 0.3946031578125 0.47596873124999994 0.7430099703125 0.584589159375 0.7761049734375 0.673630653125 0.40778878125
2001 0.7511900921875 0.7143428187499999 0.8618592250000001 0.755928803125 0.894944434375 0.7515401234375 0.943579725 0.40195842812500004 0.812996315625 0.41190087656249996 0.7886884640625 0.482459975 0.7339168578125 0.7023369781250001 0.7511900921875 0.7143428187499999
300 0.6990889078125 0.557990296875 0.6864907265625 0.6472887875 0.731285609375 0.6616395015625 0.7192748703125 0.7310286125000001 0.7488452203125 0.741864465625 0.7588072546875 0.6639843734374999 0.7898388656249999 0.7032205890625 0.8106318578125 0.6478860234375 0.816491590625 0.60513984375 0.8211813343750001 0.5500965515625 0.7927809734375 0.5515578125 0.7406699953125 0.499437040625 0.6990889078125 0.557990296875
1650 0.8977179578125 1 0.9111761796875 0.9417060375 0.9420792921875 0.790485065625 0.914266371875 0.772036946875 0.8457559765625 0.756220075 0.7576274749999999 0.755919009375 0.71224515 0.7614776765625 0.660711821875 0.793679275 0.6279129875 0.866287075 0.57872453125 0.8709670265625 0.5336334796875 0.892628940625 0.506694378125 0.9224905640625 0.49677975625000004 1 0.8977179578125 1
255 0.8956909171874999 1 0.8990222546875 0.9769855859375 0.7687350140625 0.9509154078125001 0.66509070625 0.930996234375 0.5737435125 0.9099070734374999 0.5350947406250001 0.921029303125 0.51304191875 1 0.8956909171874999 1
1250 0.2666607921875 0.3819853921875 0.2095687953125 0.3688046671875 0.1709053328125 0.536274521875 0.22038506249999998 0.5476978171875 0.2666607921875 0.3819853921875
1354 0.031539670312500004 0.5321624265625 0.0780919828125 0.5389008734375 0.1123471796875 0.546809309375 0.104443640625 0.52894863125 0.0860004171875 0.5046456765625 0.010756471875 0.4832652421875 0.007241610937499999 0.4984897734375 0.031539670312500004 0.5321624265625
581 1 0.22458519375 0.9670186546874999 0.23097371249999998 0.9664263156249999 0.3029989671875 0.9260005265625001 0.5301969640624999 0.9054890140625 0.7058665265624999 0.9054841187499999 0.7579824015625001 0.9446687421875 0.7966338109375 1 0.5569678031249999 1 0.22458519375
581 0.7245471609374999 0.7081918140625 0.7810713015624999 0.53281841875 0.8068453109375 0.4385438078125 0.8408239249999999 0.2740013703125 0.7512292656249999 0.29741581875 0.6648190203125 0.7064294875 0.7245471609374999 0.7081918140625
410 0.6001637234375 0.17033258125 0.5738120640625 0.180284821875 0.5626849390625 0.193751925 0.559170078125 0.20897645625 0.54863039375 0.202534178125 0.5500965515625 0.17881866562499998 0.5255023234375 0.181158640625 0.5184726015625001 0.21160770625 0.5149577421875 0.22683223749999998 0.5143703000000001 0.24674161875 0.509976725 0.2657722828125 0.4842125078125 0.2558151453125 0.48596993906249997 0.2482028796875 0.490072240625 0.213068965625 0.4748477078125 0.20955410625 0.459035734375 0.2259486265625 0.4660605578125 0.24761543593750002 0.45229728593749996 0.2725009375 0.46312824375000006 0.2950464640625 0.478352775 0.2985613234375 0.5041169921875001 0.30851846250000003 0.50060213125 0.3237429953125 0.51202053125 0.3263791390625 0.5272450625 0.329894 0.5489118734375 0.32286917656249997 0.571748671875 0.328141465625 0.6051251546875 0.339856034375 0.619470971875 0.347177028125 0.63440423125 0.334588640625 0.6475800609375 0.3296125203125 0.6704168593750001 0.3348848109375 0.6903262390625 0.335472253125 0.6973559593750001 0.3050231875 0.7043856796875 0.2745741234375 0.6900398625 0.2672531296875 0.6742278890625 0.28364765 0.6628094890625 0.2810115046875 0.6710091984375001 0.2628595546875 0.6695479375 0.23445919375000002 0.6616443984375 0.21659851562500002 0.6388076 0.211326225 0.627097928125 0.1925868328125 0.6095334203125 0.16447774531249998 0.63823974375 0.02277210625 0.61158701875 0.12085284999999998 0.6045572984375001 0.151301915625 0.6001637234375 0.17033258125
268 0.8776516125 0.9479977828124999 0.78630441875 0.9269086218749999 0.7675650265625 0.9386182937499999 0.792450528125 0.9523815640625 0.8808703031249999 0.968785878125 0.8776516125 0.9479977828124999
581 0.22856028906249998 0.7901252421875 0.164433675 0.85950945625 0.133101 0.90840174375 0.1342709875 0.9206988578124999 0.29881342499999997 0.954677471875 0.31492156875 0.9022703234374999 0.295017084375 0.84956700625 0.28857970312500003 0.807990815625 0.31083395468749997 0.7810566109375 0.331335675 0.7096187984375 0.3398315515625 0.6554542203125 0.3644355734375 0.5488824953125 0.4048613625 0.3216844984375 0.4083762234375 0.306459965625 0.36592621406250003 0.26458760625 0.29302224374999997 0.2678014 0.280428959375 0.304984015625 0.22799243281249998 0.601571121875 0.22856518593750003 0.7380093671875 0.22856028906249998 0.7901252421875
581 0.43614507343750003 0.7939509609375001 0.4209156453125 0.8425519765624999 0.47332279218749995 0.8586601203124999 0.4794737984375 0.8320171890625 0.47742999218750004 0.7714103328124999 0.489732003125 0.7181244687499999 0.5111075406250001 0.6949963984374999 0.533095003125 0.391379571875 0.4636765140625 0.6920640828125 0.46542904687500003 0.7365676921875 0.43614507343750003 0.7939509609375001
407 0.33919865 0 0.49388327031249996 0.16183180625 0.7398206593750001 0.1905479234375 0.9398029703124999 0.08838446250000001 0.5569678046875 0 0.33919865 0
1636 0.67184384375 0.728096296875 0.6946806421875 0.7333685875 0.7166387249999999 0.7424470109375 0.71400258125 0.753865409375 0.7385968093749999 0.751525434375 0.77168201875 0.74713675625 0.796276246875 0.7447967796875 0.7713907453125 0.7310335078125 0.71429875 0.7178527828125 0.680043553125 0.709944346875 0.67184384375 0.728096296875