1939 0.46064914375 0 0 0.07295965625 0 0.4894098109375 0.0808695421875 1 0.26427459999999997 1 0.7881274375 0.8459043453125 0.7031481609375 0 0.46064914375 0
1939 0.7034335031250001 0 0.7903441046874999 0.8099587828124999 0.797065896875 0.8523985156249999 1 0.89178281875 1 0.46314727031249997 0.9926220265625 0.4140664515625 0.9270403421875001 0 0.7034335031250001 0
819 1 0.8946405374999999 0.7925966671875 0.8491514296875 0.25756998750000004 1 0.514380334375 1 1 0.9230854000000001 1 0.8946405374999999
16 0.685922565625 0.30049025625 0.686952984375 0.3319665890625 0.72939271875 0.32524479687499996 0.7518106625 0.49175664374999994 0.7016546140625 0.4997005828125 0.705321046875 0.522849528125 0.84402299375 0.5246109484375 0.9270692453124999 0.4995928890625 0.9056458218750001 0.2894191625 0.7586164875 0.2850217296875 0.685922565625 0.30049025625
16 0.38743056249999996 0.3635865140625 0.4131314890625 0.6007673421875 0.5851429875 0.613072815625 0.6681892375 0.58805475625 0.6309138375 0.35270714375 0.4666186546875 0.3391795265625 0.38743056249999996 0.3635865140625
16 0.11735953125000001 0.4063615625 0.03431328125 0.431379621875 0.09637911875 0.6983952921875 0.2363032109375 0.7078730281250001 0.3297017890625 0.6733054375 0.2849018 0.4154199515625 0.11735953125000001 0.4063615625
1159 0.6104009046875001 0.348046190625 0.6341609234375001 0.3482379140625 0.6592148796874999 0.506422375 0.7518106625 0.49175664374999994 0.730003790625 0.329102953125 0.6676621968750001 0.33502195 0.6104009046875001 0.348046190625
1159 0.3833806796875 0.387957603125 0.279210425 0.40445655 0.31564713125 0.5845678125 0.33616006249999997 0.5892287671875 0.40946505625 0.5776183968749999 0.3833806796875 0.387957603125
1159 0 0.46443928906250004 0.0317849609375 0.665121640625 0.0813299375 0.6533195453125 0.034121556250000004 0.45513963906250005 0 0.4605439640625 0 0.46443928906250004
1016 0.96607016875 0.5211003421875 0.96037879375 0.5101369421874999 0.9366187765625 0.5099452171875 0.9199640015625 0.5046731906249999 0.7372167265625 0.5494372828125 0.78840319375 0.572969678125 0.96607016875 0.5211003421875
1016 0.331115659375 0.657261734375 0.3713387265625 0.686485503125 0.5985506765624999 0.6228140734375 0.55893868125 0.5974484609374999 0.331115659375 0.657261734375
1016 0.129916290625 0.7603175375 0.260063228125 0.7080647531250001 0.2029936625 0.697328975 0.0639082640625 0.7430875890624999 0.129916290625 0.7603175375
634 0.770490378125 0.4848431265625 0.03300710625 0.67283795625 0.049506053125 0.7770082109375 0.9756197 0.531452671875 0.770490378125 0.4848431265625
433 1 0.5312955875 0.9949104875 0.5283973109375 0.8623192609375 0.565217465625 0.8397813875000001 0.57274205625 0.8105576187500001 0.6129651234375 0.789888859375 0.707202396875 0.7750673015625 0.7135048421875 0.769831171875 0.8052978281250001 0.7645591453125 0.821952603125 0.7898048265625001 0.9563770453125 0.8046263859374999 0.9500746 0.7832388609375001 0.815039084375 0.8733903546875 0.7849407234375 0.8614683296875001 0.9094321843750001 0.8704067890625 0.91592635625 0.88943405625 0.7863545921874999 0.9641529203125 0.75870051875 1 0.8646744468750001 1 0.7935254671874999 0.9860797218749999 0.7473177703125 1 0.69882595625 1 0.5312955875
433 0.758064975 0.8308910624999999 0.7647508703125 0.798192584375 0.774456228125 0.7096466859375 0.7870252234375 0.6641515906250001 0.7795006328125 0.6416137171875 0.7624265109375 0.608723515625 0.732172321875 0.61747025 0.6722750171875 0.638821878125 0.6182608109375 0.6473768875 0.577043221875 0.6618149953125 0.539492065625 0.69940205 0.5299784328125 0.7641879312500001 0.5322309953125 0.8033805796875001 0.41243638593750004 0.8460838328125 0.416522165625 0.8968509546875 0.42343568437499995 0.9155306703124999 0.5113705109375 0.9213778703125 0.53188344375 0.926038825 0.5491492906250001 0.9351690093749999 0.5666068625 0.9205391765625001 0.6632525265625 0.8815023546875 0.6496890109375 0.9706593265624999 0.6618745546875 0.9726842687499999 0.6709688421875 0.8802802109375 0.722538759375 0.8562925703125 0.7544703375 0.9580185374999999 0.7699029671875001 0.9555742484374999 0.7637922453125 0.9169926734375 0.7462987765625 0.8564842953125 0.758064975 0.8308910624999999
433 0.3930324078125 1 0.4011254328125 0.9744334531250001 0.40578638749999996 0.9539205203125001 0.41571936875000004 0.9167528140625001 0.41407787812499997 0.8814183234374999 0.415683471875 0.8416146031249999 0.4243943078125 0.7967305812500001 0.4241666859375 0.7453523890625 0.41603102343750004 0.7189563578125 0.3995679734375 0.6899243140625 0.387382428125 0.687899371875 0.15306523593750002 0.7566511046875 0.15042922187500002 0.7649784921875 0.23633910937499997 0.7830112390624999 0.283056346875 0.8032965484375 0.30074154062499997 0.8400449078125 0.3005857140625 0.9389431359374999 0.2900416609375 0.972252684375 0.3099435203125 0.97305548125 0.3084867296875 1 0.32952051718750003 1 0.3280121640625 0.96228380625 0.3814152984375 0.9498706390624999 0.383744096875 1 0.3930324078125 1
433 0.28787300625 1 0.297146903125 0.9671723828125 0.307271609375 0.9062446578125 0.3015443375 0.8201430468750001 0.27289574375000003 0.7890860625 0.22293141875 0.7732699828125 0.20364063125 0.7763253421874999 0.227208925 0.8002770859374999 0.243288525 0.8768291640625 0.25180976875 1 0.28787300625 1
433 0.47373466718749996 1 0.619434821875 0.9794060609375 0.613132375 0.964584503125 0.595866528125 0.95545431875 0.5446800609375 0.9319219234375 0.4914686515625 0.9205750734375 0.452276003125 0.9228276375 0.42202181562499996 0.9315743718749999 0.40517531562500003 0.9500623625 0.39083999375 1 0.47373466718749996 1