407 0.380605540625 0.0097947234375 0.241372475 0.0244287078125 0.328345834375 0.0387493 0.380605540625 0.0097947234375
1046 0.7414899578124999 0.66901665 0.24978205937500003 0.080523628125 0.2685971828125 0.2595375703125 0.6687548484375 0.8140808828124999 0.68938945 0.7951536265625 0.6599968359374999 0.754670890625 0.6868385609375001 0.6512988828124999 0.7137448703125 0.692042940625 0.7428836703125 0.6822769421875 0.7414899578124999 0.66901665
237 0.3767773546875 0.4995444453125 0.34550067812499996 0.5128868390625 0.3099482484375 0.5333820203124999 0.26802949531250003 0.5411395546875 0.2499758140625 0.5128718250000001 0.26419678593749996 0.5046737515624999 0.270610415625 0.49394456875000003 0.2351052921875 0.49097291875 0.21983903593749998 0.48922577343749996 0.21412226250000002 0.5065851015625 0.24072745 0.5205472546875 0.262265415625 0.5819657140625 0.24446554687500002 0.603946721875 0.2228329671875 0.5894619249999999 0.194786759375 0.5857063124999999 0.1731068734375 0.5946883484375001 0.1556554328125 0.619984428125 0.14566290625 0.644496546875 0.14238513125000002 0.6850613859375 0.14656626875 0.7248422609375 0.16317893125 0.76331653125 0.1798389 0.77832396875 0.20326092812500002 0.785917296875 0.227775546875 0.7799890125 0.2434375390625 0.7615844 0.26695418125 0.7222440640625 0.2680940796875 0.6852556187500001 0.261775065625 0.6490511375 0.255804478125 0.616161728125 0.26932859374999996 0.6013335109375 0.28017717656249996 0.680633940625 0.2709288125 0.6883093703125 0.28540359843749996 0.7303600359375 0.2893309234375 0.719892175 0.3039003234375 0.7150091734374999 0.30926866875000003 0.694334771875 0.29723288124999997 0.67548961875 0.30399493906249997 0.6680755109375001 0.376682740625 0.5464781078125001 0.3858364890625 0.5857363421875 0.370522925 0.607456028125 0.3569515015625 0.6457510796875 0.352628440625 0.6763707 0.35894745625 0.71257518125 0.3720285296875 0.7413655546875 0.3925685171875 0.7693719625 0.41420109531250004 0.7838567578125 0.4440367515625 0.780720903125 0.47958918281249996 0.760225721875 0.5034542515625 0.724200459375 0.506035171875 0.677005475 0.5015056046875 0.633909525 0.48807610312499994 0.6018040796874999 0.46788454531249996 0.57711274375 0.4419762125 0.5697807359375 0.417113165625 0.5723939484375 0.407167946875 0.5734392328125 0.39552789375 0.5344423203125 0.39413418125 0.5211820281249999 0.41437304687500004 0.5224065312499999 0.42461938750000006 0.5481431531250001 0.43774776718749997 0.55346669375 0.42998773124999995 0.5274687515625 0.42043824843750005 0.5083622765625 0.397713078125 0.5073990953124999 0.3767773546875 0.4995444453125
337 0.83085500625 0.7300095843750001 0.820561359375 0.727739796875 0.7900288468750001 0.7242455031249999 0.7655142265625 0.7301737890625 0.7395585875 0.7463086140625 0.7413007296874999 0.762883978125 0.77020299375 0.8704521390625001 0.7801482125 0.8694068546875 0.7808450687499999 0.876037 0.80073550625 0.8739464296874999 0.8003870781250001 0.8706313578125 0.8202775156250001 0.8685407890624999 0.825598553125 0.87133321875 0.8305711625000001 0.8708105765624999 0.82987430625 0.86418043125 0.8427015656249999 0.8427220671875 0.84075291875 0.7524311328125 0.8457255281249999 0.751908490625 0.8439833875 0.735333125 0.83085500625 0.7300095843750001
337 0.9297522609375 0.642526096875 0.96883628125 0.6317148109375 0.9609170468749999 0.50853446875 0.9421191999999999 0.497103425 0.9101456671875001 0.5038156734375 0.8877689249999999 0.5061675640625001 0.873547953125 0.5143656359375 0.8988713203125 0.63571673125 0.9297522609375 0.642526096875
319 0.9551875203125 0.8845264234375 0.965829596875 0.8901112859375001 0.96834593125 0.6988002359375 0.94064815 0.69835969375 0.9101156375 0.694865403125 0.8930599328125 0.7000097234375 0.9161508093749999 0.8718708765625 0.9551875203125 0.8845264234375
319 0.9026567234374999 0.695649365625 0.963373321875 0.699322878125 0.9602847750000001 0.6460203875 0.8992197484375 0.6390318046875 0.9026567234374999 0.695649365625
337 0.586689515625 0.6551215828125 0.5667990765625001 0.6572121531249999 0.544422334375 0.65956404375 0.5145866781249999 0.662699896875 0.5078246203125001 0.6701140062500001 0.525641765625 0.815715896875 0.5483669359375 0.8166790796875001 0.5682573750000001 0.8145885109375 0.5945614421875 0.801768759375 0.588083228125 0.6683818765625 0.586689515625 0.6551215828125
1567 1 0.4737961109375 0.9687310468750001 0.176291890625 0.743782509375 0.2364071328125 0.7615996546875 0.3820090234375 0.672092684375 0.39141658437500004 0.658503984375 0.2621287390625 0.45492811718750004 0.3103389796875 0.5062889859374999 0.7272542109375 1 0.78581273125 1 0.4737961109375
238 0.77117916875 0.21006576875 0.782866528125 0.22559584843749997 0.7999222328125 0.2204515265625 0.8191158140624999 0.2117308125 0.835823090625 0.20327141875 0.8351735421875001 0.173174440625 0.844864946875 0.12188041875 0.8371049125000001 0.0958824765625 0.8293448765625 0.0698845359375 0.8116396234375 0.044931878125000005 0.7885660234375 0.040653621875000004 0.7690240140625 0.046059265625 0.75440730625 0.074409096875 0.7482947984375 0.111920184375 0.749641203125 0.14864730937499998 0.7591433796875 0.19122061562499998 0.77117916875 0.21006576875
1939 0.4737961109375 0 0.373457415625 0.010546021875 0.32585952812499996 0.0390106203125 0.33282809375 0.10531208125 0.391807075 0.6186257515625 1 0.7210540062499999 1 0.4737961125 0.9502020218749999 0 0.4737961109375 0
1939 0.3105031828125 0.6104126625 0.39111021875 0.6119956046875 0.3230247953125 0.035956868749999996 0.24385877968749997 0.0241673875 0.241372475 0.0244287078125 0.2469473265625 0.077469875 0.3105031828125 0.6104126625
1939 0 0.4887847609375 0.036282775 0.8235775734375 0.3184697234375 0.7101261734375 0.23888617031249998 0.0246900296875 0 0.049797978124999996 0 0.4887847609375
676 0 0.46498725937499996 0.030406803125 0.7437545 0.15546620312499998 0.7138517578125 0.0703723828125 0.1194905109375 0 0.11390365625000001 0 0.46498725937499996
1506 0.0330996140625 0.81720875 0.037977609375 0.8636197703124999 0.2270313828125 0.7968257000000001 0.169196825 0.7727391078125 0.0330996140625 0.81720875
819 1 0.717504934375 0.390761790625 0.6086805328125 0.3105031828125 0.6104126625 0.32309390625 0.706288459375 0.03558591875 0.816947428125 0.0548255203125 1 0.47581020625 1 1 0.946675840625 1 0.717504934375
1416 0.5434844171875 0.24405253437500002 0.5193182265625 0.25329589218750004 0.526334096875 0.29613051874999996 0.54373823125 0.2943012703125 0.5703907265625 0.28479659218750003 0.5637232828125 0.24527703750000002 0.5434844171875 0.24405253437500002
319 0.8747051296875 0.6449600875 0.8949439953124999 0.6461845921875 0.8756858296875001 0.5107892421875 0.9247150671875 0.498932671875 0.9071990421875 0.3801126875 0.8528487671875 0.3891768265625 0.8109300140625001 0.396934359375 0.8413378828125 0.63841204375 0.8747051296875 0.6449600875