1046 0.4229806171875 0.8421286921875 0.448844303125 0.8528570453125001 0.635204525 0.1948948046875 0.591658584375 0.0202415734375 0.3308807671875 0.7414181281250001 0.3341063921875 0.75435540625 0.3648280765625 0.7535663859375 0.3761764484375 0.7060769953125 0.43675472812500005 0.7940344968749999 0.4229806171875 0.8421286921875
237 0.587300534375 0.519458078125 0.5881265015625 0.491769109375 0.606726009375 0.48369635312500003 0.609951634375 0.4966336296875 0.6123512921875001 0.537259871875 0.6026483359375 0.5396790921875 0.5783909421875 0.5457271390625 0.5565527671875 0.5614781437499999 0.54602384375 0.5915863296875 0.5443849484375 0.6263487390625 0.5548682312500001 0.6683948890625 0.5734351375 0.711860940625 0.608182334375 0.7375512796875 0.6486004546874999 0.744650803125 0.6777093265625 0.737393146875 0.693083209375 0.7163831140625 0.702805728125 0.683040609375 0.705251028125 0.6515125187499999 0.6988062984375001 0.615330203125 0.6842714234375 0.5880357453125 0.658420778125 0.55669186875 0.636602165625 0.5415195875000001 0.63177676875 0.5014981484375001 0.7416697203125 0.5909016375 0.7505597500000001 0.5955558609375 0.74569523125 0.61738099375 0.7578108875 0.6349724937500001 0.7731717296875 0.6345779859375 0.7804424265625001 0.643071334375 0.7796621015625 0.598605965625 0.7683463328125 0.594556546875 0.7514183203125 0.516328084375 0.7691983812500001 0.52563653125 0.7748367046875 0.5585845265625 0.7812814343750001 0.5947668421875 0.7950033828125 0.62913474375 0.830556984375 0.6580594 0.8515691921874999 0.6699973625 0.876632990625 0.667183634375 0.8960454265625 0.6520374343750001 0.90656783125 0.6322370109375 0.9090196515625 0.5904011578125 0.899342775 0.5515893296875001 0.8823886812499999 0.5145919140624999 0.864615140625 0.494975703125 0.8395643828124999 0.4771739078125 0.816119915625 0.4761485125 0.7910495953125001 0.489270003125 0.7756757125 0.5102800375000001 0.7514313609375 0.4957125609375 0.7506640765625 0.43063166875 0.7708894374999999 0.4084120265625 0.7595801875 0.3940548453125 0.7458321578125 0.4009179921875 0.7134846203125 0.415853896875 0.7231810578125 0.423742440625 0.7393483062499999 0.42658224999999994 0.732051528125 0.45931995 0.690007553125 0.4663673109375 0.64958943125 0.45926778749999997 0.6156356015625 0.4574272921875 0.59864890625 0.4719686875 0.5776236578125 0.48064624843750003 0.575184878125 0.5018665765625 0.57678465 0.5289507390625 0.587300534375 0.519458078125
337 0.3145765921875 0.955041321875 0.316189403125 0.961509959375 0.3210408828125 0.96030035 0.3250859546875 0.955856421875 0.34449186875 0.9510179828125 0.345298275 0.9542523015625 0.36470419062500004 0.9494138640625 0.363091378125 0.9429452265625 0.372794334375 0.9405260078125 0.3631631015625 0.8295598453125 0.3591310703125 0.8133882484375 0.3292223125 0.8071038250000001 0.30415851250000003 0.8099175531249999 0.27666245312500004 0.8236438484375 0.26776590312500004 0.8292973859374999 0.25725001875000003 0.8387900484375 0.26128205000000004 0.8549616437499999 0.2661335296875 0.853752034375 0.29518371718749997 0.9392642359375 0.3145765921875 0.955041321875
337 0.0835531625 0.64849178125 0.0697986125 0.6656626921875 0.10448712499999999 0.7841228890624999 0.1449117671875 0.7809146515625 0.1716014203125 0.7639540375 0.1538930828125 0.64126020625 0.137725834375 0.638420396875 0.1158941796875 0.643863640625 0.0835531625 0.64849178125
319 0.22559338437499998 1 0.2361334859375 0.9917762765625 0.1990518359375 0.8223820749999999 0.18126525468750002 0.823381390625 0.1537691953125 0.837107684375 0.12789246875 0.84699485625 0.185871846875 1 0.22559338437499998 1
319 0.1724078265625 0.7671883562499999 0.11741570781249999 0.7946409453125 0.13274394843749998 0.845785246875 0.1885424734375 0.8215669765625 0.1724078265625 0.7671883562499999
337 0.58388581875 0.8054458999999999 0.5508296796875001 0.6625310546875001 0.5419396484375001 0.6578768296875 0.5128307765625 0.6651344875 0.4909991234375 0.6705777296875 0.47159320937500004 0.6754161671875 0.474818834375 0.6883534453125 0.5143523046875 0.81591179375 0.54345465625 0.8189618984375 0.5628605703125 0.8141234609374999 0.58388581875 0.8054458999999999
1567 0 0.5613922812500001 0.023319403125 0.6549212984375 0.1003377265625 0.9534910078125 0.5718158046874999 0.715700065625 0.47748582656250005 0.3063614453125 0.2696982125 0.3306856859375 0.301148059375 0.45682413125 0.21382144374999998 0.4785971015625 0.18076530468750002 0.33568225625000003 0 0.35161772812500003 0 0.5613922812500001
238 0.09194324375 0.1654468734375 0.07173092343750001 0.167050990625 0.051512081249999994 0.17896287187499998 0.043408896875000005 0.20846625468750002 0.04500866875 0.23555041562499998 0.046608440625000004 0.262634578125 0.0732589703125 0.3075205359375 0.0829423671875 0.336024603125 0.1015353546875 0.33825960781250003 0.12255408125 0.3398898078125 0.1403406640625 0.3388904953125 0.1460115890625 0.3202996796875 0.150876109375 0.29847454687499997 0.1452443046875 0.2552187890625 0.133948096875 0.2202460828125 0.11537466874999999 0.1870877921875 0.09194324375 0.1654468734375
1939 0.43860771718749997 0 0 0.10935718593749999 0 0.5613922812500001 0.08242186093750001 0.8919683109375001 0.6422404890625 0.574467584375 0.5220989890625 0.071938515625 0.5059708625 0.007252132812500001 0.4682414453125 0 0.43860771718749997 0
1939 0.51388395625 0 0.5075901953125 0.003413009375 0.6406276765625 0.5679989453125 0.715832115625 0.5389422359375 0.593277915625 0.0164024484375 0.5891883265625 0 0.51388395625 0
1939 0.5913509140625 0 0.7424500453125 0.6353670046875 1 0.6439210203125 1 0.4566777078125 0.8877043 0 0.5913509140625 0
676 0.774521071875 0 0.8968974749999999 0.5831174203125 1 0.5712745109374999 1 0.4679296875 0.885281759375 0 0.774521071875 0
1506 1 0.6399606453125 0.9041355703124999 0.643149578125 0.8580269625 0.6855641546875 1 0.6842227890625 1 0.6399606453125
819 1 0.6381719765625 0.736792159375 0.6333422953125 0.715832115625 0.5389422359375 0.6398212703125 0.5647646265625 0.081608978125 0.8887080140625001 0.10935718750000001 1 0.5417834828125 1 1 0.8841260312499999 1 0.6381719765625
1416 0.39746903125 0.27478119218749997 0.371598825 0.27436060156250003 0.3529993171875 0.2824333578125 0.36025045312500004 0.3218499921875 0.3885463984375 0.32166577812499997 0.40552657343750004 0.3174321453125 0.39746903125 0.27478119218749997
319 0.1005333375 0.6442581484375001 0.1506609375 0.6386306921875 0.1788721171875 0.772447384375 0.19747162499999998 0.7643746265625 0.22658701718750002 0.7468092078125 0.172570834375 0.5094943062499999 0.13052686093750002 0.5165416671874999 0.0763541890625 0.5266130515625 0.1005333375 0.6442581484375001