524 0 0.4733431046875 0.1424203390625 0.504549409375 0.350219953125 0.5301974328125 0.5304035828125 0.5553006890625001 0.8218707890625 0.4289945546875 0.5239450015625 0.4065414625 0.33791131406249997 0.39789884531249997 0.2308484515625 0.3913665859375 0.148476546875 0.3936094125 0.0786881453125 0.4021783515625 0 0.411840040625 0 0.4733431046875
423 0.2622629296875 0.8715863593750001 0.271788934375 0.7248000578125 0.3661995765625 0.7564993265625 0.3750384171875 0.9246442203124999 0.391023003125 0.9266171453125001 0.40401880625000003 0.7439845390625 0.5296526640625 0.6773960328124999 0.5497155703125001 0.8087425156249999 0.5657001562499999 0.810715440625 0.5467267875 0.6241369859375 0.4916322484375 0.5600612093749999 0.44850772812499995 0.56142065 0.4155177359375 0.5812136515625 0.3670192109375 0.6029108640625 0.3129454921875 0.515096234375 0.17343740624999998 0.5007409921875 0.18302716562500002 0.546790540625 0.213430746875 0.6020912296875001 0.23315503437500001 0.666574340625 0.247097978125 0.7160249703125 0.2424012109375 0.8700894859374999 0.2622629296875 0.8715863593750001
423 0.5969920890625 0.680934546875 0.7456825984375001 0.7059690859375001 0.774520590625 0.8126246125 0.8015230921875001 0.8722784859375 0.816079521875 0.8626200109375001 0.7762236125 0.698283534375 0.8368983078125 0.64754218125 0.8802240140625001 0.776032353125 0.8952564953125 0.7702510109375 0.8660111671875 0.62822523125 0.8623401828124999 0.534221925 0.8828841031250001 0.44511657343750005 0.87812358125 0.4063452390625 0.76514194375 0.44776673593750005 0.7382719140625 0.5494555921875001 0.637059109375 0.5264626953125 0.5695135359375 0.6174035390625 0.5850858234375 0.8083351796875 0.60059435625 0.806430971875 0.5969920890625 0.680934546875
436 0.6718208390625 0.36083549531250003 0.6615488796875 0.405388171875 0.7734409796875 0.41919864687499997 0.7706533828125 0.3644427265625 0.6718208390625 0.36083549531250003
436 0.5410191249999999 0.35328241562499996 0.5307471640625 0.3978350921875 0.6227775453125 0.41014869374999996 0.6238670828124999 0.354916721875 0.5410191249999999 0.35328241562499996
436 0.431507284375 0.3588576078125 0.412528953125 0.396608121875 0.49632901562500004 0.40599669374999997 0.5027238421875 0.3619200703125 0.431507284375 0.3588576078125
436 0.33315079375 0.3591275109375 0.31757354375 0.3925248390625 0.3849129671875 0.396063353125 0.3879067140625 0.3563399140625 0.33315079375 0.3591275109375
423 0.2352703546875 0.363274546875 0.218741 0.3889176078125 0.285604371875 0.3885789890625 0.29342735468750003 0.356133765625 0.2352703546875 0.363274546875
423 0.175685196875 0.3587839296875 0.1591558421875 0.384426990625 0.20323246562500002 0.39082181718750003 0.2149325828125 0.357900540625 0.175685196875 0.3587839296875
423 0.07929170468749999 0.791727184375 0.098677371875 0.7893469234375 0.10813466093749999 0.6740537421874999 0.15363944062499998 0.69207996875 0.1577177609375 0.821453528125 0.17465445 0.83118071875 0.18309091875 0.739626390625 0.191934721875 0.6834423140625 0.2268289234375 0.6791578453125 0.21485890312499997 0.6137226296875 0.177108390625 0.5947442984375 0.113376196875 0.492373240625 0.081407025 0.48842739062499996 0.024746896875 0.47570645312500004 0.030459521875 0.5222320546875 0.0608631046875 0.5775327421875 0.0781384140625 0.65412330625 0.07929170468749999 0.791727184375
407 0.46941868906249995 0 0 0.0576373671875 0 0.1067197625 0.2857467671875 0.10126378124999999 0.6014437421875 0 0.46941868906249995 0
1250 0.6522339859375 0.2333661453125 0.6393118624999999 0.1601766625 0.5564639046875001 0.15854235781249998 0.567413103125 0.24771642656249998 0.6522339859375 0.2333661453125
1636 0.9923959421875 0.4395413796875 0.9713809328125 0.3004406296875 0.9127478796874999 0.303704278125 0.8754047015624999 0.3200962 0.8886654453125 0.46014905468749995 0.904173978125 0.4582448453125 0.9332868375000001 0.43892789531250004 0.9923959421875 0.4395413796875
1636 0.511567646875 0.30573599375 0.42144147343749994 0.3089309265625 0.38164931874999997 0.33743029999999996 0.401442321875 0.3704202921875 0.4097413578125 0.34185220156249996 0.495990396875 0.339133321875 0.514423959375 0.32899879374999996 0.511567646875 0.30573599375
676 0.768484234375 0.026248732812499998 0.630811640625 0.058895142187500006 0.6694405796875 0.34144982968750004 0.780380575 0.3475060359375 0.78466504375 0.3824002375 0.8176550359375 0.36260723437500003 0.768484234375 0.026248732812499998
676 0.3123419328125 0.12554740312499998 0.22316786406250003 0.13649660156250001 0.26098213124999997 0.3483107828125 0.2876460140625 0.341101284375 0.29968475 0.3750433796875 0.3380487484375 0.33491260624999997 0.3123419328125 0.12554740312499998
125 0.6278816484374999 0.2914544296875 0.568296490625 0.28696381249999997 0.57931440625 0.34464476093749996 0.646177778125 0.3443061421875 0.6394443328125 0.32151939375 0.618630509375 0.312268253125 0.6278816484374999 0.2914544296875
410 0.1928673578125 0.033956234375 0.1560345890625 0.038478729687500005 0.077947153125 0.07561575781249999 0.1186226953125 0.0863637703125 0.21854477656250001 0.034739028125 0.1928673578125 0.033956234375
436 0.10487597500000001 0.3910917203125 0.09916335 0.34456611875 0.067194178125 0.34062026875 0.0177435484375 0.3545632140625 0.028354128125 0.376873909375 0.047671078125 0.40598676874999995 0.10487597500000001 0.3910917203125