524 0 0.4193912203125 0.1439036546875 0.46714723437499994 0.3478839734375 0.5143757296875 0.5244565328124999 0.558175784375 0.8275296375 0.4630281890625 0.53358290625 0.40955637187500005 0.3494717296875 0.381515284375 0.24367817656250002 0.3638276921875 0.1615230734375 0.357448025 0.0912212828125 0.35867514843750004 0 0.360267421875 0 0.4193912203125
423 0.22590264375000002 0.688406103125 0.205127478125 0.8411356921875001 0.2247239265625 0.8447004796875 0.24954109375 0.699714028125 0.34012106875 0.7411082437500001 0.33133556249999996 0.90925593125 0.34702635625 0.9128888937499999 0.379041271875 0.7326152 0.5109472890625 0.6795237859375 0.5171708421875 0.8122478843750001 0.5328616359375 0.8158808453124999 0.5334949640625 0.6283412296875001 0.48539998124999995 0.5588575203125 0.44236960312500007 0.5557017734375 0.40749140156249997 0.5719379546875001 0.35699057968750003 0.5884468296875001 0.3123922109375 0.495461015625 0.1751488953125 0.466601846875 0.17987263281250002 0.513401534375 0.2043291640625 0.57157731875 0.21720507812499998 0.637768934375 0.22590264375000002 0.688406103125
423 0.5523899109375 0.8155399781250001 0.5680125312500001 0.8152672843750001 0.5775479453125001 0.6900818015625 0.722807090625 0.7305215890625 0.74033856875 0.8396072374999999 0.76095761875 0.9017568515625 0.7764438921875 0.8936728468749999 0.7539841578125 0.7260705468750001 0.8196303859375 0.6819493921875 0.84928786875 0.8142644499999999 0.864842315625 0.8100861015625 0.8506029328125001 0.665781384375 0.8567780796875001 0.5719093156249999 0.8865235046875 0.4854395171875 0.88584176875 0.4463829671875 0.76914933125 0.47576775624999995 0.7317971171875 0.5740908671875 0.6335421796875 0.5406443078125001 0.556860721875 0.6240265328125 0.5523899109375 0.8155399781250001
436 0.7803890828125 0.44822365 0.783340309375 0.39347630625 0.6854262390625 0.379558021875 0.6705535265625 0.422792921875 0.7803890828125 0.44822365
436 0.6314969765625 0.42347465624999997 0.6383538578125 0.3686591390625 0.5561305812499999 0.358373815625 0.54125786875 0.401608715625 0.6314969765625 0.42347465624999997
436 0.506175146875 0.40612793125 0.5171422046874999 0.36296120625 0.4466358921875 0.3524713625 0.4238155234375 0.3880312984375 0.506175146875 0.40612793125
436 0.3964077640625 0.3846028578125 0.40353734062499996 0.3454099609375 0.3487899953125 0.34245873437499996 0.3298071078125 0.3740448421875 0.3964077640625 0.3846028578125
423 0.2984255203125 0.36677891875 0.3095970984375 0.33532915937499996 0.25101227187499997 0.3363517609375 0.23189303749999998 0.3601265578125 0.2984255203125 0.36677891875
423 0.2162704171875 0.36039925156249997 0.23134765000000002 0.3288813171875 0.1922229265625 0.325657396875 0.1731036921875 0.3494321953125 0.2162704171875 0.36039925156249997
423 0.055164364062500006 0.5312057046875001 0.06433914375000001 0.609182459375 0.05110259375 0.7461530796875 0.07063087031250001 0.7458122125 0.0920877703125 0.632139175 0.135459015625 0.6548231984374999 0.125991775 0.783914334375 0.14181891562499999 0.79535860625 0.1597792015625 0.7051876734375 0.17444739375 0.6502358078125 0.20959828906250003 0.649622246875 0.204533684375 0.583294284375 0.1689737484375 0.560473915625 0.116291375 0.45200182812499995 0.08490978906249999 0.44473590625000003 0.02988975 0.426162059375 0.03070783125 0.4730299203125 0.055164364062500006 0.5312057046875001
407 0.4956366046875 0 0 0.008651368750000001 0 0.0528461234375 0.328599753125 0.0810525390625 0.7171082453125 0 0.4956366046875 0
1250 0.5918466328124999 0.16631498281249998 0.5934146218749999 0.25614505 0.679270859375 0.25073957812500003 0.674069909375 0.17660030625 0.5918466328124999 0.16631498281249998
1636 0.9063244734374999 0.5007212703125 0.9372970203125 0.48455326249999997 0.9960181921875 0.49134197031250004 0.9896582921875 0.3508065609375 0.93100529375 0.3479235078125 0.8921532624999999 0.3603222078125 0.8907018531249999 0.5009939640625001 0.9063244734374999 0.5007212703125
1636 0.5128275078125 0.3395954484375 0.5322194359375 0.331443271875 0.5318103953125 0.308009340625 0.4418439828125 0.3017660203125 0.3992908171875 0.325949859375 0.41552699843749996 0.3608280609375 0.42676675 0.3332839546875 0.5128275078125 0.3395954484375
676 0.7953981421874999 0.41280006093750005 0.8302763437499999 0.3965638796875 0.8165339421875 0.056908235937499996 0.676203053125 0.0749851015625 0.685085371875 0.360029746875 0.79478458125 0.377649165625 0.7953981421874999 0.41280006093750005
676 0.3138436203125 0.35478926093749996 0.356192265625 0.31888845625 0.3525108984375 0.107983084375 0.26268083125 0.1095510734375 0.2781473375 0.32415758125 0.30541874999999996 0.3197747125 0.3138436203125 0.35478926093749996
125 0.6573367453125 0.33707303125 0.63760395 0.3256969328125 0.648980046875 0.3059641375 0.5901907015625001 0.2952697734375 0.5951189578125 0.35378642656250003 0.661651440625 0.3604387875 0.6573367453125 0.33707303125
410 0.1639486796875 0.0487649296875 0.26871963125 0.0078676953125 0.24326469999999997 0.0044051671875 0.206160978125 0.005052815625 0.1246194359375 0.03382404375 0.1639486796875 0.0487649296875
436 0.043808034375 0.32824798906249997 0.0599760421875 0.3592205359375 0.11842452031249999 0.35038662343750004 0.11760643906249998 0.3035187625 0.08622485156250001 0.296252840625 0.0355876828125 0.30495040625000003 0.043808034375 0.32824798906249997