524 0.3824213078125 0.5213887265625 0.5084930453125 0.461079796875 0.5219825203124999 0.3597372859375 0.5808400390624999 0.34513726718750004 0.6186694671875 0.41612079218750003 0.619896590625 0.3458190015625 0.6708746265625 0.334988290625 0.6932859546875 0.3939821578125 0.698350559375 0.3276541953125 0.7454229406249999 0.3167553125 0.6947857703125 0.308057746875 0.6005728359375 0.33376116875 0.48696797187499996 0.3513124140625 0.2988829671875 0.3831909828125 0.1458806859375 0.41958876875 0.05961540625 0.437617228125 0.058388284375 0.50791901875 0.3432965828125 0.524612646875 0.343384525 0.743397503125 0.35907531875 0.7397645421875 0.3588510296875 0.5287909953125001 0.3824213078125 0.5213887265625
353 0.8166109859375 0.26720891875 0.8318927390624999 0.2870098875 0.88670825625 0.28015300625 0.88150730625 0.354292278125 0.8656119921875 0.3696422046875 0.9671590234374999 0.371414715625 0.9707722171875 0.164414996875 0.7012820171875 0.159711028125 0.7065027359375 0.3082622671875 0.7691295640625 0.30154173281249996 0.7774180890625 0.27433849375 0.7892032265625 0.270637359375 0.8166109859375 0.26720891875
407 0.16399776093750001 0 0.421506496875 0.0727837828125 0.4720754921875 0.085387003125 0.5267546624999999 0.08634143125 0.573690696875 0.0832538578125 0.5932189718750001 0.08359472500000001 0.60439055 0.11504448593750001 0.690110440625 0.1282612671875 0.6942887890625 0.11270682031249998 1 0.1064378984375 1 0.0551859921875 0.997233521875 0.0086030796875 0.504363428125 0 0.16399776093750001 0
423 0.436915725 0.75675063125 0.3774446453125 0.8065015453125 0.3808730859375 0.8339093046875 0.40033318749999997 0.8381558265625 0.4122546734375 0.8266433828125 0.4758359296875 0.7652436765624999 0.5570366046874999 0.8135431796875 0.5567639093750001 0.8291658 0.5800614937499999 0.8373861515625001 0.588145496875 0.8218998781250001 0.58060688125 0.8061409109375001 0.503380034375 0.754003925 0.5816294828124999 0.747556084375 0.58526244375 0.763246878125 0.6049270671875 0.7557764359375 0.601362278125 0.7361799875 0.503652728125 0.73838130625 0.49611411250000004 0.7226223390625 0.5006333281249999 0.687539615625 0.505084371875 0.65636255 0.5483874453124999 0.6375841828125 0.5878530359374999 0.6148319859375 0.6002517359375 0.57597995625 0.59770955 0.49779868125000004 0.6064071156249999 0.44716151249999997 0.607225196875 0.40029365156249996 0.600095621875 0.36110075468749997 0.5924888312500001 0.3492474421875 0.56521741875 0.3448645734375 0.5456209703125 0.3484293609375 0.5299301765625 0.352062321875 0.5139666890625 0.371317903125 0.508697565625 0.44936283125000004 0.5041783484375 0.48444555312500004 0.49568530468749994 0.52336575625 0.47197867968749996 0.5385793359375 0.40955637187500005 0.53358290625 0.38605426875000004 0.5370795203125 0.3812623578125 0.5877848625000001 0.403810034375 0.63896741875 0.43862006249999996 0.65910925625 0.4380065015625 0.6942601515625 0.45287921249999996 0.7374950499999999 0.3747661125 0.73613158125 0.3471538328125 0.7512769875 0.436915725 0.75675063125
436 0.1819178359375 0.3694288140625 0.181304275 0.404579709375 0.2753808640625 0.386687596875 0.26009911093750004 0.366886628125 0.265095540625 0.30446432031250004 0.24954109375 0.300285971875 0.210348196875 0.307415546875 0.18273591718749999 0.322560953125 0.1819178359375 0.3694288140625
436 0.2986102734375 0.39881360312499997 0.3653472765625 0.3804442765625 0.3621915296875 0.3374138984375 0.363077784375 0.28664038281250004 0.327858715625 0.2899324765625 0.30408391875 0.3090517109375 0.2957272203125 0.3401606046875 0.2986102734375 0.39881360312499997
436 0.39282320937500004 0.37311018125 0.44393759218750006 0.3544681609375 0.44496019374999995 0.295883334375 0.42563643906250004 0.283825503125 0.3980923328125 0.295065253125 0.3898719828125 0.3183628375 0.39282320937500004 0.37311018125
436 0.0217178046875 0.37053935781249997 0.0604334890625 0.39074936718750003 0.06708585 0.45728185000000005 0.122242234375 0.43089669375 0.123060315625 0.3840288328125 0.1125704734375 0.3135225203125 0.08523088749999999 0.31304530625 0.0421323359375 0.32010670937499996 0.0300063296875 0.34333611875000003 0.0217178046875 0.37053935781249997
423 0.631701496875 0.5648083781250001 0.61176418125 0.5879014421875 0.5099444546874999 0.6017515515625 0.5448908296874999 0.614082078125 0.5442772687499999 0.6492329734375 0.5204342984375 0.6722578640625 0.54784205625 0.668829421875 0.5712078140625 0.67314411875 0.6802252875 0.6945812499999999 0.7078375671875 0.6794358453125 0.591213303125 0.6461454 0.641850471875 0.654842965625 0.6343800296875 0.63517834375 0.607176790625 0.6268898187499999 0.6351981109375 0.5883104828125 0.6585638671875 0.592625178125 0.6822704921875 0.5774115984375 0.6788420515625 0.550003840625 0.683974828125 0.47977022187499996 0.6771861203125 0.42104905 0.6897211671875 0.374385709375 0.6745757609374999 0.34677342968749997 0.6433305203125 0.34622804218750003 0.6314772078125 0.35383483125000004 0.6153092 0.384807378125 0.626208084375 0.431879759375 0.6020242453125 0.474432925 0.601410684375 0.5095838203125 0.631701496875 0.5648083781250001
436 0.7384494796875 0.49244161562500005 0.7426960015625 0.4729815140625 0.7276869421875001 0.437557925 0.74385495 0.40658537812500006 0.7523479953125001 0.367665175 0.737134415625 0.34395855000000003 0.7295958 0.3281995828125 0.7139731796875 0.3279268890625 0.6940358625 0.351019953125 0.7055483078125 0.3629414375 0.68910760625 0.4095366046875 0.676572559375 0.45619994531249997 0.6952145796875 0.507314328125 0.7384494796875 0.49244161562500005
1097 0.7541402734375 0.4888086546875 0.7780514171874999 0.4618781109375 0.8061409109375001 0.41939311874999996 0.8534859859375 0.392871615625 0.87321878125 0.38149551718749997 0.8780106921874999 0.330790175 0.8941105265625 0.3037232828125 0.8710174625 0.2837859671875 0.8475835328124999 0.2833769265625 0.7807101828125 0.3095575625 0.7610455593750001 0.31702800625 0.7527570359375 0.34423124375 0.752007128125 0.38719345 0.7553673953125 0.41850686406250004 0.747010696875 0.44961575781249996 0.7541402734375 0.4888086546875
436 0.46812143125 0.3119149953125 0.4712090046875 0.3588510296875 0.5145120765625 0.3400726625 0.5192358140625 0.293272975 0.5038177140625 0.2812833171875 0.4762736078125 0.2925230671875 0.46812143125 0.3119149953125
436 0.515057465625 0.308827421875 0.5262290421875 0.3402771828125 0.5578151499999999 0.3212942953125 0.5582241906250001 0.29786036562499996 0.5547275765624999 0.27435826093750004 0.5351993015625001 0.27401739375 0.515057465625 0.308827421875
436 0.64448946875 0.27983190625 0.6478497375 0.3111453203125 0.67121549375 0.315460015625 0.6872471546875001 0.2922987796875 0.67587105625 0.272565984375 0.64448946875 0.27983190625
436 0.6016636109375 0.2712706875 0.578025159375 0.2825786125 0.5736422906249999 0.309850025 0.573369596875 0.3254726453125 0.6087250125 0.314369240625 0.6016636109375 0.2712706875
2001 0.0125582140625 0 0.007049614062499999 0.31558749218750004 0.06570261250000001 0.3127044390625 0.12819309375000001 0.313795215625 0.1555326796875 0.3142724296875 0.1948619234375 0.29933154375000004 0.222201509375 0.2998087578125 0.26927389062499996 0.2889098734375 0.2808545078125 0.2969257046875 0.31223609531249996 0.2896597828125 0.343822203125 0.2706768953125 0.3828787546875 0.2713586296875 0.406312684375 0.2717676703125 0.44550558125000006 0.26463809375 0.44913854375 0.28032888749999996 0.48052013125000004 0.273062965625 0.515875546875 0.2619595625 0.5303876234375 0.102032225 0.49139924687500003 0.097444834375 0.45281990937499994 0.069423515625 0.3823135984375 0.0799133578125 0.3710738484375 0.0523692515625 0.2968664015625 0.05107395625 0.29720726875 0.03154568125 0.1995658921875 0.02984134375 0.192656590625 0 0.1078931 0 0.0828734546875 0.0004565546875 0.0804010328125 0 0.0125582140625 0
410 0.7897970203125 0.0127959515625 0.7699960515625001 0.0280777046875 0.7933618078125 0.0323924 0.8209059140624999 0.021152650000000002 0.8250160890625 0.009503857812499999 0.7897970203125 0.0127959515625
410 0.6254868140625 0.0255552859375 0.6369310859375 0.041382426562500005 0.6644751906249999 0.030142676562499998 0.6374082999999999 0.014042842187499998 0.6254868140625 0.0255552859375
410 0.695584084375 0.0384993734375 0.6759194625 0.0459698171875 0.6638616296875 0.065293571875 0.6872273875 0.06960826718749999 0.7147714921875 0.0583685171875 0.695584084375 0.0384993734375
410 0.8239934874999999 0.068088684375 0.8397524546874999 0.0605500671875 0.836255840625 0.0370479640625 0.8205650468749999 0.040680925 0.8046697328124999 0.0560308515625 0.8239934874999999 0.068088684375
1250 0.676348271875 0.2452263984375 0.7036196828125 0.2496092671875 0.696421934375 0.21432202500000003 0.676893659375 0.2139811578125 0.676348271875 0.2452263984375
1506 0 0.98349839375 0.9015720984375 0.9953650953125001 0.9981997437500001 0.3836770671875 0.8847994 0.389511346875 0.8882960140625 0.41301345156249997 0.60342725 0.841700846875 0.5486117328125 0.8485577281250001 0.47158940625 0.784703778125 0.40403432187500005 0.849940965625 0.3533289796875 0.84514905625 0.3624355859375 0.77107795625 0.2411557578125 0.78068154375 0.220877575 0.8233028828125001 0.19278808125 0.8657878734375 0.0602003296875 0.8517530109375 0.05075285625 0.9453523859375 0.0153292671875 0.9603614453124999 0.0016155046874999999 0.8507304093749999 0 0.852290484375 0 0.98349839375