1754 0 0.6921523359374999 0.00879418125 0.6927672859375 0.9971471078125 0.55825864375 0.9995994843749999 0.5231880328125 0.7272911093750001 0.44149375781250005 0.0053871953125 0.4614975140625 0 0.6113778796875 0 0.6921523359374999
423 0.517332303125 0.9241171687499999 0.58199528125 0.6153757515625 0.2906395734375 0.63807585 0.23387869687500001 0.833811965625 0.1604676390625 0.875668028125 0.263853996875 0.9651290687499999 0.517332303125 0.9241171687499999
436 0.41309996718750003 0.45476547187499994 0.4130180390625 0.3999387015625 0.275542384375 0.405988621875 0.2806109921875 0.44550093906250005 0.41309996718750003 0.45476547187499994
2030 0.33099605468750004 0.4529399953125 0.36595621875 0.008984740625 0.2560301921875 0.013045329687500001 0.2324877453125 0.461714778125 0.33099605468750004 0.4529399953125
2001 1 0.04166124375 0.7698541828125001 0.0568069796875 0.74478545 0.4153065609375 0.913516909375 0.46626329999999994 1 0.4266491515625 1 0.04166124375
2030 0.715873390625 0.4367795640625 0.7690367250000001 0.06849718437499999 0.539401871875 0.0485237625 0.512425734375 0.434300484375 0.715873390625 0.4367795640625
423 0.8571029078124999 1 0.90479735 0.59095880625 0.7122224390625 0.6009873890625 0.6389752375 0.7524969921875 0.578344328125 0.779583575 0.5705241546875001 0.9474156484374999 0.585402265625 0.846645521875 0.6338799265625 0.88136171875 0.6373955421875 0.999081215625 0.676199034375 0.8921525375 0.798905209375 0.87332246875 0.851545340625 1 0.8571029078124999 1
1373 0.505367796875 0.36723853906250004 0.5070027140625 0.34385813125000003 0.5100000625 0.30099405 0.5093731625 0.25396074999999996 0.5145504015625 0.1799227921875 0.5098362078124999 0.19134051093749999 0.49651108749999995 0.213903459375 0.47013333125 0.25513262187499997 0.447652309375 0.2966342703125 0.43658900625 0.3428501140625 0.43386414375 0.381817459375 0.505367796875 0.36723853906250004
2001 0.51198939375 0.328543678125 0.5344971187499999 0.11866498437499999 0.380889553125 0.1314184296875 0.3719794359375 0.31483744062499996 0.51198939375 0.328543678125
125 0.164172 0.3747061140625 0.170166696875 0.28897795312499996 0.07302081875000001 0.2782690625 0.070105396875 0.3759599125 0.164172 0.3747061140625
436 0.6212618171875001 0.44582683437500004 0.6092172 0.39407933906250003 0.5031879078125 0.398412415625 0.5116082765625001 0.44599068906249995 0.6212618171875001 0.44582683437500004
436 0.15891283437499998 0.39391729999999997 0.0843299046875 0.39653353125 0.0214371796875 0.3999672203125 0.02487086875 0.4628599453125 0.18572693125 0.4584449421875 0.1895417375 0.403890659375 0.15891283437499998 0.39391729999999997
436 1 0.432527734375 0.9323736828125 0.42059243124999995 0.9160512125 0.486019459375 1 0.5113719140625 1 0.432527734375
300 0.1796770109375 0.3209692875 0.2030574171875 0.3226042046875 0.211395859375 0.315355709375 0.2158375671875 0.30783472500000003 0.2314245046875 0.30892467031250004 0.2241760078125 0.30058622968750004 0.209406528125 0.2878060796875 0.1901953421875 0.2825469140625 0.15874897968749999 0.28426375937500004 0.146513803125 0.2912397703125 0.14569634375 0.3029299734375 0.1532173265625 0.30737168125 0.151582409375 0.33075208749999996 0.1796770109375 0.3209692875
1650 0.3714344625 0.322630909375 0.34832654218750003 0.3170992578125 0.347236596875 0.3326861953125 0.3475910109375 0.38361623125 0.36680219687500004 0.388875396875 0.386013384375 0.3941345625 0.4138354984375 0.388248496875 0.42026653593749996 0.4082771421875 0.43250171249999997 0.40130113125 0.43721590624999995 0.3898834140625 0.44800672343750003 0.34756430625 0.4546283203125 0.308869446875 0.38530455625000004 0.2922744921875 0.3714344625 0.322630909375
125 0.1585584203125 0.3429872640625 0.147495115625 0.38920310625 0.18229324062500002 0.3955522171875 0.19624526250000002 0.42002257031249995 0.19461034531250002 0.44340297656249994 0.22605670781249998 0.4416861328125 0.24229725000000002 0.3214323328125 0.17133856875 0.328217784375 0.1585584203125 0.3429872640625
676 0.31018588281250004 0 0.25938195468749997 0.021111284375 0.22551173593749999 0.4494796015625 0.24445043593750002 0.4586355015625 0.2758967984375 0.45691865624999994 0.31563915 0 0.31018588281250004 0
676 0.51931981875 0.39170889062500003 0.5975269953125 0.39326188125 0.6106330390625 0.0378415765625 0.53523265 0.0521480109375 0.51931981875 0.39170889062500003
676 0.61030714375 0.3784924015625 0.62008994375 0.40658700156250005 0.625976009375 0.434409115625 0.7426055609375 0.4464804375 0.750098025 0.059341284375000004 0.6340134453124999 0.03947649375 0.61030714375 0.3784924015625