1156 0.24136544999999998 0.4504080046875 0.2241658640625 0.46534028593750004 0.22506715000000002 0.4929469359375 0.24769324375 0.508789896875 0.316259225 0.4927333546875 0.302237621875 0.4357080875 0.24136544999999998 0.4504080046875
1156 0.6609104921875 0.33279928124999997 0.6649803703125 0.3558807140625 0.6830812453124999 0.36855508124999997 0.7317343875 0.3520432 0.72110435 0.314252459375 0.6609104921875 0.33279928124999997
423 0.52240311875 0.492083215625 0.5135756546875 0.5095057765625 0.49976763437500005 0.543672584375 0.48912820625000003 0.5733141749999999 0.46604677343749995 0.5773840531250001 0.4391184375 0.5821322453125 0.41739363125000006 0.5938959359375 0.40155067187500004 0.616522028125 0.4266670421875 0.6239928640625 0.48210331718750005 0.6459500359375 0.3888669109375 0.7020552312499999 0.39610538281249996 0.72061144375 0.4121713171875 0.721745096875 0.44113459375 0.7285376203125 0.46308237343750003 0.740533675 0.4504080046875 0.75863455 0.4126172640625 0.7692645875 0.39224908593749996 0.7887220875 0.41600883125 0.7884991125 0.4352433578125 0.7851075468750001 0.455834509375 0.7894097921875 0.4535672046875 0.8215416609374999 0.46849948750000003 0.838741246875 0.4714451046875 0.810456284375 0.47642566249999996 0.7937120359375001 0.4922686234375 0.77108594375 0.5146717421875 0.7631691593750001 0.5443133312499999 0.7738085890625 0.556755334375 0.7993802984375 0.5689743640625 0.8011922640625 0.5725982953125001 0.7767542062499999 0.5658151625000001 0.738285153125 0.5637802234375 0.7267444375000001 0.5477142890625 0.7256107859375 0.511280175 0.7439346328124999 0.48503015156249996 0.75252973125 0.48028195937499996 0.72560139375 0.502006765625 0.7138377046875 0.52237494375 0.6943802031249999 0.54025284375 0.6832948265625001 0.5452334015625 0.6665505796875 0.5481790203125 0.6382656156250001 0.5409405484375001 0.619709403125 0.5393609484375 0.5882558484375 0.5377813484375 0.5568022921875 0.5438955578125 0.5239921109375001 0.539147365625 0.49706377343749997 0.52240311875 0.492083215625
629 0.5371124265625 0.4855230578125 0.5540796484375 0.5142633609375 0.6685855187499999 0.46630731406250003 0.596627971875 0.46312933125000005 0.5371124265625 0.4855230578125
629 0.47440950624999995 0.6473066625 0.393178546875 0.6140317484375 0.42033924999999994 0.565610971875 0.4913955109375 0.54118230625 0.503391565625 0.5192345265625 0.511540715625 0.4979650609375 0.18318774843750002 0.6153602 0.27663773593749996 0.6504470796875 0.31985498125 0.670592284375 0.32958373124999996 0.6807763734375001 0.318265990625 0.7065710578125 0.34021376875 0.7185671140625 0.47440950624999995 0.6473066625
1373 0.18341072187500002 0.6391199453125 0.166666475 0.6341393875 0.1562594109375 0.62010839375 0.1483426265625 0.597705275 0.1309200671875 0.5888778109375 0.10873992187499999 0.620554340625 0.078187653125 0.649740590625 0.0365500078125 0.6610489421875 0.039941575 0.68028346875 0.06234469375 0.672366684375 0.079767253125 0.681194146875 0.087005725 0.6997503593750001 0.09967070156249999 0.749081815625 0.123430446875 0.7488588421875 0.15805259375 0.7427540234375 0.17593049375 0.731668646875 0.1689243890625 0.6694398484375 0.18341072187500002 0.6391199453125
1373 0.59803155625 0.13366149375 0.5697465921875 0.13071587499999998 0.5530023453124999 0.1257353171875 0.5364810703125 0.1445145046875 0.5249403546875 0.1465494453125 0.5258416421875001 0.1741560953125 0.5285548953125 0.189543715625 0.512711934375 0.2121698078125 0.5194950671874999 0.2506388609375 0.5421211593749999 0.26648182187499997 0.5640689375 0.2784778765625 0.5833034640625 0.2750863109375 0.6032163046875 0.27554164999999997 0.629001596875 0.354291721875 0.63466046875 0.34139437968749997 0.626520709375 0.295231515625 0.63285789375 0.2861810796875 0.648245515625 0.2834678265625 0.6772087921875001 0.29026035 0.6627318484375 0.2531479234375 0.6593402828125 0.233913396875 0.6432743484375 0.23277974375000002 0.6195146046875 0.23300271874999998 0.6168013515624999 0.217615096875 0.594175259375 0.20177213593749999 0.612731471875 0.19453366562500002 0.6222372484375 0.180958009375 0.6401151484375001 0.1698726328125 0.6188456828125 0.16172348281249999 0.6294851109375 0.13208189374999998 0.60776030625 0.14384558281249998 0.60685901875 0.1162389328125 0.59803155625 0.13366149375
1016 0.22800337656249997 0.532094303125 0.254476375 0.54725895 0.3728291515625 0.498624590625 0.3515596859375 0.49047544062500004 0.22800337656249997 0.532094303125
627 0.6977811609375 0.42942725312499996 0.8808436234375 0.43284699375 0.8772196921875001 0.45728505156250004 0.9347002968749999 0.423350609375 0.8435082234375001 0.42356419062499995 0.8362697515624999 0.405007978125 0.8905817656250001 0.375598753125 0.8423839624999999 0.372197796875 0.6977811609375 0.42942725312499996
795 0.3104871515625 1 0.2587504453125 0.7289647859375 0.18000976562499998 0.6873177484374999 0.1413177390625 0.6703411359375 0.0765986609375 0.685719365625 0.03631764375 0.7047215265625 0.08838320468750001 1 0.3104871515625 1
423 1 0.5342092140625 0.9955536859375 0.5435153515625 0.9828699249999999 0.6290485546875 0.9903313703125001 0.6713645125000001 0.9568428750000001 0.661403396875 0.931271165625 0.6738454 0.9109029859375 0.6933029 0.9022984968750001 0.73448520625 0.9595467375 0.7442233484375 1 0.7532804515625 1 0.5342092140625
407 0.45625566875 0 0 0.080450184375 0 0.1391655390625 0.1592707703125 0.1197971234375 0.301606265625 0.0946995359375 0.3593098453125 0.0845248375 0.5877507859375 0 0.45625566875 0
423 0.050153839062500004 0.4682577296875 0.036345817187500004 0.5024245374999999 0.029553293749999997 0.5313878140625 0.0103187671875 0.53477938125 0.0105417421875 0.558539125 0.045842203124999995 0.5562812125 0.0657550421875 0.5567365515625 0.08046434999999999 0.5501763937499999 0.08340996875 0.5218914296875 0.076171496875 0.5033352171875001 0.077082175 0.46350953749999996 0.050153839062500004 0.4682577296875
1373 0.015289934375 0.5854674625 0.028177884375 0.6585586625000001 0.0485460640625 0.6391011625 0.0716274953125 0.6350312828125 0.0566952140625 0.617831696875 0.09131736093750001 0.611726878125 0.098109884375 0.5827636015625 0.1030904421875 0.566019353125 0.06711166874999999 0.5644303625 0.0433519234375 0.5646533359375 0.0164235859375 0.569401528125 0.015289934375 0.5854674625
1437 1 0.7564344078125 0.91836443125 0.7356188593749999 0.89143609375 0.7403670515624999 0.849575475 0.72791565625 0.7574727218749999 0.76795491875 0.75588373125 0.8039336921875 0.7649341671875 0.8102708765625 1 0.8831939484375001 1 0.7564344078125
423 0.8856012078125 0.3923430015625 0.8837892421875001 0.4045620296875 0.8731498125 0.4342036203125 0.8754077265625 0.46950408125000004 0.8842257968749999 0.5195138499999999 0.8973461140625 0.548932465625 0.9437319515624999 0.5645524515625 0.953237728125 0.550976796875 0.9541484062500001 0.5111511171875 0.8957665140625 0.5174789093750001 0.8980338187499999 0.48534704062499995 0.92111525 0.48127716249999997 0.9317546796875 0.451635571875 0.9211246421875 0.41384483281250006 0.9295061578125001 0.3489027828125 0.9120835968750001 0.34007531874999997 0.894884009375 0.3550076015625 0.8856012078125 0.3923430015625
351 0.6289828140625 0.48915637968750003 0.576482765625 0.506346575 0.5459304984375 0.5355328265625 0.557461821875 0.600930215625 0.6276074046875 0.6163272281250001 0.689613228125 0.585561378125 0.671298771875 0.4816949359375 0.6289828140625 0.48915637968750003
1156 0.25970808125 0.35197745937499997 0.2683031796875 0.37822748281249996 0.30677223124999997 0.37144435 0.29365191562500004 0.342025734375 0.25970808125 0.35197745937499997
627 0.39954390625 0.4026843234375 0.44774170937499996 0.40608528125000004 0.5636042078125 0.3658230453125 0.5475476640625 0.29725706406249996 0.49618126875 0.298381325 0.394349765625 0.328236496875 0.39954390625 0.4026843234375
627 0.0804737421875 0.48274406406250003 0.081375028125 0.5103507140625 0.1026444953125 0.5184998640625 0.1309294578125 0.5214454828124999 0.16894317187500002 0.5345751890625 0.2112591296875 0.5271137453125 0.22642377656249998 0.500640746875 0.21624907968749998 0.4429371671875 0.1802703046875 0.44134817656249997 0.0822857078125 0.47052503437500004 0.0804737421875 0.48274406406250003
1331 0.2927036703125 0.6515807312499999 0.331395696875 0.6685573453125 0.33931248125 0.6909604625 0.389777590625 0.6622295515625 0.3793705265625 0.6481985578125 0.35493246875 0.6445746265625 0.3413568125 0.63506885 0.3207656609375 0.6307666046875 0.297684228125 0.634836484375 0.2868218265625 0.6407183296875 0.2927036703125 0.6515807312499999
627 0.7991855 0.2171879328125 0.7966952203125001 0.22556005625000003 0.70436949375 0.2418395734375 0.7100189734375 0.296374559375 0.7258525421875001 0.34118079687499997 0.740784825 0.358380384375 0.76454456875 0.358157409375 0.8695446640625001 0.32377701875 0.9009982203125 0.32219741874999996 0.91842078125 0.33102488281250003 0.9313181234375 0.336683753125 0.90373025625 0.20272038124999997 0.8530421734375 0.2076915484375 0.7991855 0.2171879328125
268 0.5052223140625001 0.3721508390625 0.5565887093749999 0.371026578125 0.5731099828125 0.352247390625 0.55976669375 0.2990690296875 0.5450573859375 0.3056291875 0.5013848015625 0.305396821875 0.5052223140625001 0.3721508390625
1564 0.3911717828125 0.4001940453125 0.4490983359375 0.41377909218750003 0.6213077859375 0.35564834843750004 0.5672281390625 0.3413849875 0.3911717828125 0.4001940453125
627 0.3350571953125 0.37438996874999997 0.34659791093750003 0.3723550296875 0.339136465625 0.33003907187500003 0.38597764218749997 0.32574621875 0.439156003125 0.312402928125 0.48464055312500004 0.3004162640625 0.4647277140625 0.299960925 0.46179148750000004 0.260813559375 0.3169657125 0.2942832703125 0.3350571953125 0.37438996874999997
1016 0.7749516328125 0.37218840468750003 0.7516472265624999 0.3524985390625 0.6606781265625 0.376471865625 0.6839825328125 0.39616173125 0.7749516328125 0.37218840468750003
627 0.007401325 0.36076735625 0.0211905625 0.46146520625000004 0.1268689703125 0.43093172031250004 0.10492119062500001 0.418935665625 0.13049290156249999 0.40649366249999996 0.195434953125 0.41487517812499997 0.1931770390625 0.3795747171875 0.1911421 0.3680340015625 0.18232402812499998 0.3180242328125 0.007401325 0.36076735625
1331 0.059659615624999995 0.454682075 0.09133614375 0.47686221875 0.13863266093749999 0.4526565265625 0.1121596625 0.4374918796875 0.059659615624999995 0.454682075
627 0.3739719390625 1 0.324147834375 0.7174334609375 0.3447389875 0.7217357062499999 0.47056260156249996 0.647984975 0.38616305 0.61923528125 0.4241861546875 0.5649326593749999 0.6685855187499999 0.46630731406250003 0.5997965640625 0.45860411250000005 0.5925580921875 0.4400478984375 0.5559010046874999 0.4346120015625 0.238410440625 0.546125296875 0.1487979671875 0.5777924343749999 0.16712181406249998 0.6142265484375 0.1974417171875 0.6287128828124999 0.1967540125 0.69229830625 0.26327566406249997 0.7321333765625 0.3217854859375 1 0.3739719390625 1