1250 0.19502501562500002 0.358643740625 0.21013494531250002 0.435393103125 0.27456864687500004 0.41932797656250004 0.25187828125 0.3444686296875 0.19502501562500002 0.358643740625
1250 0.761677840625 0.1932063171875 0.7909730703125 0.310703065625 0.874357859375 0.289912903125 0.844117621875 0.1686259359375 0.761677840625 0.1932063171875
524 0.13508202656249998 0.764095153125 0.24973356406249997 0.7395351484375 0.383346378125 0.694144228125 0.5245600046875001 0.6146515375 0.6790444859375 0.5237983828125 0.7738203046875001 0.467961440625 0.909353696875 0.38183332187499996 0.9671723468750001 0.339236671875 0.957712084375 0.3174403734375 0.87717250625 0.33349531093749996 0.7511503140625 0.3608903390625 0.369242584375 0.524549815625 0.064094403125 0.6569934859375001 0.030487714062499997 0.683671821875 0.040839840625 0.725191934375 0.0545526359375 0.7640442125 0.13508202656249998 0.764095153125
423 0.4155275703125 0.7424822390625 0.3747699953125 0.772773415625 0.37474961875 0.8049851718750001 0.4069511875 0.8211114265624999 0.44104277031250005 0.844818115625 0.480824775 0.85905435625 0.511136328125 0.867600175 0.53197743125 0.8704555734375001 0.5319672421874999 0.8865614515625 0.43721180000000004 0.9101866359375 0.4258105828125 0.9613392921875 0.456132325 0.953779234375 0.45520769375 0.917777259375 0.5281668374999999 0.9036123375 0.527201453125 0.9320338749999999 0.5082198015625 0.985076546875 0.5233704828125 0.9974023953125 0.5385619187499999 0.94530473125 0.5537329765625 0.9254188234375 0.5944803640625 0.9112335249999999 0.6380525859375 0.92452475625 0.6683641390624999 0.933070575 0.6787694078125 0.9586570921875 0.6939302796875 0.9548770624999999 0.6513234421874999 0.913164290625 0.5907105234375 0.879966775 0.6523092015625 0.8525309968749999 0.6617694625 0.8743272953125001 0.6693397109375 0.8885431578125 0.686400784375 0.8762376859375 0.667470071875 0.8487509671875 0.63715851875 0.8402051484375 0.5840954703125 0.8534352515625001 0.561364353125 0.8429994187500001 0.5699101718749999 0.8126878640624999 0.6135129578125 0.7776614625 0.6542705328125 0.747370284375 0.6542909078125 0.715158528125 0.6457960296875 0.6649406921875001 0.6335109343750001 0.6156678609374999 0.635421325 0.591036540625 0.6088999890625 0.5815457140625 0.5273950265625 0.626022190625 0.49137267656250005 0.659158578125 0.47618124218749996 0.7112562421875 0.4155275703125 0.7424822390625
423 0.6382257828125 0.650724828125 0.66567175 0.696217628125 0.700718528125 0.7076086578125 0.7139690078125 0.7284599484375 0.6713214171875 0.751170690625 0.6315190375 0.7691462078125 0.6239182265625 0.803247978125 0.639079096875 0.7994679484375 0.683626890625 0.7682317640625 0.7101584140625 0.7616167125 0.7139180671875 0.8089893390625 0.7214781265625 0.83931108125 0.7442194328125 0.8336410359374999 0.7196186765625 0.7834130109374999 0.7395351484375 0.7502664359375 0.7575412296875 0.74175118125 0.8247997640625 0.7531625859375 0.8323598234375 0.783484328125 0.858891346875 0.7768692765625 0.825754959375 0.7408469249999999 0.7689220703124999 0.72281028125 0.7272500515625 0.70099360625 0.740541284375 0.657421384375 0.7983497453124999 0.6309306125 0.8031053453125001 0.6015640671875 0.78703003125 0.5532362453124999 0.7842051984375 0.5257597140625 0.7851705812499999 0.497338175 0.7681196953125 0.49353776875 0.682824515625 0.538959253125 0.675213515625 0.5891669015625001 0.6448815859375 0.6128328390625 0.6382257828125 0.650724828125
407 0.43860771875 0 0 0.10935718593749999 0 0.2470548734375 0.6148451109375 0.1694283109375 0.901021828125 0.073921434375 0.8809116671874999 0 0.43860771875 0
300 0.6175578765624999 0.3740695015625 0.613788034375 0.342802753125 0.6251688765625001 0.32386185312500004 0.6166536218750001 0.305855771875 0.5768614296875 0.3077254109375 0.5777962484375 0.32762150624999997 0.599572171875 0.350373 0.6061872234375 0.3769045234375 0.6175578765624999 0.3740695015625
1373 0.3721591109375 0.40707344375 0.38731998125 0.40329341406249997 0.3911000109375 0.4184542859375 0.4071957015625 0.4345703515625 0.4147557609375 0.46489209374999996 0.4536029453125 0.45923223750000003 0.4469878921875 0.4327007125 0.459313740625 0.4175500296875 0.47448480000000004 0.397664121875 0.4792302125 0.38440345468750003 0.453653884375 0.378702846875 0.43093295468750004 0.352161134375 0.414837265625 0.33604506875 0.3939961609375 0.3331896703125 0.374089878125 0.3502303671875 0.36555424687500004 0.36443604218750003 0.36364385625 0.38906736406250003 0.3721591109375 0.40707344375
423 0.12384381874999999 0.557553759375 0.11911878125 0.5386026703125 0.10682349687499999 0.50543571875 0.0736667328125 0.501625125 0.028194309374999997 0.49685933593750004 0.042359232812499995 0.5698184796875 0.052764501562499996 0.5954049953125 0.10582754999999999 0.5821748921875 0.12384381874999999 0.557553759375
436 0.12950367499999998 0.59640094375 0.0186321671875 0.63612181875 0.026192225000000003 0.666443559375 0.1474893796875 0.6200974453125 0.12950367499999998 0.59640094375
436 0.1986827890625 0.56707515 0.2043528328125 0.58981645625 0.3019636734375 0.5453501671875001 0.28586798281250003 0.5292341015625001 0.1986827890625 0.56707515
436 0.3446214515625 0.506533546875 0.35502672031250004 0.5321200640625 0.4279960515625 0.5018492625000001 0.414745571875 0.48099797187500004 0.3446214515625 0.506533546875
436 0.46970882343750003 0.45924242499999995 0.47727907031249994 0.4734582875 0.5360325375 0.45075773437500005 0.5322525078125 0.4355968640625 0.46970882343750003 0.45924242499999995
436 0.5711098812500001 0.4138311296875 0.5767799250000001 0.4365724359375 0.624162740625 0.41670690312499997 0.6128022750000001 0.4034360484375 0.5711098812500001 0.4138311296875
436 0.637443784375 0.3892405609375 0.6459590390625001 0.4072466421875 0.697132071875 0.386436103125 0.6819813890625 0.37411025468750003 0.637443784375 0.3892405609375
423 0.8135309921875 0.5949388265625 0.8210808625 0.641366446875 0.8068446234375 0.68114845 0.8153496890625 0.715260409375 0.8248303281249999 0.7048449515625 0.841921965625 0.6442218453125 0.9129707187499999 0.6546882421875 0.9157955531249999 0.6821647734375 0.9338016328125001 0.67364951875 0.91298090625 0.6385823640625 0.8902599765625 0.612040653125 0.83909713125 0.6167453140625 0.8381725 0.580743340625 0.8770400609375001 0.5428717265625 0.8855858796874999 0.5125601734375 0.8780360078125 0.46613255468750003 0.884681625 0.44434644375000004 0.8695309421875 0.4320205953125 0.8088772703125 0.46324659218750003 0.79937625625 0.50587380625 0.8003008875000001 0.5418757796875 0.8135309921875 0.5949388265625
434 0.2273302015625 1 0.2353648796875 0.9886935671874999 0.21264395 0.96215185625 0.1567458796875 0.96401130625 0.152996415625 0.9005328015625 0.22977634062500002 0.8371052359375 0.2146358453125 0.808673509375 0.120855975 0.7877712781249999 0.063992521875 0.8180522671875 0.10368283281249999 0.9772414093749999 0.1108919375 1 0.1738705171875 1 0.20409813125 0.9924634093750001 0.20716303749999998 1 0.2273302015625 1
140 0.3351000609375 0.5813725171875 0.30477831875 0.5889325765625 0.2829820203125 0.5983928390625 0.288652065625 0.6211341453125 0.312338378125 0.61925431875 0.33886990156249996 0.612639265625 0.3351000609375 0.5813725171875
1650 0.3238007234375 0.4714663921875 0.3048802 0.42787379531249997 0.1684323640625 0.4618940625 0.1721920171875 0.5092666890624999 0.27452789375000003 0.4837514890625 0.3238007234375 0.4714663921875
423 0.8893862859375 0.4955092890625 0.8959911484375 0.538146690625 0.8685044296875001 0.557077403125 0.877009496875 0.5911893609375001 0.9035512078125001 0.56846843125 0.9433434 0.56659879375 0.9688993515625001 0.6045111578125 0.985960425 0.5922056859375 0.968929915625 0.5561935234375001 0.9897608312499999 0.5751548 0.9992516578125 0.5486334640625 0.9708403078125001 0.531562203125 0.9443087828125 0.5381772546875 0.9708504953125001 0.5154563249999999 0.9841315390625001 0.48798998125 0.9585857750000001 0.43397173906250003 0.9443902874999999 0.4093302296875 0.947255875 0.3723832484375 0.8922824359374999 0.41024467343750004 0.8809015953125 0.42918557343749997 0.8846714359375 0.46045232187499996 0.8893862859375 0.4955092890625
1373 0.185452684375 0.5140121015625 0.19587832968750002 0.5073868625 0.1920983 0.49222599218749996 0.20157893906250002 0.481810534375 0.1940086921875 0.46759467031249996 0.1854934375 0.4495885890625 0.174122784375 0.45242361249999996 0.1485362671875 0.46282888125 0.1418906515625 0.4846149921875 0.14567068125 0.49977586250000006 0.1560861390625 0.5092565015625 0.185452684375 0.5140121015625
1636 0.2252245 0.5443542203125 0.21955445624999997 0.5216129140625 0.24893119062500002 0.5102626359375 0.25557680625 0.4884765265625 0.1428152828125 0.520616965625 0.1465953125 0.5357778359375 0.1702816265625 0.533898009375 0.1759516703125 0.556639315625 0.2252245 0.5443542203125
140 0.6108715078125 0.460279125 0.5758145421875 0.4649939734375 0.571069128125 0.47825464218749997 0.585274803125 0.486790271875 0.6155965453125 0.4792302125 0.6108715078125 0.460279125
1636 0.6223032890625 0.360808834375 0.568285046875 0.3863545984375 0.6431342046874999 0.3797701109375 0.6545150453125 0.36082920937499996 0.6223032890625 0.360808834375