627 1 0.49779297343750006 0.9147158421875 0.5120486609375 0.46823201562500005 0.6259037609375 0.47006750625000004 0.6729054140625 0.5059088484375 0.9007041812500001 0.5305998062499999 0.90947926875 0.5364498640625001 0.8930186296875 0.5068659156249999 0.684129478125 0.638482303125 0.7624230640625 0.66466516875 0.9756654015624999 0.7131636953125 0.9539681906249999 0.6922174015625 0.7833743203125 0.926887046875 0.7073334874999999 0.987493025 0.6880852546875 0.99966919375 0.6590411109375001 0.9987858062500001 0.619793725 0.9892647640625001 0.5422510578125 1 0.5080867484375 1 0.49779297343750006
423 1 0.638164046875 0.9850440484374999 0.70019270625 0.9258662265625001 0.731072340625 0.8847146328125 0.7164471953125 0.857098646875 0.7159024265625 0.8304347640625 0.723111925 0.8153335671875 0.7603863859375 0.8012531890625001 0.7739219953124999 0.8069658140625 0.8204475953125 1 0.9254210265625 1 0.638164046875
1373 0.5368720890625001 0.2554019765625 0.5072144609375 0.3023349125 0.5255105906249999 0.35518662343749996 0.5476838546875 0.40756228281249995 0.5762519453125 0.41586131875000004 0.6027096765625 0.5031311781250001 0.584752165625 0.5171428390624999 0.60257224375 0.5661174171875001 0.6156318 0.5763206609375 0.6490978453125 0.5604047921875 0.650663434375 0.509049953125 0.622571396875 0.5046280515625 0.599990796875 0.41688213906250005 0.63876213125 0.41212161875 0.6475372187499999 0.3874306609375 0.67277294375 0.3685897625 0.6689645265624999 0.3375726953125 0.6865147015625 0.28819078125 0.662844565625 0.25567684218750003 0.6192439937499999 0.2531591484375 0.5751673703125 0.24676432187500003 0.5368720890625001 0.2554019765625
1754 0.26451568281250004 0.5053003265625 0.27465021093750003 0.5237338890625 0.3100204625 0.5233265546875 0.3449146640625 0.519042084375 0.3732766046875 0.621820478125 0.3887851390625 0.6199162703125001 0.37253064999999996 0.5195868531250001 0.3909642125 0.5094523265625 0.40314038124999996 0.480408184375 0.3604919140625 0.48564475781249994 0.3217205796875 0.490405278125 0.2795481640625 0.49951898437500003 0.26451568281250004 0.5053003265625
423 0.199487803125 0.5526405984375 0.2183287015625 0.577876325 0.2468967921875 0.586175359375 0.24539991875 0.6060370796875 0.2147901875 0.6452157484375001 0.30103922656250004 0.64249686875 0.3345739875 0.5950878796875 0.28417125312499997 0.6012765578125 0.277913859375 0.5823669421875 0.32205919843749997 0.5572686499999999 0.328385309375 0.5446851453125 0.2959400859375 0.5368621625000001 0.2634948625 0.5290391796875 0.2407768296875 0.50427950625 0.19085014843749998 0.5143453171875 0.199487803125 0.5526405984375
423 0.49224573281249995 0.5009521046875001 0.49945523124999996 0.5276159859375 0.4902040921875 0.548429809375 0.5211524421875 0.5761145125 0.54978925 0.552920428125 0.547885040625 0.53741189375 0.5125147875 0.5378192296875 0.5087063703125 0.5068021625 0.5276159859375 0.50054476875 0.544145340625 0.4749017078125 0.55101621875 0.4347022171875 0.500613484375 0.4408908953125 0.4879612640625 0.466057903125 0.49224573281249995 0.5009521046875001
423 0.39524868125 0.5443465265625 0.398581046875 0.5714864609375 0.4295981140625 0.56767804375 0.43537945625 0.582710525 0.3941591453125 0.5995784984375 0.42170641406250003 0.6316163859375 0.5089762734375001 0.6051586546875 0.510473146875 0.585296934375 0.45476512343750003 0.5803302640625 0.45238486250000004 0.560944596875 0.4780966390625 0.5459808328125 0.49027280781250004 0.5169366906249999 0.48986547187499996 0.4815664375 0.48020699687499996 0.4670100078125 0.4423877671875 0.47952479531250003 0.4040924859375 0.48816245 0.39524868125 0.5443465265625
627 0.016310428125000002 0.5672607828125 0.01569694375 0.6263698875 0.0588214625 0.625010446875 0.0783396 0.7839729171875 0.10452742968749999 0.7728862859375 0.0932396125 0.6168488453125 0.1305827890625 0.6004569234375 0.1443883015625 0.7128937921875 0.16622294531249998 0.6984060796875 0.1476569125 0.5471978765625 0.0458993390625 0.5518209656249999 0.016310428125000002 0.5672607828125
410 0.32050353593750003 0.1599655515625 0.327713034375 0.1866294328125 0.3347851 0.276279553125 0.313902559375 0.2985215328125 0.33226740625 0.31988012499999996 0.36668555468749997 0.311718521875 0.38756809375 0.28947654218749996 0.354170765625 0.2738992921875 0.34131735937499996 0.169216690625 0.3471674171875 0.152756053125 0.32050353593750003 0.1599655515625
407 0.46941869531249997 0 0 0.057637368749999994 0 0.1662890625 0.209357390625 0.2483887015625 0.46572424687499997 0.2208463953125 0.9062509828125 0 0.46941869531249997 0
1506 1 0.9187038734374999 0.81954931875 0.82677370625 0.8031573984374999 0.789430528125 0.8289378921875 0.74297364375 0.91035769375 0.73297655 0.9379736796874999 0.7335213171875 0.977765834375 0.70502194375 0.9749095203125 0.68175914375 0.2407669046875 0.95293744375 0.2542375453125 1 0.4748386578125 1 1 0.9384135296875 1 0.9187038734374999
436 0.30961312812499997 0.4879563015625 0.29124828125 0.46659770937499995 0.2868950953125 0.46319662812500006 0.2369684140625 0.47326243906250004 0.2528842828125 0.5067284828124999 0.30961312812499997 0.4879563015625
1050 0 0.27015897031249997 0.007270401562500001 0.26926627812500004 0.014548615625 0.264437040625 0.0126444078125 0.2489285078125 0.007339117187499999 0.23777315937500001 0 0.2386742890625 0 0.27015897031249997
1506 0.462926725 0.6147484125 0.5971982375 0.5864551890625 0.5619654187500001 0.5238762859375 0.378719328125 0.5699895875000001 0.35688468281249996 0.5844773 0.265737690625 0.6114110859374999 0.13330166875 0.6867059624999999 0.4619059046875 0.638487265625 0.462926725 0.6147484125
1050 0.0076727734375 0.5289655 0.014337503125000001 0.5832453671875 0.0337231703125 0.5808651078125 0.0424982578125 0.55617415 0.029438701562500003 0.54597090625 0.027058440625000003 0.5265852390625 0.0493691375 0.5159746593750001 0.040186714062500004 0.5052953640625 0.0082175421875 0.5013495140625001 0.0076727734375 0.5289655
1365 0.8038445624999999 0.474499334375 0.7970424 0.48320570625 0.8012581515624999 0.549593025 0.8215959234374999 0.55496703125 0.8521369390625001 0.54728148125 0.8479211859375001 0.48089416093750004 0.8353376812500001 0.4745680515625 0.8295563390625 0.4595355703125 0.8024164062500001 0.462867934375 0.8038445624999999 0.474499334375
2001 1 0.46941868906249995 0.9455044203125 0.0255878109375 0.8342580703125 0.081142084375 0.8943780703125 0.5066746546875 0.9951835390625 0.49429730000000005 1 0.4881325109375 1 0.46941868906249995
2001 0.51557725 0.46660267187500004 0.7286821546875 0.50340604375 0.6771310921875 0.147661875 0.4899391515625 0.2257443484375 0.51557725 0.46660267187500004
2001 0.2481237609375 0.46795715 0.27914082812499996 0.46414873281249996 0.33001961562500004 0.4618371875 0.33580095781249997 0.47686967031250005 0.471976678125 0.464084978125 0.493811321875 0.449597265625 0.49483214374999995 0.42585841249999995 0.4632752703125 0.232953846875 0.22289299843750002 0.262469078125 0.2481237609375 0.46795715
2001 0.0588264265625 0.400681478125 0.09664565625 0.388166690625 0.1195648734375 0.542775975 0.13990264531250002 0.54814998125 0.1452079359375 0.559305328125 0.1888772234375 0.530329903125 0.225268296875 0.5061837140625001 0.2078605171875 0.2682504203125 0.027745604687499998 0.21165404531249998 0.0588264265625 0.400681478125
140 0.87043306875 0.6001331921874999 0.8864176546874999 0.6021061171875 0.909204403125 0.595372671875 0.9198836984375 0.5861902484375 0.9107012750000001 0.575510953125 0.8985938234375 0.573061975 0.8830852890625 0.574966184375 0.864175675 0.581223578125 0.86560383125 0.592854978125 0.87043306875 0.6001331921874999
316 0.6360382890625 0.5502015484375 0.621481859375 0.5598600234375 0.6233173515625 0.6068616765625 0.640254040625 0.6165888671875 0.68242645625 0.6074751609375 0.669435615625 0.5657787984375 0.6641303265625 0.55462345 0.6360382890625 0.5502015484375
1296 0.2724073828125 0.441361984375 0.2849908875 0.44768809374999996 0.28784719999999997 0.4709508953125 0.3047838890625 0.48067808593750005 0.332399875 0.4812228546875 0.3276393546875 0.4424515203125 0.335393621875 0.44149941718749997 0.33784259843750003 0.4293919640625 0.2724073828125 0.441361984375
1917 0.279685596875 0.43653274687500004 0.29519413125 0.43462853749999997 0.28805334843749997 0.3764715375 0.272544815625 0.37837574531249996 0.279685596875 0.43653274687500004
1917 0.30342444999999996 0.43755356718750005 0.333965465625 0.42986801718749995 0.3262799140625 0.3993270015625 0.29913998125 0.40265936562500004 0.30342444999999996 0.43755356718750005
351 0.047190062500000005 0.626438603125 0.0765041078125 0.7369712640625 0.1342537734375 0.6944602296875 0.1248701640625 0.5539313234375001 0.10147489375 0.39544490468750004 0.055901396874999995 0.408911796875 0.032638596874999995 0.4117681109375 0.047190062500000005 0.626438603125