1250 0.9003854312499999 0 0.8698145953124999 0.010375117187500001 0.9136819796875001 0.236664215625 0.95984484375 0.2285244578125 0.9195498171875001 0 0.9003854312499999 0
410 0.4308120546875 0.1076156609375 0.4896492859375 0.081375028125 0.5048139328125 0.054902031250000004 0.427652853125 0.04470855 0.3160926 0.0643796328125 0.24525931406249998 0.11256804375 0.3192518015625 0.12728674375 0.3968682203125 0.117567384375 0.4308120546875 0.1076156609375
2001 0 0.465154303125 0.473090446875 0.36988353281249997 0.43597388593749997 0.003576225 0 0.080450184375 0 0.465154303125
423 0.730302628125 0.8838080250000001 0.9187915953125 0.9180030078125 0.7762425187499999 0.851908521875 0.8364363765625 0.8333617 0.875128403125 0.8503383124999999 0.8579382078125001 0.797838265625 0.751126146875 0.844437684375 0.732579325 0.7842438265625 0.9247110062499999 0.6591360921875 0.90122119375 0.3459571640625 0.8555136703124999 0.3341840828125 0.656831221875 0.3771501796875 0.6133534359375 0.602974546875 0.4726069328125 0.5920933609375 0.45380896249999997 0.7104367468749999 0.6214744109375 0.78400206875 0.6762323718750001 0.8021123343750001 0.68572875625 0.855969009375 0.5248370484375 0.88830506875 0.548364428125 0.9317546796875 0.6723760750000001 0.870222978125 0.6495082265625001 0.96548493125 0.6886555921874999 0.9625487046875 0.730302628125 0.8838080250000001
423 0.362036890625 1 0.2971913234375 0.9244786421875 0.42323791093749996 0.87448765625 0.26098957500000003 0.8991299046875 0.2535281296875 0.8568139468749999 0.4121713171875 0.721745096875 0.385930684375 0.662907865625 0.28658946093750004 0.6843909140625 0.13614238125 0.46102865 0 0.47731125625 0 0.4975807546875 0.0672970765625 0.8579194250000001 0.1867741140625 0.8606514609374999 0.196493471875 0.9382678796875 0.08425490625 0.95409205625 0.0910380375 0.992561109375 0.192869540625 0.9627059375 0.1616096546875 1 0.21376961875 1 0.23925537812500003 0.9783259234375 0.31551273125 1 0.362036890625 1
436 0.3312008984375 0.44250061093750004 0.2920629234375 0.378004509375 0.14339024375 0.412152534375 0.1580901609375 0.4730247046875 0.3312008984375 0.44250061093750004
436 0.6407652875000001 0.3760165265625 0.631947215625 0.3260067578125 0.4914236859375 0.33888531718750003 0.4773832984375 0.41672470937500006 0.6407652875000001 0.3760165265625
1754 0.7566090015625 0.47061895 0.9073260124999999 0.3805793109375 0.8810853796875 0.3217420796875 0.7668118734375 0.326025540625 0.6878388281250001 0.3280510890625 0.5258134671875 0.3764530828125 0.39434037499999997 0.3956688265625 0.29816774218750003 0.41262665624999995 0.06689808593749999 0.47323828749999997 0.0186908921875 0.5372696593749999 0.218720575 0.569429703125 0.395222878125 0.5581401359375 0.62468056875 0.5097475328125001 0.7566090015625 0.47061895
524 0.12685957812499998 0.49836405 0.09562899687500001 0.5237033953125 0.0985652234375 0.5628507609375 0.13205371875 0.5728118765625 0.19563914375 0.57349958125 0.2746121890625 0.571474034375 0.36965116875000004 0.5705821390625 0.46967070624999996 0.5529459953125 0.5665216515625 0.5398350703125 0.6350876328124999 0.523778528125 0.704331928125 0.511568890625 0.767016065625 0.48464994531250005 0.8527816343750001 0.4536611203125 0.8774520578124999 0.4136124671875 0.8856012078125 0.3923430015625 0.8616184890625 0.3688062296875 0.7966764375000001 0.360424715625 0.7351259531250001 0.3712777265625 0.685116184375 0.380095796875 0.6312595109375 0.3895921828125 0.6158718890625 0.392305434375 0.5697090265625 0.40044519375 0.512005446875 0.41061989062500004 0.4581487734375 0.4201162765625 0.41967972031249995 0.4268994078125 0.37736376250000003 0.434360853125 0.3158132765625 0.44521386406249996 0.261956603125 0.4547102484375 0.171665815625 0.48253048125 0.12685957812499998 0.49836405
1373 0.8457849187500001 0.32399999375 0.8344765687500001 0.2823623484375 0.80619160625 0.2794167296875 0.8240695062500001 0.268331353125 0.8446606578125 0.2726335984375 0.8690987171875 0.2762575296875 0.8663854640625 0.26086990781249997 0.8457943109375 0.2565676640625 0.8553000875000001 0.2429920078125 0.8571120531249999 0.2307729796875 0.8243018718749999 0.22465876875 0.8421797718749999 0.2135733921875 0.8471603296874999 0.1968291453125 0.8023540921875 0.2126627140625 0.7969275859375 0.181887471875 0.791268715625 0.19478481406249998 0.7890014109375 0.2269166828125 0.76705363125 0.214920628125 0.7505323578125 0.2336998140625 0.7672766046875 0.238680371875 0.729485865625 0.24931040937499999 0.7514336453125 0.2613064640625 0.7283522125 0.26537634374999997 0.726540246875 0.27759537343749996 0.757993803125 0.276015771875 0.745319434375 0.294116646875 0.7831101734375 0.28348660937500003 0.7582167765625 0.2997755171875 0.7688468140625 0.3375662578125 0.8457849187500001 0.32399999375
351 0.8670543859375 0.33214914375000004 0.728342821875 0.3328086734375 0.6457458453125 0.3592722796875 0.7061626765625 0.364485203125 0.8670543859375 0.33214914375000004
423 1 0.45625566875 0.969341228125 0.28238113125000003 0.914806240625 0.28803061093750004 0.906657090625 0.30930007656249997 0.902354846875 0.3298912296875 0.91094994375 0.356141253125 0.9118418390624999 0.4511802328125 0.9073072296875001 0.5154439703125 0.9134120484375 0.55006611875 0.9183832140625 0.6007542 0.9281025734374999 0.67837061875 1 0.6800146703125 1 0.6553439890625 0.9477924390625001 0.6550662125 0.939197340625 0.6288161890625 0.9306022437499999 0.602566165625 0.9611545125 0.573379915625 1 0.5665304078125 1 0.45625566875
1369 0.200852065625 0.5130827499999999 0.1861427578125 0.5196429078125 0.19994138749999998 0.5529084296875 0.3219087046875 0.547268340625 0.3703388734375 0.5069967140625 0.200852065625 0.5130827499999999
1369 0.625135909375 0.48983469375000005 0.6267248999999999 0.4538559203125 0.4818991265625 0.48732563124999995 0.5020349390625001 0.511540715625 0.625135909375 0.48983469375000005
1369 0.49344923281249997 0.41785836249999997 0.47240274062500004 0.43346895781250006 0.6084010531249999 0.41742180624999997 0.6231103609375 0.4108616484375 0.49344923281249997 0.41785836249999997
1369 0.2248441765625 0.46918719218750005 0.27688888437500003 0.47190983593749997 0.39093941718749997 0.44386662968749996 0.35496064375 0.4422776375 0.2248441765625 0.46918719218750005
1369 0.1764140078125 0.50945881875 0.1918016296875 0.506745565625 0.21533839999999999 0.48276284687500004 0.176869346875 0.48954597812499995 0.1764140078125 0.50945881875