1156 0.7751872296875 0.46053159531250004 0.757729659375 0.4459017625 0.696610209375 0.43226645 0.6835859703125 0.4895277421875 0.752421734375 0.5043851984375001 0.7747678828125 0.48814977031250006 0.7751872296875 0.46053159531250004
1156 0.3361959609375 0.335633021875 0.275687584375 0.31813955312500003 0.2657187046875 0.35611005625000003 0.314652609375 0.371770309375 0.332529528125 0.35878196875 0.3361959609375 0.335633021875
423 0.4611549046875 0.6204056812500001 0.4542413859375 0.6390853984375 0.4576801953125 0.6673146453125 0.462952221875 0.6839694203125 0.481020865625 0.6947410953125 0.5017255234375 0.7138401578125 0.523652325 0.72522290625 0.5193748203124999 0.7522300093750001 0.4929787890625 0.744094346875 0.45623042968750005 0.726409153125 0.4401867265625 0.727823021875 0.43835351093749997 0.7393974953125 0.43224278906249997 0.7779790703125 0.436292671875 0.8023501609375 0.44847821562499995 0.80032521875 0.4604720359375 0.7745402609375 0.489923428125 0.763385134375 0.5124613015625 0.770909725 0.528696728125 0.7932558734375 0.5339687546875 0.8099106484374999 0.5374075656249999 0.8381398953125 0.5520373984375 0.8206823234374999 0.5492096609375 0.78859491875 0.5697225921875 0.7839339640625 0.58901338125 0.786989325 0.6127733984375 0.7867976 0.5920687421874999 0.7676985375000001 0.5540982375 0.757729659375 0.5411098953125 0.7398527390625 0.5628449718749999 0.7274754703124999 0.5916852921875 0.7201785015625 0.60772899375 0.7187646328125 0.6146425125 0.7000849171875 0.5204411375 0.6456154656249999 0.5754857624999999 0.62269414375 0.6004679234375 0.6147861031249999 0.584232496875 0.5924399546875 0.5623056953125001 0.58105720625 0.5352985921875 0.5767797015625 0.512149646875 0.57311326875 0.500994521875 0.543661878125 0.4865923109375 0.50974125625 0.4774621265625 0.492475409375 0.46080735156249997 0.4977474359375 0.456529846875 0.5247545390624999 0.4632157421875 0.5574530156249999 0.4621853234375 0.5889293484375 0.4611549046875 0.6204056812500001
629 0.40274326406250005 0.4648213375 0.3308521390625 0.46925466875 0.44617751875 0.5152050078125 0.46264056875000004 0.4861729640625 0.40274326406250005 0.4648213375
629 0.7259539078125 0.64652595625 0.8187773125 0.6098134953125001 0.4884255265625 0.49816678437500006 0.4969446390625 0.5192907875 0.509321909375 0.5410258640625 0.5807936859375 0.5642107078125 0.6087953109375001 0.6121500906249999 0.5281574515624999 0.6468376109375 0.6635764171874999 0.7157451703125 0.68531149375 0.7033679 0.6735452953125 0.6777746671875 0.6830948265625 0.6674223375 0.7259539078125 0.64652595625
1373 0.904615403125 0.7420571703125 0.9164174984375 0.6925121937500001 0.9233310171875001 0.673832478125 0.9405968640625 0.66470229375 0.9631347375000001 0.6722268828125 0.966190096875 0.6529360953125 0.9243614359375 0.6423561453125 0.8933044499999999 0.61370755 0.870574853125 0.5824229421875 0.85330900625 0.5915531265625 0.845784415625 0.6140909999999999 0.8356238125000001 0.6283014859375 0.8189690374999999 0.6335735125 0.8339823203125001 0.6636359765625001 0.8280633234374999 0.7259775687500001 0.8461319671875 0.7367492453125 0.8808553859374999 0.74224889375 0.904615403125 0.7420571703125
1373 0.354144675 0.172368259375 0.37221331874999997 0.1831399359375 0.381954575 0.196547625 0.40063429062499994 0.20346114375000002 0.3782881421875 0.2196965703125 0.375843853125 0.23512919999999998 0.3520838359375 0.235320925 0.3360401328125 0.23673479375 0.3329847734375 0.2560255828125 0.3191577359375 0.2933850140625 0.34799805625 0.2860880453125 0.3634306859375 0.28853233437500003 0.3699248578125 0.29747079374999996 0.3625919921875 0.34376868437499997 0.368475090625 0.3565653015625 0.392882078125 0.277377209375 0.4127839375 0.2765744125 0.432074725 0.2796297734375 0.45380980156249995 0.26725250312500004 0.47615595 0.2510170765625 0.482266671875 0.2124355 0.4660312453125 0.1900893515625 0.4684755328125 0.174656721875 0.46889488124999995 0.1470385453125 0.45732040781250005 0.1452053296875 0.4404739078125 0.1267173390625 0.42381913437499996 0.13198936562500002 0.3955898859375 0.13542817499999998 0.3864597015625 0.1181623296875 0.38604035468750003 0.14578050468749998 0.364113553125 0.13439775625 0.3752686796875 0.1638491484375 0.354144675 0.172368259375
1016 0.6482514796875 0.48788625 0.627127475 0.4964053625 0.7463110125 0.5429667734375 0.77251531875 0.52734241875 0.6482514796875 0.48788625
627 0.06402819374999999 0.43094884999999994 0.12209228125 0.46387494843750005 0.11804239999999999 0.43950385937499997 0.301017296875 0.43288975937499996 0.155437728125 0.3781926859375 0.107306621875 0.3824342921875 0.162123625 0.4108911625 0.15521010625 0.429570878125 0.06402819374999999 0.43094884999999994
795 0.919130459375 1 0.96718461875 0.6965979734375 0.9265781015625001 0.6783017078125 0.8616004953124999 0.6640553234375 0.8232106437500001 0.6817046203125 0.7452087984375 0.724719528125 0.69796451875 0.99803764375 0.7009906171875 1 0.919130459375 1
423 0 0.7630575484375 0.044785539062500004 0.7522063484375 0.10185510625000001 0.7414705703125 0.092533196875 0.70044470625 0.071828540625 0.6813456421875 0.04604358125 0.6693518218750001 0.0127340328125 0.6798958749999999 0.019455825 0.6374561421875 0.0052812375 0.5521573281250001 0 0.541582225 0 0.7630575484375
407 0.3989469921875 0 0.6334176859375 0.082132734375 0.6912900484375 0.0912988171875 0.8340418796875 0.1139084859375 1 0.13115670625 1 0.0729596578125 0.53935085 0 0.3989469921875 0
423 0.9351690093749999 0.5491492906250001 0.9550708703125 0.54834649375 0.990405359375 0.5499879859375 0.9902136359375 0.5262279671875 0.970922846875 0.52317260625 0.9636258796874999 0.49433228749999997 0.94922366875 0.460411665625 0.9222165656250001 0.4561341609375 0.923822159375 0.49593788125 0.9169086406250001 0.514617596875 0.9203474515625001 0.54284684375 0.9351690093749999 0.5491492906250001
1373 0.9032733296875 0.5757370468749999 0.910570296875 0.604577365625 0.945293715625 0.610077015625 0.9306638828124999 0.6275345859375 0.953812828125 0.63120101875 0.974517484375 0.6503000828125 0.9861278546875001 0.5769950875000001 0.9847139859375 0.5609513859375 0.9577068828125 0.55667388125 0.9339468656250001 0.5568656062499999 0.8980013031249999 0.559082271875 0.9032733296875 0.5757370468749999
1437 0 0.8940902156250001 0.24052115624999998 0.814847359375 0.24945961562500002 0.8083531890625 0.24724295000000002 0.7724076265625001 0.15445544375 0.7339818765625 0.11281850625 0.74716194375 0.08581140312499999 0.7428844390625 0 0.7663671062499999 0 0.8940902156250001
423 0.06746700312500001 0.459178096875 0.0786221296875 0.4886294890625 0.101771075 0.4922959203125 0.1045988125 0.5243833265625 0.0461153765625 0.5190754015625 0.0477209703125 0.558879121875 0.057462226562499996 0.5722868109375 0.10356839375 0.555859659375 0.11617328593750001 0.5262165421875 0.12411722343750001 0.47606049375000004 0.1257587140625 0.440726003125 0.11460358906250001 0.4112746125 0.11257864843750001 0.3990890671875 0.10264566718749998 0.3619213609375 0.0851880953125 0.3472915265625 0.0679222484375 0.35642171093749997 0.0774358828125 0.42120759375 0.06746700312500001 0.459178096875
351 0.45469663125000004 0.5363290125 0.4236396453125 0.5076804171875 0.3708475828125 0.4914090921875 0.32840785 0.48468729843749997 0.311908903125 0.588857553125 0.3744422203125 0.6185365671875 0.4443084046875 0.601917690625 0.45469663125000004 0.5363290125
1156 0.703559625 0.338448525 0.6909547328125 0.368091640625 0.729536309375 0.3742023625 0.737671971875 0.34780633125 0.703559625 0.338448525
627 0.5506112937500001 0.4051875515625 0.5987424015625 0.40094594531250005 0.6026364562500001 0.32641880625 0.5002994171874999 0.2983453859375 0.448921225 0.2981177640625 0.43406376875 0.366953528125 0.5506112937500001 0.4051875515625
627 0.7891700937499999 0.5220703921875 0.8316098265624999 0.5287921859375 0.86938860625 0.5150010468749999 0.897617853125 0.5115622359375 0.9187418578125 0.503043125 0.9191612046875001 0.47542494843750005 0.9171362640625 0.46323940468749997 0.8186573828125001 0.43577705624999996 0.7827118203125 0.437993721875 0.7735457390625 0.4958660859375 0.7891700937499999 0.5220703921875
1331 0.6475686125 0.6420208296875 0.623197521875 0.6460707109375 0.61303691875 0.660281196875 0.6639957640625 0.6881269953125 0.6715203546875 0.665589121875 0.70991020625 0.647939825 0.7156015796874999 0.6369764250000001 0.704638178125 0.6312850515624999 0.6814892328125 0.6276186187499999 0.6609763015625 0.6322795718750001 0.6475686125 0.6420208296875
627 0.095959771875 0.3292228828125 0.1274361046875 0.330253303125 0.233020228125 0.362795953125 0.2567802453125 0.36260422812500004 0.271410078125 0.34514665624999996 0.286459259375 0.300070909375 0.2911561109375 0.24544563125000002 0.19856032968749998 0.2307799 0.19592431562499998 0.2224525125 0.1419101109375 0.21389750312500003 0.0911429890625 0.20981172343750001 0.0658973078125 0.34423616562500003 0.078693925 0.3383530671875 0.095959771875 0.3292228828125
268 0.44116901249999996 0.3720338296875 0.4925472046875 0.37226145312500003 0.495219115625 0.30545062968750003 0.45155723906249995 0.3064451515625 0.4367356796875 0.3001427046875 0.4243225125 0.35354583906250003 0.44116901249999996 0.3720338296875
1564 0.4300138875 0.34258243906249997 0.37619140624999997 0.357787446875 0.54938915 0.41290386718749994 0.6070697875 0.39830993124999997 0.4300138875 0.34258243906249997
627 0.557560709375 0.3113696265625 0.61096384375 0.32378279375 0.65787280625 0.3272575015625 0.6511510125 0.369697234375 0.6627254859375 0.37153045156250003 0.6794161578125 0.2911202140625 0.5340283140625 0.2601831578125 0.53177575 0.29937580625 0.511873890625 0.300178603125 0.557560709375 0.3113696265625
1016 0.3142332625 0.399388484375 0.33719048281249997 0.3792949 0.24581684531249998 0.356912853125 0.2228596234375 0.3770064390625 0.3142332625 0.399388484375
627 0.867818909375 0.40005911562499996 0.89360386875 0.41205293593750003 0.8718687921875 0.42443020625 0.9780639875 0.45311469843749996 0.99009370625 0.3521915296875 0.8144516734374999 0.3125077390625 0.8065077359374999 0.3626637875 0.80467451875 0.374238259375 0.803033028125 0.40957275 0.867818909375 0.40005911562499996
1331 0.88669035 0.4307326515625 0.8604860437499999 0.4463570078125 0.9081978046874999 0.46973357499999996 0.9394824125 0.44700397656249996 0.88669035 0.4307326515625
627 0.68627561875 1 0.74073956875 0.7279666125 0.8065558703125 0.686976646875 0.8047585515625 0.623412909375 0.834821015625 0.608399625 0.852506209375 0.571651265625 0.762354715625 0.5415529046875001 0.44296633124999996 0.4355975671875 0.40640969687500006 0.44167239062499997 0.399496178125 0.4603521078125 0.3308521390625 0.46925466875 0.5769355296875001 0.5635996359375001 0.6159005546875 0.6172303921875 0.5320156093749999 0.6474486828125 0.6591071875 0.71899225625 0.6796201187500001 0.7143313015625 0.63440078125 0.9998349624999999 0.63509360625 1 0.68627561875 1