1250 0.80451433125 0.17449160625 0.8087775921875 0.2762648890625 0.8439124250000001 0.27749182499999997 0.8438256875000001 0.1680471265625 0.80451433125 0.17449160625
1250 0.799829653125 0.42057176875 0.8345555093750001 0.433510315625 0.8351504015625 0.304546265625 0.807959634375 0.2996881109375 0.799829653125 0.42057176875
1250 1 0.17932664062499998 0.9644366921874999 0.18398484843750001 0.95884731875 0.3440435359375 1 0.3558720546875 1 0.17932664062499998
123 0.62383324375 0.5355934 0.5454831828125 0.54067461875 0.5437109437500001 0.5914249328125 0.5000867375 0.6094446984374999 0.4991324546875 0.636771790625 0.482699015625 0.659649709375 0.49613327968750004 0.7226569406250001 0.47969984062500004 0.7455348578125001 0.4914114515625 0.7459438359375 0.5072995859375 0.7386814 0.5098897828125 0.6645078625 0.5259142437500001 0.65334155625 0.6107087828125 0.68757169375 0.6146993921874999 0.7971527187499999 0.6180579578125001 0.8129045265625001 0.6377136359375 0.8096822859374999 0.638258940625 0.7940668046875 0.640576484375 0.7277010078124999 0.6536513578125 0.6890712828125001 0.67126214375 0.7444070984375 0.6870139515625 0.7410485328124999 0.6812511031249999 0.682217825 0.716931240625 0.6678292781249999 0.7226569406250001 0.5038667203125 0.766417471875 0.4819430859375 0.775315821875 0.45098477499999995 0.6506646203125 0.438814596875 0.62383324375 0.5355934
693 0.3293823375 0.013280282812499999 0.2986718015625 0.6688578609375 0.48188105937500003 0.68307293125 0.48837512656250004 0.6090357187500001 0.5319993328125 0.5910159546875 0.5375391171875 0.5443058359374999 0.624242221875 0.5238817890624999 0.646351771875 0.45038988125 0.6977837171875 0.4326427703125 0.7157291828125001 0.03068044375 0.3293823375 0.013280282812499999
1506 0.45456640468750004 0.3459768140625 0.3919681515625 0.347699465625 0.3778894078125 0.527004853125 0.5458921625 0.5289630062499999 0.45456640468750004 0.3459768140625
123 0.0014323453125 0.6741125546875 0.0080131515625 0.709520040625 0.023901284375 0.7022576046875 0.032031265625 0.581373946875 0.040929615625 0.5504156359375 0.043110834375000004 0.487953709375 0.064129775 0.44569276562500004 0.052827142187499995 0.4335721765625 0.00625335 0.424128521875 0.0014323453125 0.6741125546875
1250 0.007889262499999999 0.3772820765625 0.1406208578125 0.381917165625 0.15248123281249998 0.0422804390625 0.019749639062499998 0.03764535 0.007889262499999999 0.3772820765625
790 0.9518946859374999 0.5431409281249999 0.9070931328125 0.48294695781249997 0.9646101671875 0.4028742453125 0.9204406578125001 0.43650949062500005 0.8999670234374999 0.463154953125 0.9139961781249999 0.397198134375 0.8893460203125001 0.4315150109375 0.8844878671874999 0.458705778125 0.8478534453125001 0.5004214171875 0.8590197515625 0.5164458765625 0.8828519531250001 0.5055522234375001 0.8892964328125 0.5448635796875 0.865736884375 0.5479494921875 0.9028670218749999 0.603966940625 0.949577140625 0.6095067249999999 0.9966962374999999 0.6033348968750001 0.999286434375 0.529161359375 0.9680554718750001 0.52807075 0.9518946859374999 0.5431409281249999
716 1 0.49935490156249995 0.9582524265625001 0.4730075859375 0.7747705171875 0.46660025625 0.7262881578125 0.5118107875 0.712432478125 0.7966570015625 0.7091606500000001 0.8903498921875 0.7249124578125 0.8869913265625 0.7270936765625 0.8245294 0.7452497671875 0.864249734375 0.752103225 0.8918494796875001 0.7566391375 0.9858150218749999 0.7834705140625 0.8890362187499999 0.8470906812500001 1 0.9828443874999999 1 1 0.5087275453125 1 0.49935490156249995
1250 0.418799528125 0.2509206625 0.41312341718749995 0.30153465156250003 0.4560659921875 0.3030342390625 0.45783823281249997 0.2522839234375 0.418799528125 0.2509206625