1156 0.25230756875 0.41055920625000003 0.23298381250000003 0.4226170390625 0.229555371875 0.4500247984375 0.24942451562499998 0.46921220625000004 0.3196581328125 0.46407942812499997 0.314729875 0.4055627765625 0.25230756875 0.41055920625000003
1156 0.685085371875 0.360029746875 0.6854944125 0.3834636765625 0.7013897265625 0.39881360312499997 0.7520268953125 0.3901160390625 0.74743950625 0.3511276609375 0.685085371875 0.360029746875
423 0.52336575625 0.49568530468749994 0.5119214859375 0.5115124453125001 0.4929385984375 0.543098553125 0.4777931921875 0.57071083125 0.45435926093749995 0.571119871875 0.4270196765625 0.5715970875 0.4037220921875 0.5798174375 0.384534684375 0.5996865796875 0.40817313593750004 0.6109945046874999 0.4594920390625 0.641353490625 0.3586267421875 0.6821825515625 0.3628732640625 0.701642653125 0.3785640578125 0.7052756140625001 0.4061081640625 0.7165153640625 0.4259091328125 0.7317971171875 0.41055920625000003 0.74769243125 0.3715708296875 0.752279821875 0.34840959374999997 0.7683114828125001 0.371911696875 0.771808096875 0.391439971875 0.7714672296875 0.41110459375 0.778937671875 0.403838671875 0.810319259375 0.4158965046875 0.8296430140625001 0.4232306 0.8021670828125 0.4307692171875 0.786408115625 0.449956625 0.766538971875 0.47332238125000003 0.7622242765625 0.5009346609375 0.7773696828125 0.5092231843749999 0.804572921875 0.5210083234375 0.8082740562499999 0.52841059375 0.784703778125 0.5277288578125 0.745647228125 0.5275243374999999 0.7339302625 0.51183354375 0.7302973015625 0.4729815140625 0.7426960015625 0.44571010156249996 0.7470788703125 0.4452328875 0.7197392859375 0.468530471875 0.711518934375 0.49169170781249993 0.6954872734374999 0.5110836359375 0.6873350953124999 0.518622253125 0.671576128125 0.5259563484374999 0.644100196875 0.5217098265625 0.6246400953125 0.52507009375 0.59332668125 0.5284303609375 0.5620132671875 0.5396019390625 0.53056350625 0.5391247234375001 0.5032239203125 0.52336575625 0.49568530468749994
629 0.538920203125 0.49150695468750005 0.55118255625 0.522547675 0.6717806484375 0.49309471250000003 0.6012061640625 0.47869921406250004 0.538920203125 0.49150695468750005
629 0.45168072812500004 0.6414898375 0.3766552015625 0.595917271875 0.4110561890625 0.5523415046875 0.4850591140625 0.53932924375 0.5003408671875 0.519528275 0.511716965625 0.4997954796875 0.169041921875 0.5643795703125 0.2558525875 0.6136532703124999 0.295386353125 0.6403111203125 0.30340218281250003 0.6518917390625 0.2881886046875 0.6755983624999999 0.3079895734375 0.690880115625 0.45168072812500004 0.6414898375
1373 0.16554530781250001 0.5878816734375001 0.14978634062500001 0.5803430578125 0.14170233593749998 0.5648567843750001 0.137387640625 0.541491028125 0.1215605 0.53004675625 0.094698128125 0.55786355625 0.0599562734375 0.581911046875 0.0170622421875 0.5865666109375 0.017403109375 0.6060948859375 0.040768865625 0.601780190625 0.05659600625 0.6132244609375 0.0608425296875 0.6326845624999999 0.06563443906250001 0.68338990625 0.08913654374999999 0.6868865203125 0.12428743906249999 0.686272959375 0.14367936718750002 0.67812078125 0.14649424687499998 0.6155621265625 0.16554530781250001 0.5878816734375001
1373 0.6541325921875 0.1535072421875 0.6266566609375 0.146173146875 0.6108976937499999 0.13863453125 0.5916421125 0.15459801875 0.579925146875 0.15480253906250002 0.57649670625 0.182210296875 0.5767694 0.1978329171875 0.5575819921875 0.2177020609375 0.5582637265625 0.2567586109375 0.57813286875 0.27594601875 0.5979338375000001 0.291227771875 0.6174621140625 0.2908869046875 0.6370585625 0.2944516921875 0.6502071703125 0.376265928125 0.657813959375 0.364412615625 0.656995878125 0.3175447546875 0.664670840625 0.3095970984375 0.6802934609375 0.3093244046875 0.7078375671875 0.3205641546875 0.699344521875 0.2816439515625 0.6990036546875 0.2621156765625 0.6833128609375 0.25848271562499997 0.6598107578125 0.2549861015625 0.6595380640624999 0.23936348125 0.639668921875 0.2201760734375 0.6591290234375 0.21592954999999997 0.6706414671875 0.2040080640625 0.690033396875 0.1958558875 0.6703006 0.1844797890625 0.6854460062500001 0.1568675109375 0.6621484234375 0.1650878609375 0.6655768640625 0.1376801015625 0.6541325921875 0.1535072421875
1016 0.22633145156249998 0.48914952187500005 0.25010625000000003 0.50826875625 0.37460999687499996 0.4787476203125 0.3548772015625 0.467371521875 0.22633145156249998 0.48914952187500005
627 0.70638615625 0.46123591093750005 0.8866598515625 0.49325082656249997 0.8792575812500001 0.5168211046875 0.941339021875 0.49229639843750006 0.8512362609374999 0.47824176874999996 0.8469897390625001 0.458781665625 0.9052336984375 0.4382307890625 0.8581613171875 0.4273319046875 0.70638615625 0.46123591093750005
795 0.11908648749999999 0.6121336859375 0.052758525 0.617198290625 0.010000840625 0.6296651625 0.0164091453125 0.9967967390625001 0.1648922109375 0.9981118015625 0.2346486140625 0.9656394390624999 0.22590264375000002 0.688406103125 0.15464642343749999 0.6349540546875 0.11908648749999999 0.6121336859375
423 1 0.5952855703125 0.9826452968750001 0.6205012812499999 0.9567373531250001 0.7029972515625 0.9574872624999999 0.7459594578125001 0.925969328125 0.730882225 0.8987660890625 0.7391707484375 0.875604853125 0.755202409375 0.8606639671874999 0.7945316546875001 0.9156840046875001 0.8131055015624999 1 0.8465223843749999 1 0.5952855703125
407 0.495636571875 0 0 0.008651368750000001 0 0.036670295312500004 0.004021342187500001 0.06327700625 0.222942546875 0.0711762578125 0.367451784375 0.0686538390625 0.426036609375 0.0676312375 0.7643489578125 0 0.495636571875 0
423 0.0606577765625 0.3982770859375 0.0416748890625 0.42986319375 0.030435137499999997 0.4574073 0.0109068625 0.4577481671875 0.0074102484375 0.4812502703125 0.0426293171875 0.48454236406250006 0.062225765625 0.48810715312499997 0.0777802125 0.483928803125 0.085114309375 0.456452871875 0.0808677859375 0.43699276875 0.0879973625 0.397799871875 0.0606577765625 0.3982770859375
1373 0.007887462500000001 0.50858985625 0.009182757812500001 0.582797303125 0.0323439953125 0.566765640625 0.05577792499999999 0.5663566 0.0437200921875 0.5470328453125 0.0788709875 0.546419284375 0.0901107390625 0.518875178125 0.0976493546875 0.5031162109375 0.0623621125 0.4959184625 0.038860009375 0.49242184843750003 0.0115204234375 0.4928990625 0.007887462500000001 0.50858985625
1437 1 0.8718876671875 0.9983844953125001 0.8507304093749999 0.8763547609375 0.798164615625 0.8490151750000001 0.7986418296875 0.8096177578124999 0.7797952890625 0.712385421875 0.80493355625 0.7051876734375 0.8402207984375 0.7131353296875 0.8478957625 0.9811059453125001 0.97995789375 1 0.9823213546874999 1 0.8718876671875
423 0.89769508125 0.45398975625000004 0.893993946875 0.4657748953125 0.8788485406250001 0.4933871734375 0.875556446875 0.52860624375 0.8764427015624999 0.579379759375 0.8847994 0.610488653125 0.9281706468750001 0.633172675 0.9396830906250001 0.6212511890625 0.946812665625 0.5820582921875 0.8881596671875001 0.5791752390625 0.8954255890624999 0.5477936515625 0.9188595203125001 0.5473846109375 0.9340049265625 0.51977233125 0.9294175359375 0.4807839546875 0.9478550359375 0.41795260624999997 0.9320278953125 0.40650833437499995 0.9127041406249999 0.41856616718749995 0.89769508125 0.45398975625000004
351 0.6290911375 0.509467240625 0.5745483140625 0.5182329796875 0.539806459375 0.5422804703125 0.5409654078125 0.6086766078125 0.6078387578125 0.63485724375 0.6738940265625 0.61417001875 0.67205334375 0.5087173328125 0.6290911375 0.509467240625
1156 0.28582230000000003 0.3162099234375 0.29020517031250004 0.3434813359375 0.3292617203125 0.3427996015625 0.3209050234375 0.3116907078125 0.28582230000000003 0.3162099234375
627 0.41600421406250004 0.3881676453125 0.46307659375 0.3990665296875 0.583811034375 0.3774248765625 0.57867825625 0.307191259375 0.52776839375 0.3002662046875 0.42252022812499995 0.313823853125 0.41600421406250004 0.3881676453125
627 0.0883382296875 0.417328146875 0.08490978906249999 0.44473590625000003 0.104642584375 0.45611200468749996 0.13211851562500002 0.46344609999999997 0.1676102796875 0.4823608140625 0.210572484375 0.48161090624999997 0.22969171875 0.4578361078125 0.2286691171875 0.3992512828125 0.19338187499999998 0.3920535328125 0.09203936406249999 0.4055430078125 0.0883382296875 0.417328146875
1331 0.27154338125 0.61728623125 0.30710331874999997 0.6401066 0.31141801406249997 0.6634723578124999 0.3657563171875 0.642989653125 0.3576723140625 0.6275033796875 0.3341020359375 0.6201011109375 0.32218055 0.6085886656249999 0.302515928125 0.6011182234375 0.27908199843750003 0.6015272640625 0.26743320625 0.6056374390625 0.27154338125 0.61728623125
627 0.839743584375 0.2674727421875 0.8359742765625 0.275352225 0.7422385546875 0.2769883890625 0.739287328125 0.3317357328125 0.7479167203125 0.378467246875 0.759974553125 0.3977910015625 0.78347665625 0.401287615625 0.8925623046875 0.3837561390625 0.9238757171875 0.38711640625 0.9397028578125 0.3985606765625 0.9515561703125 0.4061674671875 0.94526444375 0.2695377140625 0.8944227546875 0.2665183140625 0.839743584375 0.2674727421875
268 0.525158034375 0.37454182343750003 0.5760678968749999 0.3814668796875 0.595323478125 0.3655033921875 0.5904633953125 0.31089239375 0.5749089484375001 0.3150707421875 0.5318103953125 0.308009340625 0.525158034375 0.37454182343750003
1564 0.4081247296875 0.3843983375 0.46321294062499996 0.40687783906249997 0.642395859375 0.376402275 0.591213303125 0.3538546 0.4081247296875 0.3843983375
627 0.356737653125 0.350133696875 0.36845461875 0.3499291765625 0.367704709375 0.306966971875 0.41464074375 0.3100545453125 0.46925174218750004 0.3051944609375 0.516051428125 0.300470725 0.49645497968749996 0.2969059375 0.4996789 0.25778121249999997 0.3514003546875 0.2681831140625 0.356737653125 0.350133696875
1016 0.7915606609375 0.4167738890625 0.77162334375 0.3936808265625 0.6780239703125 0.4031283 0.6979612859375 0.42622136250000003 0.7915606609375 0.4167738890625
627 0.035246815625 0.2854221296875 0.033113670312499996 0.3870373359375 0.1422674921875 0.37341151250000004 0.1224665234375 0.3581297609375 0.1496697609375 0.3498412359375 0.212501109375 0.3682787359375 0.215793203125 0.3330596671875 0.2155886828125 0.3213427015625 0.214702428125 0.2705691859375 0.035246815625 0.2854221296875
1331 0.072170221875 0.3863556 0.0999870203125 0.413217971875 0.1504878421875 0.396709096875 0.1267130453125 0.3775898625 0.072170221875 0.3863556
627 0.6007971234375 0.45526528437499997 0.5654417078125 0.4441618796875 0.23441545625 0.5046357953125 0.140952428125 0.5218945781250001 0.153351128125 0.560746609375 0.18103158125000002 0.5797976703125001 0.170405390625 0.642492671875 0.22987647187500002 0.6922435859375 0.24663827343750003 0.9810575390625 0.297343615625 0.9762656296875001 0.2922987796875 0.6872471546875001 0.3119634015625 0.694717596875 0.4477750734375 0.6415580109375 0.3689120640625 0.5999592734375 0.41496184375 0.55227333125 0.6717806484375 0.49309471250000003 0.6050436453125 0.4747253859375 0.6007971234375 0.45526528437499997