2003 0.8255559515625001 0 0.8325605625 0.030340303125000002 0.893458690625 0.0162808625 0.8896999578125 0 0.8255559515625001 0
2006 0.65316893125 0 0.6697755546875 0.071931184375 0.72979496875 0.054065609375000004 0.7154621453125001 0 0.65316893125 0
2006 0.21333575625 0.21338961875 0.2399786875 0.2072386125 0.2262105203125 0.1302372359375 0.17292465625 0.142539246875 0.1849304984375 0.1598124828125 0.19254276406249998 0.15805505312499998 0.21333575625 0.21338961875
275 0.3831455875 0.15013192656250002 0.37348461875 0.1603803390625 0.270719025 0.1841056453125 0.275991315625 0.20694244374999998 0.2150931859375 0.22100188437499999 0.2183167734375 0.2523296640625 0.2437897171875 0.2584757734375 0.25814043125 0.30327065468750003 0.36383344218749997 0.2748605 0.4352712546875 0.25435878125 0.8349201234375 0.214209575 0.9338795828125 0.1913629828125 0.8952161203125 0.023893128125 0.7915718125 0.0438123015625 0.5430031765625001 0.1132258953125 0.5002569968749999 0.11908562812500001 0.3831455875 0.15013192656250002
275 0.9376857171875 0.19048426875 0.4276589890625 0.25611621093750003 0.36383344218749997 0.2748605 0.41128895156249995 0.5325075609375001 0.9186991203125 0.66392071875 0.9579304390625 0.6428364546875 0.9037315843749999 0.28652120625 0.95057516875 0.2636795125 0.9376857171875 0.19048426875
275 1 0.4662998 0.9535025875 0.2589946640625 0.9075377171874999 0.2856424921875 0.9860542171875 0.8167485875 0.9992300453125 0.8217247078125001 1 0.834178940625 1 0.4662998
275 0 0.5569678031249999 0.0258869 0.6690962875 0.41041023593750003 0.528701428125 0.3629547265625 0.2710543671875 0 0.36913045312500004 0 0.5569678031249999
1754 0.22891032031249997 0.8191620109375 0.237687678125 0.7529915921875 0.2584708765625 0.7040944078125 0.2775015421875 0.6997008328125001 0.3231751390625 0.6891562515625 0.3574303359375 0.681247815625 0.3723635953125 0.6938362031249999 0.413357240625 0.7324800796875001 0.4482047765625 0.7965969 0.471041575 0.7913246093749999 0.465769284375 0.7684878109375 0.391685534375 0.67333938125 0.4192071796875 0.6709945078125 0.4370678578125 0.678898046875 0.461953359375 0.6651347750000001 0.4358929734375 0.6390792859375 0.4657545953125 0.6121401859375 0.46428843750000004 0.588424671875 0.4417429125 0.5775937156250001 0.41158512031249994 0.5685201875 0.35742054375 0.577016065625 0.311746946875 0.587560646875 0.273685615625 0.5963477968750001 0.22889073437500002 0.6106985109374999 0.1925868328125 0.627097928125 0.1627252109375 0.6540370281250001 0.163312653125 0.6739464093749999 0.19230045625 0.69531705 0.2253856671875 0.699705728125 0.21338472187500002 0.73454836875 0.20899604374999997 0.767633578125 0.19963124375000002 0.8138946171875 0.19787870937500002 0.8583982265625 0.2195455203125 0.8654230500000001 0.23213390781249998 0.850489790625 0.22891032031249997 0.8191620109375
1709 0.1618562890625 0.7544626453125 0.18937793593750002 0.7521177734375 0.20665117031250002 0.74011193125 0.218652115625 0.7052692921875 0.204597571875 0.6964870375000001 0.165657525 0.7014680546875 0.12642620625 0.7225523203125 0.11676523750000001 0.73280073125 0.124964946875 0.75095268125 0.1343346421875 0.7568075171875 0.1255523890625 0.7708620625 0.122333696875 0.7916501578124999 0.125557284375 0.8229779374999999 0.1407818171875 0.8194630765625 0.13931565937499998 0.7957475640625 0.1521953203125 0.76471105625 0.1618562890625 0.7544626453125
1709 0.51319051875 0.6613237453125 0.4751291875 0.670110896875 0.4446801234375 0.6771406171875001 0.4236007546875 0.6900251734375 0.427115615625 0.7052497062499999 0.43443660937499995 0.7195955234375 0.45610341875 0.726620346875 0.4903586171875 0.7187119109375 0.51963769375 0.7239793046874999 0.5363283828125 0.7441799578125 0.5556552171875 0.7757990109375 0.5755645984375 0.77521156875 0.574098440625 0.7514960546875 0.5509654734375 0.7207557171875 0.5313473656250001 0.7052399125 0.5372022015625 0.6958702171875 0.5404208921875 0.6750821203124999 0.51319051875 0.6613237453125
1758 0.5206604390625 1 0.7430540390625 0.9450116062499999 0.7571036875 0.9016779859374999 0.7521226703125 0.8627379390625001 0.73367455 0.8349250203125 0.7076141640625 0.80886953125 0.6765776578125 0.7959898703125 0.6218256375 0.78457636875 0.5641461984375 0.7778477140625 0.5061754875 0.78722230625 0.45288962499999996 0.7995243171874999 0.3747182609375 0.8255896 0.31265014375 0.8519461546875 0.264636571875 0.8870849640625 0.22101657343749997 0.9412544390625 0.2110643328125 0.9676060968750001 0.2049182234375 0.9930790406250001 0.2053460953125 1 0.5206604390625 1
268 0.337516059375 0.6297193828125 0.395195496875 0.6364480375 0.3987103578125 0.6516725703125 0.4294506953125 0.6285396015625 0.42505712031250004 0.6095089375 0.3703051 0.598095434375 0.33575862968750003 0.6221071171875 0.337516059375 0.6297193828125
268 0.395195496875 0.6364480375 0.31848539374999996 0.6341129578125 0.2780840875 0.6674943375 0.2769141 0.6797914515625 0.3679700203125 0.6748055374999999 0.3987103578125 0.6516725703125 0.395195496875 0.6364480375
268 0.504543765625 1 0.5111662984375 0.9303941015625 0.41425554218749994 0.9447497125 0.4020439265625 1 0.504543765625 1
278 0.3395353828125 0.3085331515625 0.3175773 0.31761157500000003 0.2947405015625 0.32288386562500004 0.27951596875 0.3263987265625 0.27775853906250003 0.318786459375 0.2663401390625 0.3214226046875 0.268976284375 0.3328410046875 0.25463046718750004 0.340161996875 0.245260771875 0.3343071609375 0.2309149546875 0.3416281546875 0.22827880937499997 0.33020975468749997 0.206320725 0.339288178125 0.20075716250000003 0.332554628125 0.15596228125 0.3469053421875 0.170021721875 0.40780347031249997 0.3717467734375 0.361231571875 0.3512450546875 0.289793759375 0.3407053703125 0.2962360375 0.3395353828125 0.3085331515625
278 0.317878365625 0.405740078125 0.3026538328125 0.40925493749999997 0.30177511875 0.4054488046875 0.29035671875 0.40808495 0.28918673125 0.42038206406249995 0.2332647234375 0.42126567656249997 0.22770115937500002 0.41453212500000003 0.21628276093749998 0.4171682703125 0.21130663906249997 0.4303441 0.19344596249999998 0.42244056093750004 0.17734271562499998 0.4221492875 0.19696571875 0.48978096718749997 0.3313503640625 0.4467288265625 0.32900549218749997 0.4192071796875 0.317878365625 0.405740078125
278 0.35565332031249997 0.46517204999999995 0.35741075 0.47278431562499995 0.34599235 0.4754204609375 0.3442349203125 0.4678081953125 0.3290103890625 0.47132305468749996 0.32784040000000003 0.48362016875 0.3164220015625 0.48625631406250003 0.303246171875 0.48128019375 0.28421550624999997 0.48567376875 0.28304551875 0.4979708828125 0.2707484046875 0.49680089531249993 0.264014853125 0.5023644578125 0.2525964546875 0.505000603125 0.23737192187499997 0.5085154640625 0.2250748078125 0.5073454765625 0.20135929375 0.5088116328125001 0.2180548796875 0.5811281609375001 0.40133181249999994 0.50674334375 0.3708778515625 0.4616571890625 0.35565332031249997 0.46517204999999995
278 0 0.4622201640625 0.00226059375 0.4625701796875 0.14982106875 0.424494159375 0.144252609375 0.365644734375 0.11643968906249999 0.38409285312499997 0.09448160625 0.3931712765625 0.0994626234375 0.4321113234375 0.0687173890625 0.403128415625 0.058468978125 0.393467446875 0.0280199140625 0.40049716718750006 0.0119166671875 0.40020589375000004 0 0.3999903484375 0 0.4622201640625
278 0 0.5396029171875 0.002561659375 0.5506986828125 0.013980059375000001 0.5480625375 0.1369463046875 0.5076465421874999 0.1261104515625 0.4780761921875 0.16739536875 0.500616821875 0.114983325 0.46460909062500005 0.08453426093750001 0.4716388109375 0.0675522984375 0.4675414046875 0.05789132968750001 0.477789815625 0.0122177328125 0.488334396875 0.009581587499999999 0.476915996875 0 0.48087744062500004 0 0.5396029171875
278 0.1296302078125 0.5454166 0.11147825781250001 0.5536163078125 0.096253725 0.55713116875 0.08776274375000001 0.555082465625 0.0839566109375 0.5559611796875 0.08571404218749999 0.563573446875 0.059949825 0.573530584375 0.034185609374999995 0.5834877234375 0.02277210625 0.63823974375 0.031263087499999995 0.640288446875 0.19521808125 0.5864004515625 0.175595078125 0.518768771875 0.16505539375 0.52521105 0.1296302078125 0.5454166
278 0.389020009375 0.34922573125 0.493251759375 0.3492159375 0.478313603125 0.2845116765625 0.3758392828125 0.29213373593749997 0.389020009375 0.34922573125
278 0.4812508140625 0.384058578125 0.468074984375 0.37908245625000003 0.454020440625 0.370300203125 0.435868490625 0.3784999109375 0.42562007968750004 0.3688389421875 0.4086381171875 0.3647415359375 0.404831984375 0.3656202515625 0.4112791578125 0.4282758109375 0.5105347874999999 0.441441846875 0.5040876125 0.3787862875 0.5002814796874999 0.379665003125 0.4812508140625 0.384058578125
278 0.5875312671875 0.375557803125 0.5620583234375001 0.3694116953125 0.5374640953125 0.36707171875 0.516676 0.363853028125 0.5333715859375 0.43616955625 0.6449243296875 0.45050558125 0.627350028125 0.37438291874999996 0.6045132296875 0.37965520937499997 0.5875312671875 0.375557803125
278 0.601886878125 0.4724685609375 0.5925171812500001 0.46661372500000003 0.5661655234375 0.4566614828125 0.5500622749999999 0.456370209375 0.525468046875 0.45403023437499995 0.539236215625 0.5310316109375 0.6686496359375 0.5532711734375 0.654002753125 0.47246366406250007 0.6247236765624999 0.4671962703125 0.601886878125 0.4724685609375
278 0.8211764374999999 0.3977875734375 0.7916060890625001 0.40862342656250006 0.7916109859375 0.4607393015625 0.7746290234375001 0.456641896875 0.7646669875 0.3787618046875 0.7277756453124999 0.375251840625 0.7181146765624999 0.38550025312499997 0.6718536375 0.37613545312499996 0.6434532749999999 0.3746741921875 0.6589788734375001 0.459287834375 0.86890853125 0.48298376249999997 0.8566016234375 0.37758202343749997 0.83669224375 0.378169465625 0.8211764374999999 0.3977875734375
278 0.572884384375 0.29475029375 0.557951125 0.2821619078125 0.5295507640625 0.280700646875 0.504956534375 0.2783606703125 0.49734426875000004 0.28011810000000004 0.5084762921875 0.345701078125 0.6211990234375 0.3477399875 0.60713958125 0.286841859375 0.5948424671875 0.28567187031249996 0.572884384375 0.29475029375
278 0.775784321875 0.2879971578125 0.774026890625 0.280384890625 0.7476752328125 0.27043264843750003 0.7210323015625 0.2765836546875 0.709905175 0.26311655156249997 0.68326224375 0.2692675578125 0.6700864140625 0.26429143593750004 0.6425647671875 0.266636309375 0.6235341015625 0.271029884375 0.641108403125 0.3471525453125 0.655162946875 0.3559348 0.75178243125 0.35768243593750004 0.8118018453125 0.3398168625 0.784275303125 0.290045859375 0.775784321875 0.2879971578125
278 0.7942177515625 0.1594624515625 0.6943795765624999 0.178502909375 0.7093177328125 0.24320717187500002 0.7795855578124999 0.2350025671875 0.8082771921875 0.22036057968749997 0.7942177515625 0.1594624515625
900 0.5965852078125 0.1369365125 0.589560384375 0.15860332187499998 0.585462978125 0.175585284375 0.589856553125 0.19461595 0.60654724375 0.214816603125 0.628214053125 0.2218414265625 0.6501721375 0.212763003125 0.6636392390625 0.201635878125 0.6762276265625 0.18670261875 0.6765188984375 0.1705993703125 0.6738827546875 0.159180971875 0.65631335 0.1351741859375 0.6346465390625 0.1281493609375 0.6156158734375 0.1325429359375 0.5965852078125 0.1369365125
278 0.52808460625 0.2569851328125 0.5137338921875 0.2121902515625 0.43585380156250003 0.22215228593749997 0.44259224843749995 0.2687045984375 0.5052478078125 0.2622574234375 0.52808460625 0.2569851328125
819 1 0.6493342671875 0.9541243046875 0.64371516875 0.9186991203125 0.66392071875 0.4057253890625 0.525774009375 0.0258774046875 0.669055159375 0.1022820421875 1 0.5396029140625 1 1 0.8937089578125 1 0.6493342671875
1939 0.44303219687500006 0 0.24669755000000002 0.045327425 0.28125870937499997 0.1776633671875 0.37348461875 0.1603803390625 0.3784607390625 0.14720450937500001 0.5116753968750001 0.1164494828125 0.5391970421875001 0.114104609375 0.7877656796875 0.0446910171875 0.8952161203125 0.023893128125 0.8904572843749999 0 0.44303219687500006 0
1939 0 0.369155359375 0.30586273125 0.2842350921875 0.24675701874999997 0.0453136953125 0 0.1022820421875 0 0.369155359375
278 0.2352987359375 0.2564270703125 0.223001621875 0.2552570828125 0.16883704375 0.263752959375 0.1790903515625 0.325529803125 0.2552130125 0.307955503125 0.2352987359375 0.2564270703125