1250 0.29770806875 0 0.26831913749999997 0.2393536375 0.45877472656249996 0.2588030578125 0.48005963906250004 0.021345815625 0.3062119234375 0 0.29770806875 0
1250 0.560056246875 0.2673032796875 0.7509878875 0.2828755671875 0.7713206968749999 0.053172590625 0.5886193734375 0.034675275 0.560056246875 0.2673032796875
1050 0.7482640453125 0.1447956359375 0.7017384437499999 0.1390830109375 0.660110796875 0.15758529062499999 0.6645327 0.18567732812499999 0.6592961265625 0.22832579531250002 0.6433802562500001 0.261791840625 0.61923406875 0.29818291406249997 0.6337904984375 0.30784138906249997 0.66773259375 0.31988012499999996 0.6905193421875 0.3266135703125 0.6910641109375 0.35422955625 0.6770524499999999 0.3721870671875 0.6752169578125 0.4191887203125 0.6791628078125 0.4511578921875 0.676782546875 0.470543559375 0.6956921625 0.476800953125 0.7271852812499999 0.4767322375 0.7261644609375 0.45299338437500003 0.7357542203125 0.4069438359375 0.74296371875 0.38027995312499996 0.730311496875 0.35511294531250004 0.7336438625 0.3279730109375 0.7806455156250001 0.329808503125 0.805336471875 0.321033415625 0.8004385171875 0.2968185109375 0.785813371875 0.255666915625 0.7862207078125001 0.2202966640625 0.80111575625 0.16309176718750001 0.7788050609375 0.1524811875 0.7482640453125 0.1447956359375
1794 1 0.4789371453125 0.877848715625 0.4676822828125 0.847788715625 0.6804485687499999 0.9777070437500001 0.712142875 1 0.5305813109375 1 0.4789371453125
1567 1 0.0576373671875 0.8982057156250001 0.045138601562500005 0.8481910890625001 0.420749346875 1 0.42872945781249994 1 0.0576373671875
423 0.5114989296875 0.6627708859375 0.5003435828125 0.6574655968750001 0.49734983593750004 0.6177421578125 0.48279340781249996 0.6080836828125 0.5490432937499999 0.549313196875 0.550947503125 0.5338046640624999 0.4230021 0.51809494375 0.404293671875 0.3819879390625 0.3420533875 0.279891746875 0.27852238125 0.25241319375 0.207781875 0.251598521875 0.1787377328125 0.263774690625 0.151666515625 0.2919354453125 0.1416007046875 0.341862128125 0.19942405000000002 0.64019525 0.1985406609375 0.6794426359375 0.1339250796875 0.8210610812500001 0.10406626562500002 0.9039777546875 0.1234519328125 0.906358015625 0.168343228125 0.8292226828124999 0.2996209953125 0.8177924687499999 0.3369641734375 0.834184390625 0.32417948281250003 0.9703601125000001 0.351319415625 0.9736924765625 0.36519364374999996 0.8927487281250001 0.39852225625000004 0.8456783578125 0.44987709374999996 0.84411276875 0.49830690312500003 0.8343168609375 0.506198603125 0.898255203125 0.521231084375 0.9040365453125 0.5372156703125001 0.9020636203124999 0.49993624687500005 0.69283585 0.5114989296875 0.6627708859375
1331 0.6292361265624999 0.44109208125 0.6437238390625 0.41925743750000005 0.6267184328125001 0.397491509375 0.5719625125000001 0.3947039125 0.5497205328125 0.415586453125 0.547340271875 0.4349721203125 0.5367296921875 0.457282815625 0.5987638265624999 0.46489965 0.6307329984375001 0.46095379999999997 0.6292361265624999 0.44109208125
627 0.7121527999999999 0.4709508953125 0.16357278125000002 0.4193360796875 0.11078978749999999 0.43253306875 0.11276271093750001 0.44851765468749993 0.0801212640625 0.8105192171875 0.30111786875 0.8376541890625001 0.3085972703125 0.712633815625 0.2780562546875 0.7049482640625 0.29900254843749996 0.5343543953125 0.5670008046875 0.5633248578125001 0.5360574171875 0.8153385296875 0.5303447921875 0.8618641296874999 0.7324317812500001 0.8827417078125 0.7342672734375 0.8357400546875 0.7790848890625 0.5027826328125 0.7121527999999999 0.4709508953125
804 0 0.7534545406250001 0.0237997546875 0.7563767828125 0.0924986203125 0.7097137484375 0.119972209375 0.42185377187500006 0.1393578765625 0.42423403281249994 0.1673762359375 0.16399004374999998 0.1455415921875 0.1495023296875 0.04861325625 0.1376010265625 0 0.53352423125 0 0.7534545406250001
1354 0.3809671171875 0.571967475 0.368859665625 0.574416453125 0.33784259843750003 0.5706080359375 0.3102266125 0.5711528046875001 0.2739042546875 0.5784997359374999 0.23370476562500003 0.5853706140625 0.2192170515625 0.6072052578125 0.2236389546875 0.6352972968749999 0.2333661453125 0.6522339859375 0.256628946875 0.6550902984375 0.32158810937500004 0.6709374515625 0.3526051765625 0.67474586875 0.387499378125 0.6790303375 0.484358996875 0.6594385218750001 0.502247790625 0.6419570625000001 0.4963977328125 0.6254964249999999 0.47163805937500003 0.60277839375 0.454632653125 0.581012465625 0.43184590468749995 0.5742790203125 0.40082883750000003 0.570470603125 0.3809671171875 0.571967475
617 1 0.195745990625 0.9978974562499999 0.1951246921875 0.9785117890624999 0.19274443125000001 0.9528687281250001 0.2092737859375 0.9349799328125 0.22675524375 0.9282464875 0.2495419921875 0.9374976265624999 0.270355815625 0.9477008703124999 0.283415371875 0.9632094046875 0.28531958125 0.9796700421875 0.27946952187499996 1 0.2819657265625 1 0.195745990625
617 0.9890536515624999 0.13894061562499999 0.979326459375 0.12200392499999999 0.9686471640625 0.11282150312499999 0.9453843640624999 0.1099651890625 0.9250465921875 0.1153391953125 0.914912065625 0.133772759375 0.9130078562499999 0.1492812921875 0.9890536515624999 0.13894061562499999
617 0.053849829687499996 0.094952559375 0.0524216734375 0.10658395937500001 0.060720709375 0.13515205 0.1150005765625 0.1418167796875 0.12030586562500001 0.13066143125000002 0.12363823125 0.1035214984375 0.11050995781249999 0.08223162187500001 0.0954774765625 0.0764502796875 0.0722146765625 0.0735939671875 0.063032253125 0.08427326406249999 0.053849829687499996 0.094952559375
284 1 0.0576373671875 0.85947394375 0.0403829375 0.7871827375 0.6612003343749999 0.810921590625 0.6601795140625 0.7818774484375 0.6723556828125 0.7838503734375 0.68834026875 0.7906525359375001 0.6970466390625 0.7729011734375 0.7775143359375 0.7637187515625 0.7881936328125 0.7705209140625 0.796900003125 0.9591410109374999 0.8633510765624999 1 0.5167468984375 1 0.0576373671875
88 1 0.3680265609375 0.913488871875 0.369733128125 0.90872835 0.4085044625 1 0.4197112109375 1 0.3680265609375
1917 1 0.3213215796875 0.9942951875 0.3206211171875 0.9787866546874999 0.3187169078125 0.9768824453124999 0.3342254421875 0.9745021859375 0.353611109375 0.9977649859375 0.356467421875 1 0.3524021828125 1 0.3213215796875
1917 0.9391319328125001 0.3532037734375 0.9662718671875 0.35653613906250003 0.96960423125 0.32939620468749997 0.942464296875 0.3260638390625 0.9391319328125001 0.3532037734375
300 0.2821296109375 0.3512457375 0.2909046984375 0.37593669375 0.2928776234375 0.3919212796875 0.2900213109375 0.4151840796875 0.2769617546875 0.42538732343749996 0.27553359843749997 0.4370187234375 0.3143049328125 0.4417792453125 0.316209140625 0.42627071250000004 0.3336218828125 0.41266638593750005 0.34083138125 0.3860025046875 0.35436698906249997 0.371922128125 0.34804087968749997 0.3593386234375 0.35674725 0.3525364609375 0.372255784375 0.35444066875 0.3896685265625 0.34083634375 0.4293919640625 0.33784259843750003 0.4424515203125 0.3276393546875 0.44047859687499996 0.31165476875000003 0.4293232484375 0.30634947968750004 0.43122745625 0.2908409453125 0.42925453124999996 0.274856359375 0.41762313124999995 0.273428203125 0.4074198875 0.260368646875 0.4010937765625 0.2477851421875 0.3821841625 0.24152774843749997 0.377354925 0.2488059625 0.3647714203125 0.2551320734375 0.3710288140625 0.2362224578125 0.329808503125 0.219354484375 0.3279042953125 0.23486301874999999 0.3216469 0.2537726328125 0.319673975 0.23778804843749998 0.30464149375 0.23200670625000003 0.2886569078125 0.23397963125 0.25328665625 0.23357229531249998 0.2368260171875 0.23942235312500001 0.2276435953125 0.25010165 0.254783528125 0.2534340140625 0.2935548625 0.2581945359375 0.2854619765625 0.32410580312500004 0.2835577671875 0.3396143375 0.2821296109375 0.3512457375