407 0.099976271875 0 0.09652990156249999 0.0162139 0.4656007375 0.20376586875 0.6709123781249999 0.02515825 0.55255211875 0 0.099976271875 0
1939 1 0.095107984375 0.6708000171874999 0.0251343671875 0.4554632609375 0.205651953125 0.3631504359375 0.66285314375 0.7765975609375 1 0.9044486953125 1 1 0.53969933125 1 0.095107984375
1939 0 0.6231486890625 0.3623286515625 0.6667193390625 0.46094289218749995 0.2027758140625 0.1020095328125 0.0133377578125 0.0921481078125 0.059732110937500006 0 0.476209409375 0 0.6231486890625
819 0.7727104671875 1 0.3623286515625 0.6667193390625 0 0.619851903125 0 0.9008511453124999 0.466458690625 1 0.7727104671875 1
1761 0.476871103125 0.9981723546874999 0.28506808281249996 0.75535976875 0.2275303640625 0.75121149375 0.1097230765625 0.9160917609375 0.476871103125 0.9981723546874999
1870 0.543710321875 1 0.531394546875 0.9935981828125 0.296573078125 0.7012330234374999 0.3223276640625 0.6945847140625 0.279585265625 0.6895404093749999 0.2735599015625 0.7407910125 0.4783148 1 0.543710321875 1
868 0.900023728125 1 0.923192946875 0.8909973953125 0.9234658140625 0.8668101625 0.8925044640625 0.8521473828125 0.8872976984375001 0.830836290625 0.85085671875 0.8190496484375 0.8157864437500001 0.823717846875 0.7946897046875 0.8313562125 0.7990746843750001 0.8565335 0.766196896875 0.8737903421875 0.711124534375 0.858043478125 0.66701143125 0.8365443328125 0.616596915625 0.8217875250000001 0.5848137796875 0.8109909390625001 0.530563203125 0.7913778796875001 0.49576579374999996 0.7718588453125 0.4639826578125 0.7610622609375 0.4324723890625 0.7260784421875 0.40151103906249996 0.711415659375 0.364248275 0.7034952140625 0.32150587812500003 0.6984509109375 0.330548703125 0.724618253125 0.33822082343750004 0.7343307578125 0.52920205625 0.9810095390625 0.56416056875 1 0.900023728125 1
848 0.8777027687500001 0.7156524109375 0.8524939171874999 0.6739262578125 0.7897494328125 0.6484668890624999 0.78344164375 0.5178182265625 0.8138540734375 0.512159971875 0.8237154984374999 0.46576561875 0.7779588265624999 0.4519988671875 0.7678117906249999 0.24779845156250002 0.7787710515625 0.2420461703125 0.785345334375 0.21111660312499997 0.7450682937499999 0.194473709375 0.7582168593749999 0.1326145734375 0.74890116875 0.1306344609375 0.7256151265625 0.1943796828125 0.7020530296875 0.21361663593750002 0.70260195 0.233937671875 0.71411013125 0.24850642656250002 0.6319220375 0.4290395328125 0.5976735468750001 0.4298415359375 0.58945569375 0.46850349687500004 0.6017856609375001 0.4792060546875 0.5935678078125 0.5178680156250001 0.61356989375 0.538283078125 0.59658526875 0.5952859625 0.5023337015625 0.603538278125 0.504253325 0.6403141531250001 0.5187757828125 0.6636053578125 0.5160375609375001 0.6993911765624999 0.505081484375 0.77383895625 0.6089247953125 0.812075021875 0.7897589921875 0.8545533890625 0.8127721671874999 0.8149953999999999 0.8103036265625001 0.7578984875 0.8777027687500001 0.7156524109375
1316 0.44944745625 0.4629890578125 0.4124639296875 0.5682723796875 0.4198631828125 0.602172115625 0.466168775 0.6362599046875 0.49575941874999996 0.6344678453125 0.5023337015625 0.603538278125 0.559322503125 0.5873655171875 0.5922002890625 0.570108675 0.5979527859375 0.5430453015625 0.7749413640625 0.37458091875 0.7963109703125 0.3427553203125 0.8327487640625 0.2858464625 0.8346652015625 0.2539268390625 0.844526625 0.20753248750000003 0.8532933968749999 0.1891915609375 0.8393198609375 0.18622139375 0.8253463234374999 0.183251228125 0.7973992484375 0.17731089375 0.8034277984375 0.1947557890625 0.76918249375 0.2642532921875 0.6521938046875 0.3565718625 0.627809925 0.3796750125 0.610000328125 0.37184859531250003 0.6143821203125001 0.32833038281250004 0.6047903765625 0.281842003125 0.5793086578125 0.26430308125 0.5450601671874999 0.265105084375 0.5143748718750001 0.29495056875 0.518486984375 0.3443150890625 0.5267080234375 0.374348628125 0.5149269765625 0.3839671046875 0.4828709765625 0.39735775156250003 0.44944745625 0.4629890578125
291 0.8398655937499999 0.13784693125 0.8143838734375001 0.12030800781249999 0.79246535 0.1318125703125 0.763147571875 0.10941739531250001 0.75684615625 0.1161597328125 0.772190396875 0.1355847390625 0.7719175296875 0.159771971875 0.8152088453124999 0.1851373125 0.884254746875 0.20385434375 0.8954868749999999 0.17391483125 0.8398655937499999 0.13784693125
1316 0.3406670609375 0.3105591703125 0.35436773125 0.33771656875 0.3680684015625 0.3648739671875 0.38122334062499996 0.44040583125 0.3899933 0.49076040625 0.4004068296875 0.5333825890624999 0.44451993125 0.5548817328125 0.48644054218750005 0.5637922343749999 0.5146604828125 0.5455453375 0.55658109375 0.5544558390625001 0.5721982015625 0.5496936125 0.58945888125 0.5371989953125 0.5952113781249999 0.5101356234375001 0.5486329203125 0.500235065625 0.5012326781249999 0.49420070625 0.484244865625 0.482508090625 0.48013275312500003 0.43314357187499997 0.47136279375 0.382788996875 0.45848390781250004 0.35176540156249997 0.426973640625 0.31678158437500004 0.4434125328125 0.3081531625 0.4867006625 0.26482300468750003 0.48779531406250004 0.236769575 0.480396059375 0.20286984062500002 0.43381760312499995 0.192969284375 0.3888859015625 0.244031834375 0.3855987609375 0.25949661874999996 0.36587272656250003 0.283589825 0.326966390625 0.28340177031249997 0.3406670609375 0.3105591703125
1316 0 0.8956930312500001 0.10506522968750001 0.9151017046875 0.199034371875 0.724950121875 0.2077947703125 0.5692181984375 0.2620421625 0.520135759375 0.29053496875 0.477701628125 0.339309103125 0.5688863296875 0.44726452656250004 0.6564869125 0.49904974687500003 0.6876985609374999 0.5094600890625001 0.6616252453125 0.475484465625 0.638240015625 0.44534490312499997 0.6197110375 0.42315032500000005 0.58670733125 0.39657076875 0.5285263359375 0.3787579859375 0.45200441874999997 0.36341055624999996 0.3638839125 0.3316242359375 0.2843918265625 0.34724134375000004 0.2796296015625 0.3831334046875 0.27109520625 0.39600910312500004 0.23342330156250002 0.428337971875 0.1958454234375 0.43189797968750004 0.1561934078125 0.390250234375 0.12309567343750001 0.36696100625 0.11814539531249998 0.3255893140625 0.12955593125 0.292438659375 0.1710000046875 0.2929875796875 0.191321040625 0.28887865156250003 0.210652021875 0.252986590625 0.219186415625 0.231889853125 0.22682478125 0.2116149 0.23059694999999997 0.185038528125 0.24111145625 0.1598328640625 0.26808080156249997 0.1499714390625 0.31447515625 0.078190503125 0.40023944375 0.008326003125 0.454084109375 0 0.49099468437500005 0 0.7446448609375 0.031900843750000005 0.7096291546875 0 0.7887261984375 0 0.8956930312500001
1313 0.1507804796875 0.035826959375 0.1179026921875 0.0530838015625 0.0913263234375 0.0635983078125 0.013805634375 0.45120796875 0.0798340734375 0.3925070515625 0.1450471 0.4750633296875 0.2077947703125 0.5692181984375 0.3116412671875 0.6761497624999999 0.364521140625 0.6793079828125 0.39082464375 0.692980709375 0.42397848437499996 0.7202321359375 0.4563105375 0.75134975625 0.471654778125 0.7707747625 0.49878006875 0.78058129375 0.53385034375 0.7759130953125 0.5470020953125 0.7827494578125 0.5549470828125 0.7682747296875 0.565357425 0.7422014124999999 0.5313818015625 0.7188161828124999 0.48288372031250004 0.6721397515625 0.415481390625 0.6456903281249999 0.342323378125 0.5776087765625 0.29464708125 0.5270661484375 0.23464082031250003 0.46582095937499995 0.19737486875000002 0.389205015625 0.191619184375 0.34757288750000004 0.204494884375 0.309900984375 0.15901107812499998 0.2719469984375 0.19325957031250002 0.27114499531249997 0.22312308125000002 0.24516570624999998 0.24969945 0.2346512 0.26257514843749996 0.1969792953125 0.2803815609375 0.13611021406249998 0.2894211984375 0.0935820578125 0.26339056250000004 0.0557221 0.2231135203125 0.03907920625 0.1913303859375 0.0282826203125 0.1507804796875 0.035826959375
884 0.5845249828125 0.491700671875 0.5519200609375 0.48477028125 0.5382225765624999 0.5263083828124999 0.57247106875 0.52550638125 0.5845249828125 0.491700671875
884 0.5661792109375 0.7383352171875 0.5242586 0.729424715625 0.521520378125 0.7652105359375 0.548645665625 0.7750170671875 0.5661792109375 0.7383352171875