524 0.1933745375 1 0.20091400468749998 0.8895815234375 0.2844816078125 0.8202165499999999 0.3766749109375 0.7740021484375 0.4688682125 0.7277877453125 0.5531174484375 0.6779421250000001 0.567778646875 0.650069728125 0.53990625 0.6354085296875 0.49156021718750004 0.5941018687499999 0.424785440625 0.5847078015625 0.1906895421875 0.5967912421875 0.0049396765625 0.6501813421875 0.008075178125 0.7399703625 0.30889626406250004 0.6239324203125001 0.3518388390625 0.6224328328125 0.375807365625 0.6372303578125 0.0136149625 0.78668048125 0.0142098546875 0.9156445312500001 0.09632745937500001 0.9166855515625001 0.1391337078125 0.91128209375 0.14223180625 1 0.1933745375 1
521 0.5562405109374999 0.43158931093749997 0.5549268374999999 0.5058991749999999 0.656836446875 0.5140663062499999 0.650069728125 0.432221353125 0.5562405109374999 0.43158931093749997
1437 0.30117526093749997 0.514760375 0.3636371875 0.51257915625 0.3948681515625 0.511488546875 0.40226691406250004 0.49950428281250003 0.40035834687499994 0.4448500984375 0.3650871875 0.44217316249999994 0.3338562234375 0.443263771875 0.29913036875 0.45620231875000006 0.30117526093749997 0.514760375
436 0.088916259375 0.5925279812500001 0.06494773125 0.5777304562500001 0.029812898437500002 0.5789573921875 0.0027243765625 0.5867434484375 0.005172565625 0.6568504546875 0.09404706406249999 0.6275264890625001 0.088916259375 0.5925279812500001
436 0.3453447703125 0.5483956203125 0.3141138078125 0.5494862296874999 0.27103490625000004 0.547081946875 0.2481569890625 0.5635153859375001 0.2489749453125 0.586938609375 0.36232351406249996 0.5868890203125 0.3616418828125 0.56736966875 0.3453447703125 0.5483956203125
423 0.3091317671875 0.854533428125 0.27077469375 0.875416040625 0.2169384640625 0.9007478296875 0.19823706875 0.9248526828125 0.1924742203125 0.9836833921875 0.3413666015625 0.9941184796875 0.40732342031249996 0.9800893234375 0.444726209375 0.9318796171875 0.470194325 0.9896197156250001 0.48971367656250003 0.9889380859375001 0.4534386453125 0.8455854890625 0.4640596484375 0.8139455468750001 0.47009514843750005 0.7629225796875 0.41989013750000004 0.7803103015625 0.373588996875 0.797561696875 0.331328053125 0.8185806375 0.3091317671875 0.854533428125
423 0.5014624375000001 0.765735840625 0.4628327125 0.7788107140625 0.461791690625 0.8609283187500001 0.4941132640625 0.891068671875 0.513273225 0.9920239984375 0.5404639921875 0.9871658453125001 0.522530965625 0.921345353125 0.52130403125 0.8862105187499999 0.5794531078125 0.872454015625 0.610002440625 0.8518440546875 0.6496360375 0.9794448421874999 0.6733319125 0.9864346265625 0.6324713796875 0.8236990046875 0.6106344828125 0.7580148375 0.6252956828125 0.730142440625 0.6353713796875 0.6828870171875 0.5968779796875 0.699865759375 0.54667296875 0.71725348125 0.5197548546874999 0.7299193765624999 0.5014624375000001 0.765735840625
423 0.6158520265625 0.683568646875 0.6142161140625 0.6367222031249999 0.6252460937500001 0.616793871875 0.6323722046875 0.5970018671874999 0.6202516140625 0.585699234375 0.59265186875 0.5788457765625 0.565597428125 0.5876078015624999 0.5549764265625 0.6192477421875 0.5556580578125 0.6387670953125 0.5879796296875 0.6689074484375 0.6158520265625 0.683568646875
627 0.6958751515625 0.51270304375 0.58225393125 0.5049448921875 0.4846571703125 0.5083530453125 0.2967260859375 0.49928121875000003 0.2428898578125 0.5246130078125 0.732782225 0.5622264234375 0.731555290625 0.527091590625 0.723474896875 0.5195565015625 0.6958751515625 0.51270304375
407 0.4912724796875 0 0 0.0171556125 0 0.228405965625 0.41710158750000004 0.252742490625 0.9735828171875 0.182497534375 0.9707901578125 0 0.4912724796875 0
1156 0.6499334015625 0.42831748281250004 0.5561041859375 0.427685440625 0.5627345796875 0.505626521875 0.6527962515625 0.5102987609375 0.6499334015625 0.42831748281250004
517 0.7163487875000001 0.53934850625 0.724156528125 0.5390758546875001 0.733141615625 0.46058946718750005 0.7289650937500001 0.452918053125 0.701638 0.4538723359375 0.6862951703125 0.46222538125 0.6848451718749999 0.532631375 0.7163487875000001 0.53934850625
1950 0.6669121453125 0.4668108828125 0.655200534375 0.4672198609375 0.652250946875 0.49468327968750003 0.671633971875 0.490097778125 0.6669121453125 0.4668108828125
1950 0.50957998125 0.5504776625 0.490060628125 0.55115929375 0.4986863265625 0.5743098640625 0.5143018078125 0.573764559375 0.50957998125 0.5504776625
1950 0.24365822656249997 0.4346876625 0.22427519999999998 0.43927316406249994 0.22522948281250002 0.46660025625 0.2407086390625 0.46215108125000004 0.24365822656249997 0.4346876625
1950 0.8587966874999999 0.58909495 0.8433175328125 0.593544125 0.8481756859375 0.6207348921875 0.859750971875 0.61642204375 0.8587966874999999 0.58909495
1170 0.6728609078125001 0.5252326125 0.6572454265625 0.5257779171875 0.6575180781250001 0.5335856578125 0.66532581875 0.53331300625 0.6728609078125001 0.5252326125
1016 0.543351553125 0.5102120234374999 0.532185246875 0.526236484375 0.6304636375 0.54234768125 0.6375897484374999 0.522555678125 0.543351553125 0.5102120234374999
1754 0.9551665125 0.5505519624999999 0.96619649375 0.5306236328125 0.9677828187499999 0.46412150937499996 0.9951099125 0.463167225 0.9901154328124999 0.4320725890625 0.9666922093749999 0.43289054531250004 0.9401830734375001 0.45726805156249994 0.9508536640624999 0.5389766781249999 0.9551665125 0.5505519624999999
436 0.5673200796875 0.5250095484374999 0.5438968578125001 0.5258275046875001 0.5246501578125 0.5343168765625 0.5098526328124999 0.5582854046875 0.5031355015625001 0.5897890203125 0.4997769359375 0.605540828125 0.53182585625 0.627873440625 0.5392246187499999 0.6158891765625001 0.5623751890625 0.6072634796874999 0.5770363875 0.57939108125 0.6042271546875 0.574532928125 0.6236101796875 0.5699474265625 0.6230648750000001 0.5543319453125 0.6106716328124999 0.535221571875 0.5868394328125001 0.5243279171874999 0.5673200796875 0.5250095484374999
1950 0 0.455295465625 0.017779046875000003 0.4582100609375 0.0169610890625 0.4347868390625 0 0.43537913437500003 0 0.455295465625
410 0.13179680625 0.141537990625 0.14364474375 0.14503288281249999 0.1592602265625 0.144487578125 0.178779578125 0.14380594687499998 0.1978899515625 0.1314127046875 0.17029020625 0.124559246875 0.146866984375 0.1253772046875 0.135428025 0.1335939234375 0.13179680625 0.141537990625
410 0.470119859375 0.2039874796875 0.4897755375 0.20720971875 0.50148715 0.206800740625 0.5127897828125 0.19468015 0.49690164843750007 0.18741771406250002 0.47738229531250004 0.1880993453125 0.4658070109375 0.19241219375000002 0.470119859375 0.2039874796875
410 0.2249939796875 0.23599925000000002 0.2406094625 0.23545394531250002 0.2523210734375 0.23504496718749998 0.255815965625 0.22319702968750002 0.2438317015625 0.2157982671875 0.22431235 0.216479896875 0.2167772609375 0.224560290625 0.2249939796875 0.23599925000000002
2001 0.0434206375 0.297060765625 0.031572699999999995 0.2935658734375 0.02944106875 0.3444525140625 0.0684797734375 0.343089253125 0.06793446875 0.327473771875 0.0595814234375 0.3121309421875 0.0434206375 0.297060765625
2001 0.133482309375 0.30173300468750003 0.1266288515625 0.32933275 0.1270378296875 0.3410443609375 0.1815556890625 0.33523192343749997 0.1769701875 0.31584889843749997 0.16861714218749999 0.30050606874999997 0.1488251390625 0.2933799578125 0.133482309375 0.30173300468750003
2001 0.238750484375 0.2941483265625 0.227584178125 0.3101727875 0.2281294828125 0.32578826875 0.2285384609375 0.3374998796875 0.2752485796875 0.33196009531250004 0.27470327499999997 0.31634461406250003 0.26648655625 0.30490565625 0.254365965625 0.2936030234375 0.238750484375 0.2941483265625
2001 0.35250803125 0.30581035 0.34901313906250003 0.31765828749999997 0.3494221171875 0.32936989843750003 0.38455695156249997 0.3281429640625 0.3841479734375 0.316431353125 0.37983512343750003 0.30485606718749997 0.3678508609375 0.2974573046875 0.35250803125 0.30581035
2001 0.5283185265625 0.30357954375 0.5213287421875 0.32727541875 0.5796141453125 0.3174227859375 0.5751649703124999 0.3019436296875 0.5592768375 0.29468119375 0.5437976812499999 0.29913036875 0.5283185265625 0.30357954375
2001 0.6724890796875 0.290727734375 0.6606411421875 0.28723284375 0.6489295296875001 0.287641821875 0.6335867015625001 0.2959948671875 0.6260516125 0.304075259375 0.622693046875 0.3198270671875 0.6891951703125 0.32141339375 0.6926900625 0.30956545625 0.6844733421875 0.29812649687500004 0.6724890796875 0.290727734375
2001 0.7933727359375 0.282597753125 0.7777572546875 0.2831430578125 0.76618196875 0.28745590781249997 0.7508391390625 0.295808953125 0.743576703125 0.3116970859375 0.8216541124999999 0.3089705640625 0.8173412624999999 0.297395278125 0.801316803125 0.286228971875 0.7933727359375 0.282597753125
2001 0.9142563921875 0.27446777187500004 0.8948733671875001 0.2790532734375 0.8873382781249999 0.2871336671875 0.8798031890625 0.295214059375 0.8764446234375001 0.3109658671875 0.958425903125 0.30810301875 0.9580169234374999 0.29639140625 0.9498002046874999 0.2849524484375 0.9337757453125001 0.27378614218749997 0.9142563921875 0.27446777187500004