423 0.821358603125 1 0.820995234375 0.9431882171874999 0.85237366875 0.792279871875 0.770659278125 0.7840857921875 0.6967466796874999 0.7763005859375001 0.6304314359375 0.7728251515625 0.5838251140625 0.76647100625 0.5489214828125 0.7607301734374999 0.5522256546875 0.846958775 0.532721171875 0.8459365875 0.5218528171875 0.9040411625000001 0.5150897984375 0.958449278125 0.5366552421875 0.994783971875 0.6361829875 1 0.821358603125 1
423 0.099484034375 0.6785019953125 0.08817363125 0.5957654156250001 0.0292513078125 0.6005006500000001 0.027820246875 0.6278069265624999 0.057408507812499995 0.7349710703125 0.059894931250000005 0.8368032578125 0.0935719390625 0.8659494703125 0.250016678125 0.8663251703125001 0.2681066875 0.9689751062499999 0.282638325 0.76633291875 0.25059681562499997 0.705979534375 0.1335699171875 0.6998464140625 0.099484034375 0.6785019953125
423 0.8548103296875 0.6711476390625 0.8547937421875 0.5968261671875 0.8135193781250001 0.5633701828125 0.6886906859375 0.5568281890625 0.6603622234375 0.5749016109375 0.655251290625 0.6724240265625 0.756061290625 0.6894420859375 0.7646808328125 0.674247375 0.8548103296875 0.6711476390625
627 0.9629921265625001 1 0.9800644843749999 0.7442093140625 0.5852395890625 0.6648432578125 0.648062809375 0.6603124609375 0.6457974109375 0.6289008515625001 0.6429187015625 0.60919193125 0.5729069984375 0.6016111625 0.1729711703125 0.6197675203124999 0.164572653125 0.705382809375 0.215284309375 0.70804049375 0.265995965625 0.7106981796875 0.2914623046875 0.7472373109375 0.2929099546875 0.7942525078125 0.2836936875 0.8954713828124999 0.5101667156249999 0.9777493234374999 0.5089235046875 0.9268332296875 0.524101628125 0.8611313 0.5460593593749999 0.8153427265625 0.5569277125000001 0.7572381515625 0.81007711875 0.778328371875 0.8517603578124999 0.8039825625000001 0.8302280874999999 0.9162908156249999 0.82346506875 0.9706989296874999 0.8306074906250001 1 0.9629921265625001 1
1050 0.900377878125 0.62268479375 0.8999855906249999 0.7048080609375 0.8911616109375 0.72390366875 0.8618109609375001 0.7614815734375 0.8922003843749999 0.778720659375 0.9236119953124999 0.7764552609375001 0.9478351234375 0.7620782984375001 0.9451608515625001 0.73846848125 0.9346847859375 0.714449790625 0.9391824062499999 0.6286300640625 0.986197603125 0.627182415625 0.9865898906250001 0.5450591499999999 0.987407640625 0.5294555625 0.8705851796875 0.5194215468750001 0.835084821875 0.5997048765625 0.8808733953125 0.6216626078124999 0.900377878125 0.62268479375
300 0 0.9666590609375 0.21678172031249998 0.9780201109375 0.20671452812500002 0.946199625 0.1761206671875 0.9328614375000001 0.15251085 0.935535709375 0.126840071875 0.902897475 0.1093799625 0.8628663218750001 0.0750896421875 0.8454228 0.05887274375 0.856307740625 0.0428602828125 0.8632917843750001 0.0327930921875 0.8314712999999999 0.0178028171875 0.8189508609375 0.00138148125 0.8337366968750001 0 0.8421359515625 0 0.9666590609375
1383 0.1406588734375 0.2660291390625 0.012326134375 0.2517103796875 0.0035473546874999996 0.41921946875 0.12837604687499998 0.42576146406250004 0.1406588734375 0.2660291390625
477 0.28459976249999996 0.3557165875 0.279472240625 0.3789175296875 0.2741402828125 0.40601936875 0.30534745625 0.4076548671875 0.34846175625 0.40600278125000006 0.33408479375 0.3817796515625 0.323813165625 0.3538600640625 0.301021096875 0.34093075 0.28459976249999996 0.3557165875
278 0.3716626984375 0.4111303015625 0.4223743546875 0.4137879875 0.445779734375 0.41501461093750003 0.4595267984375 0.37661895625 0.45397381562500005 0.33330021875 0.43446933281250005 0.3322780328125 0.39546036562500003 0.33023365937500004 0.37740353125000003 0.3762266703125 0.3716626984375 0.4111303015625
278 0.47308601093749997 0.41644567187500003 0.504293184375 0.41808117031250003 0.5061331203125 0.38297310156250003 0.5038677218750001 0.35156149062500003 0.48168896562499997 0.3269294875 0.4660853796875 0.3261117375 0.460548984375 0.35711447343749997 0.453990403125 0.4076216921875 0.47308601093749997 0.41644567187500003
1373 0.573249525 0.2965234765625 0.590709634375 0.3365546296875 0.6065342453125 0.4077929546875 0.5931960562499999 0.43838681562500004 0.6180490859375001 0.48662863749999996 0.669782928125 0.4697818390625 0.6831211171875 0.439187978125 0.7077531203125 0.417009221875 0.7175992859375 0.37840913125000003 0.7159472 0.33529483125000004 0.6982826531249999 0.299164575 0.68000479375 0.2747370078125 0.6463277859375001 0.2455907953125 0.6159383625 0.2283517109375 0.584117878125 0.2384189015625 0.5520929546875 0.2523869890625 0.515553825 0.2778533296875 0.4909218203125 0.30003208593749997 0.5057076578124999 0.31645342187500003 0.5447166234374999 0.3184977953125 0.573249525 0.2965234765625
1342 0.34849493125 0.554645728125 0.308872653125 0.56430404375 0.3146300734375 0.603721884375 0.3577443734375 0.6020697984375001 0.34849493125 0.554645728125
1342 0.381133165625 0.52897495 0.3854595234375 0.5956990671875 0.424468490625 0.5977434406250001 0.4281483625 0.5275273015625 0.381133165625 0.52897495
1342 0.47087037499999995 0.60799848125 0.5024864234375 0.6018321875 0.4905627078125 0.5307982984375 0.43615459218749997 0.5240352796875001 0.42363415312499997 0.539025553125 0.43945876406249995 0.6102638796875001 0.47087037499999995 0.60799848125
1342 0.5630442453125 0.56588978125 0.5158246109375 0.5712383265625001 0.517476696875 0.6143526265625 0.56428745625 0.6168058734375 0.5630442453125 0.56588978125
1567 0.1807729640625 0.6201763953125 0.258177584375 0.63596783125 0.619308884375 0.6118662031250001 0.6316248859375 0.600776825 0.6385425796875001 0.31950339375 0.2139581609375 0.2855170359375 0.193635928125 0.30009843593749996 0.1807729640625 0.6201763953125
1383 0.3681209140625 0.1801596515625 0.366910878125 0.2778865046875 0.42152343124999997 0.2807486265625 0.42232459218749996 0.1908235671875 0.3681209140625 0.1801596515625
1383 0.44593440937500006 0.1881492953125 0.4371270171875 0.2815663765625 0.48742979843749995 0.2920258546875 0.48823096093749996 0.20210079531249997 0.44593440937500006 0.1881492953125
2001 0.648250659375 0.5820900921875001 0.6648764328125 0.5634033578125 0.68088889375 0.5564193140625 0.7008022515625 0.5496397078124999 0.7322138609375 0.547374309375 0.759912425 0.46668210468750004 0.770780778125 0.4085775296875 0.8030101374999999 0.3907085453125 0.8160775390625 0.0667296890625 0.66598694375 0.019747665625 0.640636715625 0.503458846875 0.643515425 0.5231677671875 0.648250659375 0.5820900921875001
2001 1 0.066684734375 0.8704856546874999 0.0734927078125 0.842427978125 0.384951125 0.8949961578125001 0.42682221406250004 0.886597640625 0.5124375015625 0.9921262859375 0.5140564140625 1 0.3852563484375 1 0.066684734375
1342 0.5496562953125 0.373519221875 0.5143437875 0.3755801828125 0.5125038515625 0.410688253125 0.5556181515625 0.409036165625 0.5496562953125 0.373519221875
1342 0.605291034375 0.35687686093750004 0.554783815625 0.3503182796875 0.5632155078125 0.41334593750000004 0.6100262671875 0.4157991859375 0.605291034375 0.35687686093750004
1699 0.2853843359375 0.1914700546875 0.26978075 0.1906523046875 0.2496629546875 0.2013328078125 0.23693807812499998 0.2202239796875 0.23920347656250002 0.2516355890625 0.2461875203125 0.2676480515625 0.21107945 0.265808115625 0.21354928593750003 0.293318828125 0.2685707140625 0.2883791578125 0.3695851515625 0.30149632187500003 0.355412625 0.273372296875 0.32050899374999997 0.2676314640625 0.32112230468749997 0.2559287734375 0.32214449218749996 0.23642429062499998 0.31926578125 0.2167153703125 0.3046843828125 0.1963931375 0.2853843359375 0.1914700546875
1267 0.98272216875 0.6934976578125001 0.9808656453125 0.6542842546875 0.9248220312500001 0.6787284078125 0.936115846875 0.6871435140625 0.9595212265624999 0.6883701375 0.98272216875 0.6934976578125001
794 0.31709990781249997 0.6312325984375 0.30519278125 0.6345201828125 0.30848036562500003 0.6464273109375 0.3817796515625 0.66591520625 0.45671443749999996 0.6541959281249999 0.459372121875 0.6034842734375 0.3973666515625 0.5924114828125 0.373756834375 0.5950857546874999 0.3031318203125 0.5992076765625 0.30601052968750003 0.618916596875 0.3218185546875 0.61583345 0.31709990781249997 0.6312325984375
1267 0.39963205 0.6238230921875 0.47724110625 0.6357136328124999 0.5129624890625 0.625850878125 0.4548579140625 0.6149825250000001 0.43104365937500005 0.6215576953124999 0.39963205 0.6238230921875
1267 0.480937565625 0.639818965625 0.44480730937499996 0.6574835140624999 0.5140012625 0.68066786875 0.5700448765624999 0.6562237140625 0.480937565625 0.639818965625
1267 0.4177054703125 0.65215155625 0.4331046203125 0.6568702015625 0.44870820624999996 0.6576879515625 0.4688260015625 0.647007446875 0.488943796875 0.63632694375 0.43453568125 0.629563925 0.4189320953125 0.6287461765625 0.402919634375 0.6357302203125 0.394708965625 0.6431231390625001 0.3982009875 0.65112936875 0.4177054703125 0.65215155625
878 0.763200009375 0.47858923124999997 0.7367280703125 0.53587605625 0.7281085265625 0.55107076875 0.7476130109375 0.5520929546875 0.7749192875 0.5535240171875 0.7983246671875001 0.554750640625 0.8252220687499999 0.5639834953125 0.8441132390625 0.576708371875 0.8701763046875 0.5272233390625 0.8820834312500001 0.5239357546875001 0.8872109515625001 0.5007348125 0.8869899265625 0.4303142359375 0.8802103203125 0.41040087812500003 0.8537217937499999 0.3933662296875 0.834830621875 0.3806413546875 0.8409803296874999 0.337935928125 0.8177793875000001 0.3328084078125 0.81101636875 0.3872165234375 0.7584647765625 0.4196669078125 0.763200009375 0.47858923124999997
494 0.8366705578125 0.34553328437499997 0.80977315625 0.33630042968749996 0.8145083906249999 0.395222753125 0.8342173109375001 0.39234404375 0.8366705578125 0.34553328437499997
1331 0.8611810625 0.698862790625 0.8544014546875 0.6789494328125001 0.8437209515624999 0.6588316375 0.8242164687500001 0.6578094515624999 0.8197022609375001 0.669307703125 0.7533870171875 0.66583226875 0.74517635 0.6732251875 0.7361479328125 0.6962216921875 0.7390266421875 0.7159306140624999 0.8402455171875 0.7251468812499999 0.8445552890625001 0.717549525 0.8611810625 0.698862790625