1156 0.0308911375 0.673946284375 0.0591573171875 0.8117565609374999 0.07929313125000001 0.8359716453124999 0.13314980468749998 0.8264752609375 0.1940219765625 0.8117753437499999 0.22751986249999998 0.7543041296874999 0.192897715625 0.7604089484375 0.2239053234375 0.711309859375 0.23454475156250001 0.68166826875 0.1712104765625 0.502443321875 0.090425465625 0.5166878984375 0.0112200546875 0.56238603125 0.0308911375 0.673946284375
517 0.22253930624999999 0.7710483781249999 0.2098649375 0.7891492515625 0.17931266875000001 0.8183355015625 0.11391527812499999 0.8298668265625 0.0555333859375 0.8361946187499999 0.0697779640625 0.9169796296875001 0.12250098437500001 0.9235491796874999 0.1433151109375 0.9516111687500001 0.25555367812499996 0.9357869921875 0.33974903749999996 0.8059122828125 0.327994740625 0.7167551484375 0.2132658953125 0.7409514484375 0.22253930624999999 0.7710483781249999
1331 0.321155275 1 0.32478858125 0.991009684375 0.310989953125 0.9577441625 0.27885808437500004 0.9554768578124999 0.210747440625 0.9516205609374999 0.156212453125 0.957270040625 0.1256601859375 0.9864562906250001 0.11148258281250001 1 0.321155275 1
423 1 0.7852063015625 0.9801378890624999 0.7485255921875 0.8722015671875001 0.7437586171875 0.8853312750000001 0.705744903125 0.9421335671875 0.6679635562499999 0.992598675 0.63923264375 0.987627509375 0.5885445625 0.9622881640625 0.55731398125 0.95482671875 0.5149980234375 0.9575587546875 0.395520984375 0.9503202843749999 0.376964771875 0.9084596656249999 0.3645133765625 0.8514343984374999 0.37853498124999996 0.7898839140625 0.3893879921875 0.7756205546875 0.44346763906250003 0.7753881890625001 0.4871402234375 0.7599911765625 0.55728580625 0.7267256546875001 0.5710844359375 0.6979853515625 0.58805165625 0.6896038375 0.6529937078125 0.6950303421874999 0.6837689499999999 0.7235382796875001 0.7104743124999999 0.8219688250000001 0.72881694375 0.829207296875 0.74737315625 0.738916509375 0.7751933890625 0.7303120203125 0.8163756953125001 0.749546546875 0.8129841296875 0.76471119375 0.7865111312499999 0.8416492999999999 0.7729448671875 0.82987621875 0.8186523921875001 0.8405062546875 0.85644313125 0.8706031843750001 0.8471697203125 0.85748286875 0.8177511046875001 0.8769497609375 0.7706869546874999 0.9244692499999999 0.77024100625 0.9624829640625 0.7833707140625 0.978771871875 0.8082641109375001 1 0.794373559375 1 0.7852063015625
1156 0.3927513828125 0.43164759999999996 0.335270778125 0.46558204375 0.31173400625 0.4895647625 0.3024512046875 0.5269001624999999 0.3271122359375 0.5542838390625 0.36060073125000003 0.5642449546875 0.41196712656249995 0.56312069375 0.4339149046875 0.5751167484375 0.463333521875 0.5619964328125 0.4599419546875 0.54276190625 0.48596900468750004 0.5104070640625 0.4445731171875 0.41061050000000004 0.3927513828125 0.43164759999999996
434 1 0.6866209828125001 0.996891528125 0.6860738203125 0.9661162859375001 0.6915003265624999 0.919498084375 0.719552925 0.8959613125000001 0.74353564375 0.881697953125 0.797615290625 0.8957195562500001 0.8546405578125 0.8825898484374999 0.8926542703125 0.896388478125 0.9259197921875 1 0.9121625109375 1 0.6866209828125001
627 0.4798547953125 0.5432172453125 0.378924578125 0.6006790671875 0.3300296796875 0.7282958640625 0.5628789359375 0.6991377875 0.6189653484375001 0.9272388515625 0.6343529703125 0.9245256 0.6578991328125 0.8331105515624999 0.6275980125 0.6837595578125 0.6642551 0.6891954546875 0.6814452953125001 0.741695503125 0.6929860109375 0.7396605640625 0.6470836875 0.5018307484375 0.49637606874999995 0.5244380578125 0.4798547953125 0.5432172453125
1281 0.33612510625 0.830350340625 0.3401949859375 0.853431771875 0.385224196875 0.8613579484375 0.46600920781250005 0.847113371875 0.5320849109375 0.8394289515625 0.5562999953125 0.8192931390625 0.573053634375 0.7568413671875 0.38319864843749996 0.782384903125 0.33612510625 0.830350340625
1267 0.35288813750000003 0.7004662390624999 0.3909018515625 0.713595946875 0.44928374375 0.7072681546874999 0.49476829375 0.695281490625 0.531657746875 0.657044803125 0.41670592656250005 0.657481359375 0.35288813750000003 0.7004662390624999
785 0.2031005890625 0.615815540625 0.22210275 0.656096559375 0.22888588125 0.6945656109375 0.2150778609375 0.7287324203125001 0.22865351562499997 0.7382381953125 0.26712256874999996 0.7314550640624999 0.3132854328125 0.72331530625 0.341347421875 0.7025011796875 0.3345642890625 0.6640321265625 0.35470949531249996 0.6208148812500001 0.30696703125 0.5975010843749999 0.26058119375 0.581881096875 0.2074028328125 0.5952243875 0.2031005890625 0.615815540625
1342 0.07960062968750001 0.252840425 0.13164533750000001 0.2555630703125 0.10654775000000001 0.1132275734375 0.053824728125 0.10665802499999999 0.07960062968750001 0.252840425
1342 0 0.22879813906250002 0.031858165625000004 0.229526628125 0.0067605765625 0.0871911328125 0 0.0859312921875 0 0.22879813906250002
1331 0.3687404890625 0.6104078171875 0.3413568125 0.63506885 0.3442930390625 0.674216215625 0.372578003125 0.677161834375 0.3988280265625 0.6685667359374999 0.435940453125 0.65408979375 0.4422776375 0.6450393562500001 0.44522325625 0.61675439375 0.4278006953125 0.6079269296875001 0.39951573125 0.6049813125 0.3687404890625 0.6104078171875
627 0.49341824062499995 1 0.60854889375 0.9806401875 0.6232582015625 0.9740800281249999 0.5796137921875 0.7715506750000001 0.336357471875 0.78667775625 0.27388691718749997 0.9047887765624999 0.24718155468749997 0.9332967125 0.161871325 0.9443726984374999 0.1134998953125 1 0.49341824062499995 1
1016 0.5092734109375 0.5300969296875 0.49071719687500004 0.5373354 0.4735176109375 0.5522676828125 0.44477730781249997 0.569234903125 0.43527153125 0.582810559375 0.4624228421875 0.6018221109375 0.48165736875 0.5984305453125 0.505194140625 0.5744478265625 0.531221190625 0.542092984375 0.5092734109375 0.5300969296875
1267 0.2695846734375 0.925379928125 0.25894524375 0.95502151875 0.3060093953125 0.9744884109375 0.3664262265625 0.9797013328125 0.4773081671875 0.9561833453125 0.47596093125000005 0.8810572062500001 0.2759218578125 0.9163294921875 0.2695846734375 0.925379928125
343 0.158313134375 0.49678445 0.1764140078125 0.50945881875 0.25312914062499997 0.472132809375 0.2149112359375 0.3003786984375 0.1148916984375 0.31801484062499996 0.158313134375 0.49678445
1201 0.5235273796875 0.5434496109375 0.5972968937500001 0.5344085656249999 0.6156301328125 0.5034103484375 0.54118230625 0.5086044890625 0.5235273796875 0.5434496109375
1267 0.21690860937499998 0.5816487312499999 0.2406683546875 0.5814257578124999 0.2522090703125 0.57939081875 0.257867940625 0.5664934765625 0.24023179843750003 0.4664739390625 0.1999507796875 0.48547609999999997 0.21690860937499998 0.5816487312499999
1267 0.0779928546875 0.4236838578125 0.127324309375 0.41101888124999997 0.11579298593750001 0.3456214921875 0.06261462500000001 0.35896478125 0.0779928546875 0.4236838578125
1267 0.027769503125 0.3413098546875 0.035007975000000004 0.35986606875 0.10357395625000002 0.34380952656249997 0.095657171875 0.32140640781249996 0.027769503125 0.3413098546875
1267 0.0693789734375 0.53229849375 0.100154215625 0.5268719875000001 0.05944603281250001 0.36349 0.0325176953125 0.3682381921875 0.0693789734375 0.53229849375
795 0.5588090578125 0.6760563562499999 0.3388571421875 0.710873303125 0.33138630625 0.7359896734375 0.337491125 0.770611821875 0.35174509375 0.783964503125 0.5608346046875 0.7550294015625 0.563324884375 0.746657278125 0.5565417515625 0.708188225 0.5588090578125 0.6760563562499999
1697 0.4830139953125 0.6061243562499999 0.5305334859374999 0.6056784078125 0.5563281703125 0.6169961500000001 0.5909503171875 0.6108913312500001 0.5972875015625 0.6018408953125001 0.5911826828125 0.567218746875 0.5762504015625 0.5500191609375 0.563353059375 0.5443602890625 0.5506786906250001 0.5624611625 0.523072040625 0.56336245 0.4922967984375 0.5687889562499999 0.4830139953125 0.6061243562499999
942 0.47384340625 0 0.3523037390625 0.022296040625 0.35705193281250003 0.0492243765625 0.3624784375 0.07999961875 0.36722662968750003 0.10692795625 0.357720853125 0.12050361093749999 0.37016285625 0.146075321875 0.3787579546875 0.1723253453125 0.3730990828125 0.18522268749999998 0.3694751515625 0.20966074687499997 0.39142293125 0.2216568015625 0.4133707109375 0.23365285624999999 0.42807062656249995 0.294525028125 0.9517296609375 0.182500975 0.919549815625 0 0.47384340625 0
1267 0.241588425 0.47416775 0.2685167609375 0.46941955625 0.2642239078125 0.42257837968749995 0.237295571875 0.4273265734375 0.241588425 0.47416775