1156 0.033998365625 0.6821068703125001 0.0646653625 0.8194028453125 0.0852207203125 0.843262821875 0.1389034578125 0.8328279562500001 0.199509809375 0.8170679125 0.23199958281250002 0.7590208328125 0.1974892515625 0.7657289609375 0.2276352390625 0.7160961921875 0.23775573125 0.6862734328125 0.1713031953125 0.5081811171874999 0.0907790890625 0.5238334171875 0.012383284375000001 0.570906915625 0.033998365625 0.6821068703125001
517 0.22731201093750003 0.775849453125 0.2149554765625 0.79416876875 0.18491723124999998 0.823883784375 0.1197310515625 0.8365546937499999 0.0614684859375 0.8439004265625 0.0771207859375 0.92442453125 0.12995043281250002 0.9300729375 0.15125113750000002 0.957767396875 0.26319644062499997 0.9399867953125 0.34511235 0.8086624546875001 0.3318038359375 0.719724040625 0.21751474843750002 0.7459189515625 0.22731201093750003 0.775849453125
1331 0.33107795625 1 0.3333845671875 0.9939927609374999 0.3190074765625 0.9609731265624999 0.28684093125 0.9592669453125 0.2186733609375 0.9565999296875001 0.16424527656250001 0.9632003156250001 0.1342070328125 0.9929153312500001 0.1270453 1 0.33107795625 1
423 1 0.7677504984375 0.9844021312500001 0.7401081796875 0.8763990546875 0.737225678125 0.8888633312499999 0.698988609375 0.944997596875 0.6602216796875 0.9949535953125 0.63061440625 0.9890985578124999 0.580020803125 0.9632180218749999 0.5492372109375 0.9550191984374999 0.5070579171875 0.9556656562500001 0.387551396875 0.9481044375 0.3691243375 0.9060328875 0.3574054078125 0.8492610171875 0.37242010468750003 0.7879093171875 0.38434566718749996 0.77459195 0.4386660078125 0.7751218109375 0.48233599531250004 0.7609513531250001 0.552739609375 0.7279317171875 0.5671166999999999 0.6994919109375 0.5845829250000001 0.6922450671875 0.6496613625000001 0.6982078484375001 0.6803372125 0.7271775171875 0.706540975 0.8259131937499999 0.7231629625 0.8334744140625 0.741590021875 0.7436829078125 0.7709818078125 0.735798459375 0.8123080109374999 0.754970865625 0.8085812718750001 0.7696711859375001 0.781847646875 0.846360809375 0.76694069375 0.835387228125 0.812846725 0.846675184375 0.8504461890625 0.8766056875 0.840648928125 0.8629739437499999 0.8114637734375 0.8816164875 0.7640670468749999 0.9291209578125 0.7627918375 0.9673580265625 0.7752561140625 0.9840789031250001 0.799861440625 1 0.7890420453125 1 0.7677504984375
1156 0.39157480312500004 0.4335297578125 0.334695190625 0.46846220625 0.31158056093750003 0.49285204531250004 0.3029507640625 0.5303437671875 0.3280859515625 0.557292878125 0.36174319062500004 0.566668021875 0.4130821421875 0.564647465625 0.43523593906249997 0.5762586515625 0.46442109218749994 0.5626269078125 0.4606943546875 0.5434545015625 0.4861527703125 0.510650353125 0.443021496875 0.411591446875 0.39157480312500004 0.4335297578125
434 1 0.6773858296874999 0.9693874359375 0.683336309375 0.92326591875 0.712198234375 0.9001512890625 0.7365880734375 0.886833921875 0.7909084156249999 0.9018486171875001 0.8476802859375001 0.8893843390624999 0.8859173546875001 0.9037614312500001 0.9189369890625001 1 0.9044452328125001 1 0.6773858296874999
627 0.48061210781249997 0.5435622453125 0.3807001109375 0.602776790625 0.33403987968750004 0.731227484375 0.56634479375 0.69801006875 0.6264035765625 0.9250975499999999 0.6417415015625 0.922116159375 0.6636886640624999 0.8303040968750001 0.630785625 0.681504678125 0.6675319984375 0.68629999375 0.685635828125 0.738492034375 0.697139271875 0.7362559921875 0.6470932375 0.49926350625 0.4968031234375 0.5244975828125 0.48061210781249997 0.5435622453125
1281 0.3419154734375 0.8331600375000001 0.346387559375 0.8561669249999999 0.39154824375 0.863306025 0.4720723484375 0.847653725 0.5380038765624999 0.8388172968750001 0.5618638546875 0.8182619390625 0.5775250078124999 0.7555272875 0.388144734375 0.784380359375 0.3419154734375 0.8331600375000001
1267 0.3564091609375 0.7030031640625001 0.3946462296875 0.715467440625 0.4529087953125 0.7081217078125001 0.49817722187499996 0.6953430546875 0.534393734375 0.6564683812500001 0.4194670421875 0.65891105625 0.3564091609375 0.7030031640625001
785 0.20516706718750002 0.620979509375 0.22486933437499998 0.660922759375 0.2323228109375 0.699267571875 0.2191131859375 0.733670159375 0.2328526734375 0.7429375609375 0.271197484375 0.735484084375 0.317211259375 0.7265399125 0.34490571875 0.70523920625 0.33745224218750003 0.6668943953124999 0.35684013281250004 0.62333215 0.308698059375 0.6008551234375 0.26204668125 0.5860470609374999 0.20910929218750002 0.600316409375 0.20516706718750002 0.620979509375
1342 0.075351128125 0.26021505 0.1274354265625 0.2620289734375 0.0998575640625 0.12015317031249999 0.047027918749999995 0.11450476406250001 0.075351128125 0.26021505
1331 0.3706873625 0.612681796875 0.3437382515625 0.6378169828125 0.347357246875 0.6769071421875 0.3756893109375 0.679358671875 0.40178533125 0.6703067578125 0.43863944843749997 0.65518431875 0.4448177140625 0.6460246609375 0.44726924375 0.617692596875 0.4296952765625 0.60917054375 0.4013632125 0.606719015625 0.3706873625 0.612681796875
627 0.5023534140625 1 0.6169206890625001 0.9786725437499999 0.6315132671875 0.9718566718750001 0.5843408796875 0.7701198640625 0.3413856125 0.78949005 0.28098589375 0.9086733421875 0.2547821296875 0.9376430093750001 0.16967819687500002 0.9502061765625 0.1278828796875 1 0.5023534140625 1
1016 0.5097972625 0.5299305015625 0.4913702046875 0.537491721875 0.474433840625 0.5527219031249999 0.44599403437499996 0.5701881281250001 0.436726634375 0.5839276140624999 0.46420560625 0.602462415625 0.48337801249999995 0.5987356765625 0.5064926421875 0.5743458375 0.531951059375 0.5415416890625 0.5097972625 0.5299305015625
1267 0.2770436703125 0.9293364437499999 0.266923178125 0.9591592015625 0.3143199046875 0.9778017468750001 0.3748185125 0.98195945625 0.4852731203125 0.9565098937500001 0.4826149578125 0.8814187078125 0.2832219375 0.9201767859375 0.2770436703125 0.9293364437499999
343 0.15830905625 0.5027481984375 0.176628371875 0.5151047328125 0.25268039062500003 0.47644554531249994 0.21147078437500003 0.3053845859375 0.11177427343749999 0.324763625 0.15830905625 0.5027481984375
1201 0.524282096875 0.543032384375 0.5978825859375 0.532705259375 0.615672040625 0.50139180625 0.541326203125 0.5078844484375 0.524282096875 0.543032384375
1267 0.21837669218750003 0.586576921875 0.2421289265625 0.5859393171875 0.25363237031249997 0.583703275 0.259065290625 0.5707091359375001 0.2396862515625 0.471012625 0.1997430015625 0.4907148921875 0.21837669218750003 0.586576921875
1267 0.076725228125 0.431060521875 0.1258281359375 0.41753652187499996 0.113157225 0.35235034062500004 0.0602198359375 0.36661968906250003 0.076725228125 0.431060521875
1267 0.0250719015625 0.3495755828125 0.0326331203125 0.3680026421875 0.100908434375 0.35075190312500004 0.09260186718749999 0.3284903640625 0.0250719015625 0.3495755828125
1267 0.0700082453125 0.539808946875 0.1006840953125 0.533846165625 0.057130703125 0.37119951875 0.030289334374999997 0.3764169515625 0.0700082453125 0.539808946875
795 0.5618727078125 0.6750031828124999 0.34256193281249997 0.7136535171875 0.335530575 0.738896446875 0.342238703125 0.7734067765625 0.3567235375 0.786508659375 0.5652762171875 0.7539288484375 0.5676200031249999 0.7455145390625 0.5601665265625 0.7071697265625 0.5618727078125 0.6750031828124999
1697 0.48486870781249997 0.6064046390625 0.5323731781250001 0.6051294296874999 0.5583614546875 0.61599526875 0.5928717859375 0.609287140625 0.599050053125 0.6001274828125001 0.5923419234375 0.5656171515625 0.5771117421875 0.5486807890625001 0.5641176031249999 0.5432478703125 0.5517610687500001 0.5615671843750001 0.524174353125 0.5629501375 0.4934985046875 0.5689129187499999 0.48486870781249997 0.6064046390625
942 0.4677639828125 0 0.3439891515625 0.0249464515625 0.34920658437499996 0.051787820312499996 0.355169365625 0.08246366875 0.3603867984375 0.10930503750000001 0.3511193984375 0.123044525 0.36400579375 0.148395196875 0.373057709375 0.1744912171875 0.3676247890625 0.18748535625 0.3644279125 0.21198293906250001 0.386581709375 0.22359412500000003 0.40873550625000005 0.23520531249999999 0.42449554999999994 0.29581166406250003 0.9461197390624999 0.1746655625 0.91216819375 0 0.4677639828125 0
1267 0.24117694687500002 0.4786815875 0.268018315625 0.4734641546875 0.262908625 0.42670503281250005 0.23606725625 0.43192246562500003 0.24117694687500002 0.4786815875