2001 0.6434705953125001 0.2933368796875 0.653439475 0.2553663765625 0.7588318734375 0.26414900937499997 0.7466104312499999 0.3413121609375 0.7774756921875 0.3462007375 0.792333146875 0.2773649734375 0.8024937515625 0.2631544875 0.8049380390625 0.24772185625 0.8126543546875 0.24894400156250002 0.8195678734375 0.23026428437500002 0.9353125999999999 0.2485964484375 0.983323778125 0.070318403125 0.639720803125 0.0158970390625 0.583573290625 0.271985253125 0.6434705953125001 0.2933368796875
2001 0.1599683796875 0 0.106923171875 0.3349142578125 0.13087491406250001 0.35848255 0.43444721875000003 0.4144735640625 0.527405903125 0 0.1599683796875 0
794 0.396847928125 0.052573650000000006 0.2540960984375 0.02996398125 0.23094715312499997 0.026297548437500002 0.220331303125 0.1432644203125 0.2333196453125 0.1611413390625 0.4250053796875 0.1994112609375 0.4502510625 0.0649868171875 0.396847928125 0.052573650000000006
1050 0.503738228125 0.326574634375 0.503929953125 0.3503346515625 0.524634609375 0.36943371406250003 0.543314325 0.37634723281250004 0.5626051140625 0.37940259374999996 0.5825069734375 0.378599796875 0.6003838921875 0.3656114546875 0.6072974109375 0.3469317390625 0.59430906875 0.3290548203125 0.5780736421875 0.306708671875 0.5864010296875 0.30407265781250004 0.5939256187499999 0.281534784375 0.5648935749999999 0.265071734375 0.5456027875 0.262016375 0.539492065625 0.30059795 0.513287759375 0.3162223046875 0.503738228125 0.326574634375
1437 0.64973714375 0.3536535328125 0.648706725 0.385129865625 0.6629172109375 0.39529046874999996 0.659250778125 0.41843941406249996 0.6791526375 0.4176366171875 0.677127696875 0.40545107187499996 0.7071901609375 0.39043778906250004 0.7264809484375 0.39349314999999996 0.7579572812500001 0.39452356875 0.7778591406250001 0.393720771875 0.7977610015625001 0.392917975 0.7987914203125001 0.3614416421875 0.7878280203125 0.35575026875 0.7523018046875001 0.33034875937499997 0.7665481890625 0.265371153125 0.662377934375 0.2488722046875 0.6560754875 0.2636937640625 0.6534035765625 0.3305045859375 0.64973714375 0.3536535328125
1016 0.4043488578125 0.50462505625 0.156204628125 0.47323275625 0.1657182625 0.5380186375 0.359848284375 0.5608559296875 0.3795584203125 0.5362931140625 0.4043488578125 0.50462505625
1156 0.22488456562499998 0.3891919828125 0.2468113671875 0.40057473125 0.29310925781249997 0.407907596875 0.3284437484375 0.40954908906250004 0.34570959375 0.4004189046875 0.34307358125 0.3920915171875 0.3822662296875 0.39434408125 0.41171762031250003 0.38318895468749997 0.4384130703125 0.1896700046875 0.20306545781250002 0.1523946046875 0.170678634375 0.35687695625 0.21575438125000002 0.3719261375 0.22488456562499998 0.3891919828125
436 0.332805284375 0.631716634375 0.3388801078125 0.6682732687499999 0.535035071875 0.7032961046875 0.5783134999999999 0.6547815484374999 0.593973753125 0.60584764375 0.619986334375 0.566463271875 0.6555484468749999 0.5167265703125 0.6681533390625 0.487083453125 0.66998655625 0.47550898124999996 0.651115115625 0.44483544531249997 0.6279661703125 0.44116901249999996 0.604817225 0.43750257968749995 0.5855264359375 0.43444721875000003 0.55080301875 0.4289475703125 0.5213516265625 0.4401026953125 0.48926422187499996 0.4429304328125 0.47260944687500006 0.44820245937500003 0.4636709875 0.45469663125000004 0.44579406875 0.46768497187499997 0.42467006406249996 0.47620408437500006 0.41450946093749996 0.49041457031249996 0.35354583906250003 0.5756774874999999 0.342163090625 0.5976042890625 0.332805284375 0.631716634375
1281 0 0.5619036015625001 0.0298440515625 0.5718674640625 0.0361464984375 0.5570459046875 0.050968056250000005 0.5633483515625 0.060517587500000004 0.5529960234375 0.0842776046875 0.5528042984375 0.0893579078125 0.5456990546875 0.12408132499999999 0.5511987046875 0.1381000859375 0.537599290625 0.150896703125 0.5317161921875 0.148260690625 0.5233888046875 0.1655265375 0.5142586203125 0.158840640625 0.48156014375 0.13630276875 0.47403555312499995 0.0822885625 0.4654805421875 0.0719362328125 0.4559310109375 0.0609728328125 0.4502396375 0.067275278125 0.4354180796875 0.0043945046875 0.4329033390625 0 0.4606491484375 0 0.5619036015625001
1281 0.919130459375 1 0.928076003125 0.9435200578125 0.8951858015624999 0.9264459359374999 0.8980135390624999 0.958533340625 0.8775006062499999 0.9631942953125 0.83994945 0.9256072421875 0.8174115765625001 0.9180826515625 0.795065428125 0.934318078125 0.7615641546874999 0.9211021140625 0.7264572874999999 0.8680824296875 0.700672328125 0.856088609375 0.6862342203125 0.8973061984375 0.612929225 0.885695828125 0.611096009375 0.8972703015624999 0.591805221875 0.894214940625 0.5828667624999999 0.9007091109375001 0.57858925625 0.9277162140625 0.5909665265624999 0.949451290625 0.6167514859375001 0.9614451109375001 0.6476167453125 0.9663336875 0.6394810828125 0.99272971875 0.6428235124999999 1 0.919130459375 1
285 0.7098261734375 0.3987651765625 0.6931714 0.404037203125 0.6990544984375 0.4168338203125 0.6844246640625 0.43429139218749996 0.6903077640624999 0.447088009375 0.7404638125 0.455031946875 0.825343278125 0.4684755328125 0.894790115625 0.47947483125 0.9725643390625001 0.4878381171875 0.9666812406249999 0.4750415 0.9516679578125 0.4449790359375 0.9264940703125 0.42912705781250005 0.9116725125 0.42282461250000003 0.886498625 0.40697263437500003 0.8601025953124999 0.398836971875 0.8330954921875 0.3945594671875 0.8099465468749999 0.390893034375 0.7867976 0.3872266015625 0.7431357234375 0.38822112343750004 0.7098261734375 0.3987651765625
278 0.8106775468749999 0.561071315625 0.7946338453124999 0.5624851843750001 0.7909674124999999 0.5856341296875 0.7994865250000001 0.6067581343749999 0.9158423234375 0.621232140625 0.9219530453125 0.5826505640625 0.92623055 0.5556434609374999 0.9814669 0.55648215625 0.9908247078124999 0.522369809375 0.9926579234374999 0.5107953375000001 0.777212171875 0.47271714062500003 0.763385134375 0.510076571875 0.835467984375 0.5294032578125 0.8395178671875 0.5537743468749999 0.8106775468749999 0.561071315625
1564 0.14607992187500002 0.41230503125 0.3775693765625 0.44896935937500004 0.362520196875 0.49404510625000003 0.40171284375000005 0.49629766875000003 0.41148999843749995 0.4345671484375 0.3668335984375 0.3918997921875 0.1564681484375 0.34671635312500004 0.1211336578125 0.3450748609375 0.118078296875 0.3643656484375 0.093671309375 0.4435537421875 0.113153821875 0.47036912031250006 0.131030740625 0.457380778125 0.14607992187500002 0.41230503125
1564 0.9928496484375 0.5345553546875 0.9989603703125001 0.4959737796875 0.7654459734375 0.44712390625 0.7830952703125 0.48551375781250006 0.9928496484375 0.5345553546875
362 0.0729596578125 0 0.051986239062499995 0.13242094843750002 0.129149390625 0.1446423921875 0.1492692671875 0 0.0729596578125 0
517 0.7904999312500001 0.2889394453125 0.7799199796875 0.33076810624999997 0.8065077359374999 0.3626637875 0.791877903125 0.3801213578125 0.822132090625 0.38886809375000003 0.8452810359375 0.3925345265625 0.8761462968749999 0.397423103125 0.9064004859375 0.40616983749999996 0.9261465187500001 0.3064688125 0.9164052625 0.2930611234375 0.9162135375 0.26930110625000003 0.9044473406250001 0.243707871875 0.8272841874999999 0.23148642968750002 0.8222038859374999 0.238591671875 0.8051297640625 0.2714818734375 0.7904999312500001 0.2889394453125
268 0.8687057390625 0.669135625 0.7606773265625 0.65202560625 0.7693881625000001 0.696909628125 0.8780276468749999 0.7101614890625 0.8798608640625 0.6985870171874999 0.8687057390625 0.669135625
316 0.6703341078125 0.5981672265625 0.673808815625 0.5512582640625 0.635227240625 0.5451475421875001 0.6073814421875 0.5961063875 0.6441298015625 0.61379158125 0.6703341078125 0.5981672265625
627 0 0.5919763875 0.0990991640625 0.5591067437499999 0.6140673375000001 0.6288048640625 0.6274391296874999 0.6942018187500001 0.8995351015624999 0.7491624125 0.9535493078125 0.757717421875 0.9975465015625 0.47993007656250003 0.9362353265625 0.442534746875 0.622921765625 0.3731360453125 0.606650440625 0.42592810625000005 0.5668467203125 0.4275337 0.5020608390625 0.437047334375 0.43402787187499997 0.4420917390625 0.3920074859375 0.40775177031250004 0.1469186171875 0.35706868125 0.11624508124999999 0.375940121875 0.10505405781249999 0.42162694062500006 0.011537965625 0.38780130156250003 0.0089056546875 0.4044210578125 0.0100139875 0.42239383906250005 0.0043226140625 0.43335724062500003 0 0.46064915156249997 0 0.5919763875