2001 0.20515719531249998 0.2034385359375 0.2104163609375 0.222649721875 0.21820983124999999 0.22210475000000002 0.219299775 0.2376916875 0.22818318906249999 0.252733653125 0.23698467656250002 0.322602390625 0.26815855312500003 0.3204225 0.26270882812499996 0.24248780937499997 0.368465634375 0.24292414999999998 0.37508723125 0.281619009375 0.43661752500000006 0.26556902656250003 0.4030032296875 0.0055617265625 0.055964632812500005 0.029829028125 0.088255159375 0.211613121875 0.20515719531249998 0.2034385359375
2001 0.516341446875 0 0.572757453125 0.42051231875 0.8800545124999999 0.3911924375 0.9059692234375 0.3698013609375 0.8801101921875001 0 0.516341446875 0
794 0.8093149093750001 0.0515496296875 0.7859345015625 0.053184546875 0.6417553218750001 0.0632665375 0.5874735249999999 0.0709780796875 0.6009072765625 0.207091303125 0.7951990328125 0.18567352343750002 0.8096960265625001 0.1689966390625 0.8093149093750001 0.0515496296875
1050 0.42547229375000006 0.274179953125 0.4310039453125 0.297287875 0.4390699015625 0.3006396375 0.42094865937500003 0.321485740625 0.406451665625 0.33816262343750003 0.41171083125 0.3573738109375 0.428387715625 0.3718708046875 0.44814387499999997 0.3744051078125 0.467627546875 0.3730426765625 0.486838734375 0.3677835109375 0.509129196875 0.3505616546875 0.5113910140625 0.3269087609375 0.5027800859375 0.3157635296875 0.47803724687500004 0.297914775 0.475312384375 0.2589474296875 0.45582871249999996 0.26030986093749997 0.42547229375000006 0.274179953125
1437 0.263444359375 0.3090047828125 0.22583944531250003 0.33121331718749997 0.214421728125 0.3359275109375 0.2127048828125 0.3673738734375 0.23246104218750002 0.36990817656249997 0.2522172015625 0.37244248125 0.2836635640625 0.37415932500000004 0.3031472359375 0.37279689375 0.331786809375 0.3903731640625 0.328707534375 0.40233585312500003 0.3484636921875 0.40487015625 0.346828775 0.38148974999999996 0.361870740625 0.3726063359375 0.3635875859375 0.34115997187499997 0.36195266875 0.317779565625 0.365113871875 0.2509901046875 0.3601271921875 0.235675653125 0.254915359375 0.24303278125 0.263444359375 0.3090047828125
1016 0.5948840609375 0.512944003125 0.616820109375 0.5466521828124999 0.6343144515625 0.57283938125 0.829696153125 0.5670085390625 0.8448200453125001 0.5032983546875001 0.5948840609375 0.512944003125
1156 0.5981271921875 0.39132777343749997 0.626494278125 0.4050073078125 0.6657341109375 0.4061791796875 0.6623823484375 0.4142451359375 0.6787867453125 0.42484539374999997 0.7141298421875 0.426289753125 0.7608906578125 0.42301991875 0.7837260921875 0.41359153125 0.7943263515625001 0.39718713437500003 0.8405421937499999 0.38612383125 0.8261004234374999 0.17959689843749999 0.588399615625 0.1962185578125 0.5981271921875 0.39132777343749997
436 0.5568161015624999 0.47253229843750005 0.54013921875 0.45803530625000005 0.5318007765625 0.450786809375 0.515668865625 0.444083284375 0.48395001718749997 0.43846970625 0.4555829296875 0.4247901703125 0.42051231875 0.42724254687499996 0.40102864531250004 0.428604978125 0.3776482390625 0.43023989531250006 0.35426783125 0.4318748125 0.3327948265625 0.460786871875 0.33361228593750003 0.472477075 0.3435856453125 0.5031059796874999 0.37467759375 0.5557528609375 0.397158615625 0.597254509375 0.4084944046875 0.6473670859375 0.4473798234375 0.6994689937499999 0.6458408 0.6816754625 0.655078628125 0.6457873921874999 0.6487295171875 0.6109892671875 0.63930113125 0.5881538328125 0.586000646875 0.4979020375 0.5771172328125 0.48286007187499996 0.5568161015624999 0.47253229843750005
1281 1 0.4825396140625 0.9995674265625001 0.4763535265625 0.9367067578125001 0.47337827656250003 0.9416934375 0.4886927296875 0.9302757203124999 0.493406921875 0.9191304890625001 0.50201785 0.8645762046875 0.5058326578125001 0.8414682843750001 0.511364309375 0.8319579703125 0.5433556453125 0.8483623671875 0.553955903125 0.8450106046875 0.5620218593749999 0.85724578125 0.56899786875 0.8700259296875 0.5837673484375 0.905096540625 0.5813149734375 0.909538246875 0.58883595625 0.9331911406250001 0.5910977734375 0.94180206875 0.6022430046875 0.957116521875 0.597256325 0.9621031999999999 0.6125707765625 1 0.6034989140625 1 0.4825396140625
1281 0.30595999687500003 1 0.318105459375 0.9786981562499999 0.31230132187500004 0.9516935 0.3434751984375 0.9495136109375 0.3702073671875 0.9398127374999999 0.384431875 0.9192391203125 0.38252447031250003 0.8919619781250001 0.37418602968750003 0.88471348125 0.35470235625 0.8860759125 0.3538848984375 0.874385709375 0.27984694062500004 0.879562946875 0.2690561234375 0.8372438390625 0.24232395312500002 0.8469447125 0.20272970781250002 0.8967028750000001 0.1682040703125 0.9069487203125 0.147357965625 0.8888274796875001 0.12425004375 0.8943591312500001 0.083565853125 0.9285303562499999 0.0635372078125 0.92209931875 0.0691507875 0.8903804687499999 0.0348976359375 0.9045230484375001 0.041574034375 1 0.30595999687500003 1
285 0.15008464375 0.36783691875 0.1230799875 0.37364105625 0.0966203046875 0.38723866406249996 0.0813058515625 0.39222534375 0.05484616875 0.40582295156250003 0.0372699 0.4344625234375 0.030293889062500003 0.4466977 0.10850106718750001 0.44514471093749997 0.1786422890625 0.4402399578125 0.26437045000000003 0.4342452609375 0.3150279984375 0.430702940625 0.322004009375 0.41846776406249997 0.30895137500000003 0.39980155 0.315927384375 0.3875663734375 0.299795475 0.38086285000000003 0.267531653125 0.3674558015625 0.2241226 0.36265968125 0.20074219218749997 0.3642945984375 0.17736178593750002 0.365929515625 0.15008464375 0.36783691875
278 0.0082759125 0.46781629062499996 0.009093371875 0.47950649375000004 0.01544248125 0.51430461875 0.0705417390625 0.51828328125 0.07244914218750001 0.5455604234375 0.07517400468749999 0.58452776875 0.192348528125 0.5802499171875 0.20267629999999998 0.5599487843750001 0.2010413828125 0.5365683781249999 0.1851819578125 0.5337615875 0.1570873578125 0.5239787875 0.163245909375 0.5000534078125 0.23673889374999998 0.48708270000000004 0.2262205625 0.4486603265625 0.0082759125 0.46781629062499996
1564 0.89092725625 0.37868477500000003 0.855584159375 0.3772404171875 0.6420812171875 0.4039173625 0.59387604375 0.4425302953125 0.5982358234375 0.5048780484375001 0.6374756546875 0.5060499203125 0.6264123515625 0.459834078125 0.860216425 0.44348490468749996 0.8712797296874999 0.489700746875 0.8879566125 0.504197740625 0.909702103125 0.47918241562499997 0.8922896874999999 0.3981684484375 0.89092725625 0.37868477500000003
1564 0.21924455156249997 0.460895503125 0.2401725828125 0.424189975 0.0032892328125 0.4525018390625 0.0060140953125 0.491469184375 0.21924455156249997 0.460895503125
362 0.8913182265625 0 0.9004108671875001 0.17831639531250001 0.9783455578125 0.1728666703125 0.9662575421874999 0 0.8913182265625 0
517 0.10547701406250001 0.233903584375 0.103215196875 0.25755647812500004 0.09234245156250001 0.270064140625 0.103323828125 0.37110675312499997 0.13422521874999999 0.3650301296875 0.16539909531250002 0.3628502390625 0.188779503125 0.361215321875 0.21968089375000002 0.355138696875 0.2066282578125 0.3364724828125 0.23589473125 0.3070154515625 0.2290006484375 0.2644238578125 0.2159480140625 0.24575764375000003 0.20180543437499998 0.211504490625 0.1973637265625 0.2039835078125 0.11942903593750001 0.2094332328125 0.10547701406250001 0.233903584375
268 0.11795615781249999 0.636357190625 0.104276621875 0.664724278125 0.10509408125 0.6764144812499999 0.21447513593749998 0.6726816015625 0.22706472500000002 0.6287275765625 0.11795615781249999 0.636357190625
316 0.32175822656249997 0.582948075 0.346501065625 0.6007968296875 0.38465095312500003 0.5863817640625 0.3613524734375 0.5331899109375 0.3223851265625 0.5359147734375 0.32175822656249997 0.582948075
627 1 0.48253960781250005 0.9995994843749999 0.47681196718749996 0.994885290625 0.46539425 0.9975558375 0.4475864578125 0.99638205 0.43080052343749997 0.9002737156249999 0.45634698125 0.893107146875 0.40985865156249995 0.8641950875 0.3883856484375 0.6156215328125 0.4175149703125 0.570768121875 0.44806194687499995 0.5034336890625 0.43710727499999996 0.4397235046875 0.42198338125 0.40021118749999995 0.41691477499999996 0.3886029109375 0.3629054625 0.07043310781249999 0.40473300625 0.0060960234375 0.4366424140625 0.02571503125 0.717207303125 0.080269315625 0.7133924953124999 0.3561200109375 0.6823557703125 0.3751406390625 0.6183731 0.8942237953125 0.5938226359375001 1 0.6394862625 1 0.48253960781250005