1156 0.250187940625 0.7137813265624999 0.26862047499999997 0.5113435765625 0.1390731375 0.52020073125 0.13294001718749998 0.63722763125 0.13563087812500002 0.7351589203125 0.250187940625 0.7137813265624999
1016 0.2190139421875 0.860788775 0.265415828125 0.871043815625 0.3274212984375 0.88211660625 0.3791551421875 0.8652698078125001 0.423291628125 0.8441132390625 0.44093958750000006 0.805922021875 0.402339496875 0.79607585625 0.34813581875 0.785411940625 0.30050730937500003 0.798562278125 0.22845123437499998 0.8299904765624999 0.2190139421875 0.860788775
1170 0.2882078953125 0.8839731296875 0.257000721875 0.8823376312500001 0.2485856171875 0.8936314453125 0.27527858125 0.9067651968750001 0.3099777765625 0.9164069265625001 0.3259902375 0.9094228828125 0.322907090625 0.893614859375 0.31161327499999997 0.885199753125 0.2882078953125 0.8839731296875
1373 0 0.9291803562500001 0.0034590296875000003 0.9433706781250001 0.0223502 0.9560955546875001 0.0533529359375 0.9616319499999999 0.0935885265625 0.9402709421875001 0.10282138125 0.9133735406250001 0.10876665156250001 0.8745690125 0.1110154609375 0.8316591499999999 0.10464472968750001 0.8039439984375001 0.0980695609375 0.78012974375 0.091494390625 0.7563154890625 0.040578296874999996 0.7575587015624999 0.012454271875 0.7717312265625 0 0.7910973625 0 0.9291803562500001
627 0 0.966468846875 0.3379139515625 0.9804567703125 0.4442437609375 0.8921506234375001 0.4793518296875 0.8939905593749999 0.47834623125000003 0.9878165156250001 0.5483579328125 0.9953972828125 0.560419734375 0.7652443828125 0.2918711796875 0.7394355171875 0 0.91026955625 0 0.966468846875
570 0.28962236875 0.7823453796875001 0.3245260015625 0.7880862125 0.34053846249999997 0.78110216875 0.3392952515625 0.730186075 0.30398274375 0.7322470359375 0.2836605125 0.7468284359374999 0.28962236875 0.7823453796875001
254 0.447161034375 0.164743915625 0.0244331375 0.1699709609375 0.0002929453125 0.5559552875 0.4250818015625 0.58604075 0.447161034375 0.164743915625
423 0.8671922015625 1 0.878486496875 0.965759259375 0.8992176031250001 0.9433760671875 0.9053673109375 0.900670640625 0.907002809375 0.86946346875 0.9308004765625 0.788566825 0.9494706234375 0.730871125 0.9313972015624999 0.7025426625 0.893001546875 0.6887956 0.864264209375 0.7146708140625 0.8427153531249999 0.75265759375 0.80885049375 0.8017337515625 0.7776433218750001 0.8000982531249999 0.7230307687499999 0.7972361296875 0.6838173656250001 0.799092653125 0.6823863046875001 0.8263989296875 0.7252961671875 0.828647740625 0.7181242734375 0.8908576500000001 0.6756232843750001 0.8808070453125 0.6314867984375 0.9019636140625 0.6142477125 0.9323530375000001 0.60809800625 0.9750584640625 0.627306471875 1 0.8671922015625 1
1413 0.9197994234375001 0.252099615625 0.7007359015625 0.252353815625 0.68007114375 0.5720229 0.91042848125 0.58018380625 0.9197994234375001 0.252099615625
1413 0.9707853906249999 0.02398664375 0.8050820859375 0.015302501562500001 0.6390895421875 0.0105148125 0.6329730109375 0.2018631828125 0.957769615625 0.19932699843749999 0.9707853906249999 0.02398664375
1413 0.221098253125 0 0.214947171875 0.11736960625 0.4851312265625 0.1119712984375 0.49474857187500004 0 0.221098253125 0
268 0.43969637656250005 0.7550059296875 0.438265315625 0.7823122046875 0.53578773125 0.7874231390624999 0.5415285640625 0.75251950625 0.43969637656250005 0.7550059296875
570 0.430872396875 0.7741015375 0.431690146875 0.7584979515625 0.42080520625 0.7422810531249999 0.3895980328125 0.740645553125 0.37666871875 0.763437621875 0.395355453125 0.7800633953125 0.430872396875 0.7741015375
316 0.1982994234375 0.957493440625 0.22621901093750002 0.9472218124999999 0.2276500734375 0.9199155359375 0.2128642359375 0.9034941999999999 0.177960603125 0.8977533671875 0.14654899375 0.900018765625 0.1180160921875 0.9219930843749999 0.12007705312500001 0.957305590625 0.1465655796875 0.9743402390625 0.1982994234375 0.957493440625
1413 0.6022576484375 0.5640332578125 0.6028543734375 0.47800909375 0.489523934375 0.47598130781250003 0.48523075000000004 0.5579001375 0.6022576484375 0.5640332578125
1413 0.47724110625 0.6357136328124999 0.430430346875 0.633260384375 0.423258453125 0.6954702937499999 0.473970109375 0.6981279781249999 0.47724110625 0.6357136328124999
1373 1 0.0255177171875 0.9927152140625 0.0251359375 0.9856560296874999 0.0404124234375 0.9883303031249999 0.064022240625 0.9916178875 0.07592936875 0.9678036328124999 0.0825045375 0.944193815625 0.085178809375 0.958775215625 0.1055010421875 0.9575485921875 0.128906421875 0.9413316937499999 0.1397913625 0.8976040812500001 0.15314613906250002 0.89658189375 0.172650621875 0.903770375 0.1847621859375 0.9054224609375 0.22787648593749998 0.9251313828125 0.22499777656250003 0.9489456359374999 0.2184226078125 0.9680412453124999 0.22724658749999999 0.9358118859375001 0.245115571875 0.9027647765625 0.2785881421875 0.9048257375000001 0.31390065 0.9243302203124999 0.3149228359375 0.923103596875 0.338328215625 0.92516455625 0.373640721875 0.9315352890625 0.40135587343749995 0.94754775 0.3943718296875 0.9639690859375 0.3795859921875 0.98265581875 0.396211765625 1 0.4078946078125 1 0.0255177171875
1373 1 0.42028349374999996 0.9951928453125 0.45554296406250006 0.9742573015625 0.4818270546875 0.9375137328125 0.511194290625 0.89748258125 0.5286544015625 0.8804479328125 0.555142928125 0.8794257468750001 0.5746474109374999 0.8950293328125 0.5754651609375 0.9174125249999999 0.5961962671875 0.9340382984375 0.5775095328125001 0.9576481156250001 0.5748352609375 0.9724339531249999 0.591256596875 0.9475975125 0.6173362484375 0.9305628640625001 0.6438247765625 0.929540678125 0.663329259375 0.9617700375 0.645460275 0.9646487468749999 0.6651691953125 0.9628088109374999 0.7002772640625 0.9603555625 0.7470880234374999 0.987252965625 0.756320878125 1 0.5130929671875 1 0.42028349374999996
1658 0.26867023749999996 0.7343079968749999 0.2842738234375 0.7351257453125 0.31239785000000003 0.7209532203125 0.3074581796875 0.66593179375 0.2604429828125 0.6673794421875 0.2592163578125 0.690784821875 0.26867023749999996 0.7343079968749999
1039 0.12229268906249999 0.76575278125 0.10546247812500001 0.7883404125 0.0966384984375 0.8074360203125 0.099517209375 0.827144940625 0.098290584375 0.8505503203125 0.128475571875 0.8716903031250001 0.1758996421875 0.8624408609374999 0.170551096875 0.8152212265625 0.127641234375 0.8129724156249999 0.1485767796875 0.7866883265625 0.12229268906249999 0.76575278125
1171 0.2598794328125 0.9020465515625 0.26049274375000003 0.8903438609375 0.2452980328125 0.8817243187500001 0.222097090625 0.8765967984374999 0.2013659828125 0.8989799906249999 0.2243624875 0.9080084078124999 0.23093765781250003 0.9318226624999999 0.33646630312500003 0.933441575 0.337284053125 0.9178379874999999 0.3255813625 0.9172246749999999 0.29047329375 0.9153847390625 0.2598794328125 0.9020465515625
517 0.3494122046875 0.9849709796875 0.4510399546875 0.986385453125 0.45594645 0.892763934375 0.43274550781250004 0.8876364140625 0.4245348390625 0.8950293328125 0.3500255171875 0.9732682890625 0.3494122046875 0.9849709796875
1373 0.9744822828125 1 0.9815798296875 0.864570759375 0.96880384375 0.8844371546875 0.9517691953125 0.9109256828125 0.9460283625000001 0.9458293140625 0.9445973015625 0.973135590625 0.920783046875 0.9797107593750001 0.9012785640625 0.9786885734374999 0.9028155390625001 1 0.9744822828125 1
1413 0.032648303125 0 0.022372176562500002 0.134658453125 0.092588315625 0.138338325 0.10322602343750001 0 0.032648303125 0
1201 0.3104032390625 0.9829266062500001 0.322719240625 0.971837228125 0.31553075937499997 0.9597256640625 0.2414137234375 0.9558413546875 0.21800834375 0.9546147312500001 0.1660700640625 0.9753624249999999 0.3104032390625 0.9829266062500001
1855 0.1797673640625 0.7140023515625 0.163959340625 0.7170854984374999 0.1592406953125 0.7324846484374999 0.1545220484375 0.747883796875 0.16889901093749998 0.7721069265625 0.1840937234375 0.78072646875 0.2602551328125 0.7456018125 0.25696754843749997 0.733694684375 0.265587090625 0.7184999734375 0.23868968906250002 0.7092671187499999 0.215284309375 0.70804049375 0.207073640625 0.7154334125 0.1990674109375 0.718925434375 0.1797673640625 0.7140023515625
351 0.9756000374999999 0.9786719859374999 0.9868952 0.7631474484375 0.9759591500000001 0.7479057734375 0.9445475390625001 0.750171171875 0.9371877953125001 0.8906034500000001 0.9756000374999999 0.9786719859374999