1156 0.644353771875 1 0.6524484687500001 0.8191888703125001 0.5330309140625 0.74992361875 0.42830395625 0.7368400265624999 0.33933658125 0.6780811625000001 0.24205194218749998 0.669569859375 0.22040941875 0.961764228125 0.5115824296875 0.9950809078124999 0.5965000218750001 1 0.644353771875 1
1437 0 0.86013630625 0.087469034375 0.8677888546875 0.09812183437500001 0.8804843671875 0.1854345765625 0.8685173875000001 0.1996383109375 0.8854447375 0.21452294843750003 0.8945893171874999 0.2345619953125 0.7551803421875001 0.1941399203125 0.7241956703125 0.10852943749999999 0.7167057234375 0.047775490625 0.738838640625 0.0387773234375 0.7968689703125 0.0526406046875 0.8176877078125001 0 0.8320143718749999 0 0.86013630625
1331 0.21958210312499998 0.9264013062500001 0.19895740625 0.8932275078125 0.1889855109375 0.872749225 0.169869034375 0.867155578125 0.0825562921875 0.879122559375 0.045491109375 0.899406803125 0.026521046875 0.9369588500000001 0.0481670984375 0.9584584906250001 0.2158371296875 0.969206546875 0.21958210312499998 0.9264013062500001
436 0.8589391109375001 1 0.8604929484375001 0.95110436875 0.8579633718749999 0.935198375 0.8243027093749999 0.9165687640625 0.7569813875 0.879309540625 0.6659712984375 0.8438989906250001 0.65288770625 0.9486259484374999 0.6592819078125001 1 0.8589391109375001 1
423 0.780523740625 0.8343151750000001 0.767487775 0.8488593609375 0.729935728125 0.829889296875 0.6747754265625 0.8329057390625 0.7080956359374999 0.8554267359375001 0.7867506625 0.8975987 0.8352959625 0.925372890625 0.8561146984375 0.9115096093749999 0.871533828125 0.869725725 0.8889956703124999 0.8045935265624999 0.8920597406249999 0.7695710578125 0.8856387781249999 0.7533246109375 0.825565734375 0.76767475625 0.7820795890625 0.7717125546875 0.7702113921875 0.8177282765625 0.780523740625 0.8343151750000001
1437 0.6948144734375 0.6934967640624999 0.7383006187500001 0.689458965625 0.785337696875 0.68965300625 0.7858721890625 0.6387245421875 0.7356246296875 0.6304072781250001 0.6571160140625001 0.6313810078125 0.6526901374999999 0.68196901875 0.6948144734375 0.6934967640624999
1156 0.512940709375 0.6658213578125001 0.48823058750000004 0.6793441875 0.5102170921875 0.6969524421875 0.55691371875 0.7010378671875 0.5961680265625 0.700551003125 0.5790942640625001 0.67160904375 0.6102253484375 0.6743326609375 0.6145048140625 0.5805989546875 0.6094456593750001 0.5487869671875 0.5916909921875 0.5276277781250001 0.4707175890625 0.5209651484375 0.45948266875000005 0.649380871875 0.5026283609375 0.649234459375 0.512940709375 0.6658213578125001
477 0.61007540625 0.317492959375 0.6166904093750001 0.2867023265625 0.6031675796875 0.26199220625 0.5798192671875 0.25994949218749996 0.5590005312499999 0.273812775 0.5523855281250001 0.30460340625 0.5623574234375 0.325081690625 0.58891621875 0.3352476265625 0.61007540625 0.317492959375
436 0.36628345625000003 0.5941729421875 0.3657489640625 0.64510140625 0.41244559062499997 0.64918683125 0.4481489640625 0.6444681296875 0.4437707140625 0.6048733703125 0.42567559531250004 0.5876055671875 0.390653125 0.5845414984375 0.36628345625000003 0.5941729421875
1373 0 0.7386161046875 0.0042893453125 0.7428764375 0.0269567546875 0.752701921875 0.067913321875 0.7327581296875 0.11884178593750001 0.733292621875 0.15911745 0.7211316 0.17502344375 0.7186020234375 0.1543987484375 0.6854282265625 0.12039763437499999 0.6706900015625 0.11363622031250001 0.658334940625 0.094860196875 0.6488499078125 0.0630482078125 0.6539090625 0.0535631765625 0.6726850859375 0.0214107359375 0.681635625 0 0.6933528375 0 0.7386161046875
284 0 0.6707049515625 0.0110983875 0.6650487265625 0.044272184375 0.64442403125 0.088439234375 0.6326034625 0.129882665625 0.651913978125 0.1692833859375 0.69457280625 0.2024571828125 0.673948109375 0.2009489625 0.646367959375 0.2422459828125 0.62253278125 0.28320255 0.6025889890625 0.299595409375 0.6393137203125 0.35441525937499996 0.6401886640625001 0.3610302609375 0.60939803125 0.3782980640625 0.5913029125 0.39658722343749997 0.5615336359375 0.4190570625 0.304702190625 0.0199466140625 0.2501786953125 0 0.478169534375 0 0.6707049515625
1053 0.21889766875 0.62049006875 0.184702515625 0.652788921875 0.2092185984375 0.6863031703125 0.23509648749999998 0.704251878125 0.2537261 0.670591215625 0.28096579843749997 0.67297438125 0.3088864015625 0.6675747750000001 0.3012976703125 0.6198567921875 0.27152839375000004 0.6015676328125 0.2549414953125 0.61187998125 0.21889766875 0.62049006875
1413 1 0.35591312343750003 0.8032828750000001 0.3500811078125 0.786747134375 0.5839046921875 0.9877373734375 0.61717374375 1 0.4479609203125 1 0.35591312343750003
410 0.5869687609375001 0.178230396875 0.55024403125 0.1946232546875 0.6837189078125 0.2376701640625 0.7172331562500001 0.21315408125 0.5869687609375001 0.178230396875
1331 0.37742312031249997 0.6461227625 0.3569448359375 0.6560946578125 0.371489021875 0.6691306234375001 0.39838826875 0.6754051734375001 0.417845196875 0.677107434375 0.4457657984375 0.671707828125 0.44746805937499995 0.6522509000000001 0.42869203593750005 0.64276586875 0.3975609515625 0.6400422515625 0.37742312031249997 0.6461227625
627 0.539792328125 0.7622786796875001 0.6301215124999999 0.805472 0.6942323546875 0.834608 0.77259455625 0.790488578125 0.79764513125 0.7730743625 0.8534863359375 0.76227515 0.8525126078125 0.6837665359375 0.7987141140625 0.671217434375 0.7413646875000001 0.654436496875 0.33072649374999996 0.6420373374999999 0.31058866093750004 0.648117846875 0.4017451625 0.726674090625 0.44742043281250005 0.742433671875 0.49800844375000003 0.74685955 0.539792328125 0.7622786796875001
1373 0.3723604375 0.300616765625 0.39351962500000004 0.2828620984375 0.3955623375 0.25951378593749996 0.37746721875 0.2422459828125 0.353778453125 0.24409465468749997 0.3414233921875 0.2508560703125 0.33548929375 0.27386393125 0.34191025625 0.29011037812499996 0.3723604375 0.300616765625
278 0.382965609375 0.40349504999999997 0.19262817031249999 0.38292151093750004 0.1875213875 0.44129229375 0.390554340625 0.4512130328125 0.382965609375 0.40349504999999997
278 0.311946940625 0.318858296875 0.1955458265625 0.3047533484375 0.1858667546875 0.37056645 0.3103910921875 0.38146091718749997 0.311946940625 0.318858296875
278 0.34249590625000004 0.46269315000000005 0.186840484375 0.44907506562500005 0.1817337015625 0.5074458484375 0.34196141406249997 0.5136216140625 0.34249590625000004 0.46269315000000005
278 0.3600565328125 0.5308894171875 0.1807123453125 0.5191200046875 0.17526511250000001 0.5813821734375 0.3517392703125 0.5811369765625 0.3600565328125 0.5308894171875
278 0.1255008875 0.29862520937500003 0.01688254375 0.28520116562500003 0.0111183375 0.351086346875 0.1207345578125 0.3531046078125 0.1255008875 0.29862520937500003
278 0.095683984375 0.370518821875 0.0100735015625 0.36302887500000003 0.004966720312500001 0.421399659375 0.0941281359375 0.43312144375 0.095683984375 0.370518821875
278 0 0.49929129375 0.1467112328125 0.5043817796875001 0.147245725 0.453453315625 0.0036049109374999997 0.4369652015625 0 0.47816953125 0 0.49929129375
278 0 0.577182790625 0.06562541250000001 0.5796322843749999 0.0671812609375 0.5170296640625 0 0.5111520656249999 0 0.577182790625
1050 0.414195478125 0.53954713125 0.42061644062500003 0.5557935781250001 0.43482017500000003 0.5727209296875 0.46240032500000006 0.5712127078125 0.47066996093749996 0.6111479203125 0.45354857031250007 0.6723887328125 0.441193509375 0.679150146875 0.432729834375 0.6862520140624999 0.435940315625 0.6943752375 0.447614471875 0.69539659375 0.4663904953125 0.704881625 0.4822964890625 0.7023520484375 0.4911006171875 0.6913587953125 0.47232459374999997 0.6818737640625 0.48876507968749994 0.6284157234375 0.4943587265625 0.609299246875 0.47509583906249997 0.5605599078125 0.4761171953125 0.5488857515625 0.46614529843749997 0.5284074671875 0.45617340312500004 0.5079291828125 0.450920209375 0.5231542734375 0.4353546671875 0.521792465625 0.42299960625 0.5285538796875 0.414195478125 0.53954713125
627 0.614267465625 1 0.1834871203125 0.71150015625 0 0.751902753125 0 0.9505848171875 0.5295455859375 1 0.614267465625 1
407 0.0418344125 0 0.0277573703125 0.16090133125 0.22521631874999998 0.18971404218750001 0.38412984843750003 0.121272578125 0.389917534375 0.055119025 0.445758740625 0.0443198125 0.487542625 0.0597389421875 0.6285016390625 0.0093325171875 0.5218304781249999 0 0.0418344125 0
1382 0.590087515625 0.6804131703125 0.5848343218750001 0.6956382609375 0.6198567921875 0.6987023296875 0.6322118531250001 0.691940915625 0.6555601656250001 0.693983628125 0.6621751687499999 0.6631929953125 0.647971434375 0.6462656453125 0.6405291156249999 0.64169335625 0.636297278125 0.6452442890625 0.6253040265625 0.6364401609375 0.61362986875 0.6354188046875 0.6048257421875001 0.6464120578125 0.599913 0.6577457625 0.590087515625 0.6804131703125