1156 0.49976763437500005 0.456327415625 0.472625715625 0.542771296875 0.596404996875 0.5606304140625 0.6113278875 0.47599849843750003 0.49976763437500005 0.456327415625
1801 0.3610654625 0.5231002140625 0.3689728546875 0.43326476718749996 0.25424400937499997 0.409068465625 0.2537980625 0.45658795625000004 0.3225870171875 0.44888475312500004 0.259233959375 0.4932450421875 0.3610654625 0.5231002140625
423 0.348623459375 0.5486719250000001 0.331888603125 0.6210848125 0.30203343125000004 0.722916315625 0.380783503125 0.7487016093750001 0.37128711718749996 0.8025582828125 0.254077384375 0.8374221875 0.25000750625 0.8605036187499999 0.2717323109375 0.872267309375 0.2911898109375 0.8518991296875 0.31427124375000004 0.855969009375 0.302507553125 0.8776938140625001 0.31767219999999996 0.9041668125 0.338263353125 0.8998645671875 0.3423332328125 0.8767831359375 0.3737867875 0.8783627359375 0.3912093484375 0.8695352734374999 0.412478815625 0.8613861234375 0.45321517343749995 0.9003011234375 0.470414759375 0.9152334046874999 0.5023142625 0.869293515625 0.49620005312500004 0.836483334375 0.40590926562499996 0.8086631015625001 0.4070335265625 0.75729670625 0.4577216078125 0.762267871875 0.5068206984375 0.731260265625 0.5147374828125 0.708857146875 0.5013848015625 0.694603178125 0.464272375 0.6801262359375 0.47105550625000003 0.6416571828125 0.48914698906250004 0.561550484375 0.4667438703125 0.5536337 0.413565509375 0.5402904093750001 0.3545053046875 0.5378095234375 0.348623459375 0.5486719250000001
436 0.3676256203125 0.50839090625 0.3667243328125 0.5359975578125 0.3827902671875 0.5348639046875 0.4275965046875 0.5506974734375001 0.4597283734375 0.5484301687500001 0.47307166250000005 0.4952518078125 0.3800676234375 0.48281919687499997 0.3676256203125 0.50839090625
351 0.5333030875 0.7835279468749999 0.5726828187499999 0.8301367578125 0.59961115625 0.83488495 0.598477503125 0.818819015625 0.680619140625 0.8253697828125001 0.70935944375 0.8423370046875001 0.717276228125 0.8199338859375 0.7396605640625 0.6929860109375 0.6891954546875 0.6642551 0.5724316703125 0.6515995140624999 0.5333030875 0.7835279468749999
795 0.060366103125 0.743768009375 0.0725945234375 0.809388371875 0.09182905 0.8127799390625 0.10472639218749999 0.8071210671875001 0.25226541875 0.8252031578125001 0.2583702375 0.7905810109375 0.2859581046875 0.6566176390625 0.2522372453125 0.6229061703125 0.10017299843750001 0.6079926718750001 0.060366103125 0.743768009375
627 0.5660850953125001 0.5751167484375 0.13885563437499998 0.523583728125 0.196791578125 0.5774310109375 0.492547946875 0.6097482875 0.702994084375 0.630989578125 0.6179068296875 0.5961538484375 0.5660850953125001 0.5751167484375
407 0.090533503125 0 0.0722682421875 0.09139249375 0.43999154999999995 0.18796411562499998 0.459681415625 0.21126852187499998 0.523945153125 0.20673391093750002 0.6823465828125 0.230697846875 1 0.14211779687499998 1 0.080450184375 0.5437443296875 0 0.090533503125 0
2001 0.0173248734375 0.402991821875 0.121191315625 0.421306278125 0.17274311874999998 0.1289414765625 0.065029771875 0.10994870625 0.0173248734375 0.402991821875
2001 0.1770829296875 0.419261946875 0.21555198281250001 0.42604507812500003 0.23229622968750002 0.42106452031249997 0.2741568484375 0.40861312656250004 0.28139532031250003 0.3900569125 0.34747102343749997 0.3977413328125 0.34724805000000003 0.4215010765625 0.3778003171875 0.450687328125 0.43161942499999995 0.1904543953125 0.22592147968749998 0.142284765625 0.1770829296875 0.419261946875
837 0.166267484375 0.7505417484375 0.257459559375 0.7507553312499999 0.26921385781249996 0.661598196875 0.19159743906249999 0.6518788375 0.166267484375 0.7505417484375
1050 0.1854268796875 0.21447467968749998 0.165291065625 0.2386897640625 0.159186246875 0.2733119109375 0.1677907359375 0.3144942171875 0.17073635468749998 0.3427791796875 0.14156888750000002 0.5081961078125 0.1490397234375 0.5333124796875001 0.1551445421875 0.49869033125 0.19268413281250002 0.330783125 0.203769509375 0.312905225 0.22141504374999998 0.2803180171875 0.22684155 0.24954277500000002 0.21688043437500001 0.21605427968750002 0.1854268796875 0.21447467968749998
1050 0.7366679875 0.3275394 0.7140418953125 0.3433823609375 0.7065804499999999 0.38569831875 0.717219878125 0.415339909375 0.6824029312500001 0.6352918234375 0.693943646875 0.6373267625000001 0.7409796234375 0.4155628828125 0.7656406546875 0.38817920625 0.7710671609374999 0.3574039640625 0.7520556078125 0.33025265312499996 0.7366679875 0.3275394
423 0.1682648578125 0.469271715625 0.1562781953125 0.514756265625 0.198594153125 0.5222177109375 0.2678384484375 0.5344273484375 0.273264953125 0.50365210625 0.24904986875000001 0.4835162921875 0.2494958171875 0.435996803125 0.23478650937499998 0.4294366453125 0.202654640625 0.43170395 0.17957320937500001 0.4276340703125 0.1682648578125 0.469271715625
2001 0.43414727031250006 0.46855583593750005 0.484835353125 0.4735270015625 0.4868702921875 0.4619862859375 0.53371146875 0.4662791390625 0.6176650718750001 0.48504893437499996 0.6565518984375001 0.24201558906249998 0.47959425468749994 0.21081318124999998 0.43414727031250006 0.46855583593750005
351 0.013273778125 0.5609379125 0.0637388859375 0.5896688234374999 0.068487078125 0.5627404859375 0.12370037812500001 0.5645430609375001 0.1488073578125 0.48963989375 0.12074536875 0.4688257671875 0.03792541875 0.46612190625 0.013273778125 0.5609379125
1373 0 0.6011569156250001 0.010792890624999999 0.6199981171875 0.047672951562499996 0.5908024765625 0.0911131703125 0.5468975265625 0.12550295312499998 0.5093297609375 0.081375028125 0.4896492859375 0.0390590703125 0.482187840625 0.041316984375 0.44688737968750003 0.051947021875 0.40909664062499995 0.028865589062500002 0.4050267609375 0.0080514625 0.43308875156250004 0 0.4787508640625 0 0.6011569156250001
1156 0.145629375 0.41768234687500005 0.21419535625 0.4337388890625 0.2205231484375 0.375356996875 0.14358504375 0.36179073281249996 0.145629375 0.41768234687500005
1050 0.389777590625 0.33777044843750004 0.388876303125 0.3653770984375 0.3952134875 0.374427534375 0.40743251562499994 0.37261556875 0.4185178921875 0.35473766875 0.42258777187499996 0.3316562375 0.4221324328125 0.3117433984375 0.40357621874999994 0.3045049265625 0.39316915625000004 0.318535921875 0.389777590625 0.33777044843750004
1050 0.049437959375 0.2658598578125 0.0498932984375 0.285772696875 0.049670325 0.3095324421875 0.0650579453125 0.3122456953125 0.077276975 0.3104337296875 0.07999022812499999 0.2950461078125 0.09243223125 0.2694743984375 0.08428308125 0.24820493125 0.0612016484375 0.244135053125 0.049437959375 0.2658598578125
1156 0.3241666171875 0.4174311984375 0.253565696875 0.4129153703125 0.2470149296875 0.49505700781249995 0.2879742609375 0.5102122640625 0.285261009375 0.5255998859375001 0.2562977328125 0.532392409375 0.2696504140625 0.5466463781249999 0.28503803437499997 0.5493596296875001 0.3158132765625 0.5547861359375 0.32938893281250003 0.545280359375 0.314679625 0.5387202015625 0.3149025984375 0.5149604562500001 0.36559067968750003 0.5199316234375 0.377344978125 0.4307744875 0.3241666171875 0.4174311984375
1373 0.635542971875 0.4961343109375 0.6163084453125001 0.49274274531250006 0.6104266 0.5036051484375 0.6140505328125 0.52804320625 0.624234621875 0.5377719562500001 0.6323837718750001 0.559041421875 0.63939926875 0.5642449546875 0.6353293890625 0.5873263859375 0.6167731765625 0.5800879140624999 0.6133816109375 0.5993224406250001 0.6441568531249999 0.604748946875 0.6715217453125 0.4945453203125 0.6522872203125 0.491153753125 0.635542971875 0.4961343109375
517 0.589650040625 0.80139645625 0.639659809375 0.8102145265624999 0.66068751875 0.6909604625 0.60683084375 0.681464078125 0.589650040625 0.80139645625
676 0.6815016453125 0.6628984734375 0.7333233796874999 0.683935575 0.8100385109375001 0.7212615828125 0.8292730374999999 0.7246531484375 0.8955153656249999 0.303983846875 0.7491099906249999 0.301967690625 0.6815016453125 0.6628984734375
1373 0 0.5945927265625001 0.0064906453125 0.599406965625 0.02233360625 0.6220330578125 0.0456380109375 0.6023431921875 0.061248606250000004 0.5812967 0.1001636078125 0.5405603421875 0.1318401359375 0.518380196875 0.11984408124999998 0.4964324171875 0.09427237031249999 0.483990415625 0.06893302500000001 0.515220996875 0.048564846875 0.495763496875 0.049466134375 0.46815684687500003 0.0159776390625 0.47811796093750003 0.01099708125 0.4613737140625 0.0496891078125 0.4443971015625 0.0544373 0.4174687640625 0.044931523437499996 0.40389310937499995 0.0191368390625 0.41521084999999996 0.01325499375 0.42607325312500005 0 0.501246059375 0 0.5945927265625001
627 0.13047411874999998 0.45864167812499995 0.1291174921875 0.46633548906250005 0.1630613265625 0.47628721250000006 0.16780951875 0.44935887656249995 0.165319240625 0.4409867515625 0.0761621046875 0.42923245468750004 0.09969887656250001 0.45321517343749995 0.13047411874999998 0.45864167812499995
434 0.8928772453124999 0.858830103125 0.9179936156249999 0.8513592671874999 0.92070686875 0.8359716453124999 0.9451449265624999 0.8323477140625 0.940396734375 0.8592760515625001 0.9345148890624999 0.8701384531249999 0.940399865625 0.8817534953124999 0.9523833984375001 0.8137915 0.9035072812499999 0.8210393640625 0.8928772453124999 0.858830103125
434 0.97589199375 0.63547723125 0.9704654890625 0.6662524734375 0.9657172968750001 0.6931808109375 0.9383430125000001 0.7359521078125 0.9510173796875 0.75405298125 0.9593895031249999 0.7515627031250001 0.9523833984375001 0.8137915 0.99070809375 0.5964413515625 0.98652203125 0.5976864921875 0.97589199375 0.63547723125
1016 0.47829397812499996 0.62310096875 0.482596221875 0.643692121875 0.5756002625 0.6561247328125 0.573788296875 0.6439057046875 0.5611139281249999 0.6258048296875 0.47829397812499996 0.62310096875
351 0.18841945468750002 0.579921290625 0.0716556703125 0.5672657046875 0.037284670312500004 0.7396981296875 0.0635440859375 0.81572555625 0.2651627609375 0.8195442875 0.2974988203125 0.658652578125 0.2683031796875 0.6217725171875 0.22463059375 0.6220048828125 0.22032835 0.6014137296875 0.19928185781250002 0.585803134375 0.170764528125 0.54507616875 0.18841945468750002 0.579921290625
1156 0.28003869375 0.3977507234375 0.277325440625 0.41313834531250004 0.338875925 0.42399135625 0.3390989 0.40023161093750004 0.2929360359375 0.392091853125 0.28003869375 0.3977507234375