1156 0.39871847968749996 0.508500221875 0.377428603125 0.4953719484375 0.4113707 0.4833332125 0.404298634375 0.3936830921875 0.291861765625 0.40748860468750003 0.2950566984375 0.49761477656249997 0.330903003125 0.5010845749999999 0.30954441093749996 0.5194494203125 0.39871847968749996 0.508500221875
606 0.6974639015624999 0.37736485000000003 0.7188224921875 0.35900000312499997 0.685425165625 0.343422753125 0.6539320453124999 0.34335403750000004 0.6297171406250001 0.3384560828125 0.603053259375 0.34566558125 0.625771290625 0.3704252546875 0.6509383 0.383077475 0.6790303375 0.387499378125 0.6974639015624999 0.37736485000000003
627 0.378174559375 0.5976055734375 0.4378284328125 0.5706030734375 0.49353645625000003 0.57556974375 0.5579508515625 0.5873385765625 0.6000545500000001 0.6097179890625 0.6242694546875 0.6146159421874999 0.6921536484375 0.590538471875 0.6569845812499999 0.7207954171875001 0.6257613656250001 0.8190831921875 0.630929221875 0.8932247796875 0.666299475 0.8928174437499999 0.649024165625 0.8162268796875001 0.7241228203125 0.5944843203125 0.7435084859375001 0.5921040609375 0.7687392484375 0.79759213125 0.796355234375 0.7981369 0.770241084375 0.5534014421875 0.77126190625 0.529662590625 0.6593698046875 0.515852115625 0.47918617656249995 0.49074886093750003 0.41912496718750003 0.482381109375 0.3275706375 0.47394464062499997 0.2785960609375 0.49176471875 0.0070592890625 0.58807460625 0.020612773437500002 0.698458875 0.0862313 0.7200345734375 0.378174559375 0.5976055734375
795 0.25110758125 0.8768916484375 0.21084433749999998 0.6771849203125 0.0668456328125 0.722414834375 0.022015259375 0.7098812140625 0.046571615625 0.909876678125 0.1036390796875 0.95796786875 0.25110758125 0.8768916484375
423 0.46016915 1 0.5750150484375001 0.9827374671875001 0.54706044375 0.9153293265625001 0.5223694875 0.9065542390625 0.47972101875 0.9117908124999999 0.450132109375 0.9272306296874999 0.4468684609375 0.8685975765625 0.5055702296875 0.8338408078124999 0.542506071875 0.782078634375 0.5227817859375 0.7175955234375 0.519042084375 0.6550853359375 0.52203583125 0.6153618984375 0.5108804828125 0.6206671874999999 0.46625909062500004 0.641888346875 0.41871266875 0.671339825 0.382797646875 0.699363146875 0.383681034375 0.7386105328125 0.3574932046875 0.7496971640625001 0.3061383671875 0.748131575 0.28137869375 0.77084960625 0.270561965625 0.8430182687500001 0.2977018984375 0.8396859046875 0.33885349374999996 0.85431105 0.36544865937500004 0.8785946703124999 0.4032678890625 0.8660798828124999 0.4138097515625 0.9198836984375 0.37748739531250003 0.9125367671875001 0.36095804062500003 0.9381798281249999 0.2988675015625 1 0.46016915 1
351 0.7765671953125 0.5408179375 0.76731605625 0.5616317609375 0.7701723687500001 0.5848945624999999 0.951784153125 0.6216292171875 0.9339003218749999 0.379818790625 0.6272681640625 0.3505635359375 0.6006042828125 0.35777303437499997 0.5331961421875 0.3857276390625 0.550402734375 0.493811321875 0.7267092296875 0.5193906296875 0.7765671953125 0.5408179375
1016 0.47673719999999997 0.5028563125 0.3250529453125 0.5175452125 0.316753909375 0.5461133015625 0.47619243125 0.5304722984375 0.47673719999999997 0.5028563125
517 0.37572558125 0.6097130265625 0.38477057187499997 0.6833785609375 0.3939529953125 0.6940578562499999 0.4410233640625 0.6607292453125 0.4851687046875 0.635630953125 0.507955453125 0.62889750625 0.5234639875 0.6269932984375 0.522104546875 0.583868778125 0.5133981765625 0.577066615625 0.46156728593749996 0.57162389375 0.4106884984375 0.5739354375 0.38402461718750003 0.5811449359374999 0.37572558125 0.6097130265625
2001 0 0.47385969531249994 0.07712255625 0.45353319062499997 0.01305670625 0.059969790625 0 0.060879876562500004 0 0.47385969531249994
2001 0.3355310546875 0.378513178125 0.2955697015625 0.021345971875 0.07849192187500001 0.047999771875 0.14548280156249999 0.4333328515625 0.3355310546875 0.378513178125
2001 0.46941868906249995 0 0.35773168593750004 0.013713439062499999 0.40776843281249997 0.35783678750000003 0.552719240625 0.320361140625 0.5095068515625 0 0.46941868906249995 0
322 0.594817978125 0.5670695218749999 0.6578729328125 0.535713834375 0.64733106875 0.48191001875 0.567408140625 0.4720453953125 0.5116314 0.49857184375 0.5139429437499999 0.5494506296874999 0.554142434375 0.556321509375 0.594817978125 0.5670695218749999
1050 0.6854301281249999 0.119093784375 0.6272731265625 0.12623456718749998 0.6456379734375 0.147593159375 0.673253959375 0.1481379265625 0.686858284375 0.130725184375 0.6854301281249999 0.119093784375
1050 0.8487457828125 0.1029767296875 0.786235596875 0.10671642968749999 0.795894071875 0.12127285937500001 0.8249382140625 0.13344902812499998 0.8433717765625 0.1233145 0.8487457828125 0.1029767296875
322 0.7954130562499999 0.3417246953125 0.7740544640625 0.360089540625 0.77786288125 0.3911066078125 0.9038353593749999 0.39138147343749996 0.9348524265625 0.38757305625 0.9277803609375 0.2979229359375 0.92199901875 0.2828904546875 0.8895537953125 0.275067471875 0.833301003125 0.2977167875 0.8332322859374999 0.32920990625 0.7954130562499999 0.3417246953125
268 0.2788659625 0.590121209375 0.2682553828125 0.5678105140625 0.22805589375 0.560939634375 0.1911887671875 0.5812086890625 0.19356902812500001 0.60059435625 0.2376456515625 0.6069891828125 0.2788659625 0.590121209375
1050 0.46320159062500005 0.4887759359375 0.4859196234375 0.513535609375 0.5091824234375 0.5106792953125 0.4990478953125 0.49224573281249995 0.462318203125 0.44952854999999997 0.472521446875 0.43646899218749996 0.38239527500000003 0.43966392499999996 0.3755931125 0.44837029531250006 0.44680966875 0.45143275781250003 0.46320159062500005 0.4887759359375
351 0.8944592796874999 0 0.9566133906250001 0.6289074328125001 1 0.634952071875 1 0.5076693234375 0.934685184375 0 0.8944592796874999 0
994 0.7522198203125 0.3745772546875 0.7422227265625 0.29315745312499997 0.722837059375 0.2955377125 0.7068524734375 0.2935647875 0.6918199921875 0.2993461296875 0.7052181671875 0.3764127453125 0.7405884203124999 0.3760054109375 0.7522198203125 0.3745772546875
410 0.2109916953125 0.16554074375 0.20126450468749998 0.182477434375 0.203644765625 0.20186310000000002 0.21425534375000002 0.224173796875 0.2282670046875 0.24213130781249997 0.2437755390625 0.24022709843749998 0.257855915625 0.226691490625 0.250170365625 0.196150475 0.24683800156250002 0.169010540625 0.23187423593749998 0.1432987640625 0.21432082812500003 0.0313220796875 0.198808125 0.0332268 0.21684175468750003 0.14908010625 0.2109916953125 0.16554074375
410 0.125012559375 0.266616115625 0.1191625015625 0.28307675312499997 0.1220188140625 0.306339553125 0.12970436406250002 0.33688056875 0.1461650015625 0.3427306265625 0.162625640625 0.348580684375 0.1771820703125 0.338922209375 0.1786789421875 0.31906049062499997 0.1758226296875 0.295797690625 0.1647359984375 0.2696098609375 0.1512003890625 0.2555294828125 0.113386121875 0.043715303125 0.0980211875 0.0456018796875 0.13086261875 0.2501554765625 0.125012559375 0.266616115625
1697 0.0758268703125 0.6032445203125001 0.0986136171875 0.5965110734375 0.0996344390625 0.572772221875 0.085146725 0.5509375765625 0.0686860875 0.54508751875 0.0550817625 0.5625002609374999 0.0298460375 0.581341159375 0.0336544546875 0.6123582265625 0.0452858546875 0.6109300703125 0.060794387500000005 0.6090258625 0.0758268703125 0.6032445203125001
633 0.3661358234375 0.5636634765624999 0.2688001515625 0.540194528125 0.0699768109375 0.6197051578125 0.1682645859375 0.650928375 0.3661358234375 0.5636634765624999