1156 0.89942171875 0.478770434375 0.8612009703125001 0.45398395 0.7287420296875 0.44154112031250004 0.6748066234375 0.6429064671875 0.7359052890625 0.684126390625 0.7937817140625001 0.705690634375 0.872131775 0.7006094171874999 0.9394518546875 0.67559986875 0.9878474765625 0.520944640625 0.8986037609374999 0.50219365625 0.89942171875 0.478770434375
1156 0.27384816875 0.48428534218749997 0.273525928125 0.6054416515625001 0.43036237499999996 0.5913753453124999 0.4187003515625 0.47761779843749996 0.27384816875 0.48428534218749997
522 0.267254925 0.785019690625 0.08967218906249999 0.8335391984375 0.135019046875 0.8781176875 0.143322503125 0.9761234265625 0.32290054375 0.9823944296875 0.31609667343750003 0.841446115625 0.2708861421875 0.7929637578125 0.267254925 0.785019690625
1331 0.25791044531249996 0.604896346875 0.1907266921875 0.626002025 0.2045699328125 0.67729764375 0.29921710625000003 0.6532423796875 0.25791044531249996 0.604896346875
1331 0.0336175921875 0.6478760703125 0.058763465625 0.71129228125 0.15368329218750001 0.679429275 0.120457025 0.623548153125 0.0336175921875 0.6478760703125
517 0.7678696796875 1 0.7714862499999999 0.89643498125 0.7671734015625 0.908010265625 0.7173773703124999 0.8789109328125001 0.701439646875 0.9995219375 0.7151295625 1 0.7678696796875 1
1865 0 0.9750271250000001 0.1275706953125 0.9794819921875 0.133655784375 0.9171563921875 0.0806375125 0.8684013796875 0 0.8909918421875 0 0.9750271250000001
423 0.4659061875 0.5808906687500001 0.42228198125 0.598910434375 0.34388233281249997 0.7173402203125 0.3721141203125 0.8043159781250001 0.4598582484375 0.8660095359375 0.46857068437500005 0.9523036640625 0.3741961625 0.9685511874999999 0.3696106625 0.9879342140625 0.6039792125 0.9922099125000001 0.5889090359375 0.9760491265625 0.519048346875 0.9618836453125 0.5165077375 0.9227086140624999 0.5167803906249999 0.9149008734375 0.5422485046875 0.857160775 0.5663533593750001 0.8384593796875001 0.6020334968750001 0.8240708328125 0.6304512 0.793794153125 0.6318144609375 0.7547554484375001 0.6339956796874999 0.692293521875 0.6109814359375 0.6797639531249999 0.5994928875000001 0.784895803125 0.59722493125 0.73791303125 0.5402160515625 0.579576996875 0.4659061875 0.5808906687500001
627 0.9828443874999999 1 0.9933789687499999 0.6983290765625 0.962875078125 0.6764178265624999 0.9281492218749999 0.6634792796875 0.5947339109375 0.5853894328125 0 0.665870928125 0 0.7713733484375 0.37942614531249996 0.7068555437499999 0.6029010421875001 0.6872990421875 0.6221477421875 0.6957884140624999 0.6481115734375 0.7357814015625 0.7757123609375001 0.7754149984375001 0.772527271875 0.9785525859374999 0.9401808109375 1 0.9828443874999999 1
316 0.0025229546875 0.6428815906249999 0.0970338015625 0.622730196875 0.0982607375 0.5875953625 0.0442881828125 0.56616744375 0.0010729546875000002 0.572475596875 0.0025229546875 0.6428815906249999
410 0.13152169375 0 0.10268520156250001 0.01318110625 0.219256009375 0.0328863734375 0.2784956953125 0.0154119140625 0.1962670734375 0 0.13152169375 0
410 0.6824533265625 0.088147890625 0.753677278125 0.06327466875 0.66820110625 0.04856388125 0.6088250937499999 0.0699422109375 0.6824533265625 0.088147890625
410 0.0323659453125 0.12407580468749999 0.0439412296875 0.128388653125 0.056061820312499996 0.1170860203125 0.056198146875 0.11318215000000001 0.044622860937499995 0.1088693015625 0.0327749234375 0.1123641921875 0.0323659453125 0.12407580468749999
1110 0.2704896015625 0.468533534375 0.317199721875 0.47407331875000003 0.3641824921875 0.47180536249999994 0.36578125625 0.20216565000000003 0.30722320000000003 0.2001207578125 0.260104103125 0.2062925859375 0.2704896015625 0.468533534375
268 0.6907319078125 0.8584372984374999 0.7596383140625 0.8999298734375 0.7760717515625 0.8770519546875001 0.7782529703125001 0.814590028125 0.7592789234375 0.798292915625 0.69209516875 0.8193985937500001 0.6907319078125 0.8584372984374999
1016 0.7535160750000001 0.7394622078124999 0.7893325390625 0.7211697906250001 0.7859739734375 0.7054179828125 0.6971392375 0.6749553875000001 0.6497474875 0.68893495625 0.7535160750000001 0.7394622078124999
1437 0.5343168765625 0.5246501578125 0.5250095484374999 0.5673200796875 0.5591900984375 0.5958741078124999 0.5983651296875 0.5933335 0.6413077031250001 0.5948330875 0.6799374296875 0.6079079609375 0.7240202015625 0.4648280171875 0.7247018328125 0.4453086640625 0.666416428125 0.43545603125000004 0.5014995875 0.457057425 0.49918204375 0.523423221875 0.5343168765625 0.5246501578125
1437 0.8733215609375 0.4426813171875 0.89647213125 0.45130701562500003 0.8918866296875001 0.470690040625 0.9107243515624999 0.4908910234375 0.92997105 0.4993803953125 0.949490403125 0.5000620265625 0.943591228125 0.44513518906250005 0.9403689890625 0.4254795109375 0.9834478890625 0.423075228125 0.9683777125 0.40691444062500004 0.8666044296875001 0.4111777015625 0.8733215609375 0.4426813171875
316 0.487656346875 0.40576180468749995 0.5069030453125001 0.4142511765625 0.5538858171875 0.4119832203125 0.5533901 0.314250134375 0.47908023593750004 0.3155638078125 0.487656346875 0.40576180468749995
316 0.40136221875 0.414474240625 0.45224885937500003 0.4123426109375 0.45175314375 0.31460952343750004 0.39709895781250004 0.3127009578125 0.40136221875 0.414474240625
2035 0.6851674125 0.346212315625 0.6898396515624999 0.4362739875 0.7444938375000001 0.43818255468749995 0.8186673750000001 0.4407727515625 0.8154451343750001 0.4211170734375 0.8351008140625 0.4178948328125 0.8442718156250001 0.37912878125 0.8211212453125001 0.370503084375 0.8152220703124999 0.3155762453125 0.7565276890625 0.3174352234375 0.6851674125 0.346212315625
1156 0.7676939953125 0.333459684375 0.7815372375 0.38475530468749997 0.804960459375 0.3855732609375 0.8055057640625 0.3699577796875 0.8028288296874999 0.33468661875 0.7676939953125 0.333459684375
351 0.580394953125 0.4363607265625 0.662648884375 0.431415834375 0.6550270578124999 0.31389074375 0.6080442859375 0.3161587 0.5729094531250001 0.3149317640625 0.580394953125 0.4363607265625
1865 0.23140130937499997 0.580518840625 0.24633516093750002 0.600583496875 0.2701673625 0.58968984375 0.26708144843750004 0.5661302953125 0.265767775 0.49182042968750006 0.2625455359375 0.47216475156250004 0.227274375 0.4748416875 0.23140130937499997 0.580518840625
407 0.02888150625 0 0.023740246875000003 0.1472263734375 0.2656438875 0.1595824671875 0.2717289765625 0.097256865625 0.3662398234375 0.077105471875 0.393566915625 0.07805975468750001 0.40042037343750003 0.10565949999999999 0.7667025625 0.1379935109375 0.8805964359375 0.12242761718749999 0.8873135671875 0.1539312328125 1 0.1469846671875 1 0.0171556125 0.50872753125 0 0.02888150625 0
1754 0.38370184375 0.4724869921875 0.40739771874999997 0.46549720937499994 0.426235440625 0.4856981921875 0.438851746875 0.5721286453125 0.45446722812499996 0.57267395 0.478163103125 0.565684165625 0.4741724953125 0.4561031421875 0.4586933390625 0.4516539671875 0.38424714843749996 0.4568715109375 0.38370184375 0.4724869921875