423 0.3126256609375 0.5913667796875 0.2924250078125 0.60805746875 0.23767788437499998 0.6487598421875 0.2403140296875 0.660178240625 0.2104524078125 0.6871173421875 0.2139672671875 0.7023418734375 0.1478017453125 0.745680390625 0.170055996875 0.7726145953125 0.1504427859375 0.809214665625 0.25086840312500003 0.8100835875 0.25936428125 0.8642481656250001 0.219254246875 0.881526296875 0.17241066249999998 0.9043679921875001 0.1718281171875 0.9365744875 0.19847104843750002 0.9304234812500001 0.208423290625 0.9040718234374999 0.2540968875 0.8935272421875 0.23155625781250003 0.9348121609375 0.23273114218750002 0.9746309203125 0.25644665624999996 0.9731647640625001 0.24941693593749997 0.9427156999999999 0.288352084375 0.8856188062499999 0.3559886609375 0.9181116781249999 0.359503521875 0.9333362093750001 0.377655471875 0.9251365015624999 0.37238318125 0.902299703125 0.317922434375 0.874782953125 0.36242604375 0.8765354875 0.3814567078125 0.8721419109375 0.3867241015625 0.8428628343750001 0.28512849687499997 0.8542910265625 0.27546263125000003 0.8124235640625 0.28688103125 0.80978741875 0.293323309375 0.8203271031250001 0.32084495625 0.8179822296875001 0.34221559687499997 0.7889944265625 0.341919428125 0.7529817984375 0.31702413281249997 0.6625133203125 0.325801490625 0.5963429 0.3126256609375 0.5913667796875
1156 0.61565015 0.4973540625 0.6174124765625 0.557082203125 0.6484489828125 0.5699618625 0.6827041796875 0.562053428125 0.7037835484375 0.5491688703125 0.6821167375 0.5421440468750001 0.67976696875 0.46250652499999995 0.6250149484375 0.4510930234375 0.61565015 0.4973540625
1016 0.51376816875 0.5770013765625001 0.5749624671875 0.5989545625 0.6150725 0.58167643125 0.6124363546875 0.5702580328125 0.5474359234375 0.5491835609375 0.51376816875 0.5770013765625001
627 0.06319299843750001 0.8133218640625 0.1205762671875 0.7840378921875 0.121741359375 0.7196249015625 0.23153177500000002 0.674232784375 0.3202428234375 0.641725225 0.3275687140625 0.7081869171874999 0.3425068703125 0.7728911796875 0.43122281406249996 0.7924994937500001 0.3849519828125 0.67890294375 0.39460805468750004 0.6165386578125001 0.47512429218749996 0.617995021875 0.5023595624999999 0.683869271875 0.5044180578125 0.779610040625 0.5577039203124999 0.7673080296875 0.6680866765625 0.79394116875 0.6862435234375 0.837857334375 0.8317503984375 0.7561564203125 0.7737601015625 0.5570675140625 0.5611942984375 0.5219531875000001 0.486241625 0.5272303734375 0.3919670140625 0.5530043828125 0.274855603125 0.5840506828125 0.1861445546875 0.61655824375 0.034486675 0.6716162265625 0.06319299843750001 0.8133218640625
517 0.44175760156250005 0.733941340625 0.47952765937499997 0.7412574375000001 0.501777015625 0.7160757656250001 0.505578253125 0.6630811765625 0.49298496875 0.6258985609375001 0.45345748124999996 0.610970196875 0.419202284375 0.6188786328125 0.44175760156250005 0.733941340625
353 1 0.44303219374999997 0.9537938609375001 0.242891415625 0.589866346875 0.2988477 0.498519153125 0.3199368609375 0.5421636328125 0.5263467625 0.6993899734375 0.53013820625 0.7886933609375 0.5696559 0.8027528015625001 0.6305540296875 1 0.6453869453125 1 0.44303219374999997
1250 0.6861896609375 0.264582709375 0.9221699109375001 0.2101023765625 0.8908274421875 0.05697833906250001 0.656604621875 0.1190709375 0.6861896609375 0.264582709375
633 0.145160703125 0.6821461171875 0.18205204531250002 0.68565608125 0.2233320671875 0.656080834375 0.267248234375 0.6379239875 0.28744888749999997 0.6212332984375 0.2678307796875 0.6057174937500001 0.1094393484375 0.6663390390624999 0.145160703125 0.6821461171875
2001 0.36590173125000003 0.47483301874999995 0.5172683390625 0.4358782828125 0.46337544687500004 0.2198074140625 0.311130125 0.25495601562500003 0.36590173125000003 0.47483301874999995
2001 0 0.5350608125 0.014863670312499999 0.6039845453125 0.194043196875 0.546581690625 0.12843573749999998 0.2971343390625 0 0.329807821875 0 0.5350608125
316 0.8311188875 0.267204165625 0.8975805796874999 0.259878275 0.9423754609375001 0.2455275609375 0.9265585906249999 0.177017165625 0.888497259375 0.18580431718749998 0.8123745984375 0.20337861875000002 0.8311188875 0.267204165625
316 0.7380093671875 0.22856518593750003 0.741820396875 0.2798023453125 0.8053546703125001 0.277161303125 0.82819146875 0.2718890125 0.8214530218749999 0.2253367015625 0.8112046109375 0.2156757328125 0.8044710593750001 0.22123929531250003 0.7380093671875 0.22856518593750003
316 0.5992360421875 0.3047025359375 0.62295155625 0.303236378125 0.633491240625 0.2967941 0.6241166484375 0.2388233890625 0.5954250140624999 0.2534653765625 0.5992360421875 0.3047025359375
316 0.5433091390625 0.2534702734375 0.5526837312499999 0.311440984375 0.568786978125 0.31173225625 0.58781764375 0.30733868124999997 0.5804917546875 0.2408769890625 0.5576549562500001 0.2461492796875 0.5433091390625 0.2534702734375
1050 0.2279875359375 0.346313003125 0.23911466250000002 0.3597801046875 0.2979640890625 0.3542116453125 0.2812733984375 0.33401099218749997 0.271903703125 0.32815615625 0.2683888421875 0.31293162343750003 0.23208494218750003 0.32933104062499996 0.2279875359375 0.346313003125
322 0.2730932765625 0.5243225421875 0.28510401406249997 0.5937116515625 0.3058921109375 0.5969303421875 0.3304863390625 0.59927031875 0.3486382890625 0.5910706109375 0.33809370781250003 0.5453970140625 0.3219904609375 0.5451057406250001 0.31583945625 0.518462809375 0.29885749375000004 0.514365403125 0.2730932765625 0.5243225421875
1170 0.5486059109375 0.536886446875 0.5453872203125 0.5576745421875 0.5644178859375 0.5532809656250001 0.5749575703125 0.5468386875 0.5770062734375 0.53834770625 0.564709159375 0.53717771875 0.5486059109375 0.536886446875
1331 0.24206656249999997 0.61567463125 0.235624284375 0.6051349484374999 0.2195210375 0.6048436749999999 0.2051752203125 0.61216466875 0.172677453125 0.6276853703125 0.1905381296875 0.635588909375 0.24206656249999997 0.61567463125