1156 0.8470551593750001 0.31126841562499996 0.8156087968750001 0.30955157031249997 0.7802656984375 0.3081072125 0.7610545125 0.313366378125 0.7628799890625 0.395470290625 0.8218759796875 0.399176465625 0.8525048843749999 0.38920310625 0.8470551593750001 0.31126841562499996
268 0.700286453125 0.5643103796875 0.6388380859375 0.52553359375 0.5561892015625001 0.5195656 0.5367055281249999 0.52092803125 0.4679267375 0.5453164562499999 0.45342974375 0.5619933390625 0.4992911734375 0.601860071875 0.603685546875 0.5828127390625 0.6067648234374999 0.57085005 0.700286453125 0.5643103796875
423 0.4954496609375 0.3789287421875 0.506512965625 0.425144584375 0.510327771875 0.47969886875 0.5317188484375001 0.5056135796875 0.571503653125 0.5145789203125 0.611015971875 0.5196475281249999 0.6689220171875 0.507766765625 0.7221138703125 0.484468284375 0.7016221796875 0.4154170078125 0.6685409 0.39031975625 0.6334702890624999 0.39277213125 0.6029233125 0.3479187203125 0.5938493390625 0.27415325 0.5727307484375 0.25213527343750003 0.52986666875 0.25513262187499997 0.49253424062500006 0.2812378921875 0.48801060625000003 0.328543678125 0.4954496609375 0.3789287421875
1754 0.508092659375 0.6717288078125 0.5224525015625 0.933082509375 0.5586130578125 0.946217071875 0.58117600625 0.9328919515624999 0.560112640625 0.687670159375 0.680093953125 0.6675328828125 0.7107228578125 0.6575595234375 0.87555758125 0.6068752703125 0.9474156484374999 0.5705241546875001 0.6811571937500001 0.514742775 0.6374756546875 0.5060499203125 0.41672421562500006 0.5410653078125 0.3783018421875 0.5515836390625 0.320123309375 0.5595676671875001 0.305898803125 0.5801412859374999 0.40432518437500004 0.6437428374999999 0.508092659375 0.6717288078125
629 0.9984276109374999 0.5160517984374999 0.9897080515625 0.3913562921875 0.950195734375 0.3862876859375 0.9248259953125 0.41547223125 0.6839639828124999 0.4988833515625 0.6494383453125 0.509129196875 0.9154243125000001 0.5610138421875 0.9984276109374999 0.5160517984374999
1050 0.7583029453125001 0.10602198593750001 0.7722549671875 0.081551634375 0.758657359375 0.0550919515625 0.7308352453125 0.0492058859375 0.7085447828125 0.066427740625 0.7182456546875 0.0931599109375 0.7354675109375 0.1154503734375 0.7583029453125001 0.10602198593750001
353 0 0.5174603921875 0.013752340625000001 0.7141280265625001 0.330914128125 0.601886775 0.31450973125 0.5912865171874999 0.32456501718749997 0.56708865 0.3474004515625 0.5576602640625 0.42451768437500004 0.5405203359375 0.490762171875 0.5358880703125 0.4505428421875 0.072721628125 0 0.0785627578125 0 0.5174603921875
1016 0.8747134187500001 0.426808021875 0.7759326234375 0.4141365046875 0.757266409375 0.4271891390625 0.860216425 0.44348490468749996 0.8747134187500001 0.426808021875
1373 0.7601551265625 0.35650294374999997 0.7548959609375 0.3372917578125 0.7547054015625 0.278568253125 0.74917375 0.25546033125 0.7539698703125 0.212051278125 0.722251021875 0.2064377 0.705764696875 0.2506642109375 0.706500228125 0.317181184375 0.7064183015625 0.37200795468750003 0.7155742015625 0.3909466546875 0.751189784375 0.3962877484375 0.7601551265625 0.35650294374999997
633 0.7727714203125 0.4809259640625 0.9152337546875 0.5022903359375 0.9851844171874999 0.43866207968750004 0.9097840296875 0.4243556453125 0.7727714203125 0.4809259640625
1050 0.8964322046875 0.23341565156250002 0.8638139703125001 0.27093863906250004 0.8721524109375001 0.278187134375 0.9144715187499999 0.2673963171875 0.9489971578124999 0.257150471875 0.9721050796874999 0.2516188203125 0.9707426484375 0.232135146875 0.928423540625 0.24292596562500002 0.9312303296875 0.227066540625 0.9117466562500001 0.22842897187500003 0.8964322046875 0.23341565156250002
1917 0.9505768515625 0.5037346953124999 0.967253734375 0.5182316890625 0.9867374078125 0.5168692578125 0.9778539937499999 0.5018272921875 0.9748566453124999 0.4589632109375 0.9721317828125 0.41999586562499996 0.9741211140624999 0.3924462375 0.9390505031249999 0.39489861406250004 0.9401404484375 0.4104855515625 0.9470345312499999 0.45307714531250004 0.9505768515625 0.5037346953124999
570 0.9314475921875 0.45416709062500005 0.8963769812500001 0.4566194671875 0.908802715625 0.52231898125 0.9277414171875 0.51316308125 0.9314475921875 0.45416709062500005
570 0.8378440359375 0.5155335296875 0.8348466875 0.47266945 0.8231564828125 0.47348690937500004 0.8034003234375 0.4709526046875 0.8100219203125001 0.5096474640624999 0.8183603625 0.5168959609375 0.8378440359375 0.5155335296875
1281 0.9045248640624999 0.40514445937500004 0.9301670890624999 0.379856646875 0.8678193359374999 0.3842164265625 0.8455288734374999 0.4014382828125 0.9045248640624999 0.40514445937500004
627 1 0.57682923125 0.9894355656249999 0.3874595578125 0.7183809906249999 0.37508723125 0.6532264484375 0.395306434375 0.6621098625 0.41034840156249996 0.6701758171875001 0.41370016249999997 0.6431711609375 0.4195043015625 0.643716134375 0.4272977703125 0.6712657625 0.4292871015625 0.6773423859375 0.4601884921875 0.71323045625 0.46942631874999996 0.7299073390624999 0.4839233125 0.70679941875 0.4894549640625 0.641644875 0.5096741687499999 0.587363078125 0.5173857109375 0.509973359375 0.5306289046875 0.4517948265625 0.5386129328125 0.4092032328125 0.5455070156249999 0.37023588749999997 0.548231878125 0.3401519546875 0.56599870625 0.308978078125 0.5681785953125 0.305898803125 0.5801412859374999 0.31115796875 0.599352471875 0.33925256875 0.6091352718749999 0.5005716765625 0.6761705140625 0.525531778125 0.9211198203125001 0.5221800156249999 0.929185775 0.54329860625 0.9512037515625 0.5736550234375 0.9373336578125 0.5722925921875001 0.9178499859375 0.5523191703125 0.68821513125 0.6299813765625 0.6788686734375 0.7065536359375 0.653935275 0.7169081125 0.8020111890624999 0.7569654031249999 0.8148732656250001 0.8393418015625 0.8169445234375001 0.9063218203125001 0.8788292312499999 0.9544450671875 0.8950430703125001 0.9611485906249999 0.8789111593750001 0.9502491421875 0.7230417765625 1 0.6696436953125 1 0.57682923125
2001 0.8179129453125 0 0.851687425 0.377512903125 0.9543649546875 0.389911934375 0.92709965625 0 0.8179129453125 0
2001 0.5944901765624999 0 0.6287560953125 0.3813544140625 0.6997147765625 0.388139865625 0.6763212375000001 0 0.5944901765624999 0
2001 0.48253961875 0 0.47686927187499994 0.000396509375 0.498965278125 0.26120924687499997 0.537932625 0.258484384375 0.5083626890625 0 0.48253961875 0
278 0.283009959375 0.25281558125000003 0.21286873750000002 0.2577203328125 0.212786809375 0.312547103125 0.28655228125 0.30347313125 0.283009959375 0.25281558125000003
278 0.29843304375 0.36137917656249996 0.2174190765625 0.378791590625 0.22540310312499998 0.4369701234375 0.29472686718749996 0.42037516718749995 0.29843304375 0.36137917656249996
278 0.20469415 0.140818296875 0.20044300312500002 0.19202081875000002 0.2630632421875 0.1915577734375 0.269031234375 0.1089088890625 0.25734103125 0.109726346875 0.23840233125000002 0.118882246875 0.2392197890625 0.1305724515625 0.20469415 0.140818296875