1156 0.1116096625 0.4277515390625 0.1305098109375 0.5035558921875001 0.1627215671875 0.5035762687500001 0.21768481718750002 0.48182072187499997 0.19404944375 0.4031711578125 0.17415334843750002 0.40410597812500004 0.140986396875 0.4164012625 0.1116096625 0.4277515390625
268 0.452606996875 0.535971409375 0.3758474484375 0.56718721875 0.3293892640625 0.6230547234375 0.42035448906250006 0.600374546875 0.42697972812499996 0.6108001921875 0.5321506281249999 0.5966556453125 0.5634479406249999 0.5445681687499999 0.544507040625 0.533187328125 0.4715580859375 0.5312463734375 0.452606996875 0.535971409375
423 0.339926978125 0.43926482499999997 0.30581501875 0.44776989062499994 0.2821083296875 0.4818614734375 0.2839575921875 0.553865421875 0.3417456765625 0.55958640625 0.40048895624999997 0.55299173125 0.43650111875000003 0.535961221875 0.4715682734375 0.5151404953125 0.483904309375 0.483883934375 0.47067420625 0.4308208859375 0.46691455312499996 0.383448259375 0.4584196734375 0.333230421875 0.43949914999999995 0.289637825 0.395926928125 0.2763465921875 0.354234534375 0.2867416734375 0.340953490625 0.3142080171875 0.3551184140625 0.3871671609375 0.339926978125 0.43926482499999997
1754 0.3322650390625 0.5700018640625 0.09627559531249999 0.705331496875 0.17584978906249998 0.717698096875 0.3482792234375 0.71496495625 0.3804909796875 0.7149853312500001 0.50082275 0.6970607546875 0.5565680000000001 0.9367894765625 0.5821443281249999 0.942490084375 0.6124762578125 0.9188241484375 0.54537054375 0.6658245703125 0.6354111359375 0.60714241875 0.709366228125 0.5162383234375 0.6894803203125 0.5010672640625 0.631682046875 0.5114521578125 0.59188985625 0.513321796875 0.3711224109375 0.5482361296875 0.3322650390625 0.5700018640625
629 0.030927451562500003 0.6692887703125 0.1237623140625 0.686400784375 0.360696765625 0.5548613703124999 0.324694790625 0.5557860015625 0.0698459515625 0.5508877671875 0.036699376562500004 0.5309712953125 0.0006872140625 0.5480018046875 0.030927451562500003 0.6692887703125
1050 0.1325933984375 0.20512464375 0.15722471875 0.20703503437499998 0.1667155453125 0.1805136984375 0.16768092968749998 0.152092159375 0.14115959375 0.1426013328125 0.116518084375 0.1567968203125 0.11176248281250001 0.18616336718749998 0.1325933984375 0.20512464375
353 0.667219528125 0 0.41500027343749996 0.07835101875 0.5198757203125 0.5312769375 0.5843094203125 0.5152118109375 0.6629487953125001 0.507682315625 0.6875801171875 0.5095927062500001 0.7046208140625 0.5294989906249999 0.692294965625 0.5446496734374999 1 0.55264541875 1 0.43860772187499997 0.8906428140625 0 0.667219528125 0
1016 0.2110392015625 0.5036068328125001 0.12100879687499999 0.54618310625 0.139949696875 0.557563946875 0.2328253125 0.5102524484375001 0.2110392015625 0.5036068328125001
1373 0.16947925156250002 0.3046254984375 0.18745476875 0.344427878125 0.18933459531250002 0.3681141921875 0.2072999234375 0.42402245 0.20823474375 0.44391854531249997 0.2290554703125 0.47898569999999996 0.2612774140625 0.46290019843749997 0.2641328125 0.44205909375 0.2471124921875 0.3899410546875 0.22725714843749997 0.32645236093749996 0.197910978125 0.289485003125 0.16947925156250002 0.3046254984375
633 0.105796984375 0.6304925265625 0.2346847625 0.56615051875 0.0868968375 0.5546881734375 0.0196077375 0.5915944015625 0.105796984375 0.6304925265625
1050 0 0.4077310578125 0.0339356703125 0.40685949531250004 0.07751807968749999 0.4040448484375 0.08320849999999999 0.3945743984375 0.0405914734375 0.36896750625 0.0244855953125 0.36895731875000004 0.005534507812500001 0.3736823546875 0.013104754687500001 0.38789821875 0 0.3887445515625 0 0.4077310578125
1917 0.046098509375 0.6494028625 0.042298103125 0.6664537484374999 0.0612491921875 0.6617287109375 0.0726300328125 0.6427878109375 0.060344937499999994 0.59351498125 0.0537400734375 0.5508775796875 0.04996004375 0.5357167078125 0.015848084374999998 0.544221775 0.0262533546875 0.5698082906249999 0.035703428125 0.60771046875 0.046098509375 0.6494028625
570 0.1096177671875 0.581229884375 0.0755058078125 0.5897349515625 0.0972613546875 0.6446982015625 0.11810245781249999 0.6475536 0.1096177671875 0.581229884375
570 0.20244244218750002 0.6144477765625 0.2081328625 0.6049773265625 0.20247300625000003 0.5661301421875 0.184466925 0.574645396875 0.173096271875 0.57748041875 0.183491353125 0.6191728140625 0.20244244218750002 0.6144477765625
1281 0.05376045 0.5186658234375 0.08596201718749999 0.5347920765625 0.14092526875 0.51303653125 0.11440393281250001 0.5035457046875 0.05376045 0.5186658234375
627 0.21158824843750001 1 0.23062965468750002 0.9858483578125 0.2752080125 0.9062945375 0.35291256875 0.8788689468750001 0.38703471562499997 0.8542580031250001 0.351124434375 0.71022973125 0.431653825 0.7102806703125 0.5084031859375 0.695170740625 0.5603684046875 0.919738590625 0.5650934421875 0.9386896796875 0.59825020625 0.9425002734374999 0.61153125 0.9150339296875 0.6058510171875 0.9083985015625 0.5538959859375 0.6677247734375 0.6866045453125 0.5541201234375001 0.710301046875 0.53613441875 0.709366228125 0.5162383234375 0.7027409875 0.5058126765625001 0.672419246875 0.5133727359375 0.638317475 0.505771925 0.6004152984375 0.5152219984374999 0.557777896875 0.5218268625 0.4999796234375 0.53221175625 0.4222852546875 0.54353146875 0.36827719999999997 0.5529713546874999 0.30006347031249997 0.553875609375 0.27637715625000003 0.5557554375 0.2877579984375 0.5368145359375001 0.31903493437499997 0.5169388171875 0.31526509375 0.48567206875 0.340851609375 0.47526679843749997 0.3389615953125 0.4676863625 0.3114850640625 0.470511196875 0.3181204921875 0.4648309640625 0.321920896875 0.4477800796875 0.2537071671875 0.44868433437500005 0 0.5441146203125 0 0.5451868203125 0.07062795 0.8123720343749999 0.14071131875 0.851259971875 0.17779637343750002 1 0.21158824843750001 1
2001 0 0.399924878125 0.033854165625 0.5357065203125 0.1276747875 0.4921852390625 0.037919460937499996 0.099902803125 0 0.10935718750000001 0 0.399924878125
2001 0.174403740625 0.06587345 0.275493278125 0.45532995 0.3408821734375 0.42694916406249994 0.253886815625 0.04605609375 0.174403740625 0.06587345
2001 0.33717944218749996 0.025288909375 0.3892915015625 0.282026825 0.427193678125 0.2725767515625 0.3676126609375 0.01770105625 0.33717944218749996 0.025288909375
278 0.6982095234375 0.1808499046875 0.62998560625 0.1978600375 0.6422707015625 0.2471328671875 0.7152298453125 0.23296794531249998 0.6982095234375 0.1808499046875
278 0.7312949703125 0.2974016453125 0.648865378125 0.30587614687500003 0.6706209234375 0.3608393984375 0.7416798640625 0.3551999171875 0.7312949703125 0.2974016453125
278 0.6698593015625 0.0671433734375 0.6338573281250001 0.0680680046875 0.63102230625 0.0566973515625 0.610181203125 0.053841954687500006 0.5988105499999999 0.0566769765625 0.6300263578124999 0.133436525 0.6897248328125001 0.1145261890625 0.6698593015625 0.0671433734375