407 0.026769431249999996 0 0.0198534296875 0.13196518906250002 0.63830179375 0.27334404375 1 0.2613834734375 1 0.027396462500000003 0.47724434374999997 0 0.026769431249999996 0
412 0.029617701562499998 0 0.0244684203125 0.043905925 0.08539630468750001 0.00388783125 0.0736159125 0 0.029617701562499998 0
413 0.3317015921875 0.0092811546875 0.291854603125 0.005314115625 0.2615029515625 0.0112384421875 0.2569725609375 0.02603099375 0.2986287859375 0.0432440828125 0.341070540625 0.0454683609375 0.35348341875 0.023573923437499998 0.3317015921875 0.0092811546875
412 0.4276504859375 0.1608519171875 0.2761732125 0.11345963437499999 0.23140306718749998 0.131779553125 0.373090428125 0.174901271875 0.4276504859375 0.1608519171875
412 0.792529440625 0.101067025 0.925661584375 0.068590490625 0.881831559375 0.0212035171875 0.6854577468749999 0.018426992187499998 0.792529440625 0.101067025
412 0.5445684921875 0.1989180359375 0.501733971875 0.2041881640625 0.58783756875 0.2331243765625 0.5913160562499999 0.21451920468750002 0.5445684921875 0.1989180359375
412 0.7711393640625 0.2464883125 0.7517559203124999 0.234199984375 0.6647404015625 0.24654842187499998 0.6753858359375 0.2583788078125 0.7711393640625 0.2464883125
412 1 0.1574875109375 0.9894360000000001 0.1414464171875 0.8747617859375 0.15610281718750002 0.9313692546875 0.198523184375 1 0.1926539234375 1 0.1574875109375
412 1 0.2223586578125 0.8921532031250001 0.23028541093750002 0.9100919765625 0.2462555203125 1 0.23256039843749998 1 0.2223586578125
819 0.9720641156250001 1 0.990063890625 0.6788010703125 0.612212128125 0.580091309375 0 0.7919024796875 0 0.9707701859375 0.5383382250000001 1 0.9720641156250001 1
1939 1 0.2647736984375 0.6371516984375 0.27140502187500004 0.611917553125 0.5857121140625 0.9883946390625 0.71065229375 1 0.48920881875 1 0.2647736984375
1939 0 0.7846067718749999 0.6099119359375 0.5762132671875 0.63196216875 0.27489054375 0.0193624734375 0.14133319687499998 0 0.51079119375 0 0.7846067718749999
1170 0.13824125625 0.643552675 0.1598548984375 0.637170409375 0.14776479375 0.629021803125 0.137483925 0.634119246875 0.13824125625 0.643552675
1171 0.11357009062500001 0.636623471875 0.13131248281250002 0.656340784375 0.169448428125 0.6451881734375 0.14556279375 0.623270159375 0.11357009062500001 0.636623471875
1016 0.07470501406249999 0.61392041875 0.1070340828125 0.6419171765625 0.13577288125 0.618999596875 0.10439752656250001 0.5966890625 0.07470501406249999 0.61392041875
1201 0.0454334671875 0.5992351296875 0.056275284375 0.6073183156249999 0.0854768390625 0.599454965625 0.0747332140625 0.58949818125 0.0454334671875 0.5992351296875
1273 0.111424490625 0.582027353125 0.112210021875 0.567038540625 0.0880298125 0.55074133125 0.0513385359375 0.558212159375 0.0712829265625 0.5836811171875 0.111424490625 0.582027353125
1273 0.0682254046875 0.5703696468749999 0.0473972921875 0.5617631015625 0.0020661984375 0.5669023890625 0.00128066875 0.5818912015625 0.021814206250000003 0.5961185484375 0.0676362578125 0.5816112546875 0.0682254046875 0.5703696468749999
1281 0.116319446875 0.5841626328125 0.12801678593750002 0.59980564375 0.177387315625 0.5892418125 0.1817213234375 0.5781964640624999 0.17087950624999998 0.570113278125 0.116319446875 0.5841626328125
994 0.1624778640625 0.6110054093749999 0.16299702031250002 0.5772151640625001 0.1480175765625 0.576430125 0.146446515625 0.606407746875 0.1624778640625 0.6110054093749999
247 0.1583966375 0.5694590796875 0.151454271875 0.5108540765625 0.12093443749999999 0.49610336874999994 0.0930793609375 0.5021585359375 0.0909191515625 0.5433777656250001 0.12055526406249999 0.5749908859375 0.1583966375 0.5694590796875
520 0.181637740625 0.48425471406250004 0.178803784375 0.6099822671874999 0.198776375 0.6110289859375 0.1856061671875 0.623489996875 0.22036181875 0.6290689578124999 0.2423682265625 0.6151922859375001 0.2255795484375 0.6011611968749999 0.24574852187500001 0.5984607125 0.24318195625 0.5757812359375001 0.2545147296875 0.574496415625 0.2507562765625 0.5029070421874999 0.2206992 0.5032105640625 0.1979636609375 0.4832315734375 0.181637740625 0.48425471406250004
793 0.2633227296875 0.597502990625 0.2894385640625 0.6007504109374999 0.289859528125 0.5688337671875 0.271135225 0.5678524687500001 0.2633227296875 0.597502990625
1281 0.34955271875 0.6001433656249999 0.375402178125 0.5845893531249999 0.3459342484375 0.573651265625 0.32133307499999997 0.5892706999999999 0.34955271875 0.6001433656249999
1373 0.3138015625 0.5419073062499999 0.2986257375 0.5448694703125 0.2939971546875 0.561535621875 0.289368571875 0.5782017734375 0.2985411375 0.6181361828124999 0.315063440625 0.6133658390625001 0.3191310765625 0.58351905625 0.32875280625 0.5671145828124999 0.3143625109375 0.5550879359375 0.3138015625 0.5419073062499999
1016 0.28775572031249996 0.561208521875 0.27730666875 0.5456309312500001 0.2568431203125 0.5539522203125 0.2656511203125 0.5769587953124999 0.28775572031249996 0.561208521875
1790 0.5538497921875 0.8099973421875 0.533554428125 0.8389936656250001 0.5396694703125 0.8656166046875 0.5549434875 0.8607808390624999 0.5603576 0.8291258750000001 0.6084516421874999 0.8429188609375 0.6315663546875 0.7840103359375 0.59720346875 0.7709369703125 0.5841596515624999 0.757102140625 0.5538497921875 0.8099973421875
1080 0.6358439640625 0.8218094656250001 0.6288451984375001 0.8120489375 0.621523659375 0.832331453125 0.6358439640625 0.8218094656250001
472 0.6279332765625 0.8533335890625 0.6381441546875 0.8256875078125001 0.6209627109375 0.8191508234375 0.6146930765625 0.8432459609375 0.6279332765625 0.8533335890625
628 0.6710769796875 0.74662730625 0.678005753125 0.733839196875 0.619925415625 0.7195228499999999 0.6160259640625 0.77004466875 0.6670093453125 0.7764740890625 0.6710769796875 0.74662730625
1105 0.64813045 0.8262108671874999 0.63556298125 0.89882338125 0.7186090578125001 0.9144481265625 0.7186936562499999 0.8411814109375 0.64813045 0.8262108671874999
139 0.7925107671875 0.8657162234375001 0.7809116203124999 0.8481996109375001 0.7611354125 0.8434056890624999 0.7617663515624999 0.8791349546875 0.785483803125 0.880377934375 0.7925107671875 0.8657162234375001
1175 0.7584424546874999 0.8470220515625 0.7308819515625 0.8474564156250001 0.7374597515625 0.8891335843749999 0.7560858640625 0.8919884859374999 0.7584424546874999 0.8470220515625
1437 0.707585465625 0.81429679375 0.69911383125 0.8326402859375 0.7223403265624999 0.8432512734375001 0.7503917859375 0.833448903125 0.8066346890625 0.8589414375000001 0.8422040703125001 0.82510935 0.8431441906250001 0.7594024609375001 0.713280559375 0.7056279140624999 0.67367174375 0.7448845453125 0.66852400625 0.7953409421875001 0.707585465625 0.81429679375
570 0.8310812703125 0.89404008125 0.8346161578125001 0.82659043125 0.8046572718749999 0.825020353125 0.80007048125 0.8886573796875 0.8310812703125 0.89404008125
1303 0.80524641875 0.81377874375 0.8044608890625 0.8287675546875001 0.8342233921875 0.8340848375000001 0.83270873125 0.8152179828125 0.80524641875 0.81377874375
1016 0.966971990625 1 0.9675227015625 0.9894918 0.7751047421874999 0.8873489812500001 0.7489325078125 0.9329460359375 0.86881301875 1 0.966971990625 1
1412 0.86104015625 0.8956101593750001 0.866622453125 0.8846302312500001 0.84464424375 0.874084665625 0.83262413125 0.8884846968750001 0.86104015625 0.8956101593750001
1050 0.8841276859375 0.693915409375 0.9121791453125001 0.6841130421875 0.8895699984375 0.6378382078125 0.89074829375 0.6153549921875 0.8807619984375 0.6148316328125001 0.8746887453125 0.63517956875 0.8476609906249999 0.6732167984374999 0.8690500515625 0.6950039718750001 0.8556406515624999 0.8314497734374999 0.8368181578125 0.8323420765625 0.83833281875 0.851208928125 0.8549251140624999 0.8689872203125001 0.8736494171875 0.86996851875 0.8936502078125 0.846593 0.8693718078125 0.8321693921875 0.8841276859375 0.693915409375
1281 0.9427679546875 0.8886208468750001 0.9460500578125 0.8737628765625001 0.9323471015625 0.84862101875 0.9137209890625 0.84576611875 0.8858095125000001 0.9006657609375001 0.9605803375 0.9308867984375 0.96550349375 0.9085998406250001 0.9427679546875 0.8886208468750001
1273 0.9656434765625 0.9536971140625001 0.9729932140625 0.9089923609375001 0.9444090062500001 0.8811918625 0.9476911109374999 0.8663338921875001 0.92853225 0.8258761234374999 0.906357659375 0.8190777593749999 0.8725975125 0.8661558984375001 0.87014273125 0.91299593125 0.9656434765625 0.9536971140625001
1411 0.97630351875 0.8697121515624999 0.955868171875 0.8536111999999999 0.9481538671875 0.8813881218749999 0.967340928125 0.8974236515625 0.97630351875 0.8697121515624999
520 0.9885492296875 0.6599342171875 0.97281245625 0.64971575 0.9527416734375 0.6505426328125 0.93342720625 0.8280114046874999 0.9334971984375 0.850560040625 0.9747324578125 0.8996897734375 0.9885492296875 0.6599342171875
1456 0.525043034375 0.4759493609375 0.48096022656250004 0.48115406875 0.4808338359375 0.50744990625 0.5259685468749999 0.506057821875 0.525043034375 0.4759493609375
1281 0.5026156609375 0.5217426749999999 0.5301761640625 0.5213083125 0.52587035625 0.507931425 0.49551870468750003 0.5138557515625 0.5026156609375 0.5217426749999999
520 0.57588643125 0.43728150781249997 0.5612015625 0.4308756640625 0.5377504859375 0.4484341203125 0.536179425 0.478411740625 0.551228859375 0.5017454171875 0.5746517375 0.5086092 0.57588643125 0.43728150781249997
1373 0.6706580468750001 0.44412702499999995 0.6549912640625 0.4564571953125 0.6549630640624999 0.4808794328125 0.6501099 0.525715025 0.6663376296875 0.5265654843750001 0.671555359375 0.498657725 0.66803508125 0.4702920234375 0.6767030984375 0.448201328125 0.6706580468750001 0.44412702499999995
1373 0.8706085359375001 0.4264247765625 0.88059483125 0.4269481359375 0.8755316921875 0.40413781875000004 0.8514214750000001 0.4103892453125 0.8452500328125 0.4326107828125 0.8511968937500001 0.43855868593749997 0.8481111718750001 0.4496694546875 0.8696266234375001 0.44516078906249995 0.8706085359375001 0.4264247765625
1603 0.5889448578125001 0.3553009875 0.5790139453125 0.4731416140625 0.6162661703125 0.4788514140625 0.620446603125 0.35131568125 0.5889448578125001 0.3553009875
1273 0.8436371796875 0.41561752968750004 0.8076332421875 0.4099731484375 0.8050102765625 0.43613814843750004 0.83352449375 0.44139000937499995 0.843707171875 0.4381661671875 0.8436371796875 0.41561752968750004
797 0.8721231968750001 0.445291628125 0.8994873171875 0.44860447031249995 0.9060233265625 0.443310765625 0.9039195171875001 0.43568552031249996 0.87271234375 0.43405002187499997 0.8721231968750001 0.445291628125
316 0.918856153125 0.5567081468749999 0.917481475 0.582938565625 0.9547337 0.5886483671875 0.9565011421875 0.55492354375 0.918856153125 0.5567081468749999
316 0.9932906109375 0.5455791125 0.9647763953125 0.5403272515624999 0.962938959375 0.551503440625 0.9608769421875 0.59084906875 0.99169135 0.5999789734375 0.9932906109375 0.5455791125
2001 0.119854334375 0.5167129828125 0.127163296875 0.2578288921875 0.0164585265625 0.2445121140625 0.0026835453124999997 0.53123854375 0.119854334375 0.5167129828125
2001 0.42422738281249994 0.2978210796875 0.23786806718750003 0.2711456734375 0.23567864374999997 0.5039956046875 0.416904828125 0.4853120546875 0.42422738281249994 0.2978210796875
2001 0.4875954421875 0.3067783 0.47721536562500005 0.480957809375 0.576222796875 0.478631578125 0.585719153125 0.32131448125 0.4875954421875 0.3067783
1353 0.6450769921874999 0.144065546875 0.59455636875 0.1526903578125 0.5571600953125 0.7707171328125 0.638551528125 0.7223777515625 0.6764523484375 0.16637608125 0.6450769921874999 0.144065546875
1250 0.21514612031250002 0.32255979218749997 0.1514834875 0.31922337500000003 0.1504587671875 0.458196978125 0.2095210171875 0.45377730937500005 0.21514612031250002 0.32255979218749997
1250 0.4253210796875 0.348604575 0.4221507578125 0.43298205625 0.434633628125 0.43363625624999996 0.478520053125 0.4321787515625 0.4838923734375 0.3535529140625 0.4253210796875 0.348604575
477 0.8583784484375 0.3731788984375 0.8760508484375 0.370347575 0.8886601093750001 0.34470593437499997 0.8774537265625 0.3196949171875 0.8589258046875001 0.314966415625 0.8557418921875 0.32795078437499997 0.844773684375 0.3461634390625 0.8583784484375 0.3731788984375
423 0 0.8664241453124999 0.031784878125 0.859665721875 0.04098564375 0.8751778921875 0.0502146078125 0.8662678250000001 0.042753085937500004 0.8414530671874999 0.0138461046875 0.8436956109375 0.013075182812499999 0.762869071875 0.0379709296875 0.7416288343749999 0.012640624999999999 0.723392603125 0 0.7205976187500001 0 0.8664241453124999
627 0 0.825572859375 0.02116764375 0.8234130953125 0.021687815625000002 0.6224143890625 0.10717406562500001 0.68701445 0.10965501562499999 0.9501690999999999 0.1183930234375 0.9506270406249999 0.12244706718750001 0.8493871468749999 0.267038375 0.7893299500000001 0.26876300937500003 0.8758427140625 0.276645496875 0.8687408281250001 0.28287435625 0.630466353125 0.1377931078125 0.53268309375 0 0.5803453843749999 0 0.825572859375
1864 0.2804321484375 0.9159079625000001 0.30424779218750003 0.9152773390625001 0.30273313125 0.8964104875000001 0.29169493125 0.8920745046875 0.2804321484375 0.9159079625000001
1865 0.282956921875 0.8916165656249999 0.3482606078125 0.8875239968749999 0.3531001796875 0.771295290625 0.31364595624999997 0.7598338453125 0.2809659125 0.7863023671875 0.282956921875 0.8916165656249999
627 0.291317790625 0.636545096875 0.2890447828125 0.7754532796875 0.403452621875 0.7419954453125001 0.4026106921875 0.8058287328124999 0.4119378484375 0.7950450640625 0.41600649843750004 0.59798981875 0.2727062859375 0.5378748453125 0.177906471875 0.5554515671875 0.291317790625 0.636545096875
423 0.3824855421875 0.521083165625 0.336859875 0.53184325625 0.336929865625 0.55439189375 0.3818399953125 0.5811692500000001 0.3837056296875 0.5455708234375 0.3824855421875 0.521083165625
423 0.423749003125 0.5457906593749999 0.3970722203125 0.5293626109375 0.3844347609375 0.5794264874999999 0.41945678593749997 0.6038068828125 0.423749003125 0.5457906593749999
517 0.5497131828125 0.6500870265625001 0.5522943546875 0.576951153125 0.5044666875 0.5819595984375 0.5021800875 0.64947466875 0.5153220968750001 0.661435896875 0.5497131828125 0.6500870265625001
1865 0.46104301875000003 0.598471334375 0.45144948906250004 0.5904535703125 0.42599279375 0.5985131781249999 0.43119591718750006 0.6664207671875 0.457704515625 0.6621737828125001 0.46104301875000003 0.598471334375
423 0.49035635781250003 0.6601274984375001 0.4691354796875 0.659015359375 0.45452060312500003 0.6751581515625 0.46122479375000003 0.6905394828125 0.46959823749999996 0.674069590625 0.4919692109375 0.67712075 0.4920392015625 0.6996693875 0.5043256890625 0.7040707890625 0.505602175 0.6797139718749999 0.5347055390625 0.6737242250000001 0.4964996015625 0.6623281999999999 0.4978042875 0.6135491421875 0.4981270609375 0.5835061015624999 0.4713238890625 0.593373890625 0.46961284531249997 0.5782542390625001 0.488435340625 0.5773619375 0.4827412609375 0.5188223546875 0.4518286625 0.5115660531249999 0.45147768906249997 0.5660313328125001 0.4656434015625 0.6062274203125 0.490118184375 0.6169038265625 0.49035635781250003 0.6601274984375001
627 0.48195573124999996 0.5338111671875 0.48988000937500004 0.5736801546875 0.49457858281249995 0.5795626390625 0.49578507812500006 0.532657184375 0.65304103125 0.565322334375 0.6519045265625001 0.6347764265625 0.6500388921875 0.670374853125 0.6562803265625 0.670701953125 0.664402003125 0.5396152765625 0.5313544593749999 0.498825096875 0.4692064875 0.5143555328125 0.48195573124999996 0.5338111671875
627 0.647977890625 0.54251201875 0.643264709375 0.632444884375 0.6981193421875 0.6127747265625 0.7038416203125 0.6468920703125 0.713968915625 0.5253042421874999 0.6711625953125 0.5061521296875 0.648763421875 0.5275232078125 0.647977890625 0.54251201875
423 0.7126496203125 0.669898646875 0.7211912468749999 0.674103790625 0.7241369859375 0.6178957484375001 0.7455542453125 0.615260684375 0.7472088890624999 0.6792248109375 0.75364670625 0.6758047078125 0.751599296875 0.6193349875 0.7669579140625 0.5412325078125 0.741136653125 0.532364284375 0.7242215843750001 0.544629034375 0.7126496203125 0.669898646875
247 0.728683 0.34007938437499996 0.6738565671875001 0.33532730625 0.6719909328125 0.3709257328125 0.7282620359374999 0.371996028125 0.728683 0.34007938437499996
247 0.76565424375 0.42280310156249995 0.7625267296875 0.3869429953125 0.6702516890625 0.38022831875 0.6682878640625 0.4177003453125 0.76565424375 0.42280310156249995
247 0.6708262296874999 0.4648020609375 0.741978584375 0.46853099687500005 0.74384421875 0.4329325703125 0.6704898640625 0.423451990625 0.6708262296874999 0.4648020609375
247 0.7533531484375 0.51421705 0.751473921875 0.47842236250000003 0.6682314640625 0.4665448203125 0.671555359375 0.498657725 0.7533531484375 0.51421705
283 0.6544293 0.610485028125 0.76444673125 0.63691701875 0.7949685984375 0.317250803125 0.77874086875 0.31640034375 0.6749366718750001 0.3147176890625 0.6544293 0.610485028125
247 1 0.34473187968749996 0.9502189328125 0.34041710625 0.947665959375 0.389130740625 1 0.3954665671875 1 0.34473187968749996
247 0.9995048625 0.40311998750000005 0.947175003125 0.39849875 0.9408771687499999 0.44701612500000004 0.9470204125 0.449216825 0.9994484625 0.4519644625 0.9995048625 0.40311998750000005
247 1 0.461368434375 0.9380860203125 0.4525060890625 0.9343829515625 0.499280703125 0.9963063406250001 0.5119197078125 1 0.4640641625 1 0.461368434375
247 0.9631353421875 0.5477562375 0.9904012718749999 0.552942678125 0.9933188109375 0.521156875 0.9361921859375 0.512526753125 0.9292352125000001 0.5497371015625 0.958899525 0.556927984375 0.9631353421875 0.5477562375
283 1 0.31659175 0.9466986546875 0.3120514046875 0.9147457109375001 0.7067925171875 0.9855053 0.718015859375 1 0.4040472265625 1 0.31659175
627 0.9250129875 0.6303019609375 0.9906812374999999 0.6431372234375 0.9929678375 0.5756221546875 0.9111700484374999 0.56006283125 0.8924175453125001 0.58350376875 0.8918137890625 0.6905607265625 0.9185887625 0.7051151765625 0.9250129875 0.6303019609375
798 0.7680934015624999 0.6389868796875 0.8163556265624999 0.6734549000000001 0.8370729718750001 0.445333471875 0.8002135125000001 0.432129265625 0.7847431125 0.44071223281250005 0.7680934015624999 0.6389868796875
798 0.8193431562500001 0.664217734375 0.872626728125 0.674525196875 0.8941421796875 0.67001653125 0.9143685687499999 0.45126310937499997 0.9122647609375001 0.44363786562499996 0.8400605015625 0.43609630624999995 0.8193431562500001 0.664217734375
627 0.9709122734375001 1 0.9779163703125 0.8867054031249999 0.656714884375 0.7101784203125 0.47662418593749994 0.826616340625 0.46587954375 0.9838680156249999 0.6929213578125 1 0.9709122734375001 1
423 0.713084178125 0.709375115625 0.7945873921875 0.7305552453125 0.7929045484375 0.69101335625 0.6882448296875 0.681770878125 0.686084621875 0.7229901078125 0.713084178125 0.709375115625