1156 0.22192881562500003 0.315431378125 0.2553753734375 0.41368631562499997 0.2904580953125 0.41820553125000004 0.33369299531249996 0.40333282031250006 0.32608620625 0.3914795078125 0.35753596718749997 0.3803079296875 0.327858715625 0.2899324765625 0.22192881562500003 0.315431378125
517 0.202897521875 0.5104414375 0.17521706875 0.5294924984375 0.18461613593749998 0.6624892906250001 0.2627292375 0.663852759375 0.29109142499999996 0.6057451484375 0.284916278125 0.5118730796875 0.202897521875 0.5104414375
423 0.5570850093749999 0.5869470125 0.5565396218750001 0.6181922531249999 0.5631238093750001 0.6886303921875 0.578269215625 0.7162426703125 0.5619648609375 0.7550265281249999 0.5886908859375 0.7906546375 0.600271503125 0.7986704687499999 0.6512495390625 0.7878397578125 0.6863322609375 0.7923589734375 0.6703687734375 0.81161455625 0.6352860515625001 0.8070953390625 0.5960931546875 0.8142249140625 0.5952750734375 0.861092775 0.62268283125 0.857664334375 0.626997528125 0.8342985781250001 0.658106421875 0.842655275 0.5669128859375 0.9192003874999999 0.56657201875 0.9387286625 0.597817259375 0.9392740500000001 0.6138489203125 0.9161128140624999 0.6337180625000001 0.89692540625 0.669209825 0.8780106921874999 0.6925755828125 0.8823253875000001 0.7187562187500001 0.9491987375000001 0.7261584875 0.9727690156250001 0.7496605921875 0.9692724 0.754111634375 0.9380953328125001 0.7280673453125 0.8634106734375001 0.7475956203125 0.8637515406249999 0.7788408609374999 0.864296928125 0.80988158125 0.8765592812499999 0.813310021875 0.903967040625 0.8407177812500001 0.9005385984375 0.83352003125 0.8652513562499999 0.759926146875 0.828805165625 0.7485500484375 0.8090723703125 0.7371739515625 0.7893395734374999 0.7175775015625 0.7929043625000001 0.7490272625000001 0.781732784375 0.811926784375 0.7593896296875 0.8126766921874999 0.7164274234375 0.770123528125 0.6922435859375 0.7275703625000001 0.668059746875 0.6809070234375 0.6555247 0.666102484375 0.6083841453125001 0.6508889046874999 0.584677521875 0.600592603125 0.55645168125 0.5655780546875 0.548026809375 0.5570850093749999 0.5869470125
268 0.6600636843750001 0.5067007671875 0.6598591640625 0.5184177328125 0.7259144328125 0.53910495625 0.79285595625 0.5090186640625001 0.7892229953125 0.49332787031249997 0.72707338125 0.47270882031249994 0.6600636843750001 0.5067007671875
1016 0.2936820171875 0.45733025625 0.308691075 0.4927538453125 0.46943649374999996 0.4603980609375 0.446616125 0.42483812500000007 0.2936820171875 0.45733025625
1250 0.07618880624999999 0 0.0959054828125 0.149144140625 0.36984672500000004 0.12267104375 0.35286691718749996 0 0.07618880624999999 0
275 0.0464667984375 0.5194314640625 0.11642772187499999 0.5401868609375 0.15568879375 0.52915163125 0.14472173593749998 0.48598490468750005 0.188297503125 0.4515839171875 0.18870654375 0.4281499875 0.2320096171875 0.4093716203125 0.34561448125 0.391820375 0.4041311328125 0.39674863125000004 0.48231240781249995 0.3942064453125 0.47934141406249997 0.116768590625 0.3582661078125 0.11465521249999999 0.033415003124999995 0.148053365625 0.0464667984375 0.5194314640625
627 0.1630228890625 0.5566275625 0.17578222500000001 0.72093776875 0.20387171718750002 0.6784527781249999 0.24683392343750002 0.6792026859375 0.282939246875 0.6251370765625001 0.2954061203125 0.582379390625 0.29581516093750004 0.5589454609375 0.47561164062500005 0.5542701296875 0.47672218437499997 0.7144701609374999 0.48816645625 0.7302973015625 0.5085128125 0.6837703078125 0.49218869062500004 0.499863653125 0.4938930265625 0.4022222765625 0.224061959375 0.41704658281249996 0.18048619375 0.4514475703125 0.1523967 0.49393256250000006 0.1630228890625 0.5566275625
627 0.7277551156250001 0.43365227031250003 0.6342239140625 0.4202991421875 0.5078794828125 0.49623069218750004 0.5347418546875 0.5240474921875 0.5312650078125001 0.7232358999999999 0.5703897328124999 0.7200119796875 0.5712759875 0.6692384640625 0.5600362359375 0.6416943578125001 0.5574940500000001 0.5635130828125 0.585174503125 0.544462021875 0.6278640156249999 0.56083455 0.6781603171875 0.589060390625 0.8646091578125 0.6509175421875 0.858726471875 0.764113365625 0.9129966015625 0.7885017249999999 0.99426545 0.8328955734375001 0.9999522531249999 0.5070988468750001 0.9573025093749999 0.4884480203125 0.7277551156250001 0.43365227031250003
2001 0.8714265031249999 0.2603520375 0.8836690890625001 0.0066208046875 0.6883863359375 0.00321213125 0.6880652359375 0.24543091874999998 0.8714265031249999 0.2603520375
633 0.7193984171875 0.46476116406249995 0.6092219953125 0.5097201671875 0.8071832796875 0.5834988046875 0.9253755343750001 0.5269591828125 0.7193984171875 0.46476116406249995
278 0.2233604578125 0.23341262187499998 0.23473655624999998 0.2531454171875 0.344367590625 0.2394316546875 0.3458674078125 0.1535072421875 0.2324670640625 0.159341521875 0.2233604578125 0.23341262187499998
278 0.4051537359375 0.33816380625 0.4601056 0.3234956140625 0.44961575781249996 0.252989303125 0.43015565625 0.2487427796875 0.39877406875 0.256008703125 0.4051537359375 0.33816380625
278 0.11113883124999999 0.39554127656250004 0.1737656578125 0.38882074218749996 0.1674541640625 0.302759984375 0.10866481875 0.313454346875 0.11113883124999999 0.39554127656250004
1331 0.7224662234375 0.2890066859375 0.7105447375 0.3005191296875 0.7257583171875 0.3242257546875 0.7530297296875 0.32860862343749997 0.7999657640625 0.32552105 0.7772135687499999 0.286055459375 0.7224662234375 0.2890066859375
1331 0.5757754359375 0.4114652296875 0.544462021875 0.414825496875 0.5204145296875 0.44956735156249994 0.5594029078125 0.45415474062500005 0.5867424921875 0.4546319546875 0.6027059796875001 0.43537637343749996 0.6031831953125 0.4080367890625 0.5757754359375 0.4114652296875
1917 0.2970027484375 0.043262646875 0.2927562265625 0.0627227484375 0.29241535937499996 0.0822510234375 0.292142665625 0.09787364374999999 0.295434759375 0.13309271250000002 0.3305856546875 0.1337062734375 0.31900503593749996 0.12569044375 0.3192777296875 0.11006782343749999 0.3272935609375 0.0984872046875 0.32777077499999996 0.07114761875 0.3163946765625 0.0514148234375 0.32858885625 0.0242797578125 0.2855584765625 0.02743550625 0.2970027484375 0.043262646875
1917 0.257878025 0.0464865671875 0.249998540625 0.050255875000000005 0.2576735046875 0.058203531249999996 0.2573326359375 0.0777318078125 0.24931680625000002 0.089312425 0.25692359531250003 0.10116573749999999 0.2605565578125 0.11685653124999999 0.2563782078125 0.132410978125 0.24856689843750002 0.13227463125 0.2639849984375 0.14426429062499999 0.287555275 0.1368620203125 0.28385414062500003 0.12507688125 0.28412683437499997 0.10945426250000001 0.29598014687499996 0.10184747187500001 0.284672221875 0.07820902187499999 0.2810392609375 0.06251822812499999 0.28521760937499996 0.046963781249999996 0.2735006453125 0.046759260937500005 0.257878025 0.0464865671875
1917 0.5302028703125 0.33643970156249997 0.5222552140625 0.344114665625 0.5219825203124999 0.3597372859375 0.521641653125 0.3792655609375 0.5212326125 0.402699490625 0.5247974 0.4222959390625 0.5404200203125 0.42256863281249996 0.5524778515625 0.40324487812500004 0.5566562015625001 0.38769043124999997 0.5490494109374999 0.3758371203125 0.5532277609375 0.3602826734375 0.557406109375 0.3447282265625 0.545825490625 0.3367123953125 0.5302028703125 0.33643970156249997
278 0.40796861562500003 0.4007224609375 0.44702516562500005 0.4014041953125 0.4477750734375 0.3584419890625 0.424477490625 0.35022163906250003 0.408786696875 0.3538546 0.40796861562500003 0.4007224609375
278 0.114430925 0.430760346875 0.1206742453125 0.520726759375 0.14821835156250002 0.509487009375 0.156643221875 0.474472459375 0.180349846875 0.45925888125 0.180895234375 0.42801364062499997 0.1575294765625 0.42369894375 0.114430925 0.430760346875
1050 1 0.2302551078125 0.9774927515625 0.227041825 0.9541269953124999 0.222727128125 0.9224045406249999 0.24952132656249998 0.9298749828125 0.2691859484375 0.9533089125 0.2695949890625 0.9806484984375 0.270072203125 0.9925018109374999 0.2624654140625 1 0.2625962953125 1 0.2302551078125
1050 1 0.308179525 0.8908866062499999 0.264598559375 0.8169518531250001 0.24768064375 0.78899870625 0.282354325 0.79646915 0.30201894687499997 0.827714390625 0.302564334375 0.8707447687500001 0.2994085875 0.8826662546874999 0.28789614218750004 1 0.33568663593750003 1 0.308179525
627 0.6712836671875 0.3115543609375 0.6517553921875 0.31121349375 0.60845231875 0.3299918609375 0.6043421437500001 0.34164065312499997 0.6356555578124999 0.3382803859375 0.6392203453125 0.357876834375 0.6978051703125 0.3588994359375 0.7021880406250001 0.33162802343750003 0.8503984125 0.34593558125 0.9165218546875 0.36271715000000004 0.9479034421874999 0.355451228125 0.9442023078125 0.34366608906249996 0.8351166593749999 0.32613461093749996 0.6712836671875 0.3115543609375
316 0.741244590625 0.332309759375 0.7133596171875001 0.363077784375 0.8144976093749999 0.388284225 0.841973540625 0.3809501296875 0.8501938921875001 0.3576525453125 0.741244590625 0.332309759375
1564 1 0.37903984999999996 0.9749021593749999 0.3754567171875 0.7138368328125 0.3357382 0.68608820625 0.358694915625 0.6196238968750001 0.361441621875 0.6230523375 0.38884938125 0.6889712593749999 0.417347915625 0.9921807109375 0.5046842015624999 1 0.4344851140625 1 0.37903984999999996
794 1 0.3873234890625 0.9747658124999999 0.38326802656250003 0.9266708296875 0.45275173593750007 0.9263299625 0.4722800125 1 0.49206979375 1 0.3873234890625