2001 1 0.07996839375 0.7870485296874999 0.11522039218749999 0.7427122515625 0.590247184375 0.97995041875 0.6716502828124999 1 0.454042315625 1 0.07996839375
539 0.61661920625 1 0.6180325734375 0.9996886828125 0.7054252703125 0.952960978125 0.725516378125 0.9296232265625 0.7292547078125 0.9027635015625 0.7275563218750001 0.85869779375 0.7121114171875 0.8447987921875001 0.716789728125 0.8389342171875 0.7198017609375 0.8203761140625 0.5618280625 0.7375425921875001 0.512150275 0.7499266796875 0.29094435937499996 0.62810039375 0.11903205312500001 0.656977134375 0.11290114531249999 0.6794449546875 0.09969935156250001 0.7033854421875 0.1678235609375 0.7658104046875 0.16590097343750002 0.7719160734375 0.151502890625 0.793660609375 0.1407473734375 0.9642055125000001 0.1478182609375 0.9627328437499999 0.16141531250000002 0.9660137234375 0.16977825468750002 0.7910769140625 0.20664950625 0.829854684375 0.31247810625 0.937404178125 0.369291 0.9862917796874999 0.5102839968749999 1 0.61661920625 1
542 0.8445462140625001 0.7434556031249999 0.8636226078125 0.7158464921875 0.7571319265625001 0.679342978125 0.7127840140624999 0.6942846609375 0.4248212359375 0.5896221109375 0.2886265171875 0.606984696875 0.2928669453125 0.621994725 0.5125134234375001 0.74577586875 0.552727746875 0.73047254375 0.717409184375 0.8159842078124999 0.717879175 0.8264817828125001 0.7717226593750001 0.845831515625 0.788727003125 0.8577756609374999 0.7966310296875 0.8626497562500001 0.87503025 0.8235003890625 0.8780422828125 0.8049422859375 0.8706829796875001 0.7938419750000001 0.8757244406250001 0.7838265890625 0.8742397359374999 0.7690576546875 0.8445462140625001 0.7434556031249999
1754 0.989242825 0.5971767765625 0.7839091812500001 0.547843040625 0.709066715625 0.5622080859375 0.7154113062499999 0.5690370390624999 0.7050615609374999 0.687335159375 0.714525025 0.690254396875 0.7246931953125 0.5740316828124999 0.9146887765624999 0.624114803125 0.88639526875 0.9792502578125 0.9015517578125 0.9805762796874999 0.9377492921874999 0.63031491875 0.9731037312499999 0.622951575 0.9506527140625 0.9430462296875 0.9561641640625 0.94352841875 0.989242825 0.5971767765625
872 0.55780075625 0.48205270625 0.577955521875 0.25168268125000004 0.45082900937500003 0.2447431359375 0.408478415625 0.23685535624999998 0.386134240625 0.5715983984374999 0.409483171875 0.590371496875 0.563761165625 0.651968771875 0.5804981234375 0.492403634375 0.55780075625 0.48205270625
1050 0.47451401249999997 0 0.46913592031249995 0.0037549890624999998 0.449076921875 0.0584649203125 0.4295305375 0.0755764546875 0.4343156890625 0.0843602671875 0.4332262421875 0.0968127015625 0.4349993625 0.124154615625 0.4599077328125 0.1409728546875 0.481953534375 0.1429016125 0.5000473249999999 0.1423933234375 0.52851245 0.1344272421875 0.5485288234375 0.12781328281249998 0.5471830703125 0.1590649140625 0.5582059703125 0.16002929375 0.5575222984375 0.12023494531250001 0.57311666875 0.10068636093750001 0.5801554484375 0.0678415140625 0.5679041515625001 0.033309003125 0.5401332156249999 0.0016012828124999999 0.5218304703125 0 0.47451401249999997 0
544 0.1084044078125 0.6832341234375 0.12040991406249998 0.65709768125 0.286992346875 0.6256633468749999 0.2886265171875 0.606984696875 0.392404096875 0.5951511453125 0.38766157031250004 0.5382713625 0.35640860937499996 0.5146241671875 0.0401091390625 0.543416415625 0.027057370312500002 0.80368595 0.0447453859375 0.8554244437499999 0.1925824640625 0.8160762296874999 0.165249409375 0.7634939046875 0.10053248906250001 0.70973220625 0.1084044078125 0.6832341234375
291 0.2064778875 0.48268530781249996 0.20520686718749998 0.4972131484375 0.1983175546875 0.4966104109375 0.191748765625 0.539952834375 0.22188016875 0.54468028125 0.2248600921875 0.4947499984375 0.21659291718749998 0.494026715625 0.217500790625 0.4836496859375 0.2064778875 0.48268530781249996
1240 0.5918841734375 0.48921720156250004 0.5984103375000001 0.49397075 0.5974277328125 0.5210715703125001 0.595067265625 0.5480518421875 0.5843327796875 0.5596604453125 0.5759803546875 0.6551291046875 0.5976630078125 0.661208671875 0.6061970078125001 0.563664609375 0.6040607390625 0.5404735046875 0.60384705625 0.51117673125 0.6102663781250001 0.50128189375 0.604178096875 0.47565374218749995 0.5972887828125 0.4750510046875 0.5918841734375 0.48921720156250004
2001 0.0667264125 0.5248322125 0.20926572187499998 0.51429858125 0.232635128125 0.1043587484375 0.0878527078125 0.0770528875 0.0667264125 0.5248322125
2001 0.22964524531250002 0.5035338109375 0.347201453125 0.49290573281250005 0.369150371875 0.1309413234375 0.2505473421875 0.1059258640625 0.22964524531250002 0.5035338109375
1939 0.0418344125 0 0 0.47816952968750004 0 0.8232464140625 0.5365670609375 0.6454070140625 0.5828781703125 0.00534098125 0.521830475 0 0.0418344125 0
1939 1 0.0418344125 0.58422481875 0.005458798437500001 0.5391412125 0.6477235140625 0.9624766453125 0.91898519375 1 0.48217756562499997 1 0.0418344125
1458 0.970593796875 0.6833794328125 0.7787503625000001 0.6226781890625 0.7556151140625 0.633201865625 0.7399997109374999 0.8116867484375 0.8238998656250001 0.8524877234374999 0.9174450593750001 0.894132528125 0.944094440625 0.906920503125 0.970593796875 0.6833794328125
1869 0.147764 0.5507437046875 0.146460871875 0.5338993640624999 0.124126653125 0.5193976265625 0.0891353640625 0.522610159375 0.11415057343749999 0.5540767859375 0.147764 0.5507437046875
581 0.8002076984375 0.1393758734375 0.787390646875 0.27000588125 0.7801276671874999 0.35302210624999997 0.9147950578125 0.3689865578125 0.9154892484375001 0.3293127578125 0.92804999375 0.2174819484375 0.9438364546875 0.1163898109375 0.795240971875 0.1326674671875 0.7946962484375 0.138893684375 0.8002076984375 0.1393758734375
581 1 0.10613622812500001 0.9540262171875 0.111007425 0.9529367703125 0.123459859375 0.9582666484375 0.12601745312499998 0.9370224359374999 0.3688399109375 1 0.37240423125 1 0.10613622812500001
819 0.95538876875 1 0.9624766453125 0.91898519375 0.5365670609375 0.6454070140625 0 0.8213457468750001 0 0.9539830046875 0.52597666875 1 0.95538876875 1
1354 0.8634410328125 0.7179218984375 0.7573135015625 0.6772675734375 0.6986422390625 0.6972299984375 0.6646656625 0.7047138890625 0.6351110906249999 0.7251324046875001 0.6102348296875 0.7396863437500001 0.7283252453125 0.8023002 0.775140465625 0.77502663125 0.828300278125 0.7545820156249999 0.854191253125 0.744299434375 0.8619884375 0.7345251421875 0.8634410328125 0.7179218984375
1354 0.7180607484375 0.8244063781250001 0.6417762046875 0.77590651875 0.5596170609375 0.7310752796875 0.483866721875 0.7558173546875 0.392596746875 0.78338421875 0.34375209687499997 0.8021150703125001 0.37797446562500003 0.8553001312499999 0.43395421875 0.89784096875 0.48707140625 0.9254923249999999 0.6170710015624999 0.867853203125 0.680890565625 0.852523778125 0.7180607484375 0.8244063781250001