1143 0 0.8376827171875 0.012123987499999999 0.8563520203125 0.318235178125 0.7914955124999999 0.3571939546875 0.593178459375 0.248835615625 0.5318084109375001 0 0.5251479406249999 0 0.8376827171875
744 0.046240204687499994 0.23742003125000002 0.08860101406250001 0.248553975 0.1050853546875 0.1860316671875 0.060100984375 0.172210190625 0.046240204687499994 0.23742003125000002
1922 0.5205237640625 0.6364147874999999 0.53333866875 0.59867103125 0.5177768734375 0.5591553734375 0.4708063328125 0.5321324671875 0.417567459375 0.5421149562500001 0.40100912031249997 0.5598941359375 0.39257504062500004 0.6070885703125 0.3928532796875 0.6433556078125 0.417585209375 0.6848204390625 0.3863244578125 0.7867994484375 0.41036966562500005 0.808949425 0.437218009375 0.8103964640625 0.448120740625 0.80419440625 0.4621610953125 0.7155940984375 0.4864914578125 0.64622000625 0.5205237640625 0.6364147874999999
1726 0.7266899484375 0.8463671093749999 0.59125435625 0.7771117375000001 0.44167283125 0.8645902718749999 0.6035729484375 0.96715924375 0.7266899484375 0.8463671093749999
1044 0.511927859375 0.849705171875 0.4931791078125 0.8627590109375 0.49124226875000004 0.8793863343749999 0.5117729484375 0.888010015625 0.5189569109375001 0.8767577578125 0.515213478125 0.8567931796874999 0.511927859375 0.849705171875
1030 0.962115959375 0.2723547140625 0.991668778125 0.1934413109375 0.9753462624999999 0.08986767031250001 0.8225106999999999 0.05738146875 0.5529567156249999 0.0554627828125 0.5444979703125 0.087742840625 0.64470046875 0.2325743609375 0.962115959375 0.2723547140625
345 0.6095630421875 0.8938868093749999 0.623293578125 0.8818961921874999 0.6237020609374999 0.86494400625 0.6105842515625 0.8515063484375001 0.5920150765625001 0.8411697203124999 0.5778267265625 0.8402837703125 0.5575249546875 0.838098371875 0.537018940625 0.8443890656249999 0.531592240625 0.8624044703125 0.5440479921875 0.8714416515625001 0.5606556625 0.883491225 0.583580996875 0.8883641546875 0.6095630421875 0.8938868093749999
345 0.675796396875 0.82277009375 0.6491522953125 0.8128469624999999 0.63058311875 0.8025103343750001 0.6015443625 0.7963379546875 0.5853945078125 0.7971649515625 0.5825913703125 0.8178678875 0.6013894515625 0.8346427999999999 0.630452875 0.8557295546875 0.650092590625 0.8535144765625 0.6799976453125 0.8556112406249999 0.6804061296875 0.83865905625 0.675796396875 0.82277009375
1705 0.23591513125 0.637685765625 0.1957940671875 0.6611059140625 0.1927866875 0.6902849437499999 0.21026065625 0.6982589031249999 0.2453881703125 0.6908163515625 0.2623549921875 0.6560849890625 0.23591513125 0.637685765625
831 0.46688332343749994 0.5355583578124999 0.4151728046875 0.5458657109375 0.4047278890625 0.5649443359374999 0.39127559375 0.6132019921875 0.3768830015625 0.620792134375 0.3910960171875 0.6365924625 0.3998576671875 0.65549381875 0.3813378234375 0.6749859421875 0.40467164218749996 0.6629066890625 0.4217371265625 0.6878328312499999 0.435671903125 0.6673661203125001 0.44260229375 0.6347612015624999 0.4550333796875 0.6288840062500001 0.48779090468749997 0.640106584375 0.5242178671875 0.6265506125 0.5311482562500001 0.5939456921875 0.517343725 0.56119318125 0.4843572921875 0.5435323171875 0.46688332343749994 0.5355583578124999
1448 0.694840215625 0.06432228749999999 0.6918081703125 0.0785869421875 0.7315454171875 0.0870333546875 0.750523075 0.0804177984375 0.7585733375 0.0650899234375 0.7181740343749999 0.0522430359375 0.694840215625 0.06432228749999999