407 0.473796109375 0 0.059250653125 0.0435704828125 0.3916559421875 0.36606005 0.4848923703125 0.35626050781249996 0.7339993781249999 0 0.473796109375 0
819 0.488833684375 1 0.89372281875 0.9574444375000001 0.482010709375 0.47832415 0.415968240625 0.48526549374999994 0.16528629374999998 1 0.488833684375 1
1939 0.737526690625 0 0.4818241484375 0.3644385234375 0.48119408124999996 0.47055444843750005 0.9209167765625 0.9545862375 1 0.9462742562500001 1 0.5111663109375 0.9462742562500001 0 0.737526690625 0
1939 0.1647539796875 1 0.411266759375 0.47790410625 0.39554079375 0.3656517359375 0.055365801562500004 0.043978796875 0 0.049797978124999996 0 0.4888336875 0.05372574375 1 0.1647539796875 1
1413 0 0.4514634875 0.0170417828125 0.613605221875 0.1108965484375 0.5723185546875 0.06822183750000001 0.203666009375 0 0.160425403125 0 0.4514634875
1267 0.048493715625 0.8381099593749999 0.0879605640625 0.80253969375 0.07938596406250001 0.72095781875 0.03562595 0.7530515484375 0.048493715625 0.8381099593749999
1281 0.1270190984375 0.7630845749999999 0.101283565625 0.592967753125 0.067136534375 0.604412284375 0.09491363750000001 0.7939533625 0.1270190984375 0.7630845749999999
1073 0.1348709125 0.23986634218749997 0.12486134687499999 0.182001890625 0.1011439265625 0.180566925 0.1076769546875 0.24272454375 0.1348709125 0.23986634218749997
676 0.2728001625 0.7674012015625 0.21317454218749998 0.274841734375 0.1663580375 0.24048467968749998 0.24048467968749998 0.8336419625 0.2728001625 0.7674012015625
770 0.40823372812500003 0.2621957203125 0.41150024375000005 0.2932745296875 0.446463903125 0.2895997015625 0.447082240625 0.258112578125 0.40823372812500003 0.2621957203125
1073 0.4008958015625 0.1176396 0.382288175 0.1274508734375 0.399052521875 0.13747216874999998 0.42665479375000004 0.1384988203125 0.45384875312500006 0.1356406203125 0.4530321234375 0.12787091718750002 0.42379659375 0.1113048625 0.4008958015625 0.1176396
1073 0.4092603796875 0.2345934484375 0.41396185937499996 0.24195483593749997 0.429909578125 0.2442064296875 0.4446323546875 0.2348034703125 0.43175285781249995 0.22437385937499998 0.4092603796875 0.2345934484375
676 0.5509465703124999 0.27469036406249997 0.585863309375 0.5695307374999999 0.6171404109374999 0.6055210484375 0.580392121875 0.25588444374999997 0.5509465703124999 0.27469036406249997
676 0.43846071875000003 0.4750459046875 0.47690091562500003 0.4670779109375 0.46791799999999995 0.3816111859375 0.42866117499999995 0.381809478125 0.43846071875000003 0.4750459046875