407 0.4341737515625 0 0.042326621875 0.104995121875 0.5544300171875001 0.3560059984375 0.6713975984375 0.3246646296875 0.7786123218750001 0 0.4341737515625 0
819 1 0.811501725 0.7108270625 0.47181739218749996 0.6051789249999999 0.500125725 0.5347178921875 0.705031890625 0.46201707187499996 0.72046796875 0.48223731093750005 0.7959309234374999 0.398264953125 1 0.55073365625 1 1 0.879619446875 1 0.811501725
1939 0.38483404375 1 0.48223731093750005 0.7959309234374999 0.317514959375 0.24154910312500003 0.038553475 0.10600613437499999 0 0.11633650625 0 0.55073365625 0.120380553125 1 0.38483404375 1
1939 0.7820516 0 0.675170746875 0.3236536171875 0.7125781859375 0.463260084375 1 0.8006588125 1 0.4492663421875 0.8796194453125 0 0.7820516 0
1939 0.5193544 0.6929723359375 0.41650208749999995 0.3242148671875 0.35336958749999997 0.3451752171875 0.457973025 0.7053753781250001 0.5193544 0.6929723359375
770 0.347574415625 0.3386399328125 0.415491075 0.32044171875 0.4124580390625 0.3091222765625 0.40612106875 0.2703797859375 0.33443126093750003 0.2895890125 0.347574415625 0.3386399328125
681 0.6499343484375 0.6822478296875001 0.536701015625 0.2596552796875 0.40841399218749996 0.294029684375 0.5281826078125 0.7108270625 0.6499343484375 0.6822478296875001
681 0.695463571875 0.4597578359375 0.663111190625 0.3390171078125 0.5773398046875 0.3660435296875 0.61521645625 0.47721593906250004 0.695463571875 0.4597578359375
343 0.3787315 1 0.47745315 0.7931687875 0.3339620484375 0.3180230703125 0.0513000046875 0.2441323765625 0.279952590625 1 0.3787315 1
1073 0.5283420203125 0.2133664953125 0.51149830625 0.22596785000000003 0.5495006828125 0.231961334375 0.57287968125 0.2135648078125 0.5849392375 0.1982013171875 0.5283420203125 0.2133664953125
1073 0.5596108015625 0.2696928125 0.5757144046875 0.2694219125 0.5925581203125 0.2568205578125 0.569919234375 0.262886628125 0.5596108015625 0.2696928125
1073 0.57423418125 0.294082821875 0.5913487953125001 0.2975850703125 0.6016572265625 0.2907788875 0.5893267718749999 0.290038775 0.57423418125 0.294082821875
1073 0.5850844125 0.3194838453125 0.605972175 0.32197508125 0.6180317296875 0.306611590625 0.59539284375 0.3126776609375 0.5850844125 0.3194838453125
1267 0.127106446875 0.30065700624999997 0.1639720875 0.4080562671875 0.18762198593749999 0.40576334375 0.1603246640625 0.303888353125 0.127106446875 0.30065700624999997
1267 0.14907780937499998 0.36756265312499997 0.10170542499999999 0.3115072359375 0.10508194687500001 0.39957154687499996 0.14942129531249998 0.4443075203125 0.14907780937499998 0.36756265312499997
1267 0.17395648125000002 0.55096666875 0.15171421875 0.46795741875 0.12705330937499998 0.46647719375 0.1513175953125 0.557032740625 0.17395648125000002 0.55096666875
1281 0.1857451375 0.519499575 0.189789184375 0.5345921671875 0.21519020625000002 0.5237419359375 0.180346590625 0.42388897031250006 0.14813938437500002 0.42443076875 0.178198840625 0.5215216 0.1857451375 0.519499575
1267 0.199952440625 0.40650345468750004 0.2339107703125 0.3974043484375 0.2131487328125 0.2897341875 0.17514635625 0.283740703125 0.199952440625 0.40650345468750004
1267 0.22650964999999998 0.5207089 0.2461155015625 0.5033233859374999 0.2283864984375 0.4069726671875 0.1971903046875 0.41128761562499994 0.22650964999999998 0.5207089
1267 0.20125380312500002 0.652841659375 0.22127572812500002 0.772842275 0.2544939453125 0.7760736234375 0.24127820312499998 0.6663814390625 0.20125380312500002 0.652841659375
1267 0.2294169609375 0.63720726875 0.20239053906249999 0.55143588125 0.17975165312500002 0.557501953125 0.2040159375 0.6480574984375 0.2294169609375 0.63720726875
1267 0.2653973140625 0.6356544562499999 0.2383708921875 0.5498830703124999 0.20542357500000002 0.562755325 0.24201831562499998 0.6540509828125 0.2653973140625 0.6356544562499999
1267 0.3032739671875 0.746826865625 0.27496563281249997 0.641178728125 0.23824516718750002 0.6550619953125 0.27409979687499997 0.7586881078125 0.3032739671875 0.746826865625
1267 0.326798140625 0.8497128671875 0.28467912812499996 0.767985528125 0.2695865359375 0.772029575 0.303690040625 0.8842129968749999 0.326798140625 0.8497128671875
1267 0.356983321875 0.8416247718750001 0.31681374687499997 0.7068024640624999 0.2931638484375 0.7090953875 0.3308421875 0.8648054578125001 0.356983321875 0.8416247718750001
1267 0.32105610625000003 0.67735739375 0.2882345125 0.5850507234375 0.25427618281250003 0.59414983125 0.2881087875 0.6902296484375 0.32105610625000003 0.67735739375
1281 0.29334271093750003 0.4380962734375 0.27926113125 0.44591346875 0.284316190625 0.4647792078125 0.272996746875 0.46781224374999997 0.2962500203125 0.5545946421875 0.3037963171875 0.55257261875 0.3098623875 0.5752115046874999 0.3033271046875 0.5810066765624999 0.34174555624999997 0.7243862921875001 0.3719307390625 0.716298196875 0.3244131796875 0.5389602515624999 0.31154092499999997 0.506012934375 0.3143030609375 0.5012287734374999 0.29334271093750003 0.4380962734375
1267 0.2653247265625 0.5750131921875 0.28796361406250004 0.568947121875 0.2616773046875 0.4708452796875 0.242811565625 0.47590033906249996 0.2653247265625 0.5750131921875
1281 0.2810122546875 0.4373561625 0.2658470765625 0.3807589453125 0.22811559843749998 0.3908690640625 0.2397785296875 0.4645808953125 0.262417415625 0.45851482499999996 0.25635134531250003 0.4358759375 0.262886628125 0.43008076562499997 0.2659196640625 0.44140020937499996 0.2810122546875 0.4373561625
1267 0.3018274296875 0.379206134375 0.2863913515625 0.3065053140625 0.2398316671875 0.29876070625 0.2723823609375 0.3749637734375 0.3018274296875 0.379206134375
1267 0.30027461875 0.3432257796875 0.3242680046875 0.4176777234375 0.3544531859375 0.409589628125 0.3345038484375 0.3502302765625 0.30027461875 0.3432257796875
1281 0.335930934375 0.49138955468749995 0.32083834375000003 0.49543360312500007 0.3407876828125 0.5547929546875 0.3563494859375 0.5223148484375 0.36470847968750003 0.5686036343749999 0.348604878125 0.568874534375 0.3660629796875 0.6491216484375 0.3917349015625 0.6543750203124999 0.38364680624999997 0.6241898390625 0.39442445 0.588949596875 0.4078385046875 0.6541041203125 0.43175930312500005 0.6679147999999999 0.4024399578125 0.558493515625 0.3870764671875 0.5464339593750001 0.3924024265625 0.5814033015625 0.388629278125 0.5824143140625 0.3663870171875 0.4994050625 0.3814796078125 0.495361015625 0.3774355609375 0.4802684234375 0.36456330625 0.44732110625 0.3532438625 0.45035414218750003 0.347177790625 0.42771525468749994 0.33208519999999997 0.43175930312500005 0.337411159375 0.46672864531249997 0.327842840625 0.4612043734375 0.32049485624999996 0.41868873593749995 0.30061810625 0.41997064687499996 0.3178053078125 0.48411415937499996 0.33289789999999997 0.48007011093749996 0.335930934375 0.49138955468749995
1267 0.4187613234375 0.7401464078125 0.39375692500000004 0.661921315625 0.3824374828125 0.6649543515625 0.40467974375000004 0.747963603125 0.4187613234375 0.7401464078125