1050 0.7461331906249999 0.1380364609375 0.7410705109375 0.15361280625 0.731518740625 0.16553705000000002 0.7292651390625 0.178027334375 0.732625165625 0.1915036625 0.7371052 0.20947210312500003 0.73822068125 0.22112238125 0.74270524375 0.23193265312500003 0.7455052656250001 0.243162928125 0.7449407328125 0.2480750390625 0.7454916828125 0.26463743125 0.7533543828125 0.260291359375 0.7567189390625 0.26660952187500003 0.7640216359374999 0.2600173953125 0.7690752578125 0.2587573859375 0.7673861890625 0.26633555625 0.7797289265625 0.279957925 0.7842180171875001 0.28361002812499997 0.8010634296875001 0.2794099953125 0.7999524765625 0.26060154999999996 0.7999570046875 0.25344338125 0.8083887656250001 0.23702702812499998 0.8067087531249999 0.2302888640625 0.80390873125 0.2190585890625 0.8005487046875001 0.205582259375 0.796073196875 0.1804556515625 0.7899131500000001 0.15574904843749998 0.77868589375 0.1537769578125 0.757369503125 0.1256922140625 0.7461331906249999 0.1380364609375
1481 0.3153827296875 0.355175878125 0.3579430640625 0.525876053125 0.418568434375 0.5393886078125 0.44714224218750004 0.632462903125 0.4566713734375 0.6563295015625 0.50720308125 0.650887571875 0.521230359375 0.6640899359375 0.5375112375 0.6648020156250001 0.5391912515625 0.6715401812499999 0.547044896875 0.6815104453124999 0.553214 0.6919007125000001 0.55938310625 0.70229098125 0.5666631625 0.7314896953125001 0.5559959109375 0.7317636609375 0.56384955625 0.741733925 0.577885890625 0.7406199531250001 0.591366746875 0.730101759375 0.5958603671875 0.7265956953125 0.5919403359375 0.7108733093749999 0.59362940625 0.7032951390625 0.594198465625 0.6912248562500001 0.49169955 0.3088294796875 0.3698480515625 0.3439818296875 0.3153827296875 0.355175878125
1978 0.28119529375 0.2611155375 0.33846969531250004 0.2468354265625 0.3250341171875 0.1857719390625 0.2666351796875 0.20271810937499998 0.28119529375 0.2611155375
369 0.39484448906249997 0.7671718640625 0.392044465625 0.7559415875 0.38643083906250003 0.75495554375 0.377448128125 0.7548095046875 0.36678087812500004 0.7550834703125 0.3566736296875 0.757603490625 0.3493709328125 0.764195615625 0.3426282390625 0.773033796875 0.3661574796875 0.85305176875 0.3723311125 0.8562838671874999 0.3841229 0.8533438437499999 0.3992837703125 0.8495638140624999 0.41613371250000003 0.8382056140625 0.39484448906249997 0.7671718640625
1009 0.83296556875 0.4360677984375 0.8329565109375 0.45038413437499997 0.8301429046875001 0.46062836406249996 0.8424539453125 0.5243579078125 0.8486230499999999 0.5347481765625 0.8604103109375 0.5389663203125 0.8722021 0.536026296875 0.877255721875 0.5347662875 0.8890475109375 0.5318262640625 0.892981125 0.5260741453125 0.8957992593749999 0.5086717484375 0.8745145640624999 0.430479828125 0.8425263953125001 0.40982721875 0.83296556875 0.4360677984375
1387 0.0665763015625 0.5054804374999999 0.07668355 0.5029604171875001 0.0901598796875 0.49960039062500006 0.097462575 0.493008265625 0.09241800781250001 0.4799519390625 0.09242253593750001 0.472793771875 0.08737796875 0.4597374453125 0.077835253125 0.4573453515625 0.0677280078125 0.459865371875 0.05481168125 0.465471453125 0.04469990625 0.47514964062500004 0.03851721875 0.4862338765625 0.0396326984375 0.49788415468749997 0.04861088125 0.5051883609375001 0.062638159375 0.5183907265625 0.0665763015625 0.5054804374999999
291 0.3214793859375 0.4800968359375 0.3203593765625 0.47560472656249997 0.31193667187499996 0.47770474218750003 0.3113721390625 0.48261685625000006 0.3023758453125 0.5039453218750001 0.3219850546875 0.5682409078124999 0.32871416249999996 0.58087723125 0.358480428125 0.5639129484375001 0.3405602875 0.492039190625 0.3214793859375 0.4800968359375
1057 0.1358281390625 0.1947754125 0.1464863359375 0.20881778281250002 0.1650253453125 0.18988141249999999 0.1919689484375 0.19747769375 0.22229974531250002 0.17560130000000002 0.249243346875 0.1831975828125 0.2683514171875 0.1521909296875 0.2891168609375 0.1637132828125 0.2896949765625 0.1373266640625 0.2605294671875 0.0921134890625 0.21282042343750002 0.07299485312500001 0.170151415625 0.0740907125 0.1229344546875 0.164590653125 0.1358281390625 0.1947754125
1917 0.9239851281250001 0.3274896046875 0.91778885625 0.36004834375 0.9216998296875 0.3900870640625 0.937407121875 0.41002759375000003 0.9739024953125 0.405699634375 0.981774253125 0.3870372265625 0.9801032953125001 0.365982725 0.958231428125 0.328493759375 0.9464622796875 0.2956429421875 0.9262930671875 0.2291013015625 0.9307912125 0.21843706875 0.9206930234374999 0.206640753125 0.9122703156249999 0.20874076874999997 0.903838553125 0.225157121875 0.9172741312499999 0.28622060781249997 0.9239851281250001 0.3274896046875
423 0.62882365 0.9808017921875001 0.754604234375 0.9470554906249999 0.7423384734375 0.811744265625 0.7530328953125001 0.7685212921875 0.7569891484375 0.7269783328125 0.74016185 0.7025456921875 0.7143427828125 0.6922833515625 0.6857055812499999 0.6994234078125 0.651987590625 0.7507724796875 0.6675907375000001 0.9353508749999999 0.6271572203125 0.9525891234375001 0.62882365 0.9808017921875001
819 1 0.8596278312500001 0.7518902453125 0.799820021875 0.7574133125 0.9439694296875001 1 0.8873315890625 1 0.8596278312500001
819 0.6519513671875 0.8080378250000001 0.6311859234375 0.7965154734375 0.6452313140625 0.781085165625 0.6188522421875 0.7685767703125 0.60372306875 0.7222496234375 0.584059521875 0.743852053125 0.566649578125 0.7529641984375 0.5666405218749999 0.7672805359375 0.58739238125 0.800277390625 0.6081261265625 0.8619069187499999 0.624912675 0.9507630703125001 0.6597325625 0.9325387781250001 0.6519513671875 0.8080378250000001
423 0.21545796875 1 0.2139434875 0.9601876890625001 0.1847915640625 0.8935000109375 0.16628425156249999 0.8623292046875 0.139349703125 0.8404165875 0.0983607109375 0.8482506093750001 0.0787016921875 0.8626948734375001 0.1016618734375 0.954783125 0.12297826406250001 0.9828678671875 0.13149747812499998 1 0.21545796875 1
423 0.54258831875 1 0.5278190984375 0.8986294687499999 0.2897116171875 0.9985528859375 0.2895133515625 1 0.54258831875 1
423 0.5363821734374999 0.6746262421875 0.5010249203125 0.6548136390625 0.44206597812500004 0.669513753125 0.40611249687499995 0.7047204406249999 0.411685371875 0.7701299984375 0.47401339531250003 0.7545898765625 0.5093842343749999 0.7529279765625 0.534083290625 0.7586982078125 0.5615868984375 0.7685405453125 0.5504049234374999 0.6949867750000001 0.5363821734374999 0.6746262421875
1754 0.5518238421875 1 0.6254545671875 0.9816417984375001 0.6019570234375 0.8515166515624999 0.5733696312500001 0.7799168578125 0.5576578109375 0.7671344984374999 0.475137934375 0.75192381875 0.40663174843750005 0.7713900078125 0.287015740625 0.8226847453125 0.2319632453125 0.8745817499999999 0.21733521093750002 0.9235568421875 0.21917764687500002 1 0.5518238421875 1