1354 1 0.526736109375 0.864720515625 0.49489205312499995 0.8124041890625 0.5869475296875 0.9587987578125 0.621856565625 1 0.5329738421875 1 0.526736109375
1146 0.580773940625 0.48922059687499997 0.5204921828125 0.250708484375 0.3807497640625 0.28467140468749996 0.4447256234375 0.53304769375 0.580773940625 0.48922059687499997
1794 0 0.5450369078125 0.011155107812499999 0.5975175609375001 0.08548805468750001 0.654133396875 0.091781053125 0.6762244171875 0.2092601953125 0.6427339515625 0.2005478765625 0.6318065546875 0.23789046875 0.6196093874999999 0.178041859375 0.3831350828125 0.1618920046875 0.3823080875 0.15407065 0.3605419296875 0.12240833124999999 0.3694018390625 0.12607776875 0.394180390625 0.0859073734375 0.400588996875 0.055748743749999996 0.4240384203125 0 0.4842786796875 0 0.5450369078125
461 0.646901715625 0.492203715625 0.60764695 0.47285918125000004 0.3993081046875 0.5448313625 0.437858396875 0.726196228125 0.46858042031249997 0.7580038328125001 0.5378142390625 0.7305084734375 0.54573425625 0.6926171265625001 0.5785164468749999 0.666480171875 0.6748275171875 0.6310994859375 0.646901715625 0.492203715625
1050 0.855828621875 0.46057418749999995 0.8412811203125001 0.41467920156250004 0.8113760640625 0.41677596406250006 0.8121683656249999 0.465594709375 0.8300508171875001 0.474572934375 0.8250079359375 0.48842408906249996 0.8297725796875 0.5108399718750001 0.8531310624999999 0.5080048484375 0.8479332703125 0.483551159375 0.836164240625 0.4732734859375 0.83443164375 0.46512225625000003 0.855828621875 0.46057418749999995
479 0.8359106671875001 0.49462614687500006 0.7911552046875 0.5020093375 0.7939583421874999 0.5227122750000001 0.8376185984375001 0.517691753125 0.8359106671875001 0.49462614687500006
99 0.34271353437499996 0.1883923203125 0.193392496875 0.20735222812499998 0.22004351562500002 0.3252202015625 0.3593281203125 0.30413385000000004 0.34271353437499996 0.1883923203125
407 0.44744788125 0 0 0.0951079828125 0 0.24659329843750002 0.6363620562500001 0.1344949046875 0.90394761875 0.00307216875 0.9032946093750001 0 0.44744788125 0
1073 0.45094569375000004 0 0.3777038875 0.014824543749999999 0.30615632656249997 0.12161712499999999 0.4500259984375 0.0995561890625 0.5576404703125 0 0.45094569375000004 0
214 1 0.4925391421875 0.9980959390624999 0.4835812421875 0.913677228125 0.454667715625 0.8863217375 0.49882007812499995 0.8642873671875 0.4928542453125 0.8163518640625 0.5754590421875 0.8058576171875 0.5862091703125001 0.6818072374999999 0.6338756546875 0.5844009609375 0.6716190078125 0.5498615078125 0.704519109375 0.5406420421875 0.7362970343749999 0.5448748734375 0.8163326156249999 0.5732269062500001 0.829475090625 0.5809495984375 0.9108987562499999 0.6054032874999999 0.9057009640624999 0.6156439625 0.9163034984375 0.6147283328125 0.9420566359375 0.631082428125 0.9513597234375 0.649422696875 0.9474613796875 0.6672804828125 0.9713539796875 1 0.9023044484374999 1 0.4925391421875
1939 0 0.2674435828125 0.1159634203125 0.83508476875 0.7359370765625 0.6330193828125 0.6361331484375 0.14093318906250002 0 0.254930946875 0 0.2674435828125
703 0.46131554374999995 0.6637036000000001 0.5591549703124999 0.6279980546874999 0.5487593859375 0.579090675 0.4500536609375 0.61072060625 0.46131554374999995 0.6637036000000001
703 0.5641731859375 0.629061275 0.665935621875 0.5967816218750001 0.6542405890625 0.54176081875 0.5564011640625 0.5774663640625 0.5641731859375 0.629061275
703 0.5094552890624999 0.5895748937499999 0.5522492453125001 0.5804787578124999 0.542491053125 0.542085278125 0.5012254515625 0.5508565515625 0.5094552890624999 0.5895748937499999