819 1 0.732249134375 0.890745121875 0.6286010109375 0.8249778531249999 0.6385867578125 0.7936910828125 0.585334196875 0.7918268859375 0.5577758187499999 0.7596354625 0.5566312812499999 0.6725122765625 0.4473573125 0.45008855625 0.490641415625 0.3501355671875 0.7155564937500001 0.3326554328125 0.727259046875 0.1777859140625 1 0.5525521203125 1 1 0.9048920171875 1 0.732249134375
407 0.45651790468750003 0 0.20199096718749998 0.0561669953125 0.3834918421875 0.17732851249999998 0.6059155640625 0.1340444078125 0.6203869640625 0.1269748984375 0.6725414125 0 0.45651790468750003 0
351 0.16816161875 1 0.33623643593749997 0.7065302921875001 0.2219624609375 0.18770153437499998 0 0.12279199062499999 0 0.552552115625 0.095107984375 1 0.16816161875 1
1939 0 0.1108614625 0.0657308875 0.1290586671875 0.223346884375 0.1754267125 0.34387821406249997 0.70490598125 0.3967434984375 0.5778570984375 0.44464335625 0.4838117921875 0.41516588906249996 0.3263431859375 0.3859283078125 0.1887911796875 0.19701828906250002 0.053230453125 0 0.0951079828125 0 0.1108614625
676 0.3838964078125 0.5925683859374999 0.42057348437500003 0.5208761453124999 0.41512828593749995 0.514046521875 0.3374012875 0.167157771875 0.271726515625 0.12121460625 0.2893540390625 0.185357565625 0.3838964078125 0.5925683859374999
676 0.840536784375 0 0.9564198953125 0.6745441765625 1 0.714008046875 1 0.5905329203125 0.97727875 0.43449293125 0.9388675765625001 0.23499454531250002 0.9115866890625 0.0690720046875 0.8986566968749999 0 0.840536784375 0
351 0.7554246453125 0 0.7469011828125 0.008232559375 0.8294086140625 0.4339755546875 0.8694817015625 0.45341238281249996 0.9199654140625 0.44667525625 0.8362587781249999 0 0.7554246453125 0
1603 0.5906320078125 0.137293028125 0.6033866015625 0.178510653125 0.607207490625 0.17769849843750002 0.67598349375 0.1630797078125 0.665425478125 0.11340815 0.5906320078125 0.137293028125
676 0.63476586875 0.1758343015625 0.6003778671875 0.183143696875 0.583802384375 0.142738228125 0.3935700859375 0.18716686875 0.44464335625 0.4838117921875 0.682350634375 0.43727906875 0.6498644328125 0.28444350625000003 0.63476586875 0.1758343015625
1939 0.6802185359374999 0 0.6340462109375 0.11608450156250001 0.6861715234375 0.4364669140625 0.6877958328125 0.4441086921875 0.76565293125 0.5473651937499999 0.6820934578125 0.0978847078125 0.70616333125 0.0608203546875 0.7956477750000001 0.5569636640625 0.7988963953125 0.5722472203125 0.8309953203125 0.6293206703124999 0.8776581453125001 0.6233956984375 0.8449320578125 0.45064353593749995 0.823963415625 0.4271459328125 0.746089028125 0.004411670312499999 0.7512343109375 0 0.6802185359374999 0
1073 0.3600867359375 0.142368240625 0.6886831953125 0.07252290781250001 0.6876311546875 0.04878541875 0.35984685 0.122451640625 0.3600867359375 0.142368240625
407 0.49258081875000004 0.20206315 0.419171771875 0.21367320625000003 0.49874567656249996 0.26864257343750003 0.49258081875000004 0.20206315
407 0.5669494109375 0.27011949375 0.6058230671875 0.1899733203125 0.5316018640625 0.1977624875 0.5508537 0.269547225 0.5669494109375 0.27011949375
1939 0.5992333296875 0.21533512031250002 0.5745911890625 0.268495184375 0.5886377109375001 0.3533668984375 0.6365924625 0.3910960171875 0.5992333296875 0.21533512031250002
1939 0.5003699859374999 0.27628435156250003 0.43469521406249995 0.23034118593750003 0.47936374062500003 0.44049008437500003 0.5136043531250001 0.3573351765625 0.5003699859374999 0.27628435156250003
819 0.6439018578125 0.42548401875 0.6398410812499999 0.4063795734375 0.5785594671875 0.3435285421875 0.56246375625 0.342956271875 0.5803311671875 0.42701583281250005 0.6439018578125 0.42548401875
819 0.47716716249999996 0.44894401874999995 0.5314717640625 0.4413947359375 0.519049553125 0.3641648 0.47716716249999996 0.44894401874999995