1321 0.200896028125 0.41070476562499997 0.21589374375 0.41044297968750004 0.23565080156249998 0.3963503203125 0.24290976406250003 0.3824758171875 0.24766910625 0.36864494375 0.23505106250000002 0.36199129218750004 0.2248726640625 0.351858109375 0.214694265625 0.34172492499999996 0.2134947875 0.27300687031250004 0.207895809375 0.23873510625 0.19515781875 0.22520964999999998 0.1847395234375 0.2013328546875 0.17444117812499998 0.18432786406249999 0.17926049375 0.17393289375 0.18395986250000002 0.1566661171875 0.18603966562500002 0.1325711671875 0.2030572078125 0.10477852968750001 0.20501706249999999 0.07381177343749999 0.1970983875 0.049891346875 0.184300421875 0.0329299890625 0.1667431125 0.029799503124999998 0.144246540625 0.030192182812500003 0.126869153125 0.0373694046875 0.1220498359375 0.0477643765625 0.12234970625 0.06494388906250001 0.11759036249999999 0.0787747625 0.1128310203125 0.0926056359375 0.11337078593750001 0.123528759375 0.11896976249999999 0.157800525 0.10421194375000001 0.171805921875 0.0768360796875 0.17915766875 0.047020570312499996 0.18998895 0.032922464062500004 0.2417892765625 0.0241234640625 0.3106818546875 0.030082285937499998 0.3655690359375 0.0381808828125 0.3997971703125 0.046999165625 0.4752561375 0.04533918125 0.52340240625 0.0608766625 0.554063746875 0.062915775 0.6708844390625 0.0685747265625 0.70859210625 0.0727729 0.9491052984374999 0.08563083906249999 0.969502559375 0.103547990625 0.9932484609375001 0.138602634375 0.9960735296875001 0.1558600734375 0.9820245015625 0.1376430515625 0.9410990859374999 0.13904385625 0.7348576609374999 0.146782609375 0.7484703765625 0.1499612265625 0.930573221875 0.16757850937500002 0.9371396109375001 0.18757546249999998 0.9367905640625 0.2076923640625 0.9433133203124999 0.23512820156249997 0.939397475 0.2321487921875 0.9119538859375 0.20429313593749998 0.891818409375 0.21137217656249999 0.8676361968749999 0.21975135781250002 0.7746923 0.21777222031250001 0.6613075109375 0.218772490625 0.5753663109375 0.21549321093749998 0.53074320625 0.21001418125 0.503343246875 0.20119589843750002 0.4278842796875 0.200896028125 0.41070476562499997
1316 0.7556101734375 0.6759781609375 0.820660246875 0.67827965625 0.82435934375 0.74695408125 0.8842902328125 0.7424710343750001 0.874051859375 0.728901946875 0.856374603125 0.71889965625 0.86059418125 0.6741456593749999 0.855055178125 0.6433097953125 0.879211734375 0.594770846875 0.8689733625 0.5812017593750001 0.8711731125 0.563978615625 0.8782521531249999 0.5397964046875 0.8827716000000001 0.5122219203125 0.879732215625 0.48134242499999996 0.8718735140625 0.46085790156249995 0.8515766906250001 0.44402743750000007 0.821581259375 0.44455100937500003 0.7949250828125 0.49313358906250004 0.7881459125 0.5344953140625 0.780767003125 0.5414980140625001 0.768808671875 0.5726392921875 0.7470317843750001 0.6142628046875 0.720615503125 0.6765889953124999 0.7556101734375 0.6759781609375
1690 0.994395546875 0.317804340625 0.9909770328124999 0.12195788437499999 0.9625216390625001 0.06746338125 0.8725353468750001 0.0690340984375 0.8768341828124999 0.1720675484375 0.951722096875 0.308238359375 0.994395546875 0.317804340625
1877 0.30746069375 1 0.35618945625 0.9991494359375 0.3536705515625 0.854841521875 0.8132406484375 0.8261979984375 0.8110601828125 0.9877726890625 0.8610525671874999 0.98690006875 0.8432360796875 0.8256744265625 0.950539784375 0.813490584375 0.9492203578125 0.737900725 0.93166305 0.7347702375 0.1473823484375 0.7828294062500001 0.141562759375 0.879165575 0.2838011609375 0.8629349968750001 0.2837008015625 1 0.30746069375 1
1878 0.2844415890625 0.75637838125 0.28480143281250003 0.776993796875 0.33973308125 0.7725980109374999 0.3393732390625 0.7519825953125 0.8242393968749999 0.740082275 0.818160628125 0.6783232875 0.183317315625 0.69284146875 0.1795175546875 0.7616467859375 0.2844415890625 0.75637838125
1567 0.3169987328125 0.3296283453125 0.32073640000000003 0.6870058593749999 0.6205707609375 0.6748983328125 0.6220122531250001 0.32774126406250004 0.5444640828125 0.3256579234375 0.3169987328125 0.3296283453125
819 1 0.6457902468750001 0.6630450031249999 0.5298050609375 0.266085334375 0.5642296140624999 0.00630485625 0.5790749484375 0.01365213125 1 0.110558071875 1 1 0.9844747328125001 1 0.6457902468750001
407 0 0.170240946875 0.6472890312499999 0.200132921875 0.8438593421875 0.1451475296875 0.8525383921874999 0.069383146875 0 0.008973784375 0 0.170240946875
1094 0.4956365421875 0 0.0013484265625 0.008627831249999999 0.8724153984375 0.0621622921875 0.9549628078125 0.064158371875 0.9908570859375001 0.1150860796875 0.98884825 0 0.4956365421875 0
1939 1 0.495636571875 0.9980046828125 0.3813249109375 0.9908570859375001 0.1150860796875 0.6522282953125 0.19660975625 0.6529479828125 0.2378405890625 0.660485409375 0.5264127875 1 0.6457527062499999 1 0.495636571875
1939 0 0.217869984375 0.0029463171875 0.3866643953125 0.00630485625 0.5790749484375 0.6605453828125001 0.529848690625 0.6522282953125 0.19660975625 0 0.166807378125 0 0.217869984375
872 0.2908009421875 0.6909653359375 0.32073640000000003 0.6870058593749999 0.3194983515625 0.3295847140625 0.396926575 0.32479625 0.354133178125 0.3083584640625 0.279384496875 0.3234110046875 0.267524709375 0.6466912796875001 0.2908009421875 0.6909653359375
433 0.6708437296875001 0.5468536796875 0.6783425875 0.5467227875 0.6725037140625 0.49870741093750004 0.6199517359375 0.49618776093749994 0.6235908593749999 0.5614262796875 0.65846558125 0.553943640625 0.6619847578125 0.61231035625 0.619611178125 0.6199238890625 0.6226505625 0.6508033828124999 0.6327090125 0.6540647625 0.6331288296875 0.67811608125 0.6481265453125 0.6778542953125 0.647706728125 0.6538029765625 0.7077575640625 0.6561917328125 0.7106170265625 0.6767635203125 0.720615503125 0.6765889953124999 0.7198958171875 0.6353581625 0.6695435890625 0.6156153671875 0.6708437296875001 0.5468536796875