1321 1 0.2862407640625 0.9806236453125001 0.2741495703125 0.9553745234375001 0.2612667140625 0.9438510843750001 0.2444990453125 0.9564532109374999 0.21214029218750002 0.9634104593749999 0.1820051375 0.9616307203125001 0.167486978125 0.95985098125 0.1529688203125 0.9637161187500001 0.1362270671875 0.9611633515625 0.1250572578125 0.9456579312500001 0.1144239140625 0.9237346046875 0.10936251562499999 0.9059101 0.10877422343750001 0.8898653359375001 0.12270408749999999 0.8771463671875 0.144455409375 0.8726250437499999 0.1751529453125 0.8834922984375 0.20587639375000003 0.8805170296875 0.22987722656249998 0.881523740625 0.24774373593750001 0.884076509375 0.25891354375 0.8704676687499999 0.2734057875 0.855312775 0.29459473125 0.8400410390624999 0.305176246875 0.8274389109375001 0.3375349984375 0.8119783578125 0.40450201249999995 0.799915575 0.41229755468749996 0.787852790625 0.4200930953125 0.774127109375 0.423977909375 0.7759068484375 0.43849606874999997 0.7801225140625 0.453576603125 0.7965178046875 0.4714690265625 0.81113335625 0.4748432921875 0.8072682171875 0.49158504687500004 0.7829538328125001 0.56356163125 0.7718977609375 0.58922368125 0.759412475 0.6321898640625 0.742522709375 0.716461009375 0.7170127953125001 0.8269565828125 0.7058847484374999 0.9196115624999999 0.70778133125 0.9447371515625 0.6763479875 0.958641103125 0.6677278421875 0.9848655296875 0.693749990625 0.9944000359375 0.7147834468750001 0.99220235625 0.7342708484375 0.9967013765624999 0.7528683796875 0.9939413171875 0.7938388468750001 0.816478728125 0.8042387328125 0.8047724593750001 0.764125746875 1 0.8310081921875 1 0.8786288593749999 0.7937322265625 0.8920040140625 0.7580251234375 0.9182869546875001 0.6441812 0.9398597546874999 0.6174203078125 0.9482462171874999 0.5699810203125 0.9725606015625001 0.49800443593750005 0.9875986546875 0.46620806249999996 1 0.4284803734375 1 0.2862407640625
1316 0.1969745546875 0.3789022 0.167743453125 0.37215366875 0.1443909140625 0.3843964 0.13244497187499998 0.4027993703125 0.1230517984375 0.43237215156250003 0.1217394265625 0.4602837125 0.12363600781249999 0.4854093 0.1222067953125 0.50271343125 0.109370984375 0.5138573234375 0.1229078484375 0.5663580109375 0.11107874843750001 0.5953684124999999 0.1059012390625 0.6400217265625 0.0865306796875 0.6461301359375 0.07369486875 0.657274028125 0.1313840453125 0.6741194421875 0.1492805234375 0.6077148046875 0.2133876046875 0.6189882734375 0.2474905578125 0.626861559375 0.23460987968749997 0.5604050921875 0.22196288437499997 0.515163484375 0.21674050781249998 0.48221644062499996 0.2109787875 0.4738326046875 0.2129473453125 0.43196526406249997 0.1969745546875 0.3789022
1690 0.12160711718749999 0 0.09835136875 0.028139145312500002 0.05428879062500001 0.2189951390625 0.0980186015625 0.21851050625 0.19958153750000002 0.10088542812500001 0.22520829375 0.000997284375 0.22088858125000002 0 0.12160711718749999 0
1877 0.6148271203125 1 0.636015946875 0.8999542625 0.7717715703125 0.945403190625 0.7861085703125 0.8499622375 0.028958346875000002 0.63989215 0.0111338421875 0.6393038578125 0 0.6875298265625001 0 0.714930059375 0.0965529328125 0.747194865625 0.0456050796875 0.9011930843749999 0.0943235828125 0.9124406374999999 0.12578403437500002 0.753943396875 0.5693560984375 0.8775109859375 0.54107728125 1 0.6148271203125 1
1878 0.6529057140625001 0.815683115625 0.6575438796874999 0.7955930125 0.759079709375 0.8225612218749999 0.7696684125 0.754469453125 0.1517164484375 0.60827718125 0.1329301 0.667422740625 0.6047265546875 0.779872353125 0.6000883875 0.7999624562500001 0.6529057140625001 0.815683115625
1567 0.4164686125 0.3061377578125 0.3457005921875 0.6460083140624999 0.63646555625 0.72019033125 0.714424509375 0.37139947812499996 0.4927553203125 0.3202231125 0.4164686125 0.3061377578125
819 0.8925864375 1 0.9664661140625 0.6799919625 0.71544898125 0.6114596359375 0.3343211015625 0.49525478593749994 0 0.5362702890625 0 0.8906643234375 0.47358484843750004 1 0.8925864375 1
407 1 0.11093363125 0.2446956953125 0.0054963046875 0.23743278750000002 0.08140952968750001 0.41827545937500005 0.176062625 1 0.271907003125 1 0.11093363125
1094 0.26496709687500003 0 1 0.1096299140625 1 0.1022820421875 0.5569678031249999 0 0.26496709687500003 0
1939 0 0.5361065843749999 0.3375300546875 0.4924688125 0.4049003046875 0.211769728125 0.41417663749999994 0.17158951875 0.0998974234375 0.0214424453125 0.037551853125 0.28037725 0 0.44303219374999997 0 0.5361065843749999
1939 1 0.268401715625 0.41417663749999994 0.17158951875 0.3367570265625 0.49581716406250004 0.9664661140625 0.6799919625 1 0.5347407453125 1 0.268401715625
872 0.6649236296875001 0.7302872140625001 0.6968963171875 0.6918200546875 0.7525094421875 0.373138440625 0.6825237984375 0.342873709375 0.63724793125 0.3500550421875 0.711988584375 0.37083710000000003 0.63646555625 0.72019033125 0.6649236296875001 0.7302872140625001
433 0.3181323875 0.6431705109375 0.3327479390625 0.646544778125 0.3381591328125 0.623106321875 0.34867586093749997 0.62200748125 0.35806903437500004 0.5924347015625 0.3182043625 0.57617758125 0.3337817578125 0.519817996875 0.3663386546875 0.534387984375 0.38346210625 0.4713316984375 0.33153465 0.4628701171875 0.3158404125 0.5086222734375 0.3231481875 0.51030940625 0.31012355937499997 0.5778388 0.256766890625 0.58668135 0.2474905578125 0.626861559375 0.2572342578125 0.6291110703125 0.26430834999999997 0.6095833421875 0.32354358125 0.6197320562499999 0.3181323875 0.6431705109375