1584 1 0.43860772031249995 0.9873290000000001 0.3877871140625 0.8198854593749999 0.402379628125 0.6516834796875 0.47180012031249996 0.7218769203125001 0.9517417765625 1 0.8863632078125001 1 0.43860772031249995
1584 0.1893132125 0.36996603906250003 0.24093365000000003 0.560470040625 0.24869079843750003 0.566780875 0.25062617343750004 0.5745432421875 0.2570930734375 0.575679165625 0.25645316406249996 0.5648455 0.52685615 0.475440040625 0.5371990156249999 0.4838544859375 0.47199965625000007 0.28849118125 0.1893132125 0.36996603906250003
1584 0.5359905281249999 1 0.71220004375 0.9129299468750001 0.647802296875 0.47276780937499996 0.0332486328125 0.678211003125 0.11506384375 1 0.5359905281249999 1
544 0.021631165625 0.63988301875 0.0306629171875 0.6761073921875 0.6698043609375001 0.4535405640625 0.6174188234375 0.45011192656250004 0.021631165625 0.63988301875
860 0.6172831999999999 0.6645133765625 0.75312981875 0.6223981015625 0.6383184234375 0.128846225 0.4856516078125 0.1779035484375 0.6172831999999999 0.6645133765625
1694 0.8479127328124999 0.060098675000000004 0.839520890625 0.0347079671875 0.808471428125 0.042449468750000004 0.7948872875 0.045836375 0.77936255625 0.049707125000000005 0.752194275 0.0564809390625 0.7269561546875 0.0792633265625 0.7185486625 0.078611246875 0.7062547734375 0.0871730625 0.6855533921875 0.0950828 0.67261959375 0.092810953125 0.6583798953125 0.1101028234375 0.678404853125 0.1490828890625 0.7474332343750001 0.4259406015625 0.8211809265625 0.399308328125 0.9356653890625 0.3872539640625 0.8672977828124999 0.0882450765625 0.8589059406249999 0.06285436875 0.8479127328124999 0.060098675000000004
1694 0.26640128750000003 0.1748544296875 0.24181350781250002 0.191978065625 0.224348184375 0.196332659375 0.20041596093749997 0.199551328125 0.20941641406249997 0.285252959375 0.21586766562499998 0.31112751250000004 0.21198126562500003 0.320341409375 0.22359873281249998 0.35866939531250003 0.35038751874999996 0.32156079531250004 0.335539209375 0.2785417421875 0.3206909015625 0.235522690625 0.31423965 0.20964813750000003 0.29420947656249996 0.1789142828125 0.279985428125 0.1714675234375 0.26640128750000003 0.1748544296875
1316 0.198287584375 0.49689871874999997 0.1763116015625 0.474894915625 0.1601469609375 0.4679320015625 0.13880567187499998 0.4650080734375 0.1323492046875 0.44737972968750006 0.1368859453125 0.4325070796875 0.128494103125 0.40711637031250003 0.1091038375 0.3872161796875 0.094229446875 0.38542817500000004 0.0767589078125 0.3980289796875 0.0709267015625 0.4159729296875 0.0838500671875 0.434737196875 0.0967734328125 0.45350146249999995 0.10128409218750001 0.47985985937500003 0.10127365937499999 0.4963522796875 0.12908185 0.50041213125 0.1569004703125 0.48797956249999996 0.1924501609375 0.523088878125 0.2047284015625 0.539265690625 0.2241134515625 0.567412090625 0.22217807656250002 0.559649725 0.21572160937499998 0.54202138125 0.2092703578125 0.516146828125 0.198287584375 0.49689871874999997
1322 0.3031125484375 1 0.29629442968749997 0.972654015625 0.30148151093750003 0.952122609375 0.2866332015625 0.9091035562500001 0.262097584375 0.8437650953125001 0.2401529 0.7722840359375 0.236927275 0.759346759375 0.24404973281250003 0.74657771875 0.227255615625 0.7122887203125 0.2149930234375 0.6713732796875 0.2014506140625 0.608790509375 0.21309416250000002 0.605887446875 0.22603839374999998 0.5916668765625 0.21894201875000002 0.5632048671875001 0.1924501609375 0.523088878125 0.161426778125 0.48959933125 0.14719751406249998 0.49039878124999997 0.11226686718750001 0.4991079703125 0.10386980937500001 0.481963471875 0.1038854578125 0.45722484375 0.08320494218749999 0.432149740625 0.06381467656249999 0.41224955 0.0444191953125 0.40059556875 0.0191862890625 0.41513174687500004 0.013354082812500001 0.43307569843750005 0.0230257421875 0.48013373593750003 0.0449912921875 0.518629959375 0.0566191921875 0.540465525 0.03849309375 0.5669712921875 0.027489454687499998 0.5807080203125 0.0261731234375 0.6167641578125 0.03715068125 0.644258478125 0.0552559140625 0.6507375484375 0.06818449531250001 0.66125560625 0.08303280468749999 0.7042746578125 0.09014482968750001 0.7079980375 0.103026465625 0.79273198125 0.115902884375 0.8857121343750001 0.133945521875 0.9911457203125 0.13615314218750002 1 0.23333845625 1 0.23160457031249998 0.9942796156249999 0.21805694375 0.9399430546875 0.2507379515625 1 0.3031125484375 1
1939 0.493218696875 0 0.6658136359375 0.627678653125 1 0.7046737796875 1 0.43860772031249995 0.9683746109375001 0.3117652140625 0.889074025 0 0.493218696875 0
1939 0.44806610312500006 0 0.1927422734375 0.06130114062499999 0 0.10935718750000001 0 0.5485096109375001 0.0829232625 0.8774450593750001 0.6664587609375 0.6302661078125 0.49308703437499996 0 0.44806610312500006 0
396 0.2004107453125 0.20779753906249998 0.20365201875 0.19599618593749998 0.2295248328125 0.192293671875 0.21014499999999997 0.1559010625 0.19850145156250001 0.15880412500000002 0.1952758265625 0.1458668484375 0.14870684843749998 0.149232890625 0.150631790625 0.173487675 0.106648528125 0.17895732656250002 0.0988757296875 0.19738512187499999 0.10145101406249998 0.215981153125 0.10920294687500001 0.230538196875 0.2004107453125 0.20779753906249998
253 0.42769820000000003 0.7969796203125 0.41673107343750004 0.7529928796875 0.3701516625 0.7728513390625 0.3888811546875 0.8149027046875 0.42769820000000003 0.7969796203125
253 0.2569418015625 0.81481924375 0.27113976875 0.86349705 0.3164237125 0.8467098890625 0.3022257453125 0.7980320812499999 0.2569418015625 0.81481924375
291 0.8082262625000001 0.43002132031249996 0.81792921875 0.4276021 0.824401334375 0.42049181406249997 0.800536925 0.3165097609375 0.79471515 0.3179612921875 0.79213465 0.3076114703125 0.7843722843750001 0.3095468453125 0.782436909375 0.3017844796875 0.776615134375 0.30323601093749997 0.778550509375 0.3109983765625 0.77078814375 0.31293375156250003 0.770782928125 0.3211799609375 0.7694874609375 0.3242512609375 0.7965827140624999 0.43292438281249995 0.8082262625000001 0.43002132031249996
1603 0.7381119953125 0 0.752194275 0.0564809390625 0.8311238328125 0.0175634671875 0.8276091328125 0 0.7381119953125 0