407 0.874933765625 0 0.9463527078125 0.04890758125 0.9394374296875 0 0.874933765625 0
1939 0.4694186875 0 0.026765942187500003 0.0543509234375 0.9762161375 0.3085367140625 0.9446926015624999 0.05179810781250001 0.87221610625 0 0.4694186875 0
1567 1 0.51865174375 0.9742310453125 0.3087804515625 0.028722471875 0.0541106921875 0 0.0576373671875 0 0.5305813046875001 0.057637368749999994 1 0.48681859843749997 1 1 0.9369892468750001 1 0.51865174375
358 0.547751021875 0.8232567890625001 0.5365256203125 0.8138883218749999 0.5180098203125 0.8107883921875001 0.50050415625 0.7995043515625 0.486283525 0.798563734375 0.479028309375 0.788707790625 0.4528971234375 0.789229603125 0.43369617031249996 0.7969605703125 0.428426046875 0.7868608874999999 0.38507900156249997 0.7948699296874999 0.23114639062500003 0.8540708703125001 0.2681779921875 0.8602707328125 0.28438371562500003 0.8609676125 0.3141249171875 0.873436009375 0.32567530312500004 0.8854512640625 0.341556040625 0.8835013546875 0.3696371359375 0.89886028125 0.38880290624999997 0.9072537921875 0.40464846093749995 0.921428359375 0.4287945546875 0.9211502843750001 0.6039483921875 0.8378501609375 0.5914230515625001 0.8178945375 0.570922159375 0.8150383437500001 0.547751021875 0.8232567890625001
1869 0.18281068281249999 0.7229844125 0.031908484375000004 0.7576330296875 0.0406478953125 0.8452208296875 0.11828593125 0.8867352421874999 0.4281010625 0.7842140984375 0.430446321875 0.770492671875 0.18281068281249999 0.7229844125
358 0.21778682656249998 0.7616769671875 0.23200745781249998 0.7626175875000001 0.24756321093749997 0.7580208875000001 0.2538082890625 0.7760609390625001 0.2719991046875 0.77651408125 0.300800534375 0.76491763125 0.31307125625 0.7499775109375 0.3117713171875 0.739390353125 0.292605546875 0.730996840625 0.2687844390625 0.7339217062500001 0.24994365312500003 0.7281749843750001 0.23705814531249997 0.7216970468749999 0.21886732968749997 0.7212439046875 0.2013264828125 0.72608434375 0.1907510515625 0.7220094578125 0.17685540625 0.7237156296875 0.1619848046875 0.71748143125 0.148089159375 0.7191876015625 0.12625314375000002 0.7218687265625 0.1235828984375 0.7329433625 0.1083873125 0.724062375 0.09449166718749999 0.7257685453125 0.0726556515625 0.728449671875 0.060059945312499995 0.7407429999999999 0.0610349 0.74868336875 0.0725852859375 0.7606986265625 0.0911010859375 0.76379855625 0.104671746875 0.7594455953125 0.10532171718750001 0.7647391765625 0.117882240625 0.7685703234375 0.13242785625 0.77215773125 0.142028334375 0.7682922484375 0.145313365625 0.77863566875 0.163829165625 0.7817356 0.1793849203125 0.7771389 0.19360555 0.7780795203124999 0.21114639687499998 0.7732390812500001 0.21778682656249998 0.7616769671875
1870 0.23899971406249998 0.5898107015625 0.23499434687499998 0.60642265625 0.1390247640625 0.6289530109375 0.112243609375 0.6241812453125 0.097012840625 0.6314247328125 0.07124182343749999 0.618468859375 0.06691147187499999 0.632434025 0.019594240625000002 0.6409305421875 0.0301344890625 0.66112990625 0.071136275 0.666842290625 0.3302084125 0.626972153125 0.34283930156250003 0.5985543468750001 0.23899971406249998 0.5898107015625
1664 0.097012840625 0.6314247328125 0.11191862500000001 0.6215344546875 0.1390247640625 0.6289530109375 0.23365922499999997 0.611959975 0.234054575 0.582357809375 0.21918397500000003 0.5761236109375 0.21059363593749997 0.5718049875 0.182512540625 0.5564460609374999 0.168291909375 0.55550544375 0.1547212484375 0.559858403125 0.1484409875 0.5579428296875 0.13158529375 0.5519523703125 0.112384340625 0.5596833359375 0.0971887546875 0.5508023484375 0.0816330015625 0.5553990468750001 0.056476771875 0.5638612296875001 0.044206050000000004 0.57880135 0.034605573437499995 0.5826668328125 0.025980051562500002 0.594472684375 0.029519703125 0.6397118484375001 0.0738768859375 0.6235187015625 0.097012840625 0.6314247328125
1870 0.40831216406250004 0.6066354484375001 0.3395190875 0.604335403125 0.3411440109375 0.6175693515625 0.40827698124999995 0.622759925 0.593250734375 0.5866145390625 0.5899657015625001 0.57627111875 0.40831216406250004 0.6066354484375001
1664 0.3425143171875 0.5959075578124999 0.3415041796875 0.604091665625 0.4066520578125 0.609525975 0.5836854406249999 0.5743555453125 0.57444513125 0.564743340625 0.5612346375 0.5556186140625 0.54903428125 0.5383097796875 0.5338386953125001 0.529428790625 0.5139877734375 0.531866178125 0.4924767421875 0.5371940937499999 0.47692098906249997 0.5417907937499999 0.46667054218750004 0.540362696875 0.45508497343750004 0.54447191875 0.4289537890625 0.5449937312500001 0.409102865625 0.54743111875 0.393222128125 0.549381028125 0.36907603437500003 0.5496591015625001 0.3568053140625 0.564599221875 0.3465548671875 0.563171125 0.338614496875 0.5641460796875 0.3131332828125 0.5699614734375 0.28469202031249996 0.568080234375 0.244990175 0.5729550078125001 0.23340460625 0.57706423125 0.2366896375 0.5874076515625 0.3425143171875 0.5959075578124999
1870 0.379229271875 0.7472277140625 0.374573934375 0.7585460890625 0.43640159843750004 0.76976145625 0.630361040625 0.7083325312500001 0.6290611 0.697745371875 0.61484046875 0.696804753125 0.613505346875 0.702342071875 0.432466596875 0.75412445625 0.40832050468750003 0.75440253125 0.39146481093749996 0.7484120703125 0.379229271875 0.7472277140625
1664 0.19901640625 0.7236812921875 0.21854234374999998 0.7185971171875 0.236408175 0.71640346875 0.2582090078125 0.7298468203125 0.29657573125000003 0.7305093640625 0.316391471875 0.7441964546875 0.35374805781249996 0.75304310625 0.377569165625 0.7501182421875 0.3954349953125 0.74792459375 0.4380968890625 0.7507464500000001 0.610220315625 0.6919986515625001 0.601304990625 0.6850332375 0.586759375 0.681445828125 0.55665800625 0.68245511875 0.538467190625 0.6820019765625001 0.5259066671875 0.6781708296875 0.49349522031250004 0.6767770703125 0.47595437343749997 0.6816175062500001 0.445203034375 0.6773332171875001 0.406186340625 0.6713770953125 0.37742009374999996 0.6668490671875 0.3559090640625 0.67217698125 0.3241475875 0.6760767999999999 0.28047555625 0.6814390515625 0.2414236796875 0.69160740625 0.1964165265625 0.702506975 0.185480928125 0.7119097765625 0.184470790625 0.720093884375 0.19901640625 0.7236812921875
1870 0.712548865625 0.786902 0.6519507765625 0.818522746875 0.43968663125 0.7801048765624999 0.43636641562499995 0.7858859328125 0.6592059921875 0.8283786875000001 0.7794272171875 0.757196828125 0.7152894765625 0.743578409375 0.719874446875 0.7645089875 0.712548865625 0.786902
327 0.483068859375 0.7559713593749999 0.45062222968750004 0.7707020765625 0.4492871078125 0.77623939375 0.6208744515625 0.8115916671875001 0.6493157140625 0.8134729046875 0.6761320515625 0.8021201937500001 0.7006383109375001 0.7883644328125 0.7152191109375 0.7758273640625 0.7188994921875 0.75656861875 0.7308100468750001 0.7551061875 0.7447056921875 0.753400015625 0.7665417078125001 0.750718890625 0.7599364609375 0.746156528125 0.722254890625 0.7346630859375 0.6848983046875 0.725816434375 0.654796934375 0.7268257234375 0.6432465484375001 0.71481046875 0.63231095 0.7242132703124999 0.6171153640625 0.71533228125 0.6091749953125001 0.7163072359375 0.596254303125 0.7259537765624999 0.580373565625 0.7279036859375 0.5568774421875 0.733475340625 0.5300611046875 0.7448280515625 0.483068859375 0.7559713593749999
329 0.7346311609375 0.6713495359375 0.7419215593749999 0.665081 0.72939621875 0.6451253765625 0.74726205 0.642931728125 0.7740432046875 0.64770349375 0.793894128125 0.6452661078124999 0.8154051578124999 0.639938190625 0.8322960343749999 0.6298041734375001 0.8461916796875 0.6280980031250001 0.852832109375 0.616535890625 0.8495470781250001 0.6061924703125 0.8101702156249999 0.6137140343749999 0.7632131531249999 0.6087328640624999 0.71856616875 0.6061547453125 0.6752543046875 0.5980393109375 0.63587744375 0.6055608718750001 0.5911952765625 0.61910723125 0.5554636140625 0.623494528125 0.53265264375 0.6182352843750001 0.5091565218749999 0.6238069390625001 0.49226564531249994 0.63394095625 0.46743439999999997 0.645049928125 0.4442632625 0.6532683718750001 0.4204421546875 0.6561932359375 0.41149164843749997 0.6653522984375 0.47761448125 0.6787269796875 0.5206365421875 0.6680711484375 0.5480676671875 0.6781364953125 0.58246420625 0.6792865156250001 0.6026401140625001 0.67949591875 0.6161755921875 0.6912674359375 0.6307212078125 0.6948548437500001 0.6489120234375 0.6953079859375 0.67901339375 0.6942986953125 0.7058297312499999 0.682945984375 0.723045590625 0.6754587562500001 0.7346311609375 0.6713495359375
329 0.8576013343750001 0.7046111671874999 0.841105809375 0.6851430203125 0.829845225 0.6918990328125 0.804724178125 0.6842367375 0.7848732546875 0.6866741234375 0.7726377156249999 0.6854897656250001 0.7498267453125 0.680230521875 0.7303008078125 0.6853146999999999 0.7157551921875001 0.681727290625 0.6849686703125 0.6935674796875 0.657827346875 0.7022733999999999 0.64227159375 0.7068701 0.6538219796875 0.7188853546875 0.6908535812500001 0.7250852171875 0.7410956765625001 0.74040980625 0.76686669375 0.75336568125 0.7731469546875 0.7552812546875 0.7887027078125 0.7506845546875 0.820824353125 0.73330705 0.8410354437500001 0.7173919734374999 0.8480008578125 0.7084766499999999 0.8576013343750001 0.7046111671874999
1664 0.9386031078125001 0.8719871296875 0.9081415703125 0.88647410625 0.866744434375 0.9103638859375 0.85645880625 0.9250602671875001 0.8541135453124999 0.93878169375 0.8653389468749999 0.9481501578125 0.8838547468750001 0.9512500906250001 0.89248026875 0.9394442375000001 0.939507696875 0.912176453125 0.954088496875 0.8996393843750001 0.9544486640625 0.8861616968750001 0.9386031078125001 0.8719871296875
1664 0.9033723453125001 0.7983988296875 0.8940968546875 0.804911103125 0.87587085625 0.8205824390625001 0.850389640625 0.8263978312500001 0.8470342437499999 0.8483033656250001 0.8559495671875 0.8552687796875 0.8764504593750001 0.8581249718749999 0.917847596875 0.83423519375 0.932103409375 0.819051334375 0.9248481937499999 0.8091953921874999 0.9033723453125001 0.7983988296875
1870 0.7970467671875 0.8678745187500001 0.7944468890625 0.8467002015625 0.783546471875 0.8399785265625 0.7858213671875001 0.8585060546875001 0.7643103359375 0.8638339687500001 0.7460843374999999 0.8795053062499999 0.7281833234375 0.89782343125 0.7076824312500001 0.8949672375000001 0.6970718171875 0.907016828125 0.6715906015625001 0.912832221875 0.6504397390625 0.9046824499999999 0.6381690171875001 0.91962256875 0.6278833890625 0.93431895 0.624888159375 0.942746796875 0.6767903609375 0.9551808562499999 0.7970467671875 0.8678745187500001
329 0.548620428125 0.8795705890625 0.5383347984375 0.89426696875 0.5479000921875 0.9065259625 0.571036046875 0.9144319968750001 0.5991171421875 0.929790921875 0.62824355625 0.9208412625 0.654734909375 0.9068417625 0.6749108171875 0.9070511640625 0.6980819546875 0.8988327203124999 0.7255482625 0.8927735890624999 0.7590050296874999 0.869858765625 0.7828613203125 0.8508094234374999 0.7769412250000001 0.8354161625 0.7690360390625 0.820266640625 0.75716066875 0.8056045953125001 0.7353598359375 0.7921612437500001 0.72081421875 0.788573834375 0.714498775 0.8027827390625 0.685372359375 0.8117323984375 0.6654862546875 0.8302942625 0.631739684375 0.8344378203125 0.6208040859375 0.843840621875 0.6078833953125 0.8534871609374999 0.5853622265625 0.8669991843749999 0.548620428125 0.8795705890625
1664 0.47525190781250004 1 0.64961385625 0.9800112562500001 0.651959115625 0.966289828125 0.6364385453125 0.9547620515625 0.6186078968750001 0.940831221875 0.5994421265625001 0.9324377109374999 0.5564904312500001 0.9108445890624999 0.5320545359375 0.8923513953125 0.433379525 0.9420808640624999 0.393387878125 0.9281843703125 0.3331147734375 0.9624519062499999 0.2900575296875 0.9892322140625 0.29419871249999996 1 0.47525190781250004 1
1870 0.589272209375 0.43933493281249997 0.386827978125 0.44807180312500006 0.3365507 0.44887168906249997 0.338175625 0.4621056390625 0.3884529015625 0.46130575 0.590897134375 0.45256888125000005 0.589272209375 0.43933493281249997
329 0.380547715625 0.446156228125 0.40007365312500004 0.4410720515625 0.5370098390625 0.44037855937500003 0.5558858078125 0.430000803125 0.5446604078124999 0.4206323375 0.5278047140625 0.41464187812500003 0.5165441296875 0.42139788906250003 0.49770334375 0.41565116875 0.47521735937500004 0.41303871562500005 0.45536643593750004 0.4154761015625 0.4484362046875 0.4082669484375 0.435190528125 0.4152666984375 0.41569977343750003 0.4042263984375 0.4041142046875 0.40833561874999996 0.3954886828125 0.42014147187499995 0.3812680515625 0.419200853125 0.367697390625 0.4235538140625 0.363042053125 0.43487218906249997 0.3471613140625 0.43682209843750003 0.34416608437499996 0.4452499453125 0.380547715625 0.446156228125
1870 1 0.71134571875 0.9620557078124999 0.73477286875 0.8416854140625001 0.7226855546875 0.8403502906250001 0.728222871875 0.965665725 0.7477630796875 1 0.7172879453125 1 0.71134571875
1664 1 0.6875087265625 0.9985428890625 0.6873057218749999 0.9806770578125 0.6894993687500001 0.9548708578125 0.692667971875 0.9466406859375001 0.674871659375 0.9357402703125001 0.6681499843750001 0.919534546875 0.667453103125 0.9023186859375001 0.67494033125 0.877487440625 0.6860493046875 0.86258165625 0.6959395828125 0.853956134375 0.707745434375 0.8493007984375 0.7190638093749999 0.8886424765625 0.7276667234375 0.9620557078124999 0.73477286875 1 0.704474203125 1 0.6875087265625
1870 0.5925489015625 0.3019112703125 0.3984403890625 0.28007101875 0.39941534375 0.2880113875 0.3355322234375 0.30928871406249997 0.5703175359375 0.33419455937500003 0.595833934375 0.3122546890625 0.5925489015625 0.3019112703125
1870 0 0.2837643734375 0.3176663921875 0.3114823625 0.3971052671875 0.2856083375 0.3954803421875 0.2723743875 0.055555503125 0.22813773906249998 0 0.25576413124999997 0 0.2837643734375
329 0.6888953328125 0.5614373953125 0.7041261015625 0.55419390625 0.7279472078125 0.5512690421875 0.7477981312499999 0.5488316546875 0.7613687921875 0.54447869375 0.7693091625 0.5435037390625 0.7709692687499999 0.5406132109375 0.7924803 0.5352852968749999 0.797460621875 0.5266137109375 0.8004558515625 0.5181858640625 0.769019359375 0.5247324718749999 0.747868496875 0.5165827015625 0.73169795625 0.49976134375000003 0.698276371875 0.506551690625 0.6774153125 0.5171731859375 0.65853934375 0.5275509421875 0.6393735734375 0.51915743125 0.616562603125 0.5138981874999999 0.6062769734375 0.5285945671875 0.5880861578125 0.5281414265625 0.566575128125 0.5334693406250001 0.5546645734375 0.5349317734375 0.558599575 0.5505687734375 0.5850205625 0.5688182281249999 0.587655625 0.5738680671874999 0.6078315328125 0.574077471875 0.6197420859375 0.5726150390625 0.639268025 0.5675308625000001 0.6551487625 0.565580953125 0.6749996859375 0.563143565625 0.6888953328125 0.5614373953125
2001 0.8825751359374999 0.021811475 0.8990790000000001 0.18904670625 0.961196465625 0.21903333906250003 0.9459925406249999 0.06238526875 0.8825751359374999 0.021811475
2001 0.7267555296875 0 0.7421076375 0.1250328859375 0.8310062578125 0.1597912875 0.81500775 0 0.7267555296875 0