214 1 0.46388740625 0.9931752765624999 0.4317796078125 0.708067940625 0.393874265625 0.622912253125 0.4559033640625 0.24075613437499999 0.619000271875 0.2614241625 0.8242668390624999 0.44742228281249996 1 0.538853034375 1 0.8615313140625 0.9303309265624999 1 0.8088603765625001 1 0.46388740625
214 0.3530049078125 0.34155266875 0.29880483281250003 0.3683817359375 0.2873828671875 0.3874492078125 0.264386 0.39433410156250004 0.0120257140625 0.475263975 0.0232571390625 0.612649790625 0.1607055546875 0.7285320468750001 0.228907128125 0.6900742484375 0.23809736093749997 0.6182342390625 0.4856639578125 0.507706325 0.46793190625000003 0.4242835796875 0.5125005171875 0.40615760781250004 0.4967294796875 0.37423376875000003 0.3530049078125 0.34155266875
1050 0.5758599921875 0.32613150156250004 0.5669262859375 0.284101721875 0.6143605640625001 0.2653666328125 0.57235729375 0.175787928125 0.5467886015625 0.1705733390625 0.516548325 0.18565373125 0.5034348375000001 0.278960828125 0.55040908125 0.29094049375000003 0.55907206875 0.33169664375 0.5602132203125 0.38403540468749997 0.5654129859375 0.41554388906249995 0.5977628921875 0.40334301406249995 0.5824750140625 0.3267221953125 0.5758599921875 0.32613150156250004
351 0.47235805781250007 0.4286674625 0.48756669375 0.5119609890625 0.6589708125 0.42827129062499997 0.6527365828125 0.40363855 0.5536851484375 0.3721112625 0.47235805781250007 0.4286674625
1505 0.6872322093750001 0.6199432828125 0.7891801421875 0.632218484375 0.7956906375 0.613529390625 0.8179700078125001 0.586829415625 0.8220517468749999 0.5520169140625 0.8085642390625001 0.5003056921875 0.792077865625 0.48850149375 0.7799131171875 0.4618013921875 0.724214221875 0.44635151874999995 0.71642166875 0.4566605 0.673135115625 0.483166584375 0.6654745359375001 0.5786425625 0.665714421875 0.5985591640625 0.6872322093750001 0.6199432828125
1505 0.2378830484375 0.33540560468749997 0.21631130468749998 0.3466466828125 0.20150535937499997 0.34979378437499997 0.1754051 0.3773059140625 0.18098998125000001 0.4646417921875 0.20071726562499997 0.49639029062500006 0.24503273593750002 0.507603921875 0.265048315625 0.571239284375 0.27480743125 0.5678337484375 0.2498803796875 0.5045767640625 0.27140371406249997 0.481365421875 0.2551738671875 0.355691434375 0.2378830484375 0.33540560468749997
2001 0.020434910937500002 0.09209558125 0.095125728125 0.3777301625 0.291176309375 0.320749840625 0.22942169531249998 0.0490052421875 0.020434910937500002 0.09209558125
955 0.7008960656250001 0.4000578 0.99256230625 0.4312443109375 0.951428534375 0.2283311125 0.675048009375 0.2338307015625 0.7008960656250001 0.4000578
955 0.4978838875 0.3773163234375 0.5090372953125 0.39690994218750003 0.553406721875 0.3754983765625 0.5501581015625 0.3602148203125 0.541191403125 0.2968932890625 0.5051383890625 0.27992990156249997 0.502891240625 0.23647885 0.35748069375 0.2334419140625 0.378509775 0.344118478125 0.4978838875 0.3773163234375
1939 0.4642484765625 0 0.24757091718750002 0.045147506250000004 0.3305945 0.44748526875000005 1 0.7214803703125 1 0.46007110000000007 0.9011071328125 0 0.4642484765625 0
1939 0 0.5290670875 0.0154315921875 0.601667021875 0.3305945 0.44748526875000005 0.24518286250000002 0.045655103125 0 0.0977703296875 0 0.5290670875
819 1 0.724943925 0.331271296875 0.45066934375 0.0161083890625 0.6048510968749999 0.1000998796875 1 0.5486919265625 1 0.8482537953125 0.93714666875 1 0.9048920171875 1 0.724943925