71 0.50634765625 0.8248697921874999 0.4638671875 0.798828125 0.42236328125 0.77734375 0.384765625 0.771484375 0.365234375 0.7975260421875 0.3466796875 0.84765625 0.34228515625 0.884765625 0.34814453125 0.9153645828125001 0.3916015625 0.9303385421874999 0.4501953125 0.9322916671874999 0.5029296875 0.9440104171874999 0.56103515625 0.9641927078125001 0.634765625 0.9765625 0.673828125 0.974609375 0.69775390625 0.9583333328125001 0.7021484375 0.93359375 0.69091796875 0.9088541671874999 0.6484375 0.8802083328125001 0.5419921875 0.8372395828125001 0.50634765625 0.8248697921874999
63 0.2548828125 0.2701822921875 0.3125 0.7194010421875 0.583984375 0.6341145828125 0.4892578125 0.21484375 0.2548828125 0.2701822921875
47 0.80556640625 1 0.80322265625 0.984375 0.8515625 0.9244791671874999 0.8525390625 0.9134114578125001 0.798828125 0.9518229171874999 0.77587890625 0.955078125 0.7275390625 0.87109375 0.7412109375 0.9485677078125001 0.7333984375 0.9505208328125001 0.6884765625 0.9381510421874999 0.71728515625 0.9674479171874999 0.72412109375 0.9765625 0.67236328125 0.990234375 0.7216796875 0.9993489578125001 0.724609375 1 0.80556640625 1
62 0.865234375 0.7057291671875 0.85693359375 0.78515625 0.8388671875 0.8313802078125001 0.8271484375 0.8203125 0.8134765625 0.8313802078125001 0.79052734375 0.8600260421874999 0.77783203125 0.8860677078125001 0.79736328125 0.912109375 0.83740234375 0.9303385421874999 0.85595703125 0.9609375 0.8916015625 0.9869791671874999 0.9638671875 0.998046875 0.96630859375 0.92578125 0.98095703125 0.92578125 0.9775390625 0.8079427078125001 0.98779296875 0.708984375 0.8916015625 0.6217447921875 0.865234375 0.7057291671875
643 0.919921875 0.501953125 0.955078125 0.4967447921875 0.99755859375 0.4947916671875 0.99853515625 0.248046875 0.90087890625 0.2662760421875 0.8818359375 0.3541666671875 0.88818359375 0.3834635421875 0.8896484375 0.4153645828125 0.88232421875 0.4518229171875 0.88330078125 0.4615885421875 0.90234375 0.4908854171875 0.919921875 0.501953125
1051 0.66748046875 0.5709635421875 0.6806640625 0.58203125 0.68701171875 0.5891927078125 0.69970703125 0.5989583328125 0.71533203125 0.60546875 0.72802734375 0.552734375 0.8642578125 0.521484375 0.8662109375 0.4908854171875 0.87060546875 0.4811197921875 0.8779296875 0.46875 0.88427734375 0.4563802078125 0.892578125 0.4283854171875 0.8916015625 0.41015625 0.890625 0.3893229171875 0.88720703125 0.3697916671875 0.8818359375 0.3502604171875 0.89697265625 0.283203125 0.9091796875 0.25390625 0.91552734375 0.22395833281250002 0.93212890625 0.173828125 0.93359375 0.1432291671875 0.93359375 0.1236979171875 0.93115234375 0.08072916718749999 0.9248046875 0.0625 0.908203125 0.0481770828125 0.9052734375 0.0358072921875 0.90185546875 0.0227864578125 0.89697265625 0.014973957812499999 0.8916015625 0.010416667187500001 0.88916015625 0.0006510421875 0.7783203125 0.0006510421875 0.775390625 0.009114582812499999 0.7666015625 0.013020832812499999 0.73828125 0.0247395828125 0.72607421875 0.037109375 0.720703125 0.0442708328125 0.68505859375 0.2819010421875 0.67138671875 0.2942708328125 0.66015625 0.306640625 0.6484375 0.3333333328125 0.64208984375 0.3528645828125 0.64404296875 0.4016927078125 0.64111328125 0.40625 0.62841796875 0.4446614578125 0.62841796875 0.4772135421875 0.6357421875 0.5104166671875 0.65283203125 0.5494791671875 0.66748046875 0.5709635421875
638 0.9990234375 0.9954427078125001 0.9990234375 0.22135416718749998 0.2607421875 0.3717447921875 0.2431640625 0.3776041671875 0.23583984375 0.3873697921875 0.26806640625 0.9993489578125001 0.9990234375 0.9954427078125001
216 0.1376953125 0.9973958328125001 0.13916015625 0.9856770828125001 0.13916015625 0.9563802078125001 0.1435546875 0.9153645828125001 0.15673828125 0.8684895828125001 0.1875 0.810546875 0.20068359375 0.765625 0.1728515625 0.7421875 0.140625 0.712890625 0.11328125 0.68359375 0.0693359375 0.6484375 0.0224609375 0.625 0.00048828125 0.6171875 0.001953125 0.9934895828125001 0.1376953125 0.9973958328125001
1939 0.99755859375 0.578125 0.9990234375 0.0032552078125 0.00048828125 0.0013020828125 0.00341796875 0.767578125 0.99755859375 0.578125
819 0.9990234375 0.9973958328125001 0.9990234375 0.578125 0.00341796875 0.76953125 0.00341796875 0.9934895828125001 0.228515625 0.9993489578125001 0.9990234375 0.9973958328125001
1267 0.384765625 0.7760416671875 0.431640625 0.9986979171874999 0.62744140625 0.9973958328125001 0.55078125 0.7180989578125 0.384765625 0.7760416671875
955 0.1044921875 0.0013020828125 0.00048828125 0.0013020828125 0.00439453125 0.5247395828125 0.173828125 0.4700520828125 0.18017578125 0.4440104171875 0.18896484375 0.4225260421875 0.201171875 0.4225260421875 0.20751953125 0.4088541671875 0.1044921875 0.0013020828125
1368 0.96337890625 0.69140625 0.94091796875 0.6341145828125 0.9990234375 0.5 0.7314453125 0.5546875 0.712890625 0.62890625 0.685546875 0.6354166671875 0.716796875 0.74609375 0.96337890625 0.69140625
1792 0.5517578125 0.4055989578125 0.5458984375 0.4140625 0.60888671875 0.734375 0.60009765625 0.7428385421875 0.5595703125 0.7311197921875 0.5419921875 0.6848958328125 0.55078125 0.669921875 0.52587890625 0.5807291671875 0.51953125 0.5859375 0.537109375 0.6555989578125 0.51708984375 0.671875 0.5146484375 0.705078125 0.53564453125 0.76953125 0.578125 0.7838541671875 0.615234375 0.779296875 0.642578125 0.8717447921874999 0.6982421875 0.9114583328125001 0.7392578125 0.9095052078125001 0.77392578125 0.884765625 0.787109375 0.822265625 0.75390625 0.7591145828125 0.70068359375 0.7278645828125 0.63720703125 0.7265625 0.5703125 0.4108072921875 0.5283203125 0.3678385421875 0.5517578125 0.4055989578125
1793 0.421875 0.34765625 0.43896484375 0.349609375 0.46630859375 0.4635416671875 0.45751953125 0.5052083328125 0.4736328125 0.6087239578125 0.4873046875 0.6236979171875 0.5458984375 0.6126302078125 0.5595703125 0.6022135421875 0.564453125 0.5794270828125 0.53955078125 0.466796875 0.5283203125 0.4505208328125 0.4951171875 0.3196614578125 0.49755859375 0.3118489578125 0.486328125 0.2604166671875 0.462890625 0.23046875 0.42431640625 0.24088541718749998 0.40576171875 0.275390625 0.421875 0.34765625