214 1 0.5064950374999999 0.9976045843750001 0.4837041796875 0.7180212828125 0.41620465624999997 0.6268482796875 0.46899275781250005 0.229737384375 0.5912500125 0.228835990625 0.79755250625 0.4025106078125 1 0.4985794375 1 0.8145689765625 0.965763840625 1 0.8346724140624999 1 0.5064950374999999
214 0.3003123671875 0.36584123125 0.2767218109375 0.37028458125 0.01728450625 0.42439227968750004 0.014093676562499999 0.562199484375 0.1386761421875 0.6918141984374999 0.21052403437499997 0.6606960796875 0.22717324687499998 0.5902102593749999 0.48493696249999996 0.5061655843749999 0.47602209999999995 0.4213463328125 0.5222412390625 0.4079783453125 0.509893546875 0.374580865625 0.37037241875000004 0.32705548906250004 0.31366485625 0.3480721328125 0.3003123671875 0.36584123125
1050 0.63825995 0.2786059125 0.605850303125 0.18512739218750002 0.5809667515625 0.1772687140625 0.5493158046875 0.189105525 0.52652090625 0.28053074218749996 0.5719856046875 0.2973549265625 0.5763409562499999 0.338793340625 0.5720049671874999 0.3909646671875 0.573882715625 0.4228440671875 0.60733074375 0.41409151718750004 0.6001356703125 0.336292415625 0.5936186296875 0.33501349999999996 0.589127171875 0.29228013750000004 0.63825995 0.2786059125
351 0.6655976453125 0.44528120156249995 0.6619723890625 0.4201317484375 0.5667590687499999 0.37842347656249997 0.4799657640625 0.42616886093749995 0.48638454218750005 0.5105958312500001 0.6655976453125 0.44528120156249995
1505 0.7822037609375 0.6438155531249999 0.807151990625 0.6195906718749999 0.8148502656250001 0.5853955328125 0.8068419375 0.5325577640625 0.791679753125 0.519094934375 0.782372565625 0.4912695359375 0.728593746875 0.4700821796875 0.7197663000000001 0.47952014218750005 0.673946234375 0.501356346875 0.6563476640625 0.59550855 0.654504384375 0.6153411203125 0.67366904375 0.6388573171874999 0.7737753875 0.6617217328125 0.7822037609375 0.6438155531249999
1505 0.2188413703125 0.31941544374999997 0.1900082890625 0.3440486390625 0.186433490625 0.4314898625 0.20273408593750003 0.46512650000000005 0.245634646875 0.48091092968750004 0.2588888734375 0.5462898890625 0.2689505015625 0.5439231140625 0.25077215937499997 0.4784070734375 0.27460383125 0.4575726859375 0.271599403125 0.330890671875 0.25652375156249996 0.3089085875 0.23389516875 0.317833225 0.2188413703125 0.31941544374999997
2001 0.3110570125 0.299903771875 0.278045740625 0.0231927046875 0.065699640625 0.044201921875 0.11012435000000001 0.336079084375 0.3110570125 0.299903771875
955 0.9773526921875 0.277006475 0.701911346875 0.2535863046875 0.710242340625 0.42160465 0.9970509249999999 0.48310774375000004 0.9773526921875 0.277006475
955 0.5661281171875 0.38176293125 0.5644948609375 0.3662235265625 0.5621961843750001 0.302311603125 0.5281138296875 0.2816725765625 0.5304208625 0.2382246640625 0.3861243359375 0.220004821875 0.3954693671875 0.3322732265625 0.510719415625 0.37776720468749997 0.5197636343750001 0.3984193359375 0.5661281171875 0.38176293125
1939 0.50683181875 0 0.2964987828125 0.0212532109375 0.33701180625 0.430065253125 1 0.7864482625 1 0.499198521875 0.9463760109375 0 0.50683181875 0
1939 0 0.479491140625 0.007459010937500001 0.5504588890625 0.33701180625 0.430065253125 0.2940707515625 0.021508407812499998 0 0.0524164890625 0 0.479491140625
819 1 0.7901115765625 0.3373520671875 0.43330262968750005 0.0077992734374999996 0.5536962640625 0.05470768593749999 1 0.519104340625 1 0.8006517546874999 0.9711543671875 1 0.9502020234374999 1 0.7901115765625