104 0.9215390296875 0.49308594218749996 0.9250902999999999 0.47987431562499994 0.92483461875 0.47446995468750003 0.9162352265625 0.461793959375 0.8872134624999999 0.45509375781249994 0.8831508343750001 0.457496659375 0.8769650515625 0.46475472656249994 0.8753176640625 0.46971973125 0.8795623390625 0.477381359375 0.8858201234375 0.4828350828125 0.9215390296875 0.49308594218749996
1146 0.1040620265625 0 0.0952305046875 0.0370553921875 0.0146644875 0.5683564875 0.1794433328125 0.4233209953125 0.2619158359375 0 0.1040620265625 0
214 0.896491490625 1 0.955368428125 0.7481177671875 0.9075053890625 0.6689147078125 0.8352358796875 0.541314296875 0.833443671875 0.5295417 0.8308472 0.5082290875 0.8203083328125 0.4931008296875 0.804609665625 0.472104171875 0.811747796875 0.4563798046875 0.8100284078125 0.44863301718750004 0.789096309375 0.42642812656249995 0.7535254874999999 0.398170953125 0.7111094390625 0.3843694375 0.6595073703125001 0.36911532812500003 0.6105406328125 0.3511287984375 0.54858174375 0.3308109609375 0.511179040625 0.3235121984375 0.48929377656249995 0.3184595875 0.45606048125000004 0.3408545796875 0.4272547234375 0.37228975000000003 0.41868847656249997 0.3963705796875 0.38354885 0.45307013124999995 0.34811305625 0.5457823109375 0.3522080140625 0.5888222109375 0.32277758749999996 0.6468398343749999 0.30022798125 0.7011006890625 0.279727078125 0.763852521875 0.2569516734375 0.8842097515624999 0.250396903125 0.9234546343750001 0.253504734375 0.9555759703125 0.449584525 1 0.896491490625 1
1939 0.272945684375 0 0.18720041874999999 0.441816028125 0.9654372421874999 0.70233433125 1 0.5509176171875 1 0.1029502078125 0.55407365625 0 0.272945684375 0
819 0.8959652234375 1 0.9640099421875 0.7020048140624999 0.1874933234375 0.4405473171875 0 0.62648368125 0 0.8970497921874999 0.44592634374999995 1 0.8959652234375 1
1939 0.103650703125 0 0 0.4462876390625 0 0.6265194593750001 0.18595598124999999 0.442865059375 0.2736537328125 0 0.103650703125 0
1050 1 0.232535959375 0.9997373250000001 0.23251391250000003 0.9305576921875 0.32812637968749997 0.9388277703125001 0.3400581796875 0.98834309375 0.3621803609375 0.9697104796874999 0.4059866875 0.9609630031249999 0.4113170078125 0.940755821875 0.46411415156249997 0.9338385921875 0.46585801718750003 0.9358144765624999 0.4703231859375 0.9240651312500001 0.4843148046875 0.9302492828125001 0.4944286953125 0.9588680984375 0.5050448703125 0.9702525359375 0.479610171875 0.987056534375 0.42201834062500004 0.986288678125 0.41449123437499996 0.989217728125 0.40180412343749994 0.9934268093749999 0.39876686562499997 0.9950377874999999 0.3917889546875 1 0.3762997078125 1 0.232535959375
1754 1 0.4968882296875 0.8673032656249999 0.46319229531249995 0.8611183 0.4617643828125 0.8643013984374999 0.47185359218749995 0.8384562015625001 0.544730434375 0.9550027062499999 0.745360665625 1 0.5521649265625 1 0.4968882296875
1790 1 0.4804644140625 0.998213540625 0.480051978125 0.9936395515625 0.47164615625 0.98555151875 0.46977888593749995 0.9781949328125 0.4734258171875 0.9735829031250001 0.480379046875 0.9746784406250001 0.506022309375 0.9778251296875 0.5140986125 0.9721887484374999 0.516806353125 0.9728101515625 0.524967815625 0.9889862171875 0.5287023546875 1 0.53075103125 1 0.4804644140625
1603 0.942878159375 0.467944965625 0.930138421875 0.5057619375 0.9713836671875 0.5159523171875 0.984013359375 0.48078260781250004 0.942878159375 0.467944965625
1887 0.610283321875 0.36309639374999997 0.6071382640625 0.33764813125000004 0.2764269078125 0.44170241718750003 0.273021275 0.4629656671875 0.2808519953125 0.47680053281249996 0.610283321875 0.36309639374999997
955 0.47157955156250003 0.325728771875 0.51041036875 0.324671071875 0.6980808781250001 0.3800252234375 0.75751448125 0.40042821875 0.8169084124999999 0.4535622265625 0.8728111484375001 0.2700273703125 0.5007640906249999 0.1580750359375 0.49984733437499995 0.1772402203125 0.456719109375 0.3423429703125 0.47157955156250003 0.325728771875