214 1 0.46976851562500005 0.9942907734374999 0.44039709218749995 0.7098884 0.397521715625 0.623663125 0.45805519375000003 0.23871877812500003 0.61445771875 0.2558012625 0.8200537296875 0.4397197828125 1 0.533165428125 1 0.853965940625 0.9365749765625001 1 0.8129103890625 1 0.46976851562500005
214 0.2893795328125 0.38375566875 0.266266009375 0.3902381640625 0.0125317375 0.4667514171875 0.0213637390625 0.6043123234375 0.156768796875 0.7225757359375 0.2256311640625 0.685314075 0.23607377812500002 0.6136454 0.485531646875 0.507454953125 0.4692582234375 0.42373544531249996 0.5141363890624999 0.40639006406249994 0.4989249015625 0.3741958453125 0.35579258281250004 0.3390113828125 0.30113253125 0.3648904421875 0.2893795328125 0.38375566875
1050 0.6184380625 0.2673982359375 0.5780045546875 0.177100115625 0.5525307640625 0.1714400875 0.522031903125 0.18599041562500002 0.5072919796875001 0.279054440625 0.5540499953125 0.29185209375 0.5620003703124999 0.33275322812499997 0.5622279109375 0.3851039328125 0.5668769859375 0.41669836718750003 0.5994349 0.40506393437500005 0.5854865671875 0.3281879734375 0.5788828625 0.32748192187499997 0.5706840375 0.2853026296875 0.6184380625 0.2673982359375
351 0.6601984390625 0.43105663749999995 0.654395059375 0.406318846875 0.5559089375 0.37306767500000004 0.4736071921875 0.428195909375 0.48735984062500004 0.5117421765625 0.6601984390625 0.43105663749999995
1505 0.793664240625 0.6186726140625 0.8164061984375 0.5923655328125 0.8210948765625 0.55762956875 0.8085119078125 0.505690834375 0.7922340578125 0.4936007078125 0.7805371421875 0.46669236718749996 0.72511636875 0.45027276718750003 0.7171450859374999 0.4604441796875 0.67340253125 0.48619077343750006 0.6640768312499999 0.5815185140625 0.6639690890625001 0.6014362671875 0.6851103937499999 0.62319266875 0.7868285671875 0.6372452359375 0.793664240625 0.6186726140625
1505 0.20417228281250002 0.3446072109375 0.1775958453125 0.3716596390625 0.181655653125 0.4590796859375 0.200825846875 0.4911676359375 0.2449388609375 0.503152971875 0.263840803125 0.5671279609375001 0.27365786718749996 0.5638932640625 0.2498385984375 0.500210878125 0.2717637484375 0.47737870468750004 0.2577296875 0.35144060781249997 0.2407955375 0.3308561015625 0.21903089687500002 0.3417189890625 0.20417228281250002 0.3446072109375
2001 0.2943364609375 0.31713266562500003 0.2373338484375 0.0443516890625 0.0276268640625 0.0837881421875 0.0973212953125 0.3706827546875 0.2943364609375 0.31713266562500003
955 0.9561010546875 0.23625100468750002 0.67966664375 0.23692625 0.7026097 0.40357914062500005 0.9936872390625 0.43985118125 0.9561010546875 0.23625100468750002
955 0.555571440625 0.3764494140625 0.5525900499999999 0.3611114890625 0.5447298296875001 0.2976431125 0.508978359375 0.280053096875 0.507489878125 0.23656944531250002 0.3621544796875 0.23099520624999997 0.3812487859375 0.34202192187499997 0.500025334375 0.377298078125 0.5108350890625 0.397083365625 0.555571440625 0.3764494140625
1939 0.4701002484375 0 0.255547634375 0.0408112875 0.3315368109375 0.4445367328125 1 0.731867053125 1 0.46564873437500004 0.9083799000000001 0 0.4701002484375 0
1939 0 0.52255446875 0.013731060937500001 0.5931946531250001 0.3315368109375 0.4445367328125 0.253151084375 0.041277129687500004 0 0.090484715625 0 0.52255446875
819 1 0.735359440625 0.3321579328125 0.4477321359375 0.0143521828125 0.596390053125 0.0928060109375 1 0.5439948078125 1 0.8405714921874999 0.9431579546875 1 0.9121681921875 1 0.735359440625