2001 0.1128056359375 0.4264133390625 0.1871271078125 0.42642992656249995 0.18264607500000002 0.26628872812500004 0.10319708125 0.24307119843749997 0.1128056359375 0.4264133390625
819 0.5130929578125001 1 0.807032534375 0.9845952796875 0.6935474203124999 0.75975775 0.677142671875 0.6706504390625 0.6461565234375 0.6018653609375 0.32197322968750003 0.6110318671875 0.025847610937499998 0.9316567890625 0.029429328124999998 1 0.5130929578125001 1
407 0.48690703593749995 0 0 0.0255177171875 0 0.08333831875 0.2967942625 0.27986452812499996 0.6127668890625 0.2633051046875 0.6281660390625 0.258586459375 0.7282080515625 0.0030003921875 0.7295167124999999 0 0.48690703593749995 0
2001 0.279930878125 0.40591984375 0.3035406953125 0.40859411718749994 0.3037617203125 0.338173540625 0.279334153125 0.31989568125 0.279930878125 0.40591984375
676 0.5207145203125 0.596704665625 0.5045473828125 0.36285530625 0.3836195875 0.3691928640625 0.396090265625 0.6071475578125 0.5207145203125 0.596704665625
1340 0.8549981796875 0.4070747296875 0.8948248953125001 0.42063394374999996 0.8880950515625001 0.21758288124999997 0.8451851874999999 0.2198316921875 0.8549981796875 0.4070747296875
1340 0.8898188749999999 0.7729412625000001 0.9721299921875 0.8507713453125 0.9656211718750001 0.5772997078125 0.964803421875 0.5616961203125 0.8847411171875 0.5267759015625 0.8898188749999999 0.7729412625000001
1340 0.7702338156249999 0.2824338875 0.827520640625 0.25596194843750003 0.8310126625 0.24795571718749998 0.8158677125 0.033610840625 0.7641172828125 0.091085515625 0.7702338156249999 0.2824338875
1340 0.8116130921875 0.6988076390625 0.872375353125 0.7386509421875 0.86852421875 0.5158909609375 0.8128894796875 0.49924860000000004 0.8116130921875 0.6988076390625
1340 0.7503536328125 0.1270113359375 0.7168810609375 0.16005844375 0.7287218390625 0.460631921875 0.76773080625 0.45858754843750005 0.7503536328125 0.1270113359375
1340 0.769946440625 0.65014035625 0.8031979874999999 0.687513825 0.8050876859375 0.49965747499999996 0.7652609703125 0.4860982609375 0.769946440625 0.65014035625
1073 0.21942281718749998 0.14701301875 0.5434016749999999 0.1339456171875 0.5409484265625 0.0871348578125 0.21306867343749997 0.10040669687499999 0.21942281718749998 0.14701301875
1073 0.3464837328125 0.2577023609375 0.5417330015624999 0.251381390625 0.5400975015625 0.2201742171875 0.34895356718750004 0.230191646875 0.3464837328125 0.2577023609375
1754 0.6282709515625 0.70841619375 0.62314343125 0.6852152515625 0.669749753125 0.6788611078125 0.6783692953125 0.69405581875 0.6859666515625 0.6897460484375 0.6757281984375 0.569022690625 0.597710265625 0.5731114359375 0.60835759375 0.7016365875 0.6282709515625 0.70841619375
676 0.662986734375 0.6244529921875001 0.67981694375 0.647040621875 0.6640752703125 0.3466715828125 0.648471684375 0.34748933125 0.662986734375 0.6244529921875001
1340 0.5189077578125 0.41295365000000006 0.5698238515625 0.4141968625 0.5636741453125 0.3714914359375 0.52076428125 0.373740246875 0.5189077578125 0.41295365000000006
1939 0.7360494265625 0 0.632475809375 0.266183815625 0.6461565234375 0.6018653609375 0.68104356875 0.6704460015625 0.6970394421874999 0.75175151875 0.8146298906249999 0.9802855078125001 1 0.9705706718749999 1 0.48991680156250006 0.9991103296875 0.469931125 0.9744822828125 0 0.7360494265625 0
1939 0.3139669984375 0.6075398453124999 0.63794585625 0.5944724421875 0.6283704765625 0.26248735624999997 0.300899596875 0.2835609875 0.3137791484375 0.529317475 0.3139669984375 0.6075398453124999
1939 0 0.438454984375 0.0096970625 0.6234859562499999 0.025438737500000003 0.9238549953125 0.31417143593749997 0.611440740625 0.2972031375 0.287666321875 0 0.0899498625 0 0.438454984375
1340 0.3242718015625 0.43097730937499995 0.37498345781250003 0.428319625 0.3725302109375 0.38150886562499997 0.3179176578125 0.3843709875 0.3242718015625 0.43097730937499995
1340 0.13203933125 0.7187761484374999 0.223003165625 0.663157996875 0.21278129843750002 0.468113165625 0.11115355 0.46952763906249995 0.13203933125 0.7187761484374999