1073 0.1526824375 0.30738480468749996 0.1802890875 0.3064835171875 0.186626271875 0.2974330796875 0.2024692328125 0.2748069875 0.1839224109375 0.21461312968750001 0.1402498265625 0.2143807640625 0.1373042078125 0.24266572812499998 0.1413740875 0.265747159375 0.1526824375 0.30738480468749996
1340 0.6584202125 0.34117140625000003 0.630609371875 0.1834482890625 0.5498243609375 0.197692865625 0.5776352015625 0.3554159828125 0.6584202125 0.34117140625000003
1340 0.8372086046874999 0.1628853109375 0.721801446875 0.18323470625 0.7423738156249999 0.322401609375 0.8654747859375 0.30069558750000003 0.8372086046874999 0.1628853109375
676 0.8298233312500001 0 0.8184482015625001 0.011499378125 0.9493438640624999 0.88881675625 0.978307140625 0.8956092812499999 1 0.9080356999999999 1 0.544087846875 0.9107537593749999 0 0.8298233312500001 0
676 0.321666946875 0.6583732546875 0.241393625 0.24811101562500001 0.210395409375 0.22977777656249998 0.305368646875 0.7009121875 0.321666946875 0.6583732546875
1939 0.6681489625 0.3513554953125 0.5719763312499999 0.368313325 0.5902907875000001 0.4721797671875 0.7011727265625 0.4486617796875 0.71655095625 0.51338085625 0.762026115625 0.5688265218749999 0.7728791265625 0.63037700625 0.8075012750000001 0.6242721875 0.7781108328124999 0.43509551562500004 0.8665896546875 0.4194943125 0.855969009375 0.31427124375000004 0.74056185 0.3346206390625 0.712751009375 0.17689752187500002 0.8268015421875001 0.148854315625 0.8114327031249999 0.016702909374999998 0.52155818125 0.059882589062500005 0.543942515625 0.1868304625 0.6330996515625 0.175076165625 0.6681489625 0.3513554953125
819 1 0.9116167953125001 0.9932394234374999 0.9128088671875 0.939159775 0.8985455078125 0.9274054765624999 0.809388371875 0.9050023578124999 0.81730515625 0.8880445281249999 0.721132525 0.8283060093750001 0.7197665062499999 0.8095362140625 0.6358129031249999 0.7755923796874999 0.645764628125 0.7608642890625 0.7871894453125 0.727385184375 0.709796 0.6413966421875 0.7170250796875 0.6834520609375 0.9555332078125 0.614886078125 0.97158975 0.5033727828125001 0.6540991859374999 0.47125030625 0.5843995515625 0.4237402078125 0.51741316875 0.366036628125 0.5275878671875 0.3402325515625 0.5837024546875 0.325290878125 0.633935196875 0.23852715 1 0.5354538437499999 1 1 0.9158990499999999 1 0.9116167953125001
407 0.413854225 0.011443028125 0.1445708546875 0.058924953125 0.2518100796875 0.19470968125000002 0.36721723906250003 0.1743602859375 0.362469046875 0.14743194843750002 0.4047850046875 0.13997050312499998 0.413854225 0.011443028125
1340 0.1802890875 0.3064835171875 0.20901060781249997 0.42438095468750003 0.2384292234375 0.41126063906250004 0.21287629687499998 0.2888379828125 0.185947959375 0.293586175 0.1802890875 0.3064835171875
1340 0 0.24555536406249998 0.051510465625 0.475951540625 0.13093885 0.454013153125 0.09883515625 0.249448859375 0.0144356046875 0.220699165625 0 0.22324455156249998 0 0.24555536406249998
1073 0.30949487656249997 0.3193996421875 0.291171028125 0.2829655296875 0.27193650156250004 0.2863570953125 0.2610741 0.292238940625 0.27487272812499997 0.3255044609375 0.30949487656249997 0.3193996421875
1939 0.22918943125000002 1 0.2976748375 0.7022688140625 0.202023284375 0.2272874984375 0.2051918765625 0.2227622796875 0.24840912187500003 0.242907484375 0.319409034375 0.62307279375 0.340009578125 0.559942709375 0.281442278125 0.27278143906249996 0.2635737703125 0.2164344875 0.13687704375 0.060281578125 0 0.0818588453125 0 0.52124913125 0.0844166953125 1 0.22918943125000002 1
676 0.39956268906250003 0.267819665625 0.3694657609375 0.277093075 0.406317646875 0.50858570625 0.44704461249999994 0.5371030343750001 0.39956268906250003 0.267819665625
1939 0.380560528125 0.22753864687499997 0.368573865625 0.18205409687500002 0.26018220312499996 0.1971999609375 0.2873241234375 0.2836438421875 0.3257931765625 0.2768607109375 0.4072565 0.2664630390625 0.422644121875 0.2637497859375 0.41586098906249996 0.2252807328125 0.380560528125 0.22753864687499997
1354 0.69799474375 0.520619328125 0.6063473296875 0.5407457499999999 0.6251171249999999 0.624699353125 0.7251366625 0.6070632093749999 0.69799474375 0.520619328125
423 0.796202315625 0.5152022140625 0.81589218125 0.4918978078125 0.836260359375 0.4724403078125 0.8733727859375 0.45796336562500006 0.8672679671875001 0.4233412171875 0.7826360515624999 0.4382641078125 0.796202315625 0.5152022140625
1754 0.87020419375 0.46248858281249994 0.8548165734375001 0.4652018359375 0.822229365625 0.48284737031249997 0.7930337234375 0.51972743125 0.8063770140625 0.5729057921875 0.81700705 0.6106965328125 0.8181313109374999 0.662062928125 0.8280830359375001 0.6960067624999999 0.8434706562500001 0.693293509375 0.8468622218749999 0.7125280359375 0.8846529625 0.7018979984375 0.8722203515625001 0.6088939578125 0.8566097562499999 0.587847465625 0.8937221828125 0.5733705234375 0.87020419375 0.46248858281249994
423 0.7588575234375 0.5733517406249999 0.7133823640625 0.517906075 0.690310325 0.454543625 0.5941376921875 0.47150145468750004 0.6375497375 0.7177033921875 0.7253502453125 0.698255284375 0.7606413140625 0.7634297 0.7577050875 0.724282334375 0.7350883875 0.64100704375 0.7504760078125 0.6382937906249999 0.76879985625 0.6747279046875 0.774914065625 0.641917721875 0.7588575234375 0.5733517406249999
1939 0.41902958124999995 0.2207555140625 0.4626552078125 0.5581495265624999 0.6033547546875 0.9061923593750001 0.4362573421875 0.00352624375 0.41317591093750006 0.0075961234375 0.40546331718750006 0.143817409375 0.41902958124999995 0.2207555140625
1939 0.45625566875 0 0.4401042484375 0.00284793125 0.6128511390625 0.960049034375 0.6820954343750001 0.947839396875 0.5156763359375 0.0490201859375 0.8100760765624999 0.0090091 0.8188511625 0 0.45625566875 0