2001 0.8828125 0.22265625 0.8046875 0.25 0.80859375 0.41015625 0.8828125 0.40625 0.8828125 0.22265625
819 0.99609375 1 0.99609375 0.90625 0.68359375 0.6015625 0.359375 0.609375 0.33203125 0.6796875 0.3203125 0.76953125 0.21875 1 0.99609375 1
407 0.23828125 0 0.24609375 0.015625 0.359375 0.265625 0.375 0.26953125 0.69140625 0.26953125 0.9921875 0.046875 0.99609375 0 0.23828125 0
2001 0.7109375 0.30859375 0.6875 0.328125 0.69140625 0.3984375 0.71484375 0.39453125 0.7109375 0.30859375
676 0.609375 0.6015625 0.609375 0.36328125 0.48828125 0.36328125 0.484375 0.59765625 0.609375 0.6015625
1340 0.140625 0.23828125 0.09765625 0.23828125 0.1015625 0.44140625 0.140625 0.42578125 0.140625 0.23828125
1340 0.125 0.79296875 0.1171875 0.546875 0.0390625 0.5859375 0.0390625 0.6015625 0.046875 0.875 0.125 0.79296875
1340 0.21875 0.296875 0.21484375 0.10546875 0.16015625 0.05078125 0.15625 0.265625 0.16015625 0.2734375 0.21875 0.296875
1340 0.1875 0.515625 0.1328125 0.53515625 0.140625 0.7578125 0.19921875 0.71484375 0.1875 0.515625
1340 0.23046875 0.47265625 0.26953125 0.47265625 0.265625 0.171875 0.23046875 0.140625 0.23046875 0.47265625
1340 0.234375 0.5 0.1953125 0.515625 0.20703125 0.703125 0.23828125 0.6640625 0.234375 0.5
1073 0.765625 0.0859375 0.4375 0.08984375 0.4375 0.13671875 0.76171875 0.1328125 0.765625 0.0859375
1073 0.63671875 0.22265625 0.4453125 0.22265625 0.4453125 0.25390625 0.640625 0.25 0.63671875 0.22265625
1754 0.33203125 0.703125 0.33984375 0.6875 0.38671875 0.69140625 0.3828125 0.71484375 0.40234375 0.70703125 0.40625 0.578125 0.328125 0.578125 0.32421875 0.69921875 0.33203125 0.703125
676 0.34375 0.35546875 0.328125 0.35546875 0.328125 0.65625 0.34375 0.6328125 0.34375 0.35546875
1340 0.47265625 0.375 0.4296875 0.375 0.42578125 0.41796875 0.4765625 0.4140625 0.47265625 0.375
1939 0 0 0 0.49609375 0.00390625 0.9921875 0.00390625 0.99609375 0.2109375 0.99609375 0.31640625 0.76171875 0.328125 0.6796875 0.359375 0.609375 0.35546875 0.2734375 0.23222931406249997 0 0 0
1939 0.69140625 0.59765625 0.6875 0.51953125 0.6875 0.2734375 0.359375 0.26953125 0.3671875 0.6015625 0.69140625 0.59765625
1939 0.99609375 0.8984375 0.99609375 0.59765625 0.99609375 0.05078125 0.69140625 0.27734375 0.69140625 0.6015625 0.99609375 0.8984375
1340 0.67578125 0.375 0.62109375 0.375 0.62109375 0.421875 0.671875 0.421875 0.67578125 0.375
1340 0.88671875 0.44921875 0.78515625 0.453125 0.78515625 0.6484375 0.87890625 0.69921875 0.88671875 0.44921875