407 0.47379610312500003 0 0.20299014531249998 0.028462853125 0.408852065625 0.230708596875 0.5560680953125 0.2113078015625 0.7209127546875 0 0.47379610312500003 0
819 1 0.8119622765625 0.573217296875 0.37447155 0.429477803125 0.3895791796875 0.0840741359375 1 0.4888336890625 1 1 0.9462742562500001 1 0.8119622765625
1939 0.7271817781250001 0 0.5560680953125 0.2113078015625 0.5724006671875 0.36670184843750003 1 0.743062359375 1 0.511166309375 0.9462742562500001 0 0.7271817781250001 0
1939 0.0838953765625 1 0.4290694890625 0.385694328125 0.4092603796875 0.2345934484375 0.19910529375 0.02887116875 0 0.049797978124999996 0 0.4888336875 0.05372574375 1 0.0838953765625 1
1939 0.408852065625 0.230708596875 0.43254602656249996 0.3814011640625 0.502473346875 0.37405150625 0.48614077499999997 0.218657459375 0.408852065625 0.230708596875
676 0.57280898125 0.3705867 0.5591245875 0.27775858593749997 0.508621521875 0.283066671875 0.5180127515625 0.3724182484375 0.57280898125 0.3705867
1340 0.917359253125 0.173334571875 0.9592759859375001 0.1610734109375 0.949068128125 0.06395213281249999 0.9040831718750001 0.084391309375 0.917359253125 0.173334571875
1340 0.848260290625 0.11382513125 0.8580598343749999 0.2070615578125 0.9003848828125 0.19868524999999998 0.8819990078125001 0.0984957484375 0.848260290625 0.11382513125
1340 0.8075685 0.13774084375 0.815326471875 0.211553015625 0.840887171875 0.1931554109375 0.8300609781249999 0.12752125625 0.8075685 0.13774084375
1340 0.792437409375 0.1432589515625 0.7850760218749999 0.14796043125 0.7664683937500001 0.15777170625 0.77851953125 0.23506041406249997 0.8018286390625 0.232610528125 0.792437409375 0.1432589515625
1346 0.6319218390625 0.2229740859375 0.6355966671875 0.25793774687500004 0.693869434375 0.25181303125 0.7008225078125 0.24322670156249998 0.691629571875 0.19313195 0.6319218390625 0.2229740859375
1346 0.5791671796875 0.244229890625 0.586726859375 0.2787852375 0.6131041890625 0.268157334375 0.6094293609375 0.23319367343750003 0.5791671796875 0.244229890625
1340 0.0700533859375 0.2584622390625 0.059028899999999995 0.1535712578125 0.0099608 0.1351619234375 0.02261854375 0.255592309375 0.0700533859375 0.2584622390625
1340 0.102765453125 0.2707351296875 0.1377291140625 0.2670603015625 0.1287461984375 0.181593575 0.0917409671875 0.1658441484375 0.102765453125 0.2707351296875
1340 0.154085146875 0.2731967453125 0.18516395624999998 0.26993023125 0.18088252031250002 0.19182489375 0.1489870828125 0.18732170625 0.154085146875 0.2731967453125
1340 0.1976351375 0.276474990625 0.21746770781250002 0.2783182703125 0.21441121562499998 0.2118674859375 0.1937620171875 0.2022545046875 0.1976351375 0.276474990625
1340 0.29720630312499996 0.289576240625 0.304567690625 0.2848747609375 0.30396108437499997 0.2417330828125 0.2871967375 0.23171178750000002 0.29189821718750003 0.239073175 0.29720630312499996 0.289576240625
1346 0.34811768125000003 0.2881530046875 0.344442853125 0.2531893453125 0.3323799859375 0.2505294359375 0.336463128125 0.2893779484375 0.34811768125000003 0.2881530046875
1340 0.375311640625 0.2852948046875 0.37327006875 0.26587055 0.361615515625 0.2670954921875 0.3636570859375 0.2865197484375 0.375311640625 0.2852948046875
1346 0.41538509375 0.29286621562500004 0.4141601515625 0.28121166249999996 0.39821243281249996 0.27896006875 0.39984569062499997 0.2944994734375 0.41538509375 0.29286621562500004
676 0.28181826875 0.628981525 0.31229047187500003 0.5825733343749999 0.268589109375 0.2415230609375 0.2307672484375 0.21800393125 0.28181826875 0.628981525
676 0.35932872968749996 0.5069296125 0.3203171171875 0.247869528125 0.3086625640625 0.24909447187499997 0.34072110312500004 0.5167408859375 0.35932872968749996 0.5069296125
676 0.38121460156250003 0.45356834843750005 0.35732235 0.26361895468749996 0.3534374984375 0.2640272703125 0.374261528125 0.462154678125 0.38121460156250003 0.45356834843750005
676 0.3914459203125 0.40143202499999997 0.37878817656249997 0.2810016390625 0.374903325 0.2814099546875 0.390827584375 0.4329191484375 0.3914459203125 0.40143202499999997
1865 0.357695471875 0.4913902078125 0.33930959843749997 0.39120070625 0.308639103125 0.398352071875 0.3231401265625 0.49894988749999997 0.357695471875 0.4913902078125
720 0.4581067265625 0.363003559375 0.47753098281249995 0.36096198749999997 0.469971303125 0.326406640625 0.45054704687499997 0.3284482125 0.4581067265625 0.363003559375
1340 0.43358440781249996 0.279170090625 0.47284123281249996 0.27897179843750003 0.46957471875 0.24789298906249999 0.43113452187499995 0.25586098281249997 0.43358440781249996 0.279170090625
228 0.7085452890624999 0.540925275 0.7144717109375 0.559941215625 0.7089418734375 0.6194389265625 0.7265228484375 0.637229925 0.75719334375 0.630078559375 0.75269015625 0.661973996875 0.758616578125 0.6809899374999999 0.7749726124999999 0.6871263828124999 0.8060514218750001 0.68385986875 0.8027731765624999 0.7274098609374999 0.8091079140625 0.750310653125 0.8495896828125 0.7617669140625 0.900092746875 0.756458828125 0.9683868109375 0.733569765625 0.990470975 0.7194653265625 0.9477493421875 0.649327984375 0.9682119796875 0.5450553390625 0.8107880921874999 0.4673348546875 0.8036249968750001 0.5112931609375 0.8122113265625 0.5182462343750001 0.8064831968749999 0.53848711875 0.7862423125 0.5327589875000001 0.7085452890624999 0.540925275
228 0.6525475765625 0.38184466875 0.6488610171875 0.421509809375 0.5983579515625 0.42681789531250003 0.5938547640625 0.4587133328125 0.625131865625 0.49470364375000003 0.69158265 0.4916471515625 0.6785048609375 0.44196071562499994 0.6817831062499999 0.398410725 0.6525475765625 0.38184466875
228 0.6194271953125 0.36568692812500003 0.594274809375 0.387969384375 0.563196 0.3912358984375 0.5781170671875 0.42108976406250004 0.6169655796875 0.417006621875 0.6194271953125 0.36568692812500003
98 0.7343160125 0.4871556953125 0.7897188484375001 0.5284658234374999 0.781762584375 0.415396825 0.7292179484375 0.40128065468749996 0.7343160125 0.4871556953125
98 0.6320966703125 0.41148851249999996 0.6441595375 0.41414842187499995 0.646621153125 0.362828728125 0.6267885843750001 0.3609854484375 0.6320966703125 0.41148851249999996
98 0.5858985 0.3456443359375 0.5848718500000001 0.37324660781249996 0.59734303125 0.3797913671875 0.593668203125 0.34482770625 0.5858985 0.3456443359375
2001 0.7304751515625 0 0.692877975 0.055528903124999994 0.710003715625 0.3679502515625 0.7952604187500001 0.3943393125 0.7501184656250001 0 0.7304751515625 0
2001 0.6016713890625 0.1593815015625 0.620453846875 0.3380846546875 0.648872746875 0.346881009375 0.6329602203125 0.1207430125 0.6016713890625 0.1593815015625
2001 0.595919796875 0.3288799875 0.578152259375 0.19720336249999998 0.5773356296875 0.1894336609375 0.559952946875 0.2108994875 0.579972078125 0.32662839374999997 0.5803803921874999 0.33051324531250004 0.595919796875 0.3288799875