407 0.3579847953125 0 0.3806872890625 0.22166602968750002 0.5469279734375 0.246013403125 0.670515228125 0.0407952359375 0.39473084062499997 0 0.3579847953125 0
407 0.29409979062499997 0 0.3421221046875 0.311384865625 0.515641003125 0.34056147812500004 0.7581924234375 0.031882715625 0.5151508375 0 0.29409979062499997 0
1073 0.49040031562499997 0.0973916109375 0.504004640625 0.114804353125 0.52094133125 0.1050771609375 0.515567325 0.084739390625 0.52270810625 0.0265823890625 0.49992135781249997 0.0198489421875 0.4961816578125 0.0823591296875 0.49040031562499997 0.0973916109375
228 0.5759133249999999 0.651002053125 0.589993703125 0.6645376625 0.6058408546875 0.5995784984375 0.568497678125 0.5831865765625001 0.5535339125000001 0.6088983546875 0.51040939375 0.6075389140625 0.537141990625 0.6462415328125 0.5759133249999999 0.651002053125
819 0.938427046875 1 0.9452667828125 0.9442948265625001 0.8943879953125 0.9419832828124999 0.8298361671875 0.8907658765625 0.80222018125 0.8913106453124999 0.7487549859375 0.813905409375 0.74868626875 0.7824122906250001 0.7094388828125 0.781528903125 0.6487641890625 0.73078755 0.6516205015625001 0.7075247484375 0.620603434375 0.70371633125 0.5808112796875 0.6752169578125 0.5400670203125 0.6544718515625 0.47544647656250005 0.5717613265625 0.3198850875 0.556596375 0.27152399531250004 0.5978854015625 0.22799213906250002 0.631896215625 0.20860647187499998 0.6295159546875 0.1985406609375 0.6794426359375 0.18065186718749998 0.6969240953125 0.1302491328125 0.6907354171875 0.10753110156250001 0.7154950906249999 0.10521955624999998 0.7663738765625 0.0786243921875 0.7906574984375 0.002033828125 0.7733821890625 0 0.7752631390625 0 0.9382159234375 0.5201112015625 1 0.938427046875 1
1939 0.3819829765625 0.371377359375 0.3979675609375 0.369404434375 0.418781384375 0.3601532953125 0.43524202343749996 0.3543032359375 0.44252023749999997 0.3591324734375 0.4561245625 0.376545215625 0.47115704375 0.3823265578125 0.4808842359375 0.3992632484375 0.4731986859375 0.4298042625 0.449258646875 0.5606746953124999 0.4647671796875 0.562578903125 0.50394585 0.5319691718749999 0.5157097203125 0.37205459687500003 0.5267963515625 0.34586676875 0.333415734375 0.318187028125 0.3087297390625 0.5512910843750001 0.35960852656250003 0.5536026296875 0.3819829765625 0.371377359375
568 0.060828715624999995 0 0.02776755625 0.243270090625 0 0.46941868906249995 0 0.54880410625 0.029168798437499997 0.552385584375 0.040868915625 0.5853068609375 0.014749801562500001 0.6057133484375 0.000875575 0.6866570984375 0.016452824999999997 0.720054425 0.001557775 0.777259321875 0.0747472578125 0.7901814453125 0.101818475 0.7620206921875 0.11236033906250001 0.7082168765625 0.1001841703125 0.679172734375 0.1883912453125 0.024889292187500002 0.2169593359375 0.016590257812500002 0.215480225 0 0.060828715624999995 0
1599 0 0.6692534921875 0.011348720312500001 0.6013601625 0.0335907 0.5804776234375 0.0209384796875 0.5553106140625 0 0.5527396921875 0 0.6692534921875
676 0.7496383734375 0.7746580234375 0.770996965625 0.7930228703125 0.8396171875 0.2662087796875 0.7989416453125 0.27695679218749997 0.7496383734375 0.7746580234375
693 0.805876278125 0.1243204328125 0.7961490859375 0.10738374218749999 0.77193418125 0.112281696875 0.7788050609375 0.1524811875 0.7478567093749999 0.1801658890625 0.7751340765625 0.24648449375 0.7026367203125 0.77282253125 0.7452851875000001 0.7780591046875001 0.7916634296875 0.2721275546875 0.8405692921875 0.2584545125 0.8011256828125 0.6117497046875 0.8224155578125 0.59862143125 0.8823981249999999 0.110102621875 0.8881107500000001 0.063577021875 0.8658000546875 0.0529664421875 0.829477696875 0.0603133734375 0.8256692796875 0.091330440625 0.835396471875 0.1082671296875 0.805876278125 0.1243204328125
693 1 0.0612905296875 0.978712975 0.0628948203125 0.8943192796874999 0.9104901625 0.9495512515625 0.9094006265625 1 0.4387854390625 1 0.0612905296875
511 0.219314915625 0 0.22083646875000001 0.017066309374999998 0.19131627499999998 0.0331196109375 0.1231033890625 0.52456345 0.16187472187500002 0.5293239703125 0.13943155625 0.6800561218750001 0.1428326375 0.6844093078125 0.181603971875 0.689169828125 0.1951395796875 0.6750894515625 0.20037615312499998 0.6324409828124999 0.21132535312499998 0.5432669156250001 0.197244975 0.52973130625 0.253625275 0.1667089234375 0.2617181609375 0.10079765468749999 0.27368817968750003 0.0353624390625 0.29300513125 0.00624958125 0.29047320625 0 0.219314915625 0
511 0.2942321015625 0.12446779062499999 0.2867477375 0.0251591953125 0.276613209375 0.0435927578125 0.26559529375 0.1012737078125 0.2020742125 0.5224530921875 0.2152024859375 0.5437429671875 0.20132825781250002 0.6246867171875 0.22751608750000002 0.6357733484375 0.241051696875 0.6216929718750001 0.249075865625 0.524288584375 0.27804632812499996 0.2562903265625 0.28049530625 0.2683977796875 0.29103716875 0.2145939640625 0.28328290156249997 0.21364185937500002 0.28654655 0.15500880625 0.2942321015625 0.12446779062499999
1939 0.649240240625 0.726910415625 0.6997116906249999 0.7645922125 0.768807965625 0.23390098906249998 0.7405784953125 0.1753366515625 0.7792811125 0.148604053125 0.77193418125 0.112281696875 0.800502271875 0.1039826609375 0.8145826484375001 0.11751827031249999 0.8324714421875001 0.10003681093750001 0.826076615625 0.0559601875 0.8623989734374999 0.04861325625 0.7780541421875 0.030385843750000002 0.527272403125 0.341989634375 0.5030624625 0.5712165578125 0.6297858578125 0.6930370359375 0.682765075 0.3256614671875 0.7122852703125 0.3096081640625 0.649240240625 0.726910415625
1939 0.8264350859375 0.886412690625 0.859425078125 0.9062056937499999 0.8947953312499999 0.9066130296875 0.9719108125 0.0541884484375 0.9253852124999999 0.048475823437499996 0.874982478125 0.042287146875 0.8881107500000001 0.063577021875 0.7705896296875 0.8283931234375 0.8070494203124999 0.88403243125 0.8264350859375 0.886412690625
514 0.30342444999999996 0.5624464328125 0.3236885421875 0.3012503390625 0.30878852968750004 0.1341262671875 0.2976331828125 0.1288209765625 0.291513221875 0.2107168296875 0.28246823125 0.284382365625 0.2511862234375 0.6032594078125 0.30342444999999996 0.5624464328125