407 0.3227363109375 0 0.46683269687499995 0.2176425390625 0.6148653562499999 0.22927363125000003 0.84751291875 0.033770940625 0.5262038828125 0 0.3227363109375 0
819 0.9462742546875 1 0.9513197218749999 0.9519955859375001 0.5977161546875001 0.3924373796875 0.4539766625 0.37732975 0 0.8904003359375 0 0.9462742562500001 0.5111663109375 1 0.9462742546875 1
1939 1 0.049797978124999996 0.855282621875 0.03458756875 0.6148653562499999 0.22927363125000003 0.5985327828125 0.38466767812499997 0.9598943234374999 0.8704137125000001 1 0.4888336875 1 0.049797978124999996
1939 0.05372574375 0 0 0.5111663109375 0 0.8900904046875 0.4543849765625 0.3734449 0.4664243828125 0.22152739062500001 0.3191823625 0 0.05372574375 0
1939 0.5286054625000001 0.3773180203125 0.544938034375 0.22192397343749998 0.46683269687499995 0.2176425390625 0.4586781421875 0.3699683625 0.5286054625000001 0.3773180203125
676 0.553536096875 0.2895997015625 0.5441448671875 0.378951278125 0.59812446875 0.3885525296875 0.6040391609375 0.2949077875 0.553536096875 0.2895997015625
1340 1 0.1734435703125 0.9816628906249999 0.177486971875 0.9761565125 0.2672468625 1 0.26545203281249996 1 0.1734435703125
1340 0.954282371875 0.2885143984375 0.957128840625 0.1866916390625 0.9209402375 0.19467136406250002 0.91114069375 0.2879077921875 0.954282371875 0.2885143984375
1340 0.8972345468749999 0.2707351296875 0.9002910390625001 0.2042843453125 0.8761653031250001 0.20960416249999997 0.86840733125 0.28341633437499997 0.8972345468749999 0.2707351296875
1340 0.8275172484375 0.298757446875 0.85082635625 0.3012073328125 0.8602175843750001 0.21185575625 0.8520395687500001 0.214923978125 0.831798684375 0.22065210937500002 0.8275172484375 0.298757446875
1346 0.749820225 0.2905911609375 0.7512434609375 0.23967978125 0.68663595625 0.25645585937500004 0.6829611265625 0.29141952031249996 0.7412338953125001 0.297544234375 0.749820225 0.2905911609375
1346 0.6588353921875 0.2967393359375 0.6625102203125001 0.2617756765625 0.6306147828124999 0.2662788640625 0.6308248046875 0.3016508390625 0.6588353921875 0.2967393359375
1340 0.096523434375 0.0412496328125 0.083865690625 0.1616800171875 0.129667275 0.1743494921875 0.14069176249999998 0.0694585109375 0.096523434375 0.0412496328125
1340 0.203059403125 0.1113635140625 0.1701373140625 0.0882644296875 0.159112828125 0.1931554109375 0.1940764875 0.1968302390625 0.203059403125 0.1113635140625
1340 0.2519292109375 0.1322110046875 0.2216670296875 0.12117478749999999 0.2087992640625 0.2062332 0.23987807343749998 0.20949971406249998 0.2519292109375 0.1322110046875
1340 0.280558134375 0.1587866265625 0.26235882187500004 0.1450905015625 0.2507159984375 0.218494359375 0.26973193906250004 0.22442078125 0.280558134375 0.1587866265625
1340 0.3476272546875 0.1933302421875 0.3506954765625 0.201508259375 0.345387390625 0.2520113234375 0.3535654078125 0.24894310156250002 0.361941715625 0.206618053125 0.3476272546875 0.1933302421875
1346 0.38791073125 0.22113080625 0.3838275890625 0.2599793171875 0.3954821421875 0.2612042609375 0.3991569703125 0.2262406 0.38791073125 0.22113080625
1340 0.41306311874999996 0.2434132625 0.411021546875 0.26283751875 0.4226761 0.2640624609375 0.424717671875 0.24463820468750003 0.41306311874999996 0.2434132625
1346 0.446393521875 0.26262749531249996 0.4447602640625 0.2781669 0.46029966875 0.2798001578125 0.46152461093749997 0.26814560468750004 0.446393521875 0.26262749531249996
676 0.3273863703125 0.1990583734375 0.295280909375 0.1681895859375 0.25976929531250004 0.5808004375 0.2992244140625 0.5417419031249999 0.3273863703125 0.1990583734375
676 0.3650099390625 0.21479606874999999 0.34072110312500004 0.48325911406250005 0.36096198749999997 0.47753098281249995 0.37666449218750003 0.2160210125 0.3650099390625 0.21479606874999999
676 0.4057017296875 0.2387117828125 0.3848777 0.43683919062500004 0.39346403125 0.4298861171875 0.40958658124999997 0.23912009687500002 0.4057017296875 0.2387117828125
676 0.42308441406249997 0.260177609375 0.40716015624999996 0.4116868046875 0.41431152187500003 0.381016309375 0.42696926562500004 0.2605859234375 0.42308441406249997 0.260177609375
1865 0.333954590625 0.36078715625 0.3272232703125 0.46220160000000005 0.36259524375 0.46199157812499997 0.36544171406250003 0.36016881875 0.333954590625 0.36078715625
720 0.506719590625 0.3239567546875 0.487295334375 0.321915184375 0.4875053578125 0.3572871578125 0.5069296125 0.35932872968749996 0.506719590625 0.3239567546875
1340 0.5226555796875 0.24707636093750002 0.483398753125 0.24687806874999998 0.4809488671875 0.270187175 0.5193890640625 0.2781551703125 0.5226555796875 0.24707636093750002
228 0.79178388125 0.6013675218750001 0.7731762546875001 0.5915562484375 0.69547923125 0.5833899625 0.6973225109375 0.6032225328124999 0.6795432421875 0.6602703562500001 0.693041075 0.6813278703125001 0.7245281984374999 0.6807095328125 0.7134919828124999 0.7109717140625 0.7153352625 0.730804284375 0.7300580375 0.74020724375 0.761136846875 0.7434737578124999 0.7488756875 0.7853904921875 0.750310653125 0.8091079140625 0.7875259078125 0.8287304609374999 0.8380289718749999 0.834038546875 0.90958955 0.8258487999999999 0.9341236 0.8166441328125 0.9069179109375 0.73915713125 0.9486128921875 0.6414175156249999 0.8107880921874999 0.5326651453125 0.79464208125 0.5741735640625001 0.8015951546875 0.5827598953125 0.79178388125 0.6013675218750001
228 0.686671146875 0.4803422609375 0.6989323078125 0.4384255265625 0.6737799203125 0.41614307031250003 0.661927075 0.45417495468749997 0.6114240093750001 0.44886686718749996 0.6003877937500001 0.4791290484375 0.6234986078125 0.5208357609375 0.6891327640625 0.5316619546875 0.686671146875 0.4803422609375
228 0.5928163828125 0.43905559375000003 0.63166489375 0.4431387375 0.6447426828125 0.3934523 0.615507153125 0.41001835625 0.58442834375 0.40675184218749993 0.5928163828125 0.43905559375000003
98 0.7931953859374999 0.4758273421875 0.7447338921875 0.45109500156250004 0.7318661265624999 0.5361534125 0.7774694203125 0.5880797125 0.7931953859374999 0.4758273421875
98 0.671936640625 0.39631050156250003 0.6529207 0.390384078125 0.6476126140625 0.44088714375000004 0.658858853125 0.4459969375 0.671936640625 0.39631050156250003
98 0.6202086328124999 0.40265696875 0.6238834625 0.3676933078125 0.616113759375 0.3668766796875 0.6093707078125 0.39366232343749996 0.6202086328124999 0.40265696875
2001 0.8107763625000001 0.45803634375 0.85098945625 0.0380641046875 0.781073865625 0.10534324843750001 0.7328693171875 0.4144980828125 0.8107763625000001 0.45803634375
2001 0.67745475 0.3811794109375 0.70890668125 0.156674671875 0.6702681921875 0.1879635046875 0.651485734375 0.36666665625 0.67745475 0.3811794109375
2001 0.6142704796875 0.34704410937499997 0.613862165625 0.35092896093750003 0.6294015703125 0.35256221718749997 0.63939940625 0.22006896406249998 0.6402160343750001 0.21229926250000003 0.61875020625 0.2296819453125 0.6142704796875 0.34704410937499997