819 0.9230854000000001 1 0.9465998921875001 0.8515353484375 0.8347851171875 0.6835378359375001 0.8305435093750001 0.635406728125 0.783634546875 0.6319320203125 0.6393489171875 0.4192422109375 0.488880771875 0.39541039843750003 0.169923971875 0.6612879546875 0 0.6130672765625 0 0.9230854000000001 0.4856196671875 1 0.9230854000000001 1
2001 1 0.081641434375 0.954483459375 0.0776153703125 0.8826045703125001 0.4814997734375 0.9993438187500001 0.5434938140625001 1 0.5391107671875 1 0.081641434375
1939 0.9981216749999999 0.5512101296874999 0.867171940625 0.479055484375 0.8588086546874999 0.5568297078125 0.836426609375 0.6482033453125 0.8353961890624999 0.6796796781250001 0.9478220359374999 0.8438190328124999 0.9981216749999999 0.5512101296874999
2001 0.8410753265625001 0.2692652078125 0.856771478125 0.14519309375 0.689996109375 0.249291553125 0.684688184375 0.3077749890625 0.8410753265625001 0.2692652078125
412 0.8509242765625 0.057258265625000006 0.8123427 0.0511475453125 0.7924408406250001 0.0519503421875 0.791218696875 0.059666656250000005 0.8163925828125 0.075518634375 0.8395415281249999 0.0791850671875 0.864523690625 0.0712770265625 0.8509242765625 0.057258265625000006
2001 0.6042779484375 0.291084315625 0.64671768125 0.297806109375 0.6516062578125 0.2669408484375 0.609166525 0.26021905625 0.6042779484375 0.291084315625
2001 0.5165707421875 0.245553325 0.511682165625 0.276418584375 0.592703475 0.2892511 0.5975920515625 0.2583858390625 0.5165707421875 0.245553325
676 0.4939610734375 0.3883051546875 0.5749823828125 0.4011376703125 0.592092403125 0.29310925781249997 0.51107109375 0.2802767421875 0.4939610734375 0.3883051546875
407 0.3641903703125 0 0.508854428125 0.2443311796875 0.67150811875 0.2661380515625 0.917124028125 0.063788334375 0.630302359375 0.014405303125 0.5393508546875 0 0.3641903703125 0
676 0.5953394890625 0.2975784875 0.57822946875 0.4056069 0.6283855171875 0.4135508375 0.64121803125 0.332529528125 0.6461066093750001 0.3016642671875 0.5959505609375 0.2937203296875 0.5953394890625 0.2975784875
1939 0.0769146 0 0 0.485619665625 0 0.6083443187500001 0.160182715625 0.647880265625 0.1966553171875 0.39263079375 0.189550075 0.38755049218750004 0.254484140625 0 0.0769146 0
1939 0.8809508421875 0.11738319374999999 0.8290097109375001 0.4453265875 0.8168241671875001 0.4473515296875 0.7881037765625 0.6286849359375 0.8350127390625 0.63215964375 0.8645359265625 0.470728096875 0.8838267140625 0.4737834578125 0.9524224609375 0.065424115625 0.9215932578125001 0.06054124843749999 0.8801480453125 0.0974813328125 0.8809508421875 0.11738319374999999
2001 0.28718019375 0 0.26540705 0.15831360156250002 0.3324095984375 0.1847455296875 0.3550192671875 0.0419936984375 0.324509059375 0 0.28718019375 0
2001 0.3921510765625 0.10719892812500001 0.36292730781250004 0.06697586093749999 0.343984071875 0.18657874531250002 0.373016115625 0.20304179531250002 0.3921510765625 0.10719892812500001
1603 0.44146842968750005 0.170379215625 0.40735608437500004 0.161021409375 0.3967761328125 0.20285007031250002 0.4314995515625 0.2083497203125 0.44146842968750005 0.170379215625
849 0.3246932828125 0.1835233859375 0.2998310515625 0.3654678640625 0.360147703125 0.359201315625 0.383979515625 0.2087331703125 0.343984071875 0.18657874531250002 0.3246932828125 0.1835233859375
1939 0.2596506703125 0 0.1685101015625 0.645244253125 0.4856336875 0.39094116875 0.5037741265625 0.2514364234375 0.3569088984375 0 0.2596506703125 0
412 0.3948647703125 0 0.3991004921875 0.0133810015625 0.40742787968750005 0.0107449890625 0.42610759531250003 0.01765850625 0.44600945468750003 0.016855709375 0.4555589875 0.00650338125 0.44459558593750004 0.0008120078124999999 0.4424016125 0 0.3948647703125 0
412 0.43928766250000006 0.059295443749999996 0.43420735937500005 0.06640068593750001 0.44070153124999994 0.0753391453125 0.47095571875 0.08408588125000001 0.476036021875 0.0769806375 0.47076399531249996 0.06032586250000001 0.43928766250000006 0.059295443749999996
1929 0.546932625 0.028885428125 0.70064785625 0.0571864703125 0.70878351875 0.0307904390625 0.5467409 0.0051254109375 0.546932625 0.028885428125
412 0.7710892140625 0.111847646875 0.7556565828124999 0.10940335781249999 0.7461070515625 0.1197556859375 0.7532122953125 0.1248359890625 0.7796083265625 0.1329716515625 0.7962631 0.12769962343750002 0.7942381593750001 0.11551407968750001 0.7710892140625 0.111847646875
2001 0.5563385656250001 0.319085940625 0.575629353125 0.3221413015625 0.5799068578125001 0.2951341984375 0.5606160703125 0.29207883749999997 0.5563385656250001 0.319085940625
2001 0.5145099046875 0.308505990625 0.53765885 0.31217242343749996 0.536856053125 0.2922705625 0.5175652640624999 0.28921520156249997 0.5145099046875 0.308505990625
1209 0.38963499218750003 0.27290797968749997 0.377221825 0.3263111140625 0.3997596984375 0.333835703125 0.409536853125 0.27210518281249996 0.40304268125 0.2631667234375 0.38963499218750003 0.27290797968749997
1939 0.83286786875 0.445937659375 0.8809508421875 0.11738319374999999 0.884006203125 0.09809240625 0.8846172749999999 0.0942342484375 0.6664278171875 0.2732432953125 0.6393489171875 0.4192422109375 0.783634546875 0.6319320203125 0.8174352390624999 0.443493371875 0.83286786875 0.445937659375