1073 0.8014156124999999 0.2800339140625 0.8168612796874999 0.3029330578125 0.823039546875 0.312092715625 0.8506262625 0.3134756671875 0.8626595671875 0.27204172187500003 0.867131653125 0.249034834375 0.8646801249999999 0.220702771875 0.8210101359375 0.220172909375 0.8014156124999999 0.2800339140625
1340 0.4248999609375 0.3540830828125 0.4554592140625 0.196869353125 0.374935109375 0.181217053125 0.34437585625 0.33843078125 0.4248999609375 0.3540830828125
1340 0.1380592203125 0.294347528125 0.2607626171875 0.318198653125 0.2837606515625 0.17941198281249998 0.168726215625 0.15705155312500002 0.1380592203125 0.294347528125
676 0.09674413281250001 0 0 0.531545775 0 0.8953734078125001 0.0148613734375 0.8872014171875 0.043938784375 0.88091540625 0.1901258109375 0.0060160921875000006 0.1843789609375 0 0.09674413281250001 0
676 0.6910953078125 0.7042783734375 0.7942765109375001 0.23487322968750002 0.76296305625 0.2526626828125 0.675541896875 0.6614614750000001 0.6910953078125 0.7042783734375
1939 0.17937656875000002 0.1432043234375 0.292920309375 0.173233715625 0.26236105625 0.33044744375 0.1473266203125 0.3080870140625 0.134871196875 0.4131087015625 0.22306426406250002 0.4302516984375 0.1903767109375 0.6188866234375 0.2248870421875 0.6255947515625 0.23681260312500002 0.564243053125 0.28324849687500003 0.5095994828125 0.2997538875 0.44515865000000004 0.41020849375 0.4706082125 0.43033288125 0.36707722187499997 0.3344708515625 0.34844352968750003 0.3725913234375 0.17280274375 0.4615297390625 0.18611125781249999 0.48612621093749997 0.059573378125 0.1970494265625 0.01134126875 0.17937656875000002 0.1432043234375
819 0.7517256671875 1 0.6723450203125 0.6369638921874999 0.6582823046875 0.5864780328125 0.6334614937499999 0.5299216484375 0.5759442765625 0.5187414343750001 0.527272340625 0.5848884484375 0.49393832968750007 0.6540168515625 0.37690104375 0.9695128859375 0.3086257296875 0.952262146875 0.35483728281250004 0.7145243140625 0.2689880015625 0.705795628125 0.2341632953125 0.7825929953124999 0.22190565156250003 0.6409326765625 0.18814066875 0.6303900671875 0.1679085390625 0.7140033046875 0.108155278125 0.714326534375 0.0895215875 0.8101885640625 0.0672600484375 0.801881996875 0.0539515328125 0.8908204124999999 0 0.9040473609375 0 0.9085396640625 0.4593151875 1 0.7517256671875 1
407 0.8630728328125 0.0651952234375 0.59465915 0.013020889062499999 0.601483875 0.14168706874999998 0.6436631687500001 0.14988589218749998 0.6384457343750001 0.1767272609375 0.7534801703125 0.199087690625 0.8630728328125 0.0651952234375
1340 0.823039546875 0.312092715625 0.8176066265624999 0.2990985765625 0.790765259375 0.29388114375 0.7630796531249999 0.41583919375 0.7922648078125001 0.4294709375 0.823039546875 0.312092715625
1340 1 0.2310888421875 0.9903649124999999 0.22921597187499998 0.9054764656250001 0.2564883109375 0.8698075218750001 0.4604611625 0.94884093125 0.48378242499999996 1 0.2723575484375 1 0.2310888421875
1073 0.6936280203125 0.322751921875 0.7281383499999999 0.32946005 0.7425154421875 0.296440415625 0.7317573453125 0.29036989062499996 0.7125849390625 0.286643153125 0.6936280203125 0.322751921875
1939 1 0.0893808109375 0.8707417953125001 0.06668591874999999 0.7413391218750001 0.22060388125000002 0.7224899453125 0.2766304046875 0.658919909375 0.5627257984375 0.6784155453125 0.626205796875 0.7560394421875001 0.24733750781250002 0.7996016874999999 0.227949615625 0.8026908203125 0.23252944375 0.6987642703125 0.70576906875 0.7610585953125 1 0.90818883125 1 1 0.52767248125 1 0.0893808109375
676 0.5522997843749999 0.5380215828125 0.59351824375 0.51021938125 0.6344046203125 0.27940516249999997 0.60447411875 0.2696079 0.5522997843749999 0.5380215828125
1939 0.7164194203124999 0.2873885 0.7450658609375 0.2014314765625 0.6369550390625001 0.1843962234375 0.6241763859375 0.22966465 0.5889207078124999 0.2267910015625 0.58146723125 0.26513581406250003 0.5968051562500001 0.2681172046875 0.6780746093750001 0.2799350234375 0.7164194203124999 0.2873885
1354 0.273029115625 0.6031177265625 0.37272562656249997 0.622496765625 0.39295775625 0.5388835265624999 0.30167555468749996 0.5171607015624999 0.273029115625 0.6031177265625
423 0.1842973328125 0.4863859625 0.20357748281250002 0.5100304546875 0.2184844359375 0.43334083124999995 0.1341258484375 0.4169431828125 0.1274177203125 0.4514535140625 0.16427183750000002 0.466575953125 0.1842973328125 0.4863859625
1754 0.14948148125 0.7064420859375 0.15320821874999999 0.6872696796875 0.16854614375000002 0.6902510703125 0.179088753125 0.6564860875 0.1811093109375 0.6051471375 0.1923972671875 0.5675476734375 0.20666661562500002 0.514610284375 0.17811906718749998 0.47722630625000007 0.14584477812500002 0.4590147328125 0.1305068546875 0.45603334218749997 0.105057290625 0.56648795 0.1419114078125 0.5816103874999999 0.125935878125 0.6023812328125 0.111882015625 0.695154128125 0.14948148125 0.7064420859375
423 0.2384198953125 0.7197506 0.23480089999999998 0.7588407593750001 0.2712240453125 0.694292184375 0.3586717640625 0.7152696609375 0.4063740125 0.469862865625 0.310511984375 0.45122917500000004 0.2863376296875 0.5141793125 0.23990173750000002 0.56882288125 0.22265099843749997 0.6370981953125 0.2281916609375 0.6700100875 0.24714858125 0.63390131875 0.26248650625000003 0.636882709375 0.2384198953125 0.7197506
1939 0.5363242546875 0.5587924265625 0.585831575 0.2222111734375 0.6007385281250001 0.14552155 0.5954044984375 0.0091864078125 0.5723976109375 0.004714321875 0.38957195312500004 0.90432670625 0.5363242546875 0.5587924265625
1939 0.19508603124999999 0 0.198540121875 0.00367230625 0.49219673437499994 0.0488152828125 0.31011642500000003 0.944593184375 0.3791370859375 0.9580094421875 0.5685631296875 0.0039689750000000005 0.5481445234375 0 0.19508603124999999 0