1073 0.2555532515625 0.18698899375 0.2813174671875 0.1969461328125 0.2906871640625 0.19109129687499998 0.3141114046875 0.17645420625 0.3205585796875 0.113798646875 0.28044854531249996 0.096520515625 0.266685275 0.12140601718749999 0.261412984375 0.14424281562500002 0.2555532515625 0.18698899375
1340 0.7078858515625 0.4156972171875 0.74391316875 0.25964576093749997 0.6639843734374999 0.2411927453125 0.62795705625 0.3972442 0.7078858515625 0.4156972171875
1340 0.9421233609374999 0.321442190625 0.8279393687500001 0.2950807390625 0.7924994937500001 0.43122281406249996 0.9142957515625 0.459341696875 0.9421233609374999 0.321442190625
676 1 0.1681969578125 0.9840055140624999 0.17476043125000001 0.7703677796874999 1 0.8787314671875001 1 1 0.5019614703124999 1 0.1681969578125
676 0.27396219843749997 0.576103075 0.36037244375 0.16708940781249998 0.339001803125 0.138101603125 0.24233825000000003 0.608892115625 0.27396219843749997 0.576103075
1939 0.712861971875 0.4288730453125 0.6177086453125 0.40690516875 0.5939833390625 0.5096707625 0.7052399125 0.5313473656250001 0.6941078890625 0.5969303421875 0.714303646875 0.6657369078125 0.7002442062500001 0.7266350359375 0.734499403125 0.734543471875 0.7813625734375 0.5489216671875 0.8689036343750001 0.5691321125 0.9002412078124999 0.46812395 0.786057215625 0.44176249843750004 0.8220845328124999 0.28571104375 0.9380259546874999 0.304460228125 0.9755145328125 0.176809134375 0.6918119828125 0.10329323906250001 0.6628143859375 0.2288956296875 0.7494767312499999 0.252912209375 0.712861971875 0.4288730453125
819 0.759181940625 1 0.7725411484375 0.951794121875 0.7488256343749999 0.9503279656249999 0.7707935109374999 0.8551746390625 0.7163376593749999 0.8305755140625 0.7318632578125001 0.745961871875 0.6967293453125001 0.74185956875 0.6279129875 0.866287075 0.6273353390625 0.7819647062499999 0.545357840625 0.7550207078125 0.4908775078125 0.9910009578125001 0.42148839687499995 0.9789902203124999 0.44289331406250004 0.6431669 0.4405582359375 0.5664567953125 0.42299862343749994 0.48623183125 0.36590662812499997 0.47305110624999996 0.32022813437500003 0.5146224 0.2868467546875 0.55502370625 0.0297479640625 0.9045858171875001 0.4518157125 1 0.759181940625 1
407 0.3574483609375 0 0.39082640468749996 0.122003253125 0.505010396875 0.14836470468750002 0.5111614015625 0.12172177343749999 0.553028865625 0.1313876390625 0.6115968125 0.0166211 0.5396029171875 0 0.3574483609375 0
1340 0.2813174671875 0.1969461328125 0.2616895671875 0.31669368750000004 0.2938960625 0.31611114218749997 0.3182088109375 0.19343616875 0.2915658796875 0.1872851640625 0.2813174671875 0.1969461328125
1340 0.1431364828125 0.0487835265625 0.0965596875 0.3026244546875 0.1782459125 0.3134652046875 0.22862394375 0.1126188671875 0.1621671484375 0.053177101562499995 0.1431364828125 0.0487835265625
1073 0.395205290625 0.2593202125 0.3925740421875 0.2186227359375 0.3735433765625 0.2142291609375 0.3612462625 0.21539914843750002 0.3609500921875 0.2514117765625 0.395205290625 0.2593202125
1939 0.1062910421875 0 0 0.4603970859375 0 0.8937089578125 0.0230144140625 0.8990222546875 0.23472598437499997 0.6071346859375 0.3322682515625 0.13253804062500002 0.3369531 0.129610621875 0.36886342499999997 0.1650407046875 0.2856767671875 0.5427265921875 0.32930655781249996 0.4926643171875 0.3875979203125 0.2054469078125 0.39316638125000003 0.14659748125 0.350978990625 0 0.1062910421875 0
676 0.498267053125 0.24703289062499997 0.4669392734375 0.24380930312500002 0.41041023593750003 0.47129857187499996 0.4367569984375 0.51346220625 0.498267053125 0.24703289062499997
1939 0.49651451875 0.2025292828125 0.5032529671875 0.1559769703125 0.39755995624999996 0.127566815625 0.388767909375 0.21774402187500003 0.4268292390625 0.226531171875 0.50587931875 0.248790321875 0.5211038515624999 0.25230518125 0.5298910015625 0.21424384999999999 0.49651451875 0.2025292828125
1354 0.674198509375 0.5963429 0.5819726015625 0.579059871875 0.566447003125 0.663673515625 0.6654064625 0.6865201062499999 0.674198509375 0.5963429
423 0.766715690625 0.6297291765625 0.7939460640625 0.6159708015625001 0.8202977234375 0.606018559375 0.860116484375 0.6071934437500001 0.86802491875 0.572938246875 0.7842899921875001 0.5536065156250001 0.766715690625 0.6297291765625
1754 0.8554316359374999 0.6101208625 0.8402071031249999 0.6066060015625 0.8033157609374999 0.610115965625 0.7620308421875001 0.6326565937499999 0.753534965625 0.6868211718749999 0.748553946875 0.7257612171875001 0.7295183859375001 0.7734835171875 0.7254160828125 0.8086174296875001 0.740640615625 0.812132290625 0.736247040625 0.83116295625 0.7751870859375 0.8361439734375 0.8000823796875001 0.7456754953125 0.793936271875 0.7202025515625 0.8337550328125 0.7213774359375 0.8554316359374999 0.6101208625
423 0.7096187984375 0.6686643250000001 0.6894230421875001 0.5998577609375 0.6929427984375 0.532517353125 0.597789471875 0.5105494765625 0.5415517078125001 0.75414199375 0.6299714843750001 0.77054630625 0.6369914109375 0.8443289921874999 0.6495846953125 0.8071463765625 0.661304159375 0.72165401875 0.6765286921875 0.7251688796875 0.679159940625 0.7658663546875 0.6976080609374999 0.7380534359375 0.7096187984375 0.6686643250000001
1939 0.53457585 0.21131643281249998 0.4429031078125 0.5389351484375 0.436426553125 0.9142859578125 0.635312325 0.0180872578125 0.6124755265624999 0.012814967187500002 0.55215015 0.13519377187499998 0.53457585 0.21131643281249998
1939 1 0.1022820421875 0.639118459375 0.0189659734375 0.4241245421875 0.9675718218749999 0.4926349375 0.9833886921874999 0.6906419953125 0.09099612500000001 0.9772719625 0.16919686875 1 0.1596643984375 1 0.1022820421875