1050 0.09677286874999999 0.31728793125 0.054994990625 0.314830565625 0.04556503125 0.35432266874999996 0.0207806703125 0.3963090984375 0.02273271875 0.4079897703125 0.06766343281250001 0.412295175 0.0541244859375 0.422558665625 0.068101759375 0.46906592968750005 0.07642777656250001 0.4863984375 0.0647042859375 0.504431090625 0.10480330156249999 0.5030308031249999 0.0904447984375 0.4898252328125 0.08996672343749999 0.47613494687499996 0.1040917875 0.4384370296875 0.10018769218750001 0.4150756828125 0.0846284 0.4117027453125 0.1245225265625 0.4044351921875 0.124112746875 0.3927006625 0.10002255 0.36612795 0.09677286874999999 0.31728793125
1050 0.492823271875 0.3387040671875 0.46499411874999996 0.3377177421875 0.45851210625 0.37319061875 0.44678861562499994 0.391223271875 0.44431874374999997 0.40893278125 0.4627576859375 0.4063307390625 0.4615568984375 0.416163371875 0.463918725 0.43957857499999997 0.47399190156250004 0.46272449218749995 0.465079765625 0.4728264109375 0.466826925 0.47863981874999995 0.49002926875 0.479787715625 0.4819764359375 0.4702782265625 0.4861251703125 0.45642637031250005 0.49442263906250006 0.4287226546875 0.49086002500000003 0.41514008437500005 0.4845543515625 0.4114440046875 0.48421286874999997 0.401665228125 0.5118371328125 0.3967842875 0.4988843078125 0.3796133515625 0.492823271875 0.3387040671875
1250 0.1730556015625 0.3792427 0.3475369765625 0.37902409531250003 0.3439284625 0.1872523859375 0.172981153125 0.15601733906249998 0.1730556015625 0.3792427
214 0.71935554375 0.6793423078124999 0.719736775 0.6460406125 0.7190252609375001 0.5814468390624999 0.7002448375 0.5742701078125 0.697541528125 0.541076128125 0.670844865625 0.528301415625 0.6335572046875 0.5217709687500001 0.59171103125 0.51735785 0.557507909375 0.5107196890625 0.5325584078125 0.503758384375 0.5016447140625 0.502879775 0.4738155625 0.5018934500000001 0.452331828125 0.46152273906249996 0.4214864328125 0.462599884375 0.41069054375 0.462976884375 0.3899295234375 0.3990832546875 0.1441622546875 0.3920005171875 0.1450501078125 0.41742533281250005 0.15539647031249998 0.4483942703125 0.15614773125 0.469907575 0.1812338265625 0.48078038906250004 0.18332246875 0.4963725734375 0.2097459453125 0.5013242640625 0.2095013078125 0.53853746875 0.212261715625 0.6618038921875 0.473685121875 0.719251546875 0.48680308906249997 0.7853702171875 0.4961250046875 0.7870028296875 0.501787459375 0.728060890625 0.706266125 0.658259859375 0.7064995625 0.7091633468749999 0.721853965625 0.70666901875 0.71935554375 0.6793423078124999
1956 0.782258321875 0.5792386921875 0.9124236531250001 0.5923164796875 0.9307260015625 0.5858029265625 0.9297525 0.425269440625 0.775388928125 0.42674365625000005 0.782258321875 0.5792386921875
581 0.54359893125 0.46616818125000004 0.5754004796875 0.4924716078125 0.57383470625 0.13810294375 0.5364104515625 0.1276609875 0.54359893125 0.46616818125000004
581 0.40993928281249997 0.44146357968750005 0.4381782140625 0.45418443281250004 0.45586589375 0.4300690859375 0.4557343484375 0.11677127968750001 0.412004421875 0.10263324062500001 0.40993928281249997 0.44146357968750005
581 0.05900713125 0.2970671984375 0.10092159999999999 0.3034360734375 0.11390297812500001 0.365643234375 0.1342939671875 0.374721865625 0.1093872953125 0.013335723437499999 0.025980350000000003 0.016248359375 0.027877351562500003 0.378438015625 0.05900713125 0.2970671984375
1707 1 0.8432171921875 0.9961731 0.691215165625 0.9942210499999999 0.679534490625 0.8847596421875 0.6402778875 0.7801187359374999 0.69484366875 0.798603575 0.870430765625 0.805797103125 0.8995516625000001 0.8320839843750001 0.90059184375 0.84044975 0.8748438843749999 0.9094023640625 0.9037662453124999 0.9166641859375 0.934842896875 0.9578273953125 0.9196984671875 0.9570078375 0.89622940625 0.9734264343750001 0.8799909359375 1 0.8790629671874999 1 0.8432171921875
1340 0.6325266046875 0.2711650375 0.639680384375 0.343366403125 0.6657623781249999 0.33853931875 0.6634402984375 0.2720436484375 0.6325266046875 0.2711650375
1175 0.4906153875 0.4523532875 0.4854707546875 0.48190504218749997 0.5086730984375001 0.4830529375 0.5106648953125 0.4516531421875 0.4906153875 0.4523532875
1250 0.6370056234375 0.3552086484375 0.6426171328125 0.42746387031250005 0.6688357203125 0.42654829687499995 0.6679876124999999 0.3580430125 0.6370056234375 0.3552086484375