1050 0.9077405421875 0.4715452796875 0.9006231703124999 0.49413592968750003 0.909364234375 0.533432803125 0.9069854921875 0.5469233203125 0.8909288640625 0.5580020578125 0.9304427562500001 0.564969421875 0.92134301875 0.5454806671875 0.9320002265625 0.5294755953125 0.9523140343750001 0.485366196875 0.9403352500000001 0.4733183328125 0.9854278984375 0.47530797500000005 0.988986584375 0.46401265 0.9702868046875001 0.4189855140625 0.9664448562500001 0.37856535 0.9247315578125 0.37518444375 0.9147162859375 0.42309688593750006 0.887162325 0.4460582859375 0.8851234031249999 0.4576215875 0.9236178359375 0.47037060156250005 0.9077405421875 0.4715452796875
1050 0.52086124375 0.4172379734375 0.515442971875 0.43019254062499995 0.519804078125 0.458781428125 0.5219846312499999 0.473075871875 0.512686703125 0.481372078125 0.5358229999999999 0.4834644953125 0.538362225 0.4779508203125 0.5309427375 0.4667068828125 0.5441391703125 0.4451881359375 0.5497367796875 0.4223295109375 0.549916115625 0.4124254515625 0.5678134765625 0.417568375 0.567832328125 0.3996874734375 0.5587325921875 0.3801987171875 0.55725053125 0.3441689390625 0.529554940625 0.3412725953125 0.51785941875 0.38094022031249997 0.502642915625 0.396141365625 0.529319046875 0.40481935937499997 0.5276199453125 0.41445544375 0.52086124375 0.4172379734375
1250 0.87170945625 0.20487718125 0.6980787140625 0.212016984375 0.6678158546875 0.40142017656249995 0.840568765625 0.4259197671875 0.87170945625 0.20487718125
214 0.4638942109375 0.7847490328125 0.47335262031249997 0.78442966875 0.49554486718749996 0.7207801296875 0.7624192859375001 0.7002746578125 0.7823082 0.578592028125 0.7872450203125 0.541706934375 0.8141004875 0.5404808703125 0.818338815625 0.5253311109375 0.844693978125 0.51805541875 0.8484320015625 0.4968560359375 0.862987715625 0.4676284203125 0.8674053796875001 0.4425746046875 0.623044175 0.41538421875 0.5935929234375 0.47576666406249996 0.58295456875 0.47389083593750003 0.5525592687499999 0.46853132343750004 0.5256660953125001 0.50551919375 0.4979705046875 0.5026228484375 0.4672353828125 0.49919055312499994 0.44155986093750005 0.5026118125 0.4067657484375 0.5044252171875 0.36471263125000003 0.502971525 0.3268789890625 0.5042489781249999 0.298664240625 0.5131839125 0.29136753125000003 0.5456786203124999 0.27177106875 0.5501717796875 0.2620767625 0.6140379078125 0.257819584375 0.64706856875 0.2515423328125 0.6737816265625 0.266400165625 0.6783885984375 0.2737157265625 0.6280129890625 0.46648999375000005 0.7255926515625 0.4638942109375 0.7847490328125
1956 0.2094607015625 0.53918478125 0.23748645000000002 0.3891298515625 0.0848303046875 0.366186725 0.061524334375 0.525022425 0.0787420546875 0.5340197828125001 0.2094607015625 0.53918478125
581 0.5157634671875 0.126217209375 0.477250184375 0.1313490953125 0.42638106249999996 0.48205115468750004 0.4615338484375 0.4604296328125 0.5157634671875 0.126217209375
581 0.597330946875 0.45456728125 0.642441975 0.11874700468749999 0.597169990625 0.1266614234375 0.5534370984375 0.4368919296875 0.5675964359375001 0.46323423750000003 0.597330946875 0.45456728125
581 1 0.080450184375 0.954541865625 0.0724346890625 0.8795823531250001 0.42683750624999994 0.9010384 0.42068510468750003 0.92255100625 0.36088999843749997 0.96494394375 0.360416471875 0.9844461421874999 0.44532782187500003 1 0.33871116093750003 1 0.080450184375
1707 0 0.8582142796875001 0.0268723265625 0.8726225890625001 0.038388510937499995 0.8428590234375 0.11069529843749999 0.82381448125 0.11539622499999999 0.850476153125 0.14157205 0.853104521875 0.152748415625 0.8252681734375 0.1954903640625 0.6539624703125 0.099461903125 0.5853645203125 0 0.606015628125 0 0.8582142796875001
1340 0.369875684375 0.25151561093749997 0.35832179375 0.3170409796875 0.38347815937499996 0.32545099843749997 0.40061080625 0.25494790625 0.369875684375 0.25151561093749997
1175 0.49616747656250004 0.45063938437499995 0.4937698828125 0.482010803125 0.516906178125 0.48410322031249997 0.5159244234375 0.45412306718749995 0.49616747656250004 0.45063938437499995
1250 0.353403825 0.336045171875 0.3430298796875 0.40376573281250006 0.36886588593749997 0.40832131875 0.38447876718749996 0.33755025 0.353403825 0.336045171875