407 1 0.10935718750000001 0.8105440265625001 0.0621205078125 0.8019078390625 0.1029094984375 0.8499349234375 0.1427964484375 1 0.13456613281250002 1 0.10935718750000001
575 0.10935718593749999 0 0.017376212499999998 0.3689155359375 0.7713673609375 0.5483354765625 0.82679149375 0.300206634375 0.355817696875 0 0.10935718593749999 0
575 0.725011746875 1 0.7281982546875 0.99920123125 0.73627046875 0.9797427421875 0.8007829750000001 0.720997215625 0 0.7166294515625 0 0.8863485890625 0.4558309125 1 0.725011746875 1
550 0 0.7135752671875 0.8007829750000001 0.720997215625 0.7097892234375001 0.6532205796875 0 0.6058835593749999 0 0.7135752671875
316 0.3015311515625 0.6695215546875 0.2792897734375 0.655387709375 0.22926704999999997 0.6557983140625 0.22019497968750001 0.6921844046875 0.24597661093749998 0.7114951578125 0.2899390609375 0.7160148921875 0.3015311515625 0.6695215546875
316 0 0.640574678125 0.0392725390625 0.64278115 0.048336459375 0.5935103578125001 0.046812221875 0.5802476515625 0 0.57567991875 0 0.640574678125
1812 0.39346770625 0.6301776718750001 0.3818430140625 0.6251321984375 0.3783149859375 0.6392823437499999 0.3752828125 0.6385263390625 0.36369072187499996 0.6850196765625001 0.3717792359375 0.6913305937499999 0.3844119359375 0.692333165625 0.39499194375 0.6434403765625001 0.39094768593749996 0.64028491875 0.39346770625 0.6301776718750001
1812 0.4293457171875 0.6348288421875 0.41721702031249996 0.6318048187499999 0.4131849890625 0.6479764125 0.4101528140625 0.64722040625 0.40007273593750003 0.6876493953125 0.4106894203125 0.6967377671875 0.42129795468750003 0.6929414375 0.4288498640625 0.64973499375 0.4258176890625 0.6489789874999999 0.4293457171875 0.6348288421875
1812 0.48544501406249996 0.655257303125 0.4884690375 0.64312860625 0.476340340625 0.6401045828124999 0.473820321875 0.650211828125 0.46775597343750003 0.6486998171875 0.455655803125 0.6907722515625 0.4652604046875 0.697461171875 0.47587301406250004 0.7001071921875 0.4869611015625 0.65563530625 0.48544501406249996 0.655257303125
1321 0.6732477515624999 1 0.6862273703125 0.947941590625 0.7038715828125001 0.8836332125 0.72254825625 0.8539360421875 0.7351565046874999 0.8162845093750001 0.7457528140624999 0.7931611249999999 0.7603974546875001 0.77963555 0.7755461 0.764088525 0.79220268125 0.7360348015625 0.799758665625 0.699270709375 0.8078227281249999 0.66692751875 0.8123465390625 0.6294074203125 0.8199106734375 0.6055280296875 0.8259587203125 0.5812706375000001 0.82745443125 0.5494368828125 0.8198576953125001 0.5217774640624999 0.81732545 0.5125576578125 0.82136563125 0.5092707640625 0.8031481359375 0.46608062187500005 0.794531165625 0.423137046875 0.777329828125 0.38878870625 0.765692909375 0.36441618125 0.7384074171874999 0.364054478125 0.7101261437499999 0.387062728125 0.7045821 0.40929867187499996 0.7015662265625 0.434312071875 0.7035944671875 0.44555332812500004 0.69804635 0.46134691875 0.7041106984375001 0.46285893125 0.7106872 0.47523419687499996 0.70816718125 0.48534144375 0.7091833390625 0.49418324687500004 0.7162597703125 0.4980947109375 0.7122277390625 0.5142663078124999 0.677886190625 0.5422048968750001 0.65920544375 0.5654597156250001 0.6334401140625 0.57191836875 0.6036264515624999 0.5687792109375 0.5798771375 0.5671520640625001 0.5632001796874999 0.5629940328124999 0.5475312296875 0.5547931015625001 0.5313705015625 0.567940671875 0.5263223109374999 0.575270465625 0.5288586328125 0.5909326218750001 0.535426984375 0.5904231859375 0.544023578125 0.6011550031249999 0.5561482 0.5977366765625 0.5672648125 0.5983612484374999 0.5839458453125 0.6089616312499999 0.6167998328125 0.625741496875 0.6395411390625 0.631411540625 0.6445934046875 0.6305241015624999 0.6284489765625 0.6694410765625001 0.6148367953125 0.7175778609375 0.6128330046875 0.7449907125 0.62244168125 0.7581219828125 0.630530196875 0.7644329 0.620950046875 0.7963980875 0.6032976828125001 0.8478217640624999 0.59979410625 0.9006260171875 0.593746059375 0.924883409375 0.5816581140625 0.9862828984374999 0.580344740625 1 0.6732477515624999 1
316 0.6169615171875 0.0825625421875 0.5972972140625 0.14851436875 0.619542665625 0.1690905640625 0.727713303125 0.2325614328125 0.766115409375 0.2335477046875 0.8089557453125 0.0617245046875 0.5831170828125 0.0054166015625 0.571974759375 0.056316301562500004 0.6169615171875 0.0825625421875
316 0.4532363390625 0.06106527656250001 0.5962851312499999 0.1461149140625 0.6154454312500001 0.082184540625 0.4860414234375 0.0005369265625 0.47293324531250003 0.0466522609375 0.45626036406250003 0.048936579687499995 0.4532363390625 0.06106527656250001
318 0.36519325625 0 0.45222425624999996 0.0586658234375 0.45575228437500004 0.044515678125 0.47141715937499995 0.046274257812500004 0.48752651562500005 0 0.36519325625 0
142 0.88684815 1 0.9286871953125001 0.8280362296874999 0.9236308546875 0.8224813203125001 0.9200987515625 0.8301891140625001 0.9039217234375 0.81756728125 0.8887527015625001 0.80090255 0.891272721875 0.7907953015625 0.900869171875 0.78459951875 0.9119857859374999 0.7852240890625 0.909453540625 0.7760042828125 0.8968167656249999 0.7685593578125001 0.8700312015625 0.7597338546875 0.8558905640625 0.7712379796875 0.85791880625 0.7824792359375 0.8518666828124999 0.8002942781250001 0.831657621875 0.803844040625 0.8154846687499999 0.797664559375 0.8069125265625001 0.8255868484375 0.7851873781250001 0.8287586062500001 0.7382040812499999 1 0.88684815 1
2001 1 0.5151613046875 0.850146834375 0.4777987125 0.800746296875 0.6630160546874999 0.955911559375 0.7317626625 1 0.5436320890624999 1 0.5151613046875
1939 0.11032364218749999 0 0.0697885671875 0.1587010640625 0 0.43860772187499997 0 0.8187615671874999 0.692238740625 0.8657030359375 0.85397918125 0.14595190625 0.800391753125 0.102531496875 0.8119157250000001 0.062462509374999996 0.5613922828125 0 0.11032364218749999 0
1939 1 0.1364947765625 0.85397918125 0.14595190625 0.6866783953125 0.862169575 0.7878201921875 1 0.8872537234375001 1 1 0.544764 1 0.1364947765625
819 0.7882556359375 1 0.6902145734375 0.8609041328125 0 0.8195415390624999 0 0.8863485890625 0.4558309125 1 0.7882556359375 1
291 0.4947928765625 0.2560780921875 0.487212440625 0.254188078125 0.48267232968749996 0.26593877187500004 0.470551784375 0.27579945 0.453919653125 0.34250728124999996 0.46958860312499995 0.3507082125 0.479693134375 0.34893333125 0.498849359375 0.27856060625 0.49126484843749996 0.27022823906250004 0.4947928765625 0.2560780921875
291 0.45083450156250005 0.25800070937499997 0.4437580703125 0.2540892453125 0.44829410625 0.2358962 0.43616540937500003 0.2328721765625 0.43162937343749996 0.251065221875 0.422028846875 0.25081865312499996 0.4064088 0.3199259375 0.4144973140625 0.326236853125 0.425109925 0.3288828734375 0.43420644687500004 0.3311508921875 0.45083450156250005 0.25800070937499997
291 0.3174147640625 0.218294096875 0.32245480312499997 0.198079603125 0.31032610625 0.1950555796875 0.302757896875 0.21249261874999997 0.29366545 0.21666695156250002 0.27955741562499997 0.27970988750000003 0.29573036875000003 0.2858893703125 0.3108912390625 0.2896694 0.3234831875 0.2262484609375 0.3174147640625 0.218294096875
291 0.180434396875 0.141198821875 0.16274535625 0.1346413359375 0.15669730937499998 0.15889872968750002 0.14861286875 0.159030165625 0.1299606484375 0.2273814421875 0.14663760625 0.231539475 0.158766303125 0.23456349843750002 0.17893461093750002 0.166590225 0.17539435781249998 0.161413315625 0.180434396875 0.141198821875
291 0.11575073281249999 0.1293655953125 0.12129477500000001 0.107129653125 0.1056299015625 0.10537107187500001 0.0975576875 0.1248295609375 0.088461165625 0.1225615421875 0.066276840625 0.198620615625 0.0900343046875 0.2131324625 0.10367908906250001 0.2165344890625 0.1258634125 0.14047541875 0.11575073281249999 0.1293655953125
291 0.5776940374999999 0.31110146250000004 0.581222065625 0.296951315625 0.5706094562499999 0.29430529375000003 0.5453970328125 0.3760507125 0.574706690625 0.3812113203125 0.5847786187499999 0.327897628125 0.5852785484374999 0.319433828125 0.5776940374999999 0.31110146250000004