1050 0.8190723609375 0.3933110796875 0.792788271875 0.4142466234375 0.7911361859375 0.45736092343749996 0.7742893875 0.5090947671875 0.8098063312500001 0.5150566234375 0.8173705124999999 0.6593897984375 0.8075077593750001 0.6951111812499999 0.850213184375 0.6889614734375 0.8411847671875 0.66596496875 0.8410135046875 0.513421125 0.8755082625 0.4998785 0.849036321875 0.4425916734375 0.8474008234375001 0.41138450156250006 0.8190723609375 0.3933110796875
436 0.742844603125 0.655472315625 0.7662499828125 0.654245690625 0.7980704671875001 0.6643128828125 0.8329741 0.65857205 0.8401625812500001 0.646460484375 0.8370960203125 0.5879470359375001 0.7590780875 0.5920357828125 0.742844603125 0.655472315625
627 0.7637801468750001 0.6817564046875 0.47819694375 0.68107674375 0.3991402375 0.7399824796875001 0.41224081406249996 0.915318390625 0.40627895625 0.950835334375 0.547937859375 0.9668809703125 0.59435633125 0.88230445625 0.5904720218749999 0.8081874203125 0.7161184625 0.8172490124999999 0.7185551234374999 0.9383812453125 0.72470483125 0.9810866703125001 0.8916256359375 0.956692278125 0.894504346875 0.9369833578125 0.8859179781250001 0.7731456999999999 0.8953718578125001 0.729622525 0.8734141265625001 0.683833953125 0.7637801468750001 0.6817564046875
1373 0.42193230625 0.727053165625 0.43814920468749996 0.73793810625 0.4769537328125 0.7319928359375 0.5157582609375 0.7260475671875 0.5420423515625 0.705112021875 0.5170014734375 0.6751314734375 0.488877446875 0.6609589484375 0.44698977187500005 0.6827122421875 0.3975047390625 0.70877530625 0.42193230625 0.727053165625
284 0 0.3110604828125 0.0332239421875 0.9977675937500001 0.0449266328125 0.9971542828125 0.3913218578125 0.814712828125 0.40736749375 0.6730539249999999 0.395764328125 0.22773839843750002 0.40254393437499997 0.207825040625 0.1469663265625 0.0178155375 0 0.025517715625 0 0.3110604828125
581 0.6622478484375 0 0.6885525984374999 0.141985021875 0.7355346203125 0.29207561718749997 0.777389121875 0.41896527031249997 0.8393780062499999 0.48221395312500004 0.8845366796875 0.5228750046874999 0.8604848125 0.661041884375 0.8820336687499999 0.6990286640625001 0.8982339796875 0.784235078125 0.9454536140625001 0.7895836234375 0.9561175296875 0.8437873015624999 1 0.8414875187499999 1 0.7612474125 0.9621125625 0.6596274109375 0.9317729015625 0.4539020765625 0.9117140265625 0 0.6622478484375 0
410 0.5763012640625 0 0.560265059375 0.0078903015625 0.54917568125 0.020206303125 0.5362297796875 0.07173570781250001 0.4976296890625 0.081581875 0.46293049374999995 0.0912236046875 0.47625209531249996 0.1961389390625 0.495126678125 0.25773553437499996 0.5558889390624999 0.2975788375 0.5887316109375 0.3271505125 0.6415042265625 0.28918032031249996 0.7102893046875 0.258194171875 0.7176988109375 0.17566203125 0.7320923609375 0.077117428125 0.6850771640625 0.07566977968750001 0.6707167890625 0.025571435937499998 0.6154909234375 0.01673086875 0.5937664640625 0 0.5763012640625 0
268 0.021145553125 0.8419361671875001 0.0262730734375 0.8651371093750001 0.0839687734375 0.8464669625000001 0.13077953281250002 0.8440137156249999 0.1098439890625 0.8177296249999999 0.07473591874999999 0.8195695609375001 0.028334034375 0.8298246031250001 0.021145553125 0.8419361671875001
434 0.321696409375 1 0.30567339375 0.9717542921875 0.2461377578125 0.9553163687499999 0.21637823437499998 0.9099366703125 0.184148875 0.8920676859375 0.12974075937500001 0.8988307046875 0.0330360921875 0.919545225 0.0338538421875 0.9351488109374999 0.031090040625 1 0.321696409375 1
278 0.023256275 0.5836592406250001 0.085057309375 0.568685553125 0.1396698625 0.56582343125 0.127983759375 0.4921152703125 0.08897479375 0.49415964375000004 0.027378196875 0.5130342265625 0.023256275 0.5836592406250001
1373 0.3207466046875 0.5876264875 0.3260785640625 0.6147283265625 0.338394565625 0.625817703125 0.3468096703125 0.63711151875 0.359125671875 0.6482008968749999 0.37822128125 0.6393769171875 0.4006044734375 0.618645809375 0.38767515937499997 0.5958537421875 0.3716626984375 0.5888696984374999 0.355854675 0.5857865515625 0.3322448578125 0.583112278125 0.3207466046875 0.5876264875
1373 0.20911801406250002 0.323575553125 0.23293226875 0.330150721875 0.26413944218749996 0.3285152234375 0.2635261296875 0.316812534375 0.25470215 0.297716925 0.2345843546875 0.287036421875 0.22267722812500002 0.2837488375 0.20686920312499998 0.280665690625 0.20911801406250002 0.323575553125
1373 0.050103915624999995 0.7973908062499999 0.0548225609375 0.8127899546874999 0.1447476203125 0.8119887921875 0.157268059375 0.8269790671875 0.17615923125 0.814254190625 0.16713081406250002 0.7912576859375 0.1700095234375 0.771548765625 0.16138998124999998 0.756354053125 0.1453775203125 0.749370009375 0.1256686 0.7464913 0.09425698906249999 0.7442259015625 0.078857840625 0.748944546875 0.05996666874999999 0.7616694234375 0.05318706250000001 0.78158278125 0.050103915624999995 0.7973908062499999
1373 0.2102285265625 0.8672312453125001 0.23363390625 0.8660046203125 0.24862418125 0.85348418125 0.2722339984375 0.8561584546875001 0.2927606671875 0.87464075 0.3229456546875 0.85350076875 0.3254154890625 0.8259900546875001 0.30509325625 0.81140865625 0.2892852328125 0.8083255078124999 0.23426380624999998 0.8033858374999999 0.21947796875 0.8198071734375001 0.21249392500000003 0.8358196343750001 0.2102285265625 0.8672312453125001
369 0.45973123437499996 0.6272819390625 0.4476196703125 0.6200934578124999 0.4326293953125 0.6326138984375 0.43487820624999995 0.6755237609375 0.46238892031249995 0.6779935953125 0.46424544375 0.6387801921875 0.45973123437499996 0.6272819390625
581 0.4869070515625 0 0.46212933125 0.0012985453125 0.46417370468749997 0.0403075109375 0.46700265312499994 0.243563009375 0.47126266250000004 0.474124784375 0.4731025984375 0.5092328546875 0.45891348593750003 0.6116783531250001 0.461162296875 0.654588215625 0.4767658828125 0.6537704671875 0.5009890125 0.6681474296875 0.5135094515625 0.683137703125 0.5445121859375 0.6776013078124999 0.517443521875 0.5342903203125 0.5367435687500001 0.5293672375 0.5741170359375001 0.49611569062500005 0.5954780421875 0.4558801 0.60862838125 0.4082515921875 0.62302193125 0.3097069890625 0.597417503125 0.04505933125 0.5773204375 0 0.4869070515625 0
676 0.6933595703125001 0.6815353796875 0.7362694328125 0.67928656875 0.8617114375 0.6844472640625 0.864623321875 0.5160953984375001 0.7899095609375 0.43395554374999995 0.755431390625 0.373176696875 0.7457896625 0.3384775015625 0.7367612453125 0.315480996875 0.6780433578125 0.3146466609375 0.6933595703125001 0.6815353796875
2001 0.6207565328125 0.3411186 0.618082259375 0.3647284171875 0.597130128125 0.4127658 0.5880851234375 0.46409076875000005 0.5589223234375 0.5047352328125 0.54393205 0.517255671875 0.5182612718749999 0.54989390625 0.5237976671875 0.5808966421874999 0.5451254984375 0.6893039984375 0.6816568796875 0.6821486921875 0.6702415640625 0.315055534375 0.6199387828125 0.3255150140625 0.6207565328125 0.3411186
1950 0.9424202296875 0.582427228125 0.9619247124999999 0.581405040625 0.9680910078125 0.54978899375 0.9446856265625 0.5510156171875 0.9424202296875 0.582427228125
278 0.0618895421875 0.425170128125 0.0820073375 0.43585063125 0.13271899375 0.4331929453125 0.1245249125 0.3514785546875 0.10871688906250002 0.34839540625 0.034804290625 0.3561806125 0.0618895421875 0.425170128125
278 0.22182630312499999 0.41678819687499996 0.2310591578125 0.4436855984375 0.24276184843749998 0.4430722875 0.2932690671875 0.43651370468749995 0.283014025 0.39011182031249997 0.27500779531249997 0.3866197984375 0.2242961390625 0.389277484375 0.22182630312499999 0.41678819687499996
278 0.06102203125 0.6325309609375 0.054446860937499994 0.656345215625 0.0390477125 0.6610638609375 0.0443796703125 0.6881657 0.01707339375 0.6895967609375 0.0222009140625 0.712797703125 0.049711628125000004 0.7152675390625001 0.15031719062499999 0.6943485828125 0.14212311093750002 0.612634190625 0.09120701718749999 0.6113909796875 0.06102203125 0.6325309609375
278 0.24848609375000003 0.5522973921875 0.294887978125 0.5420423515625 0.28751164687499997 0.47593154687499994 0.24809380625 0.4701741265625 0.23700442812500003 0.482490128125 0.24848609375000003 0.5522973921875
278 0.3211886546875 0.446785334375 0.383603 0.4435143359375 0.37663554375 0.385205325 0.33413455625 0.395255928125 0.31934871875000004 0.41167726406250005 0.3211886546875 0.446785334375
278 0.32219425468749996 0.540611290625 0.38029882812500004 0.5297429375 0.370248225 0.4872419484375 0.35813666093749996 0.48005346718749997 0.31953656874999997 0.48989963437500006 0.32219425468749996 0.540611290625
278 0.3262664140625 0.6929506953125 0.33509039375 0.7120463046875 0.3578824609375 0.699116990625 0.369994025 0.706305471875 0.39648255312499997 0.6892708234375 0.3786301546875 0.6471787109375 0.3396211890625 0.6492230828125 0.3262664140625 0.6929506953125
1046 0.2204669796875 0.9879546031249999 0.25824932343749996 0.96250485 0.31984591875 0.943630265625 0.2999325609375 0.936850659375 0.18944226875 0.172053896875 0.17383868281249998 0.172871646875 0.17445199375 0.1845743359375 0.1383217375 0.1669097890625 0.12539242343749998 0.144117721875 0.10978883749999999 0.1449354703125 0.2204669796875 0.9879546031249999
1865 0.88365258125 0.8045573109375 0.8772652609374999 0.9065939343749999 0.909085746875 0.9166611265625001 0.951995609375 0.914412315625 0.9534598453124999 0.7930756453125001 0.937447384375 0.7860916015625 0.8908410625000001 0.7924457453125 0.88365258125 0.8045573109375
278 0.7578182890625 0.7172733484375 0.8007281515625 0.7150245375 0.8009491765625001 0.6446039625 0.777339359375 0.6419296890624999 0.730937475 0.6521847296875001 0.73831380625 0.7182955359375 0.7578182890625 0.7172733484375
268 0.2348937046875 0.7407670546875 0.2895062578125 0.73790493125 0.28623526093749996 0.6754905859375 0.2355236046875 0.6781482703124999 0.2348937046875 0.7407670546875
278 0.33209018281249997 0.3562469625 0.3713035859375 0.35810348593749997 0.3700769625 0.33469810624999996 0.36166185781250004 0.323404290625 0.33435558125 0.3248353515625 0.33209018281249997 0.3562469625
1506 1 0.8586627984374999 0.5999093140625 0.83898571875 0.605445709375 0.8699884546875 0.59496964375 0.8940071453125 0.548346734375 0.9746827640625 0.5280245015625 0.9601013640625 0.40668783125 0.9586371281250001 0.40670441874999996 0.8843156546875001 0.3142929359375 0.9869490031250001 0.33248223125 1 0.3609819515625 1 1 0.9629095734374999 1 0.8586627984374999