1939 0.09181116875 0 0 0.47232752187499993 0 0.6573255265625 0.8152894015625 0.720460534375 0.9519431796875001 0.0784905078125 0.548144525 0 0.09181116875 0
2001 0.09579053125 0 0.027290237499999998 0.3524034609375 0.48721249375 0.40200967031249996 0.5647286484375 0.0032236265625000004 0.5481445265625 0 0.09579053125 0
1939 1 0.08783180625 0.95196586875 0.0784949171875 0.8191238828125 0.7212058828125001 0.948662221875 0.8122545000000001 1 0.548144525 1 0.08783180625
819 0.9105424828125 1 0.9226142828125001 0.9462595265625 0.9486536718749999 0.8122984843750001 0.8152894015625 0.720460534375 0 0.6573255265625 0 0.9042094687500001 0.4927995625 1 0.9105424828125 1
1547 1 0.5001169171875001 0.9695040328125 0.47984020000000005 0.945859540625 0.49912035 0.922116159375 0.6417415015625 0.7948329328125 0.620979509375 0.7705508359375 0.6640118937499999 0.9504570765624999 0.782548728125 0.981124071875 0.6452527531250001 1 0.5481445218750001 1 0.5001169171875001
1547 0.6780834625 0.4231937796875 0.159898640625 0.3662418375 0.136155259375 0.5088629890624999 0.14084283125 0.525691609375 0.13328161249999998 0.5441186671875 0.1288095265625 0.5671255546875 0.16353534218750002 0.613669190625 0.72837154375 0.6558130703125 0.7328436296875 0.6328061828125 0.6574292140625 0.5703947609375 0.69118534375 0.43767861406249997 0.6780834625 0.4231937796875
1547 0 0.90328168125 0.2534522984375 0.9494962421875 0.242586459375 0.923507965625 0.10665572968749999 0.5787367406249999 0 0.5685187015625 0 0.90328168125
1754 0.7609524328124999 1 0.7735499328125 0.9351914812500001 0.8241435359375 0.94104651875 0.8278702750000001 0.9218741140625 0.6307044421875 0.7283538359375 0.400105709375 0.7273029671875 0.3986150140625 0.7349719296874999 0.4218373875 0.779279521875 0.402673834375 0.9188115390625 0.43643881875 0.92935415 0.4496395890625 0.82049798125 0.5314477578125001 0.9319045687499999 0.514453515625 1 0.55042635625 1 0.5667034359375 0.934778215625 0.740638040625 0.94073214375 0.72673405625 1 0.7609524328124999 1
1917 0.8109162046874999 0.62012641875 0.8415920546875 0.6260892 0.86225515625 0.6221469765625 0.869071028125 0.6075543984375 0.8674725890625 0.5953056078125 0.8551160546875 0.5769862921875 0.8526645265624999 0.5486542296875 0.8571366125000001 0.5256473421875001 0.8410533390625 0.5265004328125 0.8364735109374999 0.529589565625 0.8380719484375 0.5418383578125 0.8321091671874999 0.5725142062499999 0.8191150296874999 0.5779471265625 0.8046301953125001 0.5910490078125 0.8016488046875001 0.6063869328125 0.8109162046874999 0.62012641875
831 0.8609710937499999 0.5263926890625 0.87396523125 0.5209597703125 0.8731121406250001 0.5048764984375 0.8883423234375 0.48794013437499995 0.8975019812499999 0.48176186718749997 0.896648890625 0.46567859531250005 0.88589079375 0.45960807187499997 0.9095352859375 0.440327921875 0.8941973609374999 0.43734653124999995 0.8766233937499999 0.445868584375 0.8580885921875 0.41838961250000006 0.8565978968750001 0.4260585734375 0.8413677156249999 0.44299493749999996 0.8236860046875 0.43159923593749994 0.812820165625 0.40561095937499997 0.80387599375 0.4516247328125 0.8123980468750001 0.4691987015625 0.8201747515625 0.49060715000000005 0.82262628125 0.5189392140625 0.8364735109374999 0.529589565625 0.84563316875 0.5234112984375 0.8609710937499999 0.5263926890625
1108 0.750435303125 0.9108016421875 0.7557604796875 0.9038780265625 0.7495822125 0.8947183687500001 0.752563603125 0.8793804453125 0.71932848125 0.8251678468750001 0.5445407859375 0.8031306468749999 0.5346357796875 0.8131433953125 0.5469923140625 0.831462709375 0.5363419609375 0.8453099390625001 0.5619081203125 0.8980318421875 0.7366958171875 0.9200690421875001 0.7389318593749999 0.9085655984375001 0.750435303125 0.9108016421875
1108 0.5537993328125 0.6736113765625 0.46720470468749997 0.668717171875 0.47647210468749995 0.682456659375 0.451974521875 0.6856535359375 0.45059157031249997 0.7132402515625 0.46060431875 0.72314525625 0.44995396562499995 0.7369924859375 0.48308134375 0.77128733125 0.6179257890625001 0.7736222625 0.6299590953124999 0.7321883171875 0.6537113296875 0.7328259218750001 0.5537993328125 0.6736113765625
1382 1 0.22664032500000003 0.955109234375 0.2263423234375 0.9519123578125 0.201844740625 0.928905471875 0.1973726546875 0.9089877171875 0.1974803984375 0.9021718453125 0.21207297500000002 0.8823618359375001 0.23209847187500002 0.8607379 0.20003967031249997 0.863719290625 0.1847017453125 0.8943951406249999 0.1906645265625 0.888854478125 0.157752634375 0.8703196765625 0.13027366093749998 0.8495488328125 0.11429813124999999 0.8311217750000001 0.10673691249999999 0.8319748656250001 0.122820184375 0.8173822875000001 0.11600431250000001 0.8091834640625001 0.15818360625 0.8461453234375 0.19322379843749998 0.8493422 0.21772138124999998 0.814086521875 0.21484773281249997 0.782665325 0.2127194328125 0.7833029296875 0.1889671984375 0.7520972171875 0.22667440625 0.743045303125 0.25277042656250004 0.73250269375 0.286535409375 0.7951296015625 0.2509565015625 0.8495576859374999 0.2575568875 0.8045047453124999 0.2846137421875 0.765630071875 0.32083025468750004 0.7742598671875001 0.358321975 0.7391119328125 0.37536608125000004 0.7545575999999999 0.398265225 0.786508659375 0.3567235375 0.813242284375 0.3420232171875 0.856912271875 0.342553078125 0.8660719296874999 0.3363748109375 0.90974191875 0.33690467343749997 0.9175186234374999 0.35831312187500003 0.9550103453125001 0.3496833265625 0.973967265625 0.3135745578125 0.96874983125 0.340415925 1 0.34024688125 1 0.3202272546875 0.99388501875 0.3134668140625 1 0.3093422078125 1 0.27815815 0.9883443562500001 0.280554921875 0.9858928265625 0.2522228578125 1 0.2412746609375 1 0.22664032500000003