407 0.0255177171875 0 0.0231309078125 0.0455430140625 0.4282698625 0.1520190390625 0.96884240625 0.137321528125 0.96943913125 0.051297364062499996 0.96225065 0.0391858 1 0.0278936046875 1 0.025517715625 0.5130929656250001 0 0.0255177171875 0
2006 0.8331785359375001 0.337527053125 0.8992893421874999 0.344903384375 0.9132076671875 0.1539638875 0.611816440625 0.15772669687500002 0.5919860203125 0.53611366875 0.81064066875 0.5436612625 0.8331785359375001 0.337527053125
1694 1 0.35018140781249996 0.829073203125 0.3412235125 0.814541565625 0.5438657 0.81002735625 0.555363953125 0.525466340625 0.53653913125 0.528124025 0.48582747499999995 0.3534014265625 0.46102420781250003 0.2497293046875 0.4986187015625 0.2419440984375 0.5725313 0.68070104375 0.634641684375 0.6577543 0.8485776859374999 0.9012619765625001 0.9043671 0.950934859375 0.8522077953125 1 0.3574055921875 1 0.35018140781249996
1694 0.6420116203124999 1 0.68070104375 0.634641684375 0.24625387031249998 0.5649339437500001 0.1626995421875 0.5918479328124999 0.1477922046875 0.950934859375 0.220682615625 0.9782245484375001 0.6361829890624999 1 0.6420116203124999 1
511 0.072996646875 0 0.072232909375 0.004276778125 0.0506786640625 0.9380221328125 0.0580715828125 0.9462328 0.076962753125 0.9589576765625001 0.1005725703125 0.9562834046875001 0.1440957453125 0.9468295250000001 0.189873946875 0 0.072996646875 0
1050 0.22640281093749998 0 0.385956725 0.063746065625 0.42126923125 0.061685104687500006 0.42639675156249995 0.0384841625 0.3257638640625 0 0.22640281093749998 0
1050 0.6247457546875 0.1349346296875 0.6292599640625001 0.12343637656249999 0.5185872093749999 0.07069693437499999 0.47916936874999994 0.0764543546875 0.48225251562500004 0.092262378125 0.5894332484375 0.1369955890625 0.6247457546875 0.1349346296875
1050 0.97047790625 0.1061143546875 0.9107212453125 0.0521317015625 0.8671980703125 0.0615855796875 0.9382485453125 0.1239833390625 0.96966015625 0.121717940625 0.97047790625 0.1061143546875
1051 0.861031775 0.029969532812499998 0.8616450875 0.0182668421875 0.7797262578125 0.013973659375 0.8099112453125 0.035113640625 0.861031775 0.029969532812499998
1939 1 0.029274706249999997 0.9624550875000001 0.035284903125 0.9696435687499999 0.0473964671875 0.96884240625 0.137321528125 0.43217075937500005 0.1522234765625 0.4070249671875 0.6320337609375 0.9800644843749999 0.7442093140625 1 0.3638170015625 1 0.029274706249999997
1939 0 0.723519709375 0.4109258640625 0.6322381984375001 0.43217075937500005 0.1522234765625 0.02333383125 0.0416710078125 0 0.4869070296875 0 0.723519709375
1202 0.23276100624999999 0.8223931203125 0.23092107031250003 0.857501190625 0.2925176671875 0.8763757734375 0.3645737421875 0.8449475765625 0.366004803125 0.8176413 0.30440820625 0.798766715625 0.23276100624999999 0.8223931203125
1202 0.244021646875 0.6821652796875 0.16867798750000002 0.70168635 0.167246925 0.7289926265625 0.2251470625 0.7437618765625 0.30459605624999997 0.720544346875 0.30561824375 0.7010398624999999 0.244021646875 0.6821652796875
278 0.8638553343750001 0.7224726078125 0.81745345 0.7122175671875 0.7969267796875 0.7306998625000001 0.790777071875 0.7734052890625 0.8410798546875 0.7838647671875 0.8659162953124999 0.7577851140625 0.8638553343750001 0.7224726078125
268 0.5404566156249999 0.5490595703125 0.532245946875 0.5564524890625 0.57845998125 0.6449299 0.59385913125 0.6496485453124999 0.633685846875 0.6360893328125 0.576177996875 0.539196815625 0.5404566156249999 0.5490595703125
1202 0.488380246875 0.870994053125 0.45224999062500004 0.8886586 0.45000117968750003 0.9315684640624999 0.531102259375 0.9514652343750001 0.54217505 0.8894597624999999 0.488380246875 0.870994053125
1202 0.8234318937499999 0.8220559843749999 0.79449011875 0.8518320953125 0.7897714734375 0.8672312453125001 0.8942779328125001 0.8883546390625 0.900632078125 0.8417483171875 0.8234318937499999 0.8220559843749999
1202 0.4285904109375 0.6683684546875 0.366584940625 0.6572956640625 0.3109502015625 0.6739380234375 0.308701390625 0.7168478875 0.3744033203125 0.7320260109375 0.379939715625 0.7010232750000001 0.43167355937499996 0.684176478125 0.4285904109375 0.6683684546875
1202 0.43167355937499996 0.684176478125 0.379939715625 0.7010232750000001 0.3778953421875 0.7400322421875 0.44359727343750005 0.755210365625 0.44954254374999997 0.7164058375 0.49367902968750005 0.69524926875 0.43167355937499996 0.684176478125
1202 0.49778436406250004 0.691552809375 0.44954254374999997 0.7164058375 0.44359727343750005 0.755210365625 0.47850090625 0.7609511984374999 0.5542534406249999 0.7336283359375 0.5556845015625 0.7063220593749999 0.49778436406250004 0.691552809375
819 0.9705706718749999 1 0.9839653796875 0.7444137515625 0.4070249671875 0.6320337609375 0 0.7255943890625 0 0.9666590609375 0.6361829921875 1 0.9705706718749999 1