1939 0.187970596875 0 0.1340308234375 0.6186457578125 0.9668356656249999 0.8043712421875 1 0.48883368125000004 1 0.049797978124999996 0.5262038828125 0 0.187970596875 0
2001 1 0.049797978124999996 0.583343040625 0.0060055671875 0.540878353125 0.41003008750000003 0.9952076453125 0.4970596875 1 0.451463478125 1 0.049797978124999996
1939 0.049797978124999996 0 0 0.47379610781250003 0 0.6607813234375 0.13014597187500002 0.61823744375 0.1877372921875 0 0.049797978124999996 0
819 0.9430262015625 1 0.9668356656249999 0.8043712421875 0.1340308234375 0.6186457578125 0 0.6610399671875 0 0.9423464890625001 0.5485365171875001 1 0.9430262015625 1
1547 0 0.634567853125 0.19331851093750002 0.5777439453125 0.182678878125 0.5294924734374999 0.0548871046875 0.51213325 0.0738795859375 0.36880207187499997 0.056905215625000005 0.34345139375 0.0123004125 0.356765503125 0 0.4737961046875 0 0.634567853125
1547 0.8453551687499999 0.6148536250000001 0.86434765 0.471522446875 0.352153903125 0.37448328124999997 0.33538955625 0.38450457656250003 0.3288682578125 0.521290996875 0.23850176093750003 0.5589262953125 0.23605187500000002 0.5822354015625 0.788529096875 0.7070751328125 0.835345603125 0.6727180781250001 0.8377954890625 0.649408971875 0.835952209375 0.6295764015625 0.8453551687499999 0.6148536250000001
1547 0.9423464890625001 1 0.97234204375 0.7146113515625 0.8531366015625 0.6902990546875001 0.6223440484375 0.9802631171874999 0.6059639515625 1 0.9423464890625001 1
1754 0.30522121874999997 0.9704987640624999 0.3397765640625 0.9780584453125 0.3436496859375 0.9038379578125 0.454455359375 0.8212177031250001 0.43525285625 0.92917690625 0.47062483125 0.9289668843750001 0.4930938484375 0.789928871875 0.5282557999999999 0.7543468734375 0.5290724296875 0.7465771718750001 0.30824251875 0.6801615796875 0.06311204375 0.8075802296875001 0.061070471875 0.8270044859375 0.111165221875 0.8361974234374999 0.09932410781249999 0.94885810625 0.1342877671875 0.952532934375 0.1410190890625 0.851118490625 0.3090943390625 0.896278278125 0.30522121874999997 0.9704987640624999
1917 0.1485201171875 0.4434191421875 0.13789221406250002 0.46979647187499995 0.1207195515625 0.48370261875000004 0.1156097578125 0.4949488578125 0.1178613515625 0.5108965765625 0.1364689796875 0.5207078515625 0.1675477890625 0.523974365625 0.180427284375 0.5135447546874999 0.1820605421875 0.49800535 0.1720392453125 0.48124100312499996 0.1612013203125 0.47224635781249996 0.1644678359375 0.44116754843750006 0.1695776296875 0.42992130937499995 0.1661010921875 0.42562814375 0.150970003125 0.42011003437500005 0.1485201171875 0.4434191421875
831 0.1902150984375 0.3456795265625 0.180602115625 0.325030328125 0.1814187453125 0.31726062499999996 0.1556597515625 0.338119846875 0.141345290625 0.3248320359375 0.1258058859375 0.323198778125 0.1427802546875 0.3485494578125 0.1307173875 0.351209365625 0.1251992796875 0.36634045625 0.132152353125 0.3749267859375 0.141765334375 0.3955759859375 0.1362472265625 0.41070707500000003 0.1470851515625 0.4197017203125 0.16262455625 0.421334978125 0.1695776296875 0.42992130937499995 0.1859336625 0.4237848640625 0.196561565625 0.397407534375 0.210257690625 0.37920822187500003 0.2235455015625 0.364893759375 0.22844527343749998 0.3182755453125 0.21045598281250003 0.3399513953125 0.1902150984375 0.3456795265625
1108 0.1475521171875 0.788960871875 0.1459188609375 0.8045002765625 0.1373325296875 0.8114533500000001 0.1404007515625 0.8196313671875 0.15205530625000002 0.8208563109375 0.15083036249999998 0.8325108640625001 0.324423721875 0.8625395609375 0.364287153125 0.8195961765625001 0.358150709375 0.8032401421875001 0.37532337031249996 0.7893339953125 0.36877861093750003 0.7768628140625 0.1951852515625 0.746834115625 0.1475521171875 0.788960871875
1108 0.46915467343749995 0.6813630609375 0.4820341703125 0.6709334499999999 0.3977923875 0.6502959828125 0.2849334125 0.67771169375 0.3078342046875 0.6840464296875 0.3072275984375 0.7271881078125 0.43686265156250004 0.7643799015625 0.47856936406250006 0.7412690859375 0.47243291875000004 0.724913053125 0.48490410156249997 0.71836829375 0.4916471515625 0.69158265 0.46915467343749995 0.6813630609375
1382 0.14478663593750002 0.10523880000000001 0.083853959375 0.0870512171875 0.107781403125 0.1209882265625 0.0971535015625 0.14736555625 0.05257685937499999 0.123041528125 0.057896674999999995 0.1471672640625 0.0822324328125 0.177219421875 0.0487037375 0.197262015625 0.060358292187499996 0.1984869578125 0.098390175 0.21033980312499997 0.10124837499999999 0.1831458453125 0.10881978437499999 0.2232193 0.1421501875 0.24243353281250002 0.1558463125 0.2242342203125 0.197763046875 0.2364953796875 0.2047161203125 0.2450817109375 0.24663285468749999 0.25734287031249997 0.26790039062500004 0.27921701250000003 0.286309725 0.32828511250000003 0.307775553125 0.310902428125 0.2791466296875 0.28432680625 0.2983608625 0.250996403125 0.2717735109375 0.2049965265625 0.236599828125 0.16594972187499998 0.2905794296875 0.17555097343749998 0.340067575 0.22788558750000001 0.339857553125 0.1925136140625 0.3388309015625 0.16491134062499999 0.3200132515625 0.1197280921875 0.31367851562500004 0.14262888437500001 0.2830080203125 0.13547751875 0.24845267343750002 0.1279178390625 0.2586722625 0.10542536093749999 0.304263825 0.0827228609375 0.30875528281250003 0.0399894984375 0.29280756406249997 0.0422410921875 0.298325671875 0.027110001562500003 0.27849310156249996 0.02895328125 0.2539590515625 0.0381579484375 0.228200059375 0.0590171703125 0.21327899062500003 0.0888710359375 0.24435780000000001 0.09213755 0.24272454375 0.1076769546875 0.21267238437499997 0.1320127125 0.199582865625 0.1070703484375 0.197331271875 0.0911226296875 0.17831533125000001 0.08519620781250001 0.15500622343749998 0.082746321875 0.14478663593750002 0.10523880000000001