1754 0.3733238546875 0.8830241437499999 0.32390406875 0.6930532656249999 0.49501976562500005 0.8507734859375 0.5103376984375 0.8519867812499999 0.5381767625 0.9961823000000001 0.570360475 0.991659175 0.54956256875 0.8346927640624999 0.9088669843750001 0.508176284375 0.9156761890625 0.49375494687500004 0.9121968609375 0.4689982453125 0.910573175 0.4574451171875 0.9024502984374999 0.453537575 0.5928509671875 0.32537823593750004 0.5817104515625 0.3269439328125 0.21599379531250001 0.54496360625 0.21258808281250002 0.5656388 0.2156035 0.587094609375 0.28886105624999997 0.6592681812500001 0.345009765625 0.87017296875 0.3425340953125 0.8705209015625 0.35019083906250004 0.8980565984375 0.364270934375 0.8994438625000001 0.3716979453125 0.8984000640625001 0.3733238546875 0.8830241437499999
1850 0.5434870140625 0.3962716328125 0.541089403125 0.388193365625 0.5369119875 0.385414371875 0.5267773515624999 0.38515565625 0.513393121875 0.3887197328125 0.5031804265625001 0.39688721718750003 0.5002408453125 0.39393425625 0.486082690625 0.40097319374999996 0.48368507968749996 0.3928949265625 0.4533570078125 0.410621625 0.42233307187499997 0.42339698437499995 0.41150257031250004 0.4181869296875 0.3896073890625 0.4330454171875 0.3971860734375 0.46900731406249996 0.3897590625 0.47005111250000003 0.3916147046875 0.48325468593750004 0.41691115312499993 0.5015791 0.5532335765624999 0.411732303125 0.5513779343749999 0.3985287296875 0.5434870140625 0.3962716328125
1850 0.7910384734375 0.5499816921875 0.7955259031249999 0.5459849328125 0.794134171875 0.5360822515625 0.78454150625 0.5306982296875 0.6632403359375 0.466959790625 0.648696328125 0.46227163437499996 0.63972146875 0.470265153125 0.470053334375 0.5833118890625 0.4698972171875 0.6001642890625 0.48018574843749995 0.610499653125 0.593129865625 0.69560915 0.6086797515625 0.69847289375 0.6218320281249999 0.69325836875 0.7910384734375 0.5499816921875
836 0.6484129859375 0.145898815625 0.6585453984375 0.17308657968750002 0.593169871875 0.21088629218750002 0.5930137531249999 0.22773869218749998 0.68259734375 0.27237210156249997 0.7552459859375 0.22345194531249998 0.7358309203125 0.1841044046875 0.6484129859375 0.145898815625
1567 0 0.38983721718750003 0.08531635625 0.6659949265625 0.1562521390625 0.7485930796875 0.1632152390625 0.7442483875 0.160817628125 0.7361701203125001 0.2782625109375 0.655708571875 0.2124319640625 0.5824912015625 0.21065438125 0.5608614265625 0.215065975 0.53836181875 0.514633178125 0.36161671875 0.47659030781249995 0.11787249375 0.3944315046875 0.09912433281250001 0 0.274286328125 0 0.38983721718750003
183 0.3865383625 0.1237962859375 0.3949712515625 0.120928075 0.39419955 0.0974738875 0.40070096250000004 0.062899253125 0.37571230624999996 0.0647281359375 0.3499497234375 0.070031875 0.33432177812499997 0.0755943328125 0.3189257875 0.0828072359375 0.3350154203125 0.10747471875 0.34321413437500004 0.129885109375 0.3622455703125 0.13057650781250002 0.3865383625 0.1237962859375
1850 0.288517434375 0.1358891828125 0.22043428281250002 0.17238638125 0.22128404375000002 0.18741436875 0.2813937703125 0.21094437031250002 0.36255113906249997 0.17765884999999998 0.35829788749999997 0.1563770078125 0.288517434375 0.1358891828125
268 0.097351084375 0.1408762640625 0.09394759375 0.134622409375 0.079711378125 0.150087546875 0.0768498578125 0.138708384375 0.06454734375 0.158950896875 0.061685821875000005 0.1475717359375 0.058900137500000005 0.15469542187500002 0.0565025265625 0.146617153125 0.054644662499999996 0.160342628125 0.0448981 0.1448819578125 0.07181156718750001 0.2555466421875 0.0892148734375 0.2985430078125 0.0954040484375 0.297673175 0.143606003125 0.2454565921875 0.11769841562500001 0.13296749531250002 0.097351084375 0.1408762640625
183 0.20826566093749999 0.44506696874999996 0.2693857125 0.4129144625 0.27403148437499997 0.3651362546875 0.22637816718749998 0.3314403890625 0.1801901953125 0.35307909843749996 0.20826566093749999 0.44506696874999996
183 0.0659949078125 0.429717853125 0.08834733125000001 0.49894740156250006 0.1054428453125 0.5217904734375 0.174299921875 0.481818415625 0.180183528125 0.433866240625 0.1338461046875 0.391570209375 0.0659949078125 0.429717853125
426 0.6384502953125 0.8743748328125 0.6613491328125 0.884620978125 0.6768209609375 0.8959109234374999 0.689507103125 0.9143245546875001 0.7043589015625 0.9391660046875 0.7151871796875 0.971305109375 0.7817983203125001 0.9602604765624999 0.7882216734374999 0.9341120453125 0.8046993796875 0.9435775765625 0.8132103296875 0.9322831640624999 0.8238110984375 0.908913725 0.83673141875 0.9020487546875 0.8598644343749999 0.8870163 0.87657631875 0.8712032296875 0.8898847140624999 0.8491363062499999 0.9058137828125 0.9445142875 0.931576365625 0.9392105453124999 0.9089183734375 0.8228986562499999 0.9212208875 0.8026561453125 0.9173557078125001 0.76617235 0.9195258093750001 0.718742075 0.9196841499999999 0.674960628125 0.9138830484374999 0.6606285046875 0.9072299625 0.6581974421875 0.8962433421875 0.6698397875000001 0.87767359375 0.6993783312499999 0.8634373796875 0.7148434671875 0.8273104296874999 0.6913089984375 0.801935921875 0.6814107859375 0.7775650703125 0.69661720625 0.769439971875 0.7196387125 0.7671962578125 0.7216370921874999 0.740737809375 0.7219894921875001 0.729055325 0.7286804953125 0.696095465625 0.7636075296875 0.634277325 0.8177377437500001 0.6299437906249999 0.83181115 0.617255425 0.8403265671875 0.607582478125 0.8702977921875 0.59264150625 0.9885277796875 0.6211117140625 0.984526553125 0.635122640625 0.8866238265625 0.6384502953125 0.8743748328125
433 0.9103412203125 0.45579467031250004 0.907319134375 0.5151260046874999 0.8935468296875 0.533892034375 0.9332200546875 0.7084022453125 0.946680121875 0.7233410140625 0.9548052203124999 0.700319509375 0.9230987546874999 0.5465692437499999 0.9057712859375 0.5220757234375 0.9090208796875 0.5182529312499999 0.91614454375 0.44319774531249995 0.9196305390624999 0.387167303125 0.9159973156250001 0.3523339546875 0.9037750828125001 0.33722121718750003 0.8543419625 0.308824625 0.8222363093749999 0.30492155 0.81496319375 0.316041996875 0.807765915625 0.34566528750000003 0.79855465625 0.4058664546875 0.9103412203125 0.45579467031250004
1761 0 0.2807674 0.27064577343749996 0.14345001875000002 0.2657724921875 0.13571968437499998 0.22925746875000003 0.1273871671875 0.168681609375 0.12748532031249998 0.110503359375 0.135661740625 0.035381270312500004 0.158000784375 0.0025775296875 0.176075415625 0 0.177613984375 0 0.2807674
1917 0.110891434375 0.1204597859375 0.13409361875 0.20471732187499997 0.140978659375 0.20879883124999998 0.15165526406250002 0.20393223906250002 0.15057354843749998 0.18725380625000002 0.1456244296875 0.1610206234375 0.1324743765625 0.13930610000000002 0.12620936562500001 0.1216730828125 0.1255135 0.1167217421875 0.110891434375 0.1204597859375
831 0.11530525 0.0710311328125 0.107414328125 0.0687740359375 0.09882754218749999 0.0615656015625 0.09085856249999999 0.06773470625 0.090780503125 0.07616090625000001 0.0859830578125 0.08693341875 0.08884457968750001 0.0983125796875 0.10153072187500001 0.11672621093749999 0.10694597343750001 0.11933123906250001 0.1153788640625 0.116463028125 0.12427566406249999 0.116895709375 0.1314707203125 0.114201465625 0.136732075 0.1067298453125 0.136578178125 0.0966531984375 0.129771196875 0.084145490625 0.12845752500000002 0.06581660781250001 0.11530525 0.0710311328125
1268 0.029812125000000002 0.1453191078125 0.01642789375 0.148883184375 0.0234646078125 0.1899703890625 0.0383186296875 0.18788279218749998 0.04481781875 0.18023720625 0.029812125000000002 0.1453191078125
1268 0.20837039062499998 0.113492196875 0.1949861609375 0.1170562734375 0.19908329375 0.155190515625 0.20944988437499998 0.157099678125 0.22260216093750002 0.1518851546875 0.20837039062499998 0.113492196875
1850 0 0.29375995312500003 0.033434234374999997 0.3147976953125 0.05331765625 0.3035880328125 0.0474384953125 0.29768211093749997 0.040553453125 0.29360060312499997 0.039161723437500004 0.283697921875 0.033514517187499995 0.279442446875 0.0286412359375 0.2717121109375 0.027713415624999998 0.265110325 0.0208283734375 0.26102881718750004 0.0159550921875 0.25329848125 0.0164970625 0.24817317499999997 0.0113918265625 0.23879239375 0.0069824546875 0.2343629515625 0.006054634375 0.22776116562499998 0 0.2216789703125 0 0.29375995312500003
1267 0.7885136375 0.20867820625000003 0.8346993859375 0.2139685421875 0.9311702421874999 0.2357544140625 0.9178774046875 0.0693180046875 0.76701764375 0.07368950156250001 0.7719667609374999 0.099922684375 0.778539565625 0.13770899375 0.7885136375 0.20867820625000003
1281 0.8044427078125 0.3040561859375 0.8397979546875 0.3041364671875 0.8852878390625 0.304475465625 0.9313174703125 0.326618203125 0.9513547859375 0.3254851890625 0.9496552640625 0.2954292140625 0.9618819406249999 0.2566838546875 0.9259869453125 0.2347998328125 0.778147046875 0.2067690421875 0.7670823671875 0.2268375875 0.7569432859375 0.2804369671875 0.7816219281250001 0.285383840625 0.8058366609375 0.2870298203125 0.8044427078125 0.3040561859375
339 0.5006422546875 0.2171580171875 0.4907395734375 0.2185497484375 0.514633178125 0.36161671875 0.5632968203125001 0.3396300765625 0.56391685 0.3260785703125 0.55850604375 0.26961544531250003 0.5694926640625 0.25797310156250003 0.5609839359375 0.242338465625 0.5006422546875 0.2171580171875
187 0.79538534375 0.374334 0.7441724171875 0.3512366796875 0.7393771953125 0.33508014531249997 0.7293183953125 0.3533242765625 0.737827121875 0.3689589125 0.7399147187499999 0.3838129328125 0.9080975046875001 0.45779305 0.908710865625 0.5250286859375 0.9275081249999999 0.550998684375 0.99690939375 0.478972271875 0.9837660078124999 0.37647060468750004 0.922567896875 0.4170493125 0.79538534375 0.374334
837 0.742470671875 0.3481097515625 0.92109810625 0.41557283125 0.9825281734375 0.376644571875 0.9781210250000001 0.34528608125 0.9676830421875 0.2710159765625 0.7824002984375 0.22805088437499998 0.730174825 0.287565121875 0.742470671875 0.3481097515625
872 0.465036596875 0 0.3487838515625 0.0163382578125 0.397897496875 0.2854553203125 0.5689462484375001 0.316956503125 0.9898749015625 0.41095602031249995 0.9595668343750001 0.1863212921875 0.94147433125 0.057586442187499996 0.9321540765625 0 0.465036596875 0
1850 0.79344848125 0 0.7955681328125 0.034333028125 0.9372969156250001 0.054807448437499996 0.9313094375000001 0 0.79344848125 0
318 0.68797684375 0 0.6913602531249999 0.020366709375 0.7276433203125 0.027048776562499998 0.791082925 0.0114007390625 0.7902213437500001 0 0.68797684375 0
1939 0 0.17869343437500002 0.2995843359375 0.088891590625 0.3058493484375 0.10652460625 0.33865086718750004 0.115379021875 0.3577603625 0.10764421875 0.347942409375 0.01982260625 0 0.06587601875 0 0.17869343437500002
819 1 0.48431186562499995 0.989642946875 0.40930557343749996 0.40037316718750005 0.2851073875 0.3651873734375 0.10660042031250001 0.3411265375 0.1150310890625 0.3026778125 0.1019211984375 0.29935238124999997 0.08724114375 0 0.17880185937499998 0 0.5259817890625 0.066618915625 1 0.5110124218750001 1 1 0.931277278125 1 0.48431186562499995
343 0.5202981656250001 0.1504398125 0.5694234953125 0.1586831109375 0.55094291875 0.0451502171875 0.5049891234375 0.041510325 0.5202981656250001 0.1504398125
183 0.40957553750000003 0.3326224125 0.4597089703125 0.31211225 0.47031196093750005 0.2618137640625 0.41175008281250003 0.23133404375 0.39380036406249996 0.247321078125 0.40957553750000003 0.3326224125
183 0.12098606406250001 0.605441359375 0.1614398796875 0.6956895656250001 0.2342424171875 0.6568460546875 0.23440075781249997 0.6130646078125 0.20995629375 0.582839134375 0.206708921875 0.5597328781249999 0.12098606406250001 0.605441359375