2001 0.037564129687499996 0.01584384375 0.0228579265625 0.016357396875 0.0382364546875 0.242625196875 0.2771596 0.2075988953125 0.2737681234375 0.0209368796875 0.037564129687499996 0.01584384375
627 0 0.43181044531249996 0.3472954359375 0.317718271875 0.634855615625 0.3860575296875 0.632877978125 0.3294253828125 0.30975878749999997 0.281506221875 0 0.36356968749999996 0 0.43181044531249996
1156 0 0.37269137343750003 0.0121670453125 0.3736148015625 0.02253903125 0.38409253906249996 0.06534693124999999 0.3742592421875 0.060030065625 0.36527265625 0.069108525 0.3566172171875 0.07881160468750001 0.347939965625 0.068103175 0.2741020375 0.0091715046875 0.2878337546875 0.001225953125 0.2931142671875 0.00222865 0.30391918906250004 0 0.30552005000000004 0 0.37269137343750003
1156 0.18569354375 0.32836458125 0.200480825 0.322011309375 0.1899759765625 0.2540031609375 0.1465725390625 0.264691096875 0.1532867125 0.34950844375 0.1627723328125 0.3525125640625 0.16328062031249999 0.3491594484375 0.186696240625 0.339169503125 0.181553871875 0.3351798734375 0.18569354375 0.32836458125
1156 0.3057645296875 0.292485640625 0.30179802968749997 0.26844275781250004 0.29581225624999996 0.24030118125 0.253628975 0.25011266718749997 0.25374530625 0.2534439703125 0.26073245 0.2565353375 0.2626796796875 0.2764795296875 0.262739171875 0.31400031093749997 0.2766843765625 0.31935022343749997 0.2857628359375 0.3106947828125 0.292517315625 0.307123546875 0.2874621953125 0.3056323921875 0.29234281875 0.3021265921875 0.3057645296875 0.292485640625
1156 0.49990479062500004 0.2823707484375 0.5021124390625 0.27395524375 0.5142267453125 0.26269226562500003 0.515183828125 0.21846525625000002 0.5033160624999999 0.2188796875 0.5025751109375001 0.2155701953125 0.44425285625 0.210936125 0.4446765484375 0.276794790625 0.4547867890625 0.279777096875 0.4344651828125 0.2888251578125 0.43542491875 0.3163084046875 0.44405325625 0.31267173125 0.49960141093750005 0.3274087734375 0.5187610265625 0.320902815625 0.5206917234375 0.2866479015625 0.49990479062500004 0.2823707484375
1156 0.6300721390625 0.26698526875 0.5847505578125001 0.2585618375 0.57984350625 0.33294506875 0.5930186765625 0.334152665625 0.5981901281249999 0.338975121875 0.5946750749999999 0.3457686015625 0.6319347734375 0.356141240625 0.6300721390625 0.26698526875
16 0.5231597906250001 0.24987269687500002 0.5185006078125001 0.3492625125 0.5455628171875 0.35415436875 0.5749337999999999 0.33561804375 0.58161225625 0.24032692031249997 0.556278490625 0.2312055 0.5231597906250001 0.24987269687500002
16 0.21788026249999998 0.2471918328125 0.20246836093749998 0.2535669171875 0.20295021875 0.321091234375 0.24077637031250002 0.3297764109375 0.25636276874999997 0.32839828125000003 0.26124339218750003 0.32489248125 0.2611257328125 0.28570605 0.25951229531250003 0.2574117890625 0.21788026249999998 0.2471918328125
16 0.1257895859375 0.36797933125000004 0.15054169374999998 0.3604442375 0.147109909375 0.2621708078125 0.1091674265625 0.250154328125 0.07629526875 0.25797297812500003 0.077765946875 0.35381337031250004 0.1257895859375 0.36797933125000004
1016 0.13235569062500002 0.3769222921875 0.118773359375 0.36405513749999996 0.039432834374999996 0.3843364359375 0.055092604687500005 0.402967934375 0.13235569062500002 0.3769222921875
1016 0.24257818437499998 0.3455564765625 0.23277265156250002 0.3333912734375 0.164588025 0.3507814765625 0.1769792828125 0.3653579078125 0.24257818437499998 0.3455564765625
1016 0.2944354609375 0.32623491250000003 0.3427776859375 0.313706828125 0.32857073593749997 0.3008614859375 0.2821314515625 0.314156959375 0.2944354609375 0.32623491250000003
1016 0.4433995546875 0.31186071718749997 0.431793534375 0.3197705796875 0.48638327812500004 0.342879503125 0.5034072921875 0.3289435515625 0.4433995546875 0.31186071718749997
1016 0.5700240953125 0.33829101875 0.551097140625 0.35145958125 0.623742678125 0.3722703 0.6332712593750001 0.35859609375 0.5700240953125 0.33829101875
433 0.037975425 0.6470473359375 0.015166565625 0.566961234375 0.0538334671875 0.5280880984375 0.0790826390625 0.6064212999999999 0.0827431046875 0.60379195 0.051915321874999996 0.50897673125 0.0570424859375 0.4946223859375 0.053859896875 0.457210665625 0.0611795046875 0.4160968359375 0.0548751453125 0.41464930781250003 0.0457966859375 0.42330474687499997 0.033566046875 0.431236421875 0.019199803125 0.43173810156250003 0.013331689062499999 0.44278295625 0.0082488125 0.4763141078125 0.012882893749999999 0.483656853125 0.013406385937500001 0.49864771562500004 0.0001439671875 0.49494164218750003 0.0004936249999999999 0.5228631140625 0.00150945 0.5519525265625 0.0055064484375 0.5589601609375 0.030683575 0.6531388625 0.037554385937500004 0.652898928125 0.037975425 0.6470473359375
433 0.11251726875000001 0.489349796875 0.14206275 0.47581042656249994 0.1593663671875 0.5594241421875 0.1617194296875 0.5551727640624999 0.14551963750000002 0.467351296875 0.1481483234375 0.4530842 0.1450239 0.41733813125 0.14930765937499998 0.378831840625 0.1484794609375 0.37302387187499997 0.1288406390625 0.3837157703125 0.11658091718750001 0.39081462031249997 0.0929326328125 0.3941419609375 0.0930641703125 0.41581724062500003 0.092120965625 0.4425330984375 0.06930088125 0.45166840781250006 0.054063478124999995 0.4630404453125 0.0598595484375 0.467841090625 0.0822156328125 0.48123570000000004 0.084961978125 0.506155034375 0.10036265468750001 0.589001359375 0.1033985015625 0.586393821875 0.0891307328125 0.5001725687499999 0.10885680312499998 0.491979146875 0.11025278281249999 0.53195478125 0.11218480625 0.5335549953125 0.11251726875000001 0.489349796875
423 0.20127004375 0.452062990625 0.2322392609375 0.44347695 0.239301103125 0.502433075 0.24301973437500002 0.5014693765625 0.22913004374999998 0.426074859375 0.2315703546875 0.42432195781250004 0.2308141984375 0.402668490625 0.2362599484375 0.3616200984375 0.233499725 0.354211915625 0.22129816875000002 0.362976415625 0.200831146875 0.367860346875 0.18845509375 0.3716278921875 0.18563803125 0.3984091875 0.18896470781250002 0.40412990625 0.1874107625 0.4133564265625 0.15527955468750002 0.42448456874999996 0.1592890171875 0.4318491265625 0.15305935625 0.4862663546875 0.155078628125 0.49036504531249997 0.1620783234375 0.440090134375 0.1695737546875 0.4398283875 0.1802213640625 0.4402904078125 0.18500086093749998 0.4517972796875 0.1924989453125 0.5232457921875 0.198062353125 0.52138383125 0.18946044374999998 0.454143071875 0.19817603125 0.4530048765625 0.19726190937500002 0.4805535609375 0.200355921875 0.479611675 0.20127004375 0.452062990625
423 0.298421146875 0.4761871609375 0.300265921875 0.4752888984375 0.2878581328125 0.4065133625 0.3244489234375 0.3977310125 0.335854015625 0.4557016265625 0.33835249218749996 0.45561437812500005 0.3233589765625 0.3844276125 0.3279196875 0.37176072968749996 0.325652546875 0.34265545625 0.3296315984375 0.3133320578125 0.32040772500000003 0.3178233703125 0.3073488859375 0.3199470765625 0.29485649999999997 0.3203833203125 0.29440637812500003 0.32540208593750003 0.29254772500000004 0.3438115015625 0.29401575 0.3679416328125 0.28652031875 0.3682033796875 0.2569748375 0.38174275 0.25902319218750003 0.3866742671875 0.24910398125 0.44288802031249996 0.25919769062500003 0.391671221875 0.27543779062499996 0.3911041046875 0.28628898125 0.397395903125 0.28734984531249996 0.4098664765625 0.298421146875 0.4761871609375
423 0.4047921453125 0.388254634375 0.396253709375 0.4661000421875 0.39806940156250004 0.46436895468749995 0.409135396875 0.3872691234375 0.4281786828125 0.3774318625 0.43794258125 0.4421305203125 0.43056082812499996 0.3740133109375 0.4291370921875 0.36905998125 0.41712391093749995 0.365310284375 0.40329503750000006 0.36329167500000004 0.40291696093749996 0.3524649421875 0.40239346718749996 0.3374740796875 0.40041715624999996 0.3166970609375 0.3959575734375 0.31435126874999997 0.38593458125 0.3138674390625 0.3746623515625 0.31342723281249996 0.361937303125 0.3072008703125 0.35827683593750004 0.30983022031249996 0.35927953437500004 0.3206351421875 0.363129703125 0.341346725 0.3608942984375 0.3847845328125 0.34936297656250004 0.448559153125 0.3655422578125 0.3746161265625 0.3863873578125 0.38055893125 0.39057264375 0.428775571875 0.388944 0.3821373328125 0.4047921453125 0.388254634375
423 0.45782927031250004 0.4564452046875 0.45787090468749997 0.40391174999999996 0.48305925624999996 0.40886904218750003 0.47847211562499997 0.49241335781249995 0.48097059218749993 0.492326109375 0.4904674375 0.40610881875000004 0.5065621250000001 0.401377575 0.50897600625 0.47050210468750003 0.50769503125 0.39800264531249996 0.506576003125 0.383866421875 0.48510628437500003 0.37794543125 0.48713943437499996 0.364532971875 0.48456758750000006 0.3446105921875 0.4841022609375 0.3312853796875 0.47223449375 0.3316998109375 0.45082294218749996 0.327444471875 0.4374732734375 0.32123992343749996 0.4332172703125 0.3247239109375 0.43368259687500005 0.3380491203125 0.43292776875000005 0.3522507828125 0.43397475312499995 0.3822325078125 0.4357184015625 0.39634692031249996 0.4246814875 0.47427957656249997 0.428080209375 0.46415479531250003 0.43592198125000003 0.40217669999999994 0.455997046875 0.4039771859375 0.45589724687500005 0.45484498906250004 0.45782927031250004 0.4564452046875
433 0.5419658218750001 0.5018698859375 0.546309075 0.5008843749999999 0.5501275078125001 0.44905287187500004 0.60252348125 0.46306615000000007 0.5992562968749999 0.49486621093750005 0.6057060703125 0.5004778703125 0.6094815421875001 0.46532469374999996 0.636324965625 0.44604279062499996 0.63532226875 0.4352378703125 0.6236719609375 0.423970928125 0.6111795765625 0.424407171875 0.6029127843750001 0.38467147343749997 0.5998326484375001 0.368102209375 0.5826480171874999 0.3595300546875 0.5613237125 0.3577731921875 0.54036228125 0.3484990859375 0.5197207625 0.3483860640625 0.513619984375 0.35276831249999996 0.5140271453125 0.3644278734375 0.5121532875 0.364493309375 0.5189976703125 0.4351308078125 0.513348340625 0.47034942031250004 0.5094717421875 0.520515271875 0.5135823312500001 0.5128671546875 0.5227453859375 0.43499993437500006 0.5329137921875 0.43964789375 0.5457260890625 0.4483727328125 0.5419658218750001 0.5018698859375
433 0.54290045625 0.6360856953125 0.6341239515625 0.6337339421875 0.620656625 0.5883429609374999 0.59762898125 0.48408310156249995 0.5306076703125 0.5347863312500001 0.54290045625 0.6360856953125
1748 0.31851733437499996 0.26368969999999997 0.3373722453125 0.2663666359375 0.3365579234375 0.2430475171875 0.3190104171875 0.24199260625000002 0.31851733437499996 0.26368969999999997
1939 0 0.5087275453125 0.00006451875 0.5105751203125 0.3025 0.3959959609375 0.3039382234375 0.007375696875 0 0.017201671874999998 0 0.5087275453125
1939 0.49127247812499997 0 0.30390914062499996 0.006542871875 0.30312461874999996 0.3959741484375 0.6376918625 0.4851855984375 0.62136734375 0 0.49127247812499997 0
819 0.30184629687500003 0.395184946875 0.000035421875 0.5097418625000001 0.0025875953125 0.582826565625 0.00575696875 0.6556770000000001 0.6434641578125 0.6325739328125 0.6370963265625 0.48604023593749995 0.30184629687500003 0.395184946875