407 0.0144237515625 0 0.013164221875000002 0.27896987968750003 0.2185518953125 0.3375633140625 0.45072555468750003 0.366619728125 1 0.2914788265625 1 0.008651368750000001 0.50436340625 0 0.0144237515625 0
1939 1 0.2871543703125 0.47323619843750003 0.36701265312500003 0.46869881874999997 0.5194566828125 0.9958664109375001 0.633674421875 1 0.49720896562499994 1 0.2871543703125
2001 0.84671220625 0.3635301765625 0.8091508390625 0.365374921875 0.7582401062499999 0.37948855625 0.7204605843749999 0.39383139843750004 0.68063065 0.41813997187499996 0.6558950718750001 0.4377112578125 0.6213437500000001 0.4821150171875 0.6000981609375 0.5167495046874999 0.590456940625 0.5315835015625 0.996215459375 0.6136774671875 0.9999240953124999 0.4012098328125 0.9757120890625 0.3907856875 0.9571277453124999 0.380459771875 0.8953980015624999 0.369380753125 0.84671220625 0.3635301765625
1939 0.204765975 0.48234476718749997 0.264881615625 0.478393328125 0.2981676390625 0.5064785265625 0.44064777812499994 0.5139662875 0.44693015 0.369053859375 0.2185955265625 0.33506369375 0.0095433421875 0.27140553437500003 0.0039151875 0.4863400453125 0.204765975 0.48234476718749997
511 0.4482827125 0.2915656640625 0.4415201515625 0.571490275 0.4564399828125 0.5767514625 0.477074740625 0.57711164375 0.494001353125 0.5749067171875 0.49967264375 0.5725053296875 0.4988443953125 0.2974489828125 0.47271287187500005 0.2894917125 0.4482827125 0.2915656640625
958 0.991329278125 0.6786020796875001 0.9958664109375001 0.633674421875 0.519173240625 0.530339240625 0.40666365937500004 0.5258749968750001 0.5054748296875 0.562605084375 0.5558619874999999 0.5784868796875 0.24398482812500003 0.6005472328125 0.5369717328125 0.8006910421875 0.991329278125 0.6786020796875001
1702 0.30532213750000003 0.5266064546875 0.3037953 0.5065767578125 0.264881615625 0.478393328125 0.00395881875 0.4838404265625 0.0026935203125000003 0.556329384375 0.30532213750000003 0.5266064546875
1378 0.1635398484375 0.58664115625 0.14495550468750001 0.5763152421875 0.109444546875 0.5681942531249999 0.0850143875 0.5702682046875001 0.08292034375 0.5827335578125 0.085886759375 0.6277921906249999 0.0963567234375 0.6729818 0.11245434531250001 0.7182696390625 0.1330891015625 0.7186298203125 0.15202249375000002 0.70895878125 0.1617946078125 0.6866259265625 0.1756239125 0.646861225 0.1764092703125 0.601868078125 0.1635398484375 0.58664115625
1379 0.0798227890625 0.6526901515625 0.091165371875 0.6478873765625 0.08300760625 0.5777343187499999 0.0869339046875 0.5678013296875 0.13195518906249998 0.568587178125 0.13505274375 0.498630584375 0.0956591203125 0.49794296562499996 0.046973324999999996 0.492092390625 0.0440502921875 0.5520505078125 0.0686547296875 0.6474944515625001 0.0798227890625 0.6526901515625
377 0.1181697625 0.49833589062500006 0.12750556562499998 0.500999228125 0.22217326874999999 0.1300949171875 0.211136103125 0.1174003578125 0.1181697625 0.49833589062500006
378 0.1448692296875 0.15124899687499999 0.14927546875 0.11382019531250001 0.13989603281250002 0.1136564765625 0.106391115625 0.42061848749999997 0.11249921249999999 0.178188165625 0.13326510625000001 0.0635331171875 0.11271761250000001 0.0581736984375 0.10333793124999999 0.16552635 0.10722084531250001 0.050576609375000005 0.0940896390625 0.050347403125 0.09430754531249999 0.145365678125 0.0886362546875 0.147767065625 0.0752866453125 0.2675523265625 0.06403181718749999 0.052323123437499994 0.0546087515625 0.054659023437499996 0.0550448140625 0.13717920156250002 0.0475415140625 0.02953185625 0.041913853125 0.029433625 0.047366496875000004 0.25456307499999997 0.0347591078125 0.11682206718749999 0.0253796734375 0.1166583484375 0.029000554687500003 0.12422269374999999 0.0270374046875 0.1291891875 0.051074146875000004 0.47216092343750005 0.0217585453125 0.2166103734375 0.0159563609375 0.22651062031250002 0.0399497171875 0.464465603125 0.0564836515625 0.4847572515625 0.0788634015625 0.49264903281250005 0.10512581562500001 0.49310744531250006 0.11638113750000001 0.4933039078125 0.1093139 0.468176740625 0.15045325781250002 0.153846846875 0.1448692296875 0.15124899687499999
676 0.2330788015625 0.47283744531250005 0.2555458140625 0.4757299890625 0.257596471875 0.3582478859375 0.237092609375 0.350388846875 0.2330788015625 0.47283744531250005
511 0.31212808281250004 0.3516985953125 0.3039698234375 0.49657828125 0.3151378828125 0.5017739812500001 0.33769215468749997 0.4996672875 0.3399173375 0.37218670625 0.340266384375 0.3521897515625 0.31212808281250004 0.3516985953125
819 0.9894721734375 1 0.9951683140625001 0.6736683296875 0.5407235046875 0.8007565296875001 0.24210894062500002 0.6005144890625 0.5390226375 0.5756925671875 0.4085831765625 0.523408121875 0.44047325312499996 0.5239647656249999 0.44069140781250005 0.51146666875 0.30370803749999997 0.5115759953125 0.3034026203125 0.52907333125 0.00456940625 0.556362128125 0 0.8181432515625 0 0.9863478703125 0.782129996875 1 0.9894721734375 1
597 0.357628815625 0.540021375 0.336994059375 0.5396611953125 0.3409639875 0.5272285859375 0.312956578125 0.519238571875 0.27914698437499996 0.5211488046875 0.25894853906250004 0.49579243125000005 0.2514013609375 0.49816107499999995 0.2457736984375 0.49806284375 0.27508979375 0.5385806515625 0.2481729109375 0.5756165281250001 0.2630054828125 0.5858769546875 0.304842196875 0.5541022671875 0.3443667140625 0.5472910265625 0.3687096109375 0.550216315625 0.37403185625 0.56781188125 0.3888644265625 0.5780723078125 0.396586128125 0.5657051859375 0.385636225 0.5480113890625 0.357628815625 0.540021375