1250 0.8619802406250001 0.300617853125 0.8489078703124999 0.06800199375 0.645373296875 0.1033505015625 0.6618984703125 0.3093407140625 0.8619802406250001 0.300617853125
1939 0.5186363468749999 0 0.19698473125 0.0163695046875 0.156936996875 0.0343351328125 0 0.028871928125 0 0.504683059375 0.0069603515625 0.6374944796875 0.0577952234375 0.6571614109375 0.2085408734375 0.5816802875 0.3127038203125 0.609717946875 1 0.7532395796875 1 0.515354159375 0.9735746609374999 0 0.5186363468749999 0
407 0 0.029112801562500002 0.1570291375 0.0360932828125 0.1983033453125 0.0163003984375 0.15127281718750002 0.0187651640625 0 0.0266930375 0 0.029112801562500002
819 1 0.7557942093750001 0.2073144015625 0.5835075421875 0.0578873640625 0.6589195609375 0.00834039375 0.638597475 0.026037948437500003 1 0.48363542812500004 1 1 0.9738511890625 1 0.7557942093750001
214 0.48053554218750005 1 0.8364508421875 0.9824658718749999 0.8610819749999999 0.9394511609375 0.9082660718750001 0.939916646875 0.9088010828125 0.85761623125 0.9373710296875 0.85611894375 0.9469487171875001 0.8538540203125 0.9487566765625 0.8378924515625 0.942416796875 0.80942938125 0.9684184203124999 0.775745403125 0.9613671765625 0.5486905890625 0.9806146921875 0.5459188890625 0.9733334984375 0.3817557296875 0.9199958765625 0.3816127375 0.9118480375000001 0.36911123125 0.8837695078125 0.379985321875 0.5823886296875 0.3816761875 0.5913221421875 0.5016782671875 0.56610538125 0.5082887609375 0.551999915625 0.5166675734374999 0.53327453125 0.5294021265625 0.51892335625 0.5330925390625 0.4378778375 0.576125503125 0.4300180390625 0.585939975 0.2131192703125 0.6942710296875 0.200608840625 0.7078551890625 0.1937202578125 0.7193817421875 0.190524784375 0.767737315625 0.183133975 0.8874195953124999 0.21275773125000003 0.8976202765625001 0.2236104375 0.9869634640625 0.2528522734375 1 0.48053554218750005 1
1331 0.540997784375 0.4749326640625 0.54005728125 0.473806634375 0.5405985078125 0.4673140125 0.5369593515625 0.46515409218750003 0.5273202375 0.4662469171875 0.5200630921875 0.470740865625 0.5146965 0.46925913750000003 0.48745678437500006 0.4877288453125 0.48544337656250003 0.49136032187499995 0.48393093593750003 0.496140865625 0.48593479375 0.5007371265625 0.489982775 0.5022879609374999 0.4934069359375 0.500345528125 0.49645298593750004 0.49959823124999997 0.514157346875 0.501021025 0.5419901671875 0.4854585328125 0.540997784375 0.4749326640625
884 0.3586818015625 0.48625041874999997 0.36929213125000004 0.486869675 0.37538423125 0.48537508125000006 0.3740021203125 0.4590028234375 0.3677564515625 0.4575671640625 0.3606624234375 0.45676362812500004 0.3568601515625 0.4599011953125 0.3563189265625 0.46639381718750006 0.3586818015625 0.48625041874999997
884 0.395378421875 0.48844085000000004 0.399334259375 0.48823353281250004 0.4128063578125 0.48458919062500005 0.41365472187499996 0.4839570703125 0.410883021875 0.46470955468749997 0.41013634843749996 0.45887208749999997 0.40483118281249997 0.45856245937500006 0.3982381171875 0.45890798750000006 0.392238159375 0.46216073125 0.39251458125 0.4674351828125 0.395378421875 0.48844085000000004
125 0.10787846718750001 0.4858782890625 0.10286134375 0.5078846390625 0.097300921875 0.511114346875 0.0940610421875 0.5165730796875 0.09806128593749999 0.5592626046875 0.095915478125 0.56877761875 0.10058934687500001 0.5990909828125 0.1024396375 0.6007569921875 0.0992516390625 0.6156155640625001 0.0991308578125 0.6385406265625 0.1048257515625 0.6546966453125 0.10189300781249999 0.66601588125 0.1014692328125 0.7336189703125 0.11117932187499999 0.7254705078125 0.11515632656250001 0.7340769796875 0.11870334062500001 0.7344787484374999 0.11973598437499999 0.737362928125 0.1250104359375 0.73708650625 0.1278107765625 0.7316508078124999 0.1936281171875 0.7176235906249999 0.2870230234375 0.6915732171875 0.2849440453125 0.643494065625 0.27853319062500004 0.62208663125 0.2824562453125 0.596024 0.267221853125 0.5492219546875 0.2598472578125 0.49260543749999997 0.2607973078125 0.48550372968750005 0.25756490468750004 0.4574654609375 0.2581675578125 0.45214493906250003 0.25739971875 0.43749368437499997 0.2521443609375 0.42131463125 0.243046471875 0.4159148328125 0.171923965625 0.42963242187499995 0.113394484375 0.43975174062500005 0.10088405468749999 0.4533359 0.10477099062499999 0.4854534859375 0.10787846718750001 0.4858782890625
1354 0.747200296875 0.4400319953125 0.7458243999999999 0.48946752812499994 0.75530246875 0.5189414546875 0.7703907703125 0.529316246875 0.8072832906249999 0.5520645046875 0.8530470859375001 0.559068684375 0.8554058171875001 0.52838675625 0.8626629625 0.52389280625 0.8612999468750001 0.48106507187499997 0.8652420953125001 0.4385469640625 0.8643514015625 0.42155150937499997 0.8602399234375 0.3935593125 0.8235644687500001 0.40018267031250004 0.79776415 0.3956582078125 0.77080833125 0.3859053671875 0.7655645953125 0.3867678390625 0.758246021875 0.3900896875 0.75111173125 0.3969278375 0.746411290625 0.4165669515625 0.747200296875 0.4400319953125
1050 0.44797063125000003 0.37344158125 0.4360512359375 0.3646636921875 0.43822775937499997 0.35573472968750003 0.47207215781249995 0.3539610203125 0.4895806171875 0.3348259859375 0.45396230624999995 0.2691117828125 0.39759979843750004 0.2785298734375 0.38579037656250004 0.36435945468750003 0.42038145 0.3684232125 0.43094611406250005 0.4354504203125 0.4543146546875 0.45244318124999994 0.4470322015625 0.39758481562500003 0.44797063125000003 0.37344158125
1050 0.17733208281249999 0.31416766875 0.20691350625 0.3067407734375 0.17132590781249998 0.24161262031250003 0.1445352796875 0.25183155468749996 0.1296067609375 0.3201948046875 0.1641978328125 0.32425856249999996 0.1811849703125 0.42973473437500004 0.1769294734375 0.3905845453125 0.17123043437500002 0.32389 0.17733208281249999 0.31416766875