1057 0 0.361005875 0.0278110671875 0.357380975 0 0.305816875 0 0.361005875
1749 0.4771722953125 0.58524750625 0.48327104375 0.5779515265625 0.5081123984375 0.576271125 0.497056665625 0.6068194546875 0.50516516875 0.611095590625 0.5061760203125 0.5946816687500001 0.5335062890625 0.5750732421875 0.5723267109375 0.5968199640625 0.5719745671875 0.5866954062499999 0.5375169046875 0.5664212125 0.5568973749999999 0.5581020109375 0.53235758125 0.5633181046875 0.52309841875 0.5112893374999999 0.53054626875 0.5061064578125001 0.5706702046875 0.4831786875 0.56204390625 0.45741386874999995 0.5308230890625001 0.450250859375 0.478306265625 0.4572138984375 0.47427980625000005 0.4382709 0.46446311093750003 0.425958340625 0.5094378625 0.40679921874999997 0.46465655312500004 0.42051753593749996 0.42381747968749994 0.3554024375 0.4139154578125 0.35750717656250003 0.41628430625 0.3750026171875 0.4388390859375 0.41760569687500004 0.45025780937500004 0.46497567812499996 0.47574092187500006 0.521355484375 0.49985019375000006 0.5162309015625001 0.5123284046875 0.51777833125 0.5220895171875 0.563700753125 0.4738779203125 0.5697486890625 0.47410110312500003 0.5835004484375 0.4771722953125 0.58524750625
581 0.397528646875 0.5259807140625 0.40957633437499996 0.5276196546875 0.4199088796875 0.5254234046875 0.34429694843749997 0.1845159609375 0.36796875 0.1836841203125 0.4076413203125 0.173451559375 0.42738783125 0.1668544484375 0.4443141265625 0.15545710468750001 0.45709389843750003 0.16054022968749998 0.4846473515625 0.1546835609375 0.5225978328124999 0.1448170421875 0.5120312593749999 0.065467778125 0.254212634375 0.118468921875 0.25825688593749996 0.2010044453125 0.2681589078125 0.1988997046875 0.340269125 0.5381516015625001 0.3570525640625 0.538783928125 0.3694662921875 0.5421449593750001 0.376490565625 0.53285235625 0.386321159375 0.5367624515625 0.397528646875 0.5259807140625
1343 0.22843465 0.3147371171875 0.2883417875 0.300203565625 0.268453521875 0.20663662968750002 0.20781429999999998 0.217726 0.22843465 0.3147371171875
1761 0.5227860140625 0.43995988906249994 0.5351997453124999 0.443320921875 0.5643769109375001 0.6081091875 0.5633660609375 0.6245231109375 0.571193846875 0.6126598546875 0.542030575 0.439469125 0.57739791875 0.43015166718750003 0.56734219375 0.37649231875 0.5121708046875 0.39001925625 0.5120140515625 0.4104513890625 0.5167725937500001 0.4328385703125 0.5227860140625 0.43995988906249994
872 0.55799886875 0 0.5549298265625 0.000552646875 0.5428840875 0.0349112015625 0.5123814578125 0.0395948390625 0.6370805093749999 0.774444996875 0.6887112875 0.968658615625 0.9320280484374999 0.9109403890625 0.8011574749999999 0 0.55799886875 0
433 0.578637796875 0.5354819859375 0.568664346875 0.5436015609375 0.567582065625 0.5660303156250001 0.5723406078125 0.5884174984375 0.57851273125 0.611104178125 0.59904775625 0.7225325953125 0.6052179328125 0.70922178125 0.5931366078125 0.6163952890625 0.6103575171875 0.6127348718750001 0.5942010953125 0.5303740109375 0.578637796875 0.5354819859375
127 0 0.53985035625 0.0208301703125 0.6378486 0.068173771875 0.6361849187499999 0.1989237140625 0.61199295 0.17638283125 0.56098740625 0.162318440625 0.5519775828125 0.1540581828125 0.527934853125 0.146509165625 0.519940003125 0.136469284375 0.493875684375 0.1176621953125 0.49007370781250004 0.105757365625 0.4764050984375 0.10080538125 0.45945872187500003 0.089948090625 0.444367521875 0.07610688437499999 0.44910945625 0.0334851359375 0.4581689875 0 0.4678020640625 0 0.53985035625
216 0.20121587500000002 1 0.2018506859375 0.9983483171875 0.2175707375 0.9728082078125 0.2200666 0.95067895 0.22250493124999998 0.9261620625000001 0.2382110875 0.9090244171874999 0.24755167656250002 0.8746408953125 0.257230515625 0.8587843968750001 0.27781528125 0.8286104703125 0.277534565625 0.8124710796875 0.256271353125 0.7695934671875 0.27478188124999997 0.7296610265625 0.25848455000000004 0.6953273265625 0.2273332140625 0.6461519906250001 0.2057406484375 0.61654361875 0.022609793750000003 0.6398701906250001 0.0980781765625 1 0.20121587500000002 1
1939 0.583657315625 0.47441854218749996 0.513028215625 0.05745632187500001 0.13360874375 0.14170421093750002 0.235421975 0.5508381078125 0.583657315625 0.47441854218749996
1939 0.2013481484375 0.595878528125 0.2352860640625 0.55866654375 0.1311545703125 0.13862607031250002 0.09456708750000001 0.142203225 0.2013481484375 0.595878528125
1939 0.47125269843749995 0 0 0.0989356078125 0 0.527148590625 0.018654764062500002 0.61491235625 0.2046564203125 0.6029748796875001 0.09290947656250001 0.1407556640625 0.5108825484375 0.053712640624999995 0.5088797421875 0.0379392921875 0.541161996875 0.03527724375 0.554061834375 0.0049369015625 0.5730900203125 0 0.47125269843749995 0
1939 0.6085309859375 0 0.7278952171874999 0.5475537984375001 0.9763004578125001 0.9075296500000001 1 0.9024921562499999 1 0.45607383125 0.901580228125 0 0.6085309859375 0
819 0.5412616625 1 0.9763004578125001 0.9075296500000001 0.7227358921875 0.544450690625 0.578986046875 0.47361155468750005 0.23707958437499999 0.55228566875 0.20330037031249998 0.6050630124999999 0.018654764062500002 0.61491235625 0.0968645765625 1 0.5412616625 1