1057 0 0.2925294890625 0.052255109375 0.2930529359375 0.028872096874999996 0.2299764109375 0.0041726765625 0.2364098625 0 0.24928218124999998 0 0.2925294890625
1749 0.46442499687499994 0.5654344078125 0.46273213437500005 0.5790833984375 0.46553029375 0.5812408812500001 0.47258509374999996 0.5748646875000001 0.49741855937499996 0.5766578859375 0.482218915625 0.6053702609375 0.48965338281250004 0.61073326875 0.492938775 0.59461976875 0.5227320328125 0.579005809375 0.5581480984375 0.6059436515625001 0.559208446875 0.5958686171875 0.527907746875 0.57099615 0.5482574171875 0.56545515 0.5232305015625001 0.567205203125 0.5213024546875 0.51439415 0.5293991390625 0.5102982500000001 0.572323521875 0.4931777828125 0.56736694375 0.46646315625 0.5374468625000001 0.455024759375 0.48447206249999997 0.45461110624999995 0.48312114375000004 0.435292084375 0.475113559375 0.4217331296875 0.52231705625 0.4090197390625 0.4760623328125 0.416372196875 0.444682975 0.34620709375000003 0.4345843953125 0.3469132546875 0.43449529531250003 0.36456811093749997 0.45090137031250005 0.4098955984375 0.4556163390625 0.4583937578125 0.4730049 0.51777144375 0.497592746875 0.51605209375 0.509734159375 0.5193210968749999 0.5130091125 0.5661550890625 0.46442499687499994 0.5654344078125
581 0.3731203875 0.5153434484375 0.38231112968750003 0.5205836453125 0.3949100734375 0.5114666156250001 0.40661241875 0.5147663203125 0.417150065625 0.5140294562500001 0.38971913125 0.165916553125 0.41327633124999996 0.16838728593750002 0.4539869078125 0.1637756625 0.47445938749999994 0.15999093749999999 0.49280716093750004 0.151060196875 0.5047551265625 0.157872453125 0.532855521875 0.15590748125 0.571809825 0.15141866875 0.57238936875 0.07137104375 0.309703484375 0.0879749671875 0.302221653125 0.170270109375 0.31232023125 0.1695639484375 0.3365139390625 0.515550071875 0.3530460390625 0.518512046875 0.36487119375 0.5235680281249999 0.3731203875 0.5153434484375
1343 0.31153520625 0.17726657968749998 0.2499427796875 0.17980868125 0.25686111562499997 0.278745490625 0.3182079203125 0.27269084062500004 0.31153520625 0.17726657968749998
1761 0.5243598890625 0.412994903125 0.525956428125 0.43582647343750003 0.53092023125 0.44371539687499995 0.5427453859375 0.4487713765625 0.548704509375 0.6160166109375 0.54541911875 0.6321301109374999 0.554821771875 0.6214717249999999 0.55004580625 0.44590773281249996 0.586365696875 0.44160313437500004 0.5838757703125 0.387066509375 0.527358721875 0.3927834296875 0.5243598890625 0.412994903125
872 0.576336975 0.0457986375 0.597551090625 0.7908520375 0.6216500890625001 0.9903611968750001 0.8706317328125 0.967067828125 0.8676811203125 0.00365923125 0.623904890625 0.0130579890625 0.6071945921874999 0.045405725 0.576336975 0.0457986375
433 0.5935938625 0.6269965421875 0.5890570921875 0.5431886718750001 0.5729343625000001 0.54608094375 0.5619279453125 0.5527334640625 0.55773471875 0.5747933187500001 0.5593312578125 0.5976248921875 0.5622859390625 0.6209497796875 0.567113278125 0.7341517078125 0.575075915625 0.7218291546875 0.576031115625 0.6282246484375 0.5935938625 0.6269965421875
127 0 0.4796023140625 0.0063086015625 0.569819515625 0.0534229984375 0.5747609812500001 0.18626736093750001 0.569001321875 0.17104444531250002 0.5153550765625 0.15837085312500002 0.50447555 0.153537084375 0.479517196875 0.1471742015625 0.4705495328125 0.14085948125 0.4433415890625 0.12276455312500001 0.436959171875 0.1128778828125 0.421766753125 0.11033257031249999 0.40429611249999997 0.10168123281250001 0.38784073750000003 0.087314778125 0.3906102 0.043846978125000005 0.39364976406249996 0 0.399850753125 0 0.4796023140625
216 0.10857615000000001 1 0.11602116250000001 0.9904209640625 0.12520789375000002 0.970365078125 0.1353955734375 0.9520040609375 0.1545171359375 0.9289003140625001 0.16006850625 0.907333775 0.1658951984375 0.8833948328125001 0.183833603125 0.8686098453125 0.1978685515625 0.8358608999999999 0.20965999375000002 0.82150575 0.23424382968750002 0.79449031875 0.2362120140625 0.778468928125 0.2211231453125 0.7330493312499999 0.2450110515625 0.6960816765625 0.233650653125 0.6598139609375 0.20964636250000002 0.6067817671875 0.1923846234375 0.5744564375000001 0.0077895546875 0.5720691078125 0.036479521875 1 0.10857615000000001 1
1939 0.1870395734375 0.0941993140625 0.2309215328125 0.5135212109375 0.5864034203124999 0.486310346875 0.5744916015625 0.063576303125 0.1870395734375 0.0941993140625
1939 0.185037678125 0.090809575 0.14830841875 0.08925992187500001 0.1909108953125 0.553381140625 0.2296974375 0.5212545453125 0.185037678125 0.090809575
1939 0.5539522890625 0 0 0.037342965625 0 0.4417442421875 0.007346475 0.546803728125 0.19319935 0.560868853125 0.1468684015625 0.0875957546875 0.5728878359375 0.0595704375 0.573099746875 0.04367185625 0.60543831875 0.045528535937499996 0.622435175 0.0172787734375 0.67495966875 0.0112527546875 0.6741728 0 0.5539522890625 0
1939 0.6755604890625 0 0.719059146875 0.5788078921875 0.9149479703125 0.9698518109375 1 0.96390439375 1 0.509010309375 0.9628209640625001 0 0.6755604890625 0
819 0.48380877968749997 1 0.9149479703125 0.9698518109375 0.7143819015624999 0.5750169453125 0.581889921875 0.4848610984375 0.23236154999999997 0.515185378125 0.19156588593749999 0.5627479390625 0.007346475 0.546803728125 0.034909562500000005 1 0.48380877968749997 1