407 0.49127247656249995 0 0 0.0171556125 0 0.14267164062499998 0.470417025 0.1849947125 0.9331494765624999 0.13241098281250002 0.9339949421875 0.033820346875000004 0.9823125890625001 0.025705159374999998 0.9814149453125 0 0.49127247656249995 0
2001 0.35747916874999996 0.184653325 0.30443003125 0.18007794375 0.31993063125 0.4602215546875 0.3765155578125 0.44324713437499996 0.35747916874999996 0.184653325
676 1 0.491272453125 0.9838191734375 0.027914214062499998 0.9339949421875 0.033820346875000004 0.9070627078125 0.9818045640624999 1 0.9748836296875 1 0.491272453125
2001 0.8568009249999999 0.1565034609375 0.8496824999999999 0.44386484531250003 0.9212917515625 0.44779209375000006 0.928185984375 0.154010640625 0.8568009249999999 0.1565034609375
1694 0.5073889171875 0.9571940874999999 0.5744083343749999 0.9934211109375 0.598679253125 0.9925735515625 0.7013555046875 0.8218626546875001 0.7013276171875 0.57546085 0.629494171875 0.5651135328125 0.49429533125 0.664110625 0.5073889171875 0.9571940874999999
1567 0.5664433171875001 0.601597440625 0.3633439015625 0.557266640625 0.291801571875 0.5961897140625 0.30565808437499997 0.8292528140625001 0.504840246875 0.925143596875 0.4957230328125 0.6640607671875001 0.5664433171875001 0.601597440625
1567 0.24290168906249998 0.5057641203125 0.0705904265625 0.565347184375 0.0905392078125 0.7682006796875 0.12697905 0.7883545015625 0.293736778125 0.6925406125 0.288812321875 0.5105887859375 0.24290168906249998 0.5057641203125
1761 0.572079390625 0.59925799375 0.6138641890625001 0.567801975 0.6128926828125 0.5399816734375 0.5896758078125 0.5300792609375 0.5624000234375 0.5267464875 0.52655803125 0.52371285 0.4910149640625 0.5292393078125001 0.45847676249999997 0.5389460984375 0.43322652812499995 0.552683653125 0.418044934375 0.5682122359374999 0.572079390625 0.59925799375
1455 0.663259303125 0.42680592500000003 0.5355213156249999 0.41198293750000003 0.5222905421874999 0.44244182656250003 0.520630840625 0.476781909375 0.62394844375 0.488172409375 0.6645297343750001 0.46318631874999994 0.663259303125 0.42680592500000003
1761 0.343588084375 0.523674403125 0.349291084375 0.564185275 0.3522959484375 0.568365609375 0.35102551718749997 0.5319852140625 0.3891250609375 0.5177989515625 0.3920473875 0.5605495578124999 0.4020412953125 0.5602005640625001 0.39859585000000003 0.50246979375 0.347953728125 0.4849545609375 0.2902400234375 0.5105389296875 0.343588084375 0.523674403125
1492 0.07613615625 0.64228830625 0.0705156953125 0.5632071625 0.11132118124999998 0.5446411390625 0.1104991375 0.521100884375 0.120127196875 0.46934147812499993 0.12388718125 0.45421174531249997 0.11780272031250001 0.4437110546875 0.07760289375 0.438686965625 0.051904271875 0.43958438125 0.037926184375 0.4486430375 0.0370216015625 0.4636730578125 0.038822959375 0.47432331562499996 0.0439203 0.5384243 0.02979275 0.5432029093749999 0.0222805890625 0.5327520765625 0.01243614375 0.5373811171875 0.009730203125 0.5417608765625 0.0158146640625 0.5522615671875 0.027153734375 0.5904329890625 0.0175334828125 0.6014821 0.0164794375 0.6122320734375 0.027676853125 0.6054131515625001 0.0267644640625 0.6611534671875 0.012786378125000001 0.6702121234375 0.0201490765625 0.6763829109375 0.0388586546875 0.6800148234375001 0.0652376640625 0.6576673203125 0.0704253515625 0.6424877328124999 0.07613615625 0.64228830625
316 0.38834651875000004 0.6592399078125 0.3362766953125 0.6417745312500001 0.3125288953125 0.6576022515625 0.3182318921875 0.698113121875 0.36015834375 0.7116474484374999 0.38894436875 0.6763600921874999 0.38834651875000004 0.6592399078125
183 0.40065709531250004 0.72523163125 0.402533184375 0.7380219140625 0.44896693593750003 0.757826740625 0.46850636406249996 0.7442886125 0.4677590515625 0.7228883796875001 0.42275300312499997 0.7030336968750001 0.40065709531250004 0.72523163125
183 0.6207706953125001 0.6018429203125 0.600483953125 0.5939808171875 0.5717804656250001 0.5906979 0.5456256500000001 0.6194654734375 0.5508802609375001 0.64713620625 0.5639537640625 0.6531075671875 0.5926572515624999 0.6563904859374999 0.6193351859375 0.642603075 0.624522871875 0.6274234859375001 0.6267804234375001 0.6102035875 0.6207706953125001 0.6018429203125
685 0.4273539890625 0.22078063281250002 0.3829457875 0.21804613750000001 0.402654759375 0.49590015625 0.4424061984375 0.48808410625 0.4273539890625 0.22078063281250002
710 0.39867838906249997 0.4638995203125 0.42528159375 0.4479720859375 0.42445955 0.42443183125 0.4216866859375 0.38596127187499996 0.3962869890625 0.395418778125 0.39867838906249997 0.4638995203125
710 0.8159050953125 0.254350053125 0.7701439265625 0.25380543437499997 0.76900734375 0.30312568125 0.8176239140625 0.3035705859375 0.8159050953125 0.254350053125
710 0.7673554484375 0.29675546875 0.7670643312500001 0.24748507812499998 0.7213778921875 0.249080484375 0.721594278125 0.29621084999999997 0.7673554484375 0.29675546875
710 0.67846431875 0.2891464515625 0.6768949625 0.2442059625 0.6384217624999999 0.24769211093750002 0.6399163875 0.290492575 0.67846431875 0.2891464515625
710 0.8210693593749999 0.36130135625 0.8222806734375 0.3141211328125 0.7793001765625001 0.3113367796875 0.7795165625 0.358467146875 0.8210693593749999 0.36130135625
710 0.729173365625 0.3495120046875 0.7318123812499999 0.302281925 0.690259584375 0.299447715625 0.691679478125 0.34010815625 0.729173365625 0.3495120046875
710 0.8144461656249999 0.41724109687500005 0.8140803156249999 0.365830684375 0.7698215796875 0.3673762328125 0.769963234375 0.4123665765625 0.8144461656249999 0.41724109687500005
872 0.6641638859375 0.4117759046875 0.6615996 0.4611460078125 0.5999764484375001 0.4975800625 0.6002006421875 0.50400013125 0.6391969609375 0.515494146875 0.6408410484375 0.5625746578124999 0.698397484375 0.5734205390625 0.706365840625 0.556001215625 0.719439346875 0.561972578125 0.76798899375 0.5195671625 0.76357985 0.39330579375 0.730294334375 0.381612353125 0.6641638859375 0.4117759046875
1850 0.4628502109375 0.4595159578125 0.46412064218750004 0.495896353125 0.47433874375 0.5019674281250001 0.5241588234375001 0.4959424046875 0.5228883921875 0.4595620125 0.49313866875 0.42631876875 0.48998434062499996 0.4178583890625 0.4628502109375 0.4595159578125
2001 0.564645303125 0.18170418906250002 0.566871625 0.3273254796875 0.629765209375 0.32727181875 0.627314690625 0.1752304609375 0.564645303125 0.18170418906250002
2001 0.8366480328125 0.2343419984375 0.835310678125 0.155111284375 0.7697111546875 0.159544703125 0.7721772859375 0.23016546718750003 0.8366480328125 0.2343419984375
2001 0.7621086453125 0.2283744390625 0.7611449453125 0.1598438421875 0.7070417640625 0.16601843125 0.7079307328125 0.23240900625 0.7621086453125 0.2283744390625
2001 0.699977990625 0.1684077375 0.648655478125 0.172342590625 0.650822684375 0.2344032640625 0.7007922265625 0.23265828906250002 0.699977990625 0.1684077375
183 0.23594834062499997 0.7159849578124999 0.279534496875 0.6951792 0.28059635 0.64371893125 0.2514444765625 0.6275958734375 0.21499682656250002 0.6481523484375 0.2215965984375 0.7143434984375 0.23594834062499997 0.7159849578124999
1855 0.259271178125 0.56518620625 0.251908478125 0.5590154187499999 0.2465713296875 0.5699149609374999 0.23342309375 0.561803575 0.22966310937499998 0.5769333078125001 0.22552946718750003 0.581362921875 0.20726827656250002 0.5905711499999999 0.21124464999999998 0.622571784375 0.22830233125000002 0.6198334828125 0.2636212046875 0.6078869578125 0.26415213125000003 0.5821568234375001 0.259794296875 0.5801663687499999 0.259271178125 0.56518620625
1334 0.2809343109375 0.4487275390625 0.27425980625 0.380396365625 0.224589190625 0.390701434375 0.23111423125 0.454752559375 0.2809343109375 0.4487275390625
710 0.18792515468749998 0.36412754375 0.2191103875 0.3566106328125 0.21627059843750002 0.2752897515625 0.1849359046875 0.27852661562500003 0.18792515468749998 0.36412754375
710 0.18057806875 0.2765361609375 0.1534517484375 0.2774834328125 0.1538097890625 0.36960414375 0.18521921562500002 0.3685073015625 0.18057806875 0.2765361609375
710 0.1492433765625 0.27977302656249997 0.1164809796875 0.28305974843750004 0.11811725937499999 0.37085055312500004 0.1522326265625 0.365373953125 0.1492433765625 0.27977302656249997
710 0.1094172046875 0.2854490515625 0.069441571875 0.28684503125 0.0785900140625 0.385086671875 0.117063215625 0.3816005265625 0.1094172046875 0.2854490515625
1758 0.0996207265625 0.8235920015625 0.085949371875 0.800500453125 0.0611553328125 0.78636785 0.0337300859375 0.7787550296875 0.0123892984375 0.7816428984375 0.02076700625 0.9806151984374999 0.07315137031249999 0.9252200734375 0.0918687546875 0.8881416906249999 0.1036718296875 0.8577326578125 0.0996207265625 0.8235920015625
433 0.15490459375 1 0.11943565781250001 0.9407448546875001 0.13296535781250002 0.9188460578125 0.12283760156250001 0.8334944140625 0.1087769765625 0.88112334375 0.1060632296875 0.9262134 0.0690177296875 0.929649690625 0.030312528124999998 0.9674260640625001 0.025445017187500002 1 0.10708069687499999 1 0.10717639062499999 0.9990240437500001 0.114090703125 0.9923546921874999 0.11830688125 0.9493548046875 0.154711146875 1 0.15490459375 1
1050 0.4794472328125 0.11611512187499999 0.42895457343750004 0.1028799328125 0.30413891406250004 0.130807553125 0.3616206171875 0.1395134125 0.4794472328125 0.11611512187499999
1050 0.604703475 0.1417379359375 0.5772034953125 0.1319850921875 0.46351052031249995 0.15095376875 0.495144140625 0.15627699687500002 0.604703475 0.1417379359375
1050 0.614937190625 0.066388415625 0.654232434375 0.086442525 0.8619294953125 0.0577632546875 0.8368365296875 0.035070559375 0.614937190625 0.066388415625
1050 0.91526975 0.1116090265625 0.9032502906250001 0.09488769375 0.7295938640624999 0.1159503390625 0.7558156046875 0.13003308593750001 0.91526975 0.1116090265625
1506 0.7369811109375 0.7777659234375001 0.600106953125 0.9925236953125 0.9070627078125 0.9818045640624999 0.9091194890625 0.8360337046874999 0.7369811109375 0.7777659234375001
1939 0 0.40888451718749996 0.0091836625 0.6489116046875 0.47817345937500005 0.48897771875 0.47049175625000006 0.1871347375 0 0.1425344875 0 0.40888451718749996
1939 0.47817345937500005 0.48897771875 0.9046668421874999 0.5447911265625 0.9204462859375001 0.546382728125 0.9302940734374999 0.13251069531249998 0.47184472499999996 0.18494485624999998 0.47817345937500005 0.48897771875
819 0.355318434375 1 0.90548554375 0.9775743734375 0.9204462859375001 0.546382728125 0.476671028125 0.48688755156249997 0.0091836625 0.6489116046875 0.0200564859375 1 0.355318434375 1