407 0.0801304890625 0 0.0995812953125 0.0046819796875 0.0935473671875 0.1030914296875 0.5514845703125 0.1878256546875 1 0.1788925078125 1 0.049797978124999996 0.526203890625 0 0.0801304890625 0
2001 0.7174102046875 0.194499528125 0.6641711296875 0.19536324375 0.62714251875 0.45199922187499997 0.6824055328124999 0.4728794578125 0.7174102046875 0.194499528125
676 0.0497979765625 0 0.0008364999999999999 0.46583734374999997 0 0.47403405625 0 0.9434801281249999 0.0603198890625 0.952235653125 0.0995812953125 0.0046819796875 0.07494467031249999 0 0.0497979765625 0
2001 0.1550850984375 0.41960896875 0.16802933125 0.13245102656250002 0.096992053125 0.1249847078125 0.0833763328125 0.4185314421875 0.1550850984375 0.41960896875
1694 0.460736834375 0.9555649609374999 0.49424299375 0.664108796875 0.3662791796875 0.5559218625 0.2938989234375 0.5612331265625 0.27668298281250003 0.8070327640625001 0.3672009296875 0.9844901500000001 0.3913536046875 0.9870286984375 0.460736834375 0.9555649609374999
1567 0.49282224843750005 0.6639594703125 0.4655150265625 0.9237703296875001 0.67090099375 0.842007378125 0.7009814125 0.6104785890625 0.6323284921875 0.5666597890625 0.42663145625 0.596715103125 0.49282224843750005 0.6639594703125
1567 0.7099346 0.5252947 0.6923298203125 0.7064597874999999 0.8519976953124999 0.8136727109375 0.8897546328124999 0.796109896875 0.9238051640625 0.5951421 0.7560699468750001 0.5236843515625 0.7099346 0.5252947
1761 0.408444415625 0.523750521875 0.3845933375 0.5320092843750001 0.3816835515625 0.5596940484374999 0.421172303125 0.5939882015625 0.5769971828125 0.5737629703125 0.5629357890625 0.5572132 0.5387053468749999 0.5417477421875 0.5069235187500001 0.529794846875 0.47185253749999995 0.5218024921875 0.4358862390625 0.522328528125 0.408444415625 0.523750521875
1455 0.3384390453125 0.45179898124999995 0.377178540625 0.479555015625 0.481039028125 0.4753993328125 0.4817788125 0.4410271265625 0.47070497187499993 0.40971950156250003 0.34224415 0.415595828125 0.3384390453125 0.45179898124999995
1761 0.6463804125 0.5422992343749999 0.6425753078125 0.5785023875 0.6458644578125 0.5745418453125 0.6543794609375 0.5345274765625 0.708513853125 0.5251453734375 0.6527254124999999 0.495597421875 0.60098485 0.5095373734375 0.593520703125 0.566887171875 0.603465921875 0.56793245625 0.6093632609374999 0.5254898390625 0.6463804125 0.5422992343749999
1492 0.963819340625 0.6381039671875001 0.9745138171875001 0.6456873703125 0.9742122203125 0.6348900578125 0.9653861484374999 0.6231967875 0.9793603031250001 0.585909321875 0.9861624328125 0.575858640625 0.9837686 0.57130079375 0.9742710406249999 0.565996315625 0.9660481656250001 0.5758976687499999 0.9522883703125 0.5701452109375 0.9618447515625 0.506555946875 0.9643846453125 0.49605728750000005 0.96453070625 0.48100078125 0.9512185703125 0.470989128125 0.92564515 0.46830125312500004 0.8851927843749999 0.47050890624999997 0.8783906546875 0.4805595875 0.8810860828125 0.49591474687500003 0.8870801359374999 0.548219690625 0.884618009375 0.571645259375 0.92402899375 0.593012503125 0.912905803125 0.671508946875 0.9185887859375 0.6721062515625 0.922704959375 0.6876107390625 0.9474608296874999 0.7117439109375 0.96637818125 0.7094259593750001 0.974153396875 0.7037838 0.960841259375 0.693772146875 0.963819340625 0.6381039671875001
316 0.598482846875 0.6836773375 0.6247372296875 0.720886746875 0.6675056578125 0.7103100312499999 0.6760206578125 0.6702956625 0.653434790625 0.6528499359375 0.6002734843749999 0.6666405609375 0.598482846875 0.6836773375
183 0.5628959124999999 0.7079275953125 0.516614503125 0.72459445 0.5143762062499999 0.745890421875 0.532923665625 0.760758575 0.580625821875 0.744241046875 0.5833895453125 0.7316127890625 0.5628959124999999 0.7079275953125
183 0.4461520015625 0.615991778125 0.422067621875 0.5854698125 0.39320505 0.586742478125 0.37241929375 0.5931702984375 0.36584099375 0.6010913828125 0.366891846875 0.6184268125 0.371008021875 0.6339312984375 0.3966592078125 0.6495460828125 0.4255217796875 0.6482734171875 0.438979978125 0.6432285624999999 0.4461520015625 0.615991778125
685 0.63643718125 0.2268982515625 0.5919464078125001 0.22652832812499998 0.5582847156249999 0.49213067343750005 0.597394103125 0.502700603125 0.63643718125 0.2268982515625
710 0.5860774875 0.391701925 0.58062780625 0.429885346875 0.5781656796875 0.45331091562500003 0.6035930390625001 0.4710552984375 0.6107555890625 0.4029081875 0.5860774875 0.391701925
710 0.2476877953125 0.23556086406249999 0.2020001078125 0.23291201875 0.196852025 0.28189275468749997 0.245381203125 0.284840253125 0.2476877953125 0.23556086406249999
710 0.251200775 0.22947072500000001 0.24747343906250002 0.2786007890625 0.2931611265625 0.281249634375 0.2966646328125 0.23424917031249998 0.251200775 0.22947072500000001
710 0.341379234375 0.2324894953125 0.33667881093749996 0.2772110390625 0.375038940625 0.28124285000000004 0.37951553437499996 0.23865090625000002 0.341379234375 0.2324894953125
710 0.19147064062500002 0.29209276093750003 0.1893878765625 0.3392425515625 0.23103715781249998 0.3393138234375 0.23454066562500003 0.2923133578125 0.19147064062500002 0.29209276093750003
710 0.28254441875 0.2865931421875 0.2818824015625 0.333892259375 0.31994093437500004 0.327126759375 0.3241936984375 0.2866644125 0.28254441875 0.2865931421875
710 0.19604394687499999 0.344248378125 0.192092778125 0.3955080390625 0.23680738125 0.3937483640625 0.24008705937500002 0.3488774953125 0.19604394687499999 0.344248378125
872 0.3551370453125 0.5525976531250001 0.3600612984375 0.5057465156250001 0.39976440625 0.49700074375 0.4004358953125 0.490611953125 0.341504365625 0.44996803593749995 0.3423902109375 0.4005393203125 0.27852495625 0.36583621875 0.2445048296875 0.3751792953125 0.231298878125 0.5008255296875 0.27677220937499997 0.5465143 0.290230409375 0.541469446875 0.29696424375 0.5594021812500001 0.3551370453125 0.5525976531250001
1850 0.5398833187500001 0.4622060140625 0.515721171875 0.4187571390625 0.5119843609375 0.426976875 0.479988175 0.45806390312499995 0.47618307031249996 0.4942670546875 0.52546150625 0.5037526734375 0.5360782140625 0.49840916718750006 0.5398833187500001 0.4622060140625
2001 0.44533643749999996 0.32308137812500004 0.4577153640625 0.17797011406250002 0.39565021875 0.167140559375 0.3825998015625 0.3186406125 0.44533643749999996 0.32308137812500004
2001 0.18956434375 0.132561325 0.18270339062500002 0.21150574843749997 0.24730842968750003 0.21183664375000003 0.254694809375 0.1415599359375 0.18956434375 0.132561325
2001 0.263219284375 0.14245589375 0.257477478125 0.21075232968750002 0.3112419796875 0.2185563296875 0.31675995625 0.152389490625 0.263219284375 0.14245589375
2001 0.3745628640625 0.16277106562500002 0.323639853125 0.15526572031250002 0.318345709375 0.21930296249999998 0.368071803125 0.2245293859375 0.3745628640625 0.16277106562500002
183 0.762773378125 0.7332418078125 0.773974334375 0.6676722734375 0.7390494171875 0.6446234125 0.70884386875 0.6586736640625 0.7063134484375 0.71008265 0.74834209375 0.7338781421875 0.762773378125 0.7332418078125
1855 0.7681263453125 0.6003108234375001 0.7643117671875 0.5956036499999999 0.7616163390625 0.5802484906250001 0.7479343109375 0.5874229421875 0.7433704765625 0.57617765 0.7355952593749999 0.581819809375 0.7340284515625 0.596726990625 0.729542384375 0.5984086078125 0.728277175 0.6241131015625 0.762676665625 0.6384942453125 0.77950178125 0.6424157593750001 0.78570071875 0.6107704546875 0.7681263453125 0.6003108234375001
1334 0.7335334296875 0.3964345546875 0.7221086421875 0.46413368593750004 0.771387078125 0.473619303125 0.7823642046875 0.4101793671875 0.7335334296875 0.3964345546875
710 0.7902077171874999 0.376553790625 0.82079263125 0.3862277625 0.82974581875 0.301043875 0.7987132453125 0.295629096875 0.7902077171874999 0.376553790625
710 0.8612260484375 0.30219945625 0.8342318843750001 0.29936225625 0.8231864625 0.390785609375 0.8544428640625 0.39407078906250004 0.8612260484375 0.30219945625
710 0.8977177749999999 0.3103411375 0.86526445625 0.3047770328125 0.8563112687500001 0.38996092187500003 0.8899615046875 0.3978039484375 0.8977177749999999 0.3103411375
710 0.9443785484375 0.31739850468749997 0.904597671875 0.313217365625 0.8902631 0.40860126250000006 0.9283994015625 0.41476267031249997 0.9443785484375 0.31739850468749997
1758 0.9459861453125 1 0.9667764906249999 0.8149708328124999 0.9456891374999999 0.8106013421875 0.9177996515625001 0.8162825281250001 0.89208016875 0.8286511609374999 0.8768313328125 0.85073279375 0.8704085671874999 0.88450769375 0.8800616625 0.91566599375 0.8961469953125001 0.9539597140625 0.9339647640625 1 0.9459861453125 1
433 0.936011996875 1 0.93593734375 0.9990511796874999 0.899961571875 0.9586668890625001 0.8632460171874999 0.95265480625 0.8636842031249999 0.9074852859375 0.8529802546875 0.85899155625 0.8369233406250001 0.9434288125 0.8488925 0.9662180484375 0.8253224749999999 1 0.8285610578125 1 0.8494179265625 0.9748857640624999 0.8501194328125001 1 0.936011996875 1
1050 0.598574059375 0.1088031765625 0.5472811578125001 0.118483934375 0.663188571875 0.1500443984375 0.7211375421875 0.145369465625 0.598574059375 0.1088031765625
1050 0.448655990625 0.12749611562500002 0.4205426765625 0.1353068984375 0.5288209359375 0.1574530171875 0.560748828125 0.15434940625 0.448655990625 0.12749611562500002
1050 0.37499157968749997 0.0766912203125 0.41559000625 0.059427059375 0.19641582500000002 0.012706576562499999 0.16980102187499999 0.033593596875 0.37499157968749997 0.0766912203125
1050 0.1259912125 0.0677452078125 0.1128346109375 0.08358737499999999 0.27061513593750003 0.11308951249999999 0.2977553640625 0.10087020625000001 0.1259912125 0.0677452078125
1506 0.3657801859375 0.9843408234375 0.24422019218750002 0.7605583328125001 0.06843657812500001 0.8066764093750001 0.0603198890625 0.952235653125 0.3657801859375 0.9843408234375
1939 1 0.1788694203125 0.551260740625 0.18995525156249998 0.522542246875 0.49052711093749995 0.9792331859375001 0.6827864796875 1 0.49134842343749996 1 0.1788694203125
1939 0.096388859375 0.10339008281249999 0.077342403125 0.5169408921875001 0.093194434375 0.516453884375 0.522542246875 0.49052711093749995 0.5500638265625 0.18767632812499999 0.096388859375 0.10339008281249999
819 0.9471582390625001 1 0.9792331859375001 0.6827864796875 0.524186821875 0.48854684062500003 0.077342403125 0.5169408921875001 0.06218829375 0.9481257843750001 0.5295038078125 1 0.9471582390625001 1