1567 0.955842346875 0.7675994265625 0.9916332671875001 0.537784109375 0.932282221875 0.514002309375 0.7376055359375 0.557966303125 0.7028815109375001 0.8204061609375 0.7768975421875 0.8658029796875001 0.955842346875 0.7675994265625
1939 1 0.0418344125 0.60107551875 0.0069330437499999994 0.5495503875 0.5113060671875 0.98192851875 0.72340853125 1 0.5168505546875 1 0.0418344125
1939 0.042705784375 0 0 0.48812936249999994 0 0.6001645890625 0.5486856359375001 0.5112304109375 0.601074534375 0.0069329578125 0.5218304640625 0 0.042705784375 0
819 0.9581655874999999 1 0.9616689781250001 0.9599560531250001 0.9810637671875 0.723332875 0.550415140625 0.5113817234375 0 0.5993706921874999 0 0.9563754093749999 0.505370425 1 0.9581655874999999 1
1492 0.5234861671875 0.5851255125 0.5305339375 0.589227596875 0.5434043484375 0.5915154421875 0.5652175890625 0.5812246531249999 0.5737280421875 0.56860819375 0.5831536859375 0.5554908890625 0.5849551875000001 0.54983935625 0.5829950578124999 0.5473442109375 0.5691952140625001 0.5606597375 0.56637033125 0.558088934375 0.56132541875 0.5111744218750001 0.5671984953125 0.508783678125 0.5681568046875001 0.49783014843749995 0.5836568843750001 0.44516120312499996 0.603646278125 0.376038509375 0.60902190625 0.3544340734375 0.616559415625 0.33301877812499997 0.6173159765625 0.3243712546875 0.6214091109375001 0.32240570156250004 0.62107029375 0.31133868750000004 0.61796434375 0.3070005515625 0.6141595921875 0.320609621875 0.610628584375 0.3261098421875 0.6071622578125 0.3159310359375 0.5996532343750001 0.3071412796875 0.5923028390625 0.306498203125 0.5823581875 0.305628159375 0.575259978125 0.3021025765625 0.5680104578125 0.300306496875 0.56218781875 0.3021207390625 0.5533169859375 0.3088965265625 0.545764840625 0.3105594578125 0.540475453125 0.3112585234375 0.5331250578125 0.310615446875 0.5325629296875001 0.30708078125 0.5349481203125 0.29973757343749996 0.53535161875 0.2951255609375 0.53059548125 0.29470945312499996 0.529738046875 0.30450998125 0.529536296875 0.30681598593750004 0.5273528546875 0.3118531890625 0.5143249921875 0.4059833359375 0.5041859093750001 0.41729548125000004 0.4897877421875 0.41255031875 0.4760237015625 0.40553697812499995 0.4637154203125 0.4067838015625 0.46036460312500005 0.41520435625 0.46062410781249996 0.42219803125000005 0.46777275312500005 0.42514711250000004 0.47123176093749997 0.4254497375 0.47276722656250003 0.472638128125 0.46089132031249996 0.47392277812500005 0.45893850625 0.4813038140625 0.47140541718750006 0.4882036703125 0.44410874843750003 0.5462306046875 0.43805548281249995 0.5457010125 0.43902842656249996 0.554499846875 0.450399959375 0.5589802125000001 0.4664267546875 0.5650296890625001 0.477769409375 0.564860215625 0.4915765703125 0.561420871875 0.512755684375 0.5533982609375 0.5212661390625 0.5407818015625 0.51934951875 0.5626888609375 0.5177786453125 0.5706842265625001 0.5091095609375 0.5751540078125 0.51562408125 0.58037126875 0.5234861671875 0.5851255125
343 0.44065195937499996 0.1026905953125 0.424584396875 0.316223140625 0.50909218125 0.3114174140625 0.523567309375 0.1111065765625 0.44065195937499996 0.1026905953125
2001 1 0.0457376375 0.777255828125 0.045002478125 0.729331459375 0.4433832203125 0.9980969578125001 0.50872298125 1 0.4874293109375 1 0.0457376375
1567 0 0.9540203484375 0.5260562515625 0.9989613171875 0.5486521843750001 0.7406886171875 0.45496284062500003 0.6761431796874999 0 0.8041388875000001 0 0.9540203484375
261 0.039370678125 0.053060176562500005 0.0124810359375 0.4201691046875 0.3988516765625 0.391233415625 0.42355866249999996 0.09887146875 0.039370678125 0.053060176562500005
183 0.4666385671875 0.8165840953125001 0.43017458125 0.7901573390625 0.441330121875 0.8120462359375 0.4497543359375 0.82033514375 0.433129609375 0.8310798687500001 0.4090536125 0.8423345187500001 0.3934880703125 0.8409727109375 0.3822174125 0.8353393421875 0.3702044390625 0.8232509718750001 0.36588146093749996 0.8925824718750001 0.3982234328125 0.9163249406249999 0.45603901406249997 0.8929183500000001 0.4666385671875 0.8165840953125001
1855 0.40777033593749995 0.7922636203125 0.3906339171875 0.7988971796875 0.38023533125000003 0.8032156484374999 0.3744415671875 0.8096797296875 0.37182575 0.8146791046875 0.3870959859375 0.8293761046875 0.403735346875 0.8383837453125 0.4195026390625 0.8374395484375 0.431601853125 0.8286225500000001 0.442303065625 0.8208450718750001 0.44295875156250003 0.81335055 0.4341814765625 0.809097153125 0.43361203125000003 0.7956863046875 0.42237756718749997 0.8045789593749999 0.42951157812499996 0.7877756765624999 0.40777033593749995 0.7922636203125
1267 0.7273681890625 0.16204895625 0.6971018578125 0.15940099531250002 0.6850253796875 0.2675563203125 0.7147584609375001 0.27131945625 0.7273681890625 0.16204895625
1178 0.9457005171875 0.5349273421875 0.9493755187499999 0.5178214359375 0.94796288125 0.49910858906250005 0.9429688 0.486472465625 0.9381044703124999 0.47733317656249996 0.908248953125 0.4799493859375 0.8911629734375 0.4860064421875 0.872816059375 0.5064760359375 0.872117253125 0.5244232421875 0.8809449656250001 0.5281001375 0.896849328125 0.5405289609375 0.9181655125000001 0.5458793703125 0.9274471609375 0.5443677515625 0.9457005171875 0.5349273421875
710 0.177666371875 0.08084416718750001 0.17604584375000001 0.15912581406249998 0.260460071875 0.16534927187499998 0.2637885453125 0.0924452796875 0.177666371875 0.08084416718750001
1267 0.10892587812500001 0.0847056953125 0.060701496875000004 0.0781629515625 0.0563642765625 0.162596975 0.107182915625 0.16936668593749998 0.10892587812500001 0.0847056953125
1506 0 0.8045016109375001 0.45486196718749994 0.6772961828125 0.5469226796875 0.74053730625 0.5427587234375 0.8528703734375 0.6741283 0.800463153125 0.705554690625 0.7898515765624999 0.7142014296875 0.720898359375 0.4160116140625 0.553647965625 0 0.624154884375 0 0.8045016109375001