1567 1 0.494691975 0.9749070796874999 0.36735696875 0.9110014859375 0.3653086390625 0.7431018125 0.47320462812499997 0.80023161875 0.7316937421875 0.8853105640625 0.7490378234375 1 0.6182243749999999 1 0.494691975
1939 0.43417375468749997 0 0.4263410890625 0.00209875625 0.5504290359375 0.4936769984375 1 0.5419619 1 0.4358507078125 0.8832141546875001 0 0.43417375468749997 0
1939 0 0.5624723359375 0.055620009375 0.7700490359375001 0.549590559375 0.49390166718749995 0.4263401328125 0.0020990109375 0 0.11633650625 0 0.5624723359375
819 1 0.5422391125 0.5512675140625001 0.49345232812499995 0.056578165624999996 0.7685940625 0.11767076875 1 0.557217103125 1 1 0.8808069968750001 1 0.5422391125
1492 0.5511844171875 0.5719590734375 0.5592101515625 0.57340329375 0.5720868703125 0.5711512234375 0.5890649546875 0.554020478125 0.59274708125 0.5392541375000001 0.59711790625 0.5237041421875 0.5968778265625 0.517777290625 0.5941825171875 0.5161030249999999 0.5857690843750001 0.53333535 0.5822352953125 0.531885753125 0.5614489203125 0.48952599374999994 0.566150125 0.48527071875 0.5633043140625 0.47465000625 0.5598557828125 0.419856046875 0.554998315625 0.3480651859375 0.552660603125 0.32592508593749997 0.5524190812499999 0.3032233109375 0.5501723890625 0.2948385375 0.55334641875 0.2915915859375 0.5492428921875 0.281307878125 0.544840525 0.2782936609375 0.545919803125 0.2923833046875 0.5444829265625 0.298759496875 0.5377442890624999 0.2903801015625 0.527681840625 0.2846886703125 0.520554784375 0.286598359375 0.5109122953125 0.28918205625 0.503036340625 0.28829682343749996 0.495609725 0.2890885421875 0.490758740625 0.29278483125 0.484740340625 0.30218599375 0.47821240156249994 0.30633162187499996 0.47348109687499995 0.30879760625 0.466354040625 0.31070729531249996 0.4646168859375 0.30757805625 0.46434670625 0.29986191406249996 0.46314847031250006 0.2953900359375 0.45853684531249994 0.2966257171875 0.4610830984375 0.3061284609375 0.46168221562499995 0.3083643984375 0.4613532765625 0.313844603125 0.481305496875 0.4067537984375 0.47564685625 0.4208515078125 0.46049406406250004 0.421316978125 0.44516139375 0.41943417343749995 0.43402183125000005 0.42481548281250003 0.43375309062499995 0.4338742625 0.43638892343749996 0.44035741249999993 0.44411509843749997 0.4406836625 0.4474690078125 0.439784984375 0.46505125156249993 0.48360240781249997 0.4543309265625 0.488871384375 0.4550203453125 0.4964751890625 0.46909530000000005 0.49869499843750004 0.46329120156250003 0.5625584921875 0.45742186093750004 0.5641311765625 0.4613455078125 0.572066609375 0.4735636296875 0.5723874828125 0.4906929328125 0.5725906453125 0.5012935781250001 0.5685519765625 0.513091740625 0.560597721875 0.530249703125 0.54581525 0.53393183125 0.5310489109375001 0.539623453125 0.5522903343750001 0.5408818906249999 0.560340790625 0.534264371875 0.5675060125 0.5421704265625 0.5701805375 0.5511844171875 0.5719590734375
343 0.3083432640625 0.146949509375 0.3662771265625 0.353099896875 0.44404481406249996 0.31968062656249996 0.3891366421875 0.12649922656249998 0.3083432640625 0.146949509375
2001 0.61014270625 0 0.6961370015624999 0.3683616515625 0.9710414703125 0.33783772968750003 0.8811941734375001 0 0.61014270625 0
1567 0.546915 1 0.6951396890625 0.9599585046874999 0.6280384546875 0.709533290625 0.5179234296875 0.6809240609375 0.11139747656250001 0.9731825187500001 0.11876239531249999 1 0.546915 1
261 0 0.54024316875 0.014578253125000001 0.591724803125 0.36775130312500004 0.4323876078125 0.2909746015625 0.14920695781249999 0 0.21745471093750002 0 0.54024316875
183 0.5769286453125 0.8089020203124999 0.533625225 0.796540409375 0.551594446875 0.813293825 0.5623455921875 0.8182016000000001 0.550398371875 0.8339843296874999 0.531623653125 0.8527947171875001 0.5165310609375 0.8568387656249999 0.5040133828125 0.855399921875 0.48859041249999996 0.84814925 0.5082409109375 0.9147780937500001 0.5467528265625 0.9260271109374999 0.5930761765625 0.8842580171875 0.5769286453125 0.8089020203124999
1855 0.513292509375 0.8061823703125001 0.4994583546875 0.8182768765624999 0.49116388281249995 0.8258914359375 0.4879303734375 0.8339472703125 0.4871821953125 0.8395398078125 0.50655819375 0.8481277421875 0.5252748734375 0.850901159375 0.5397683468750001 0.8446211734375 0.5481222984375 0.8321977281249999 0.55551809375 0.821229259375 0.5535709609375 0.81396245625 0.543868271875 0.812967575 0.5387463875 0.8005602609375 0.5312309125 0.8127590359375001 0.532187628125 0.7945291390625 0.513292509375 0.8061823703125001
1267 0.5980701453124999 0.10466539687500001 0.5687234421875 0.1125288234375 0.5943665625000001 0.2182919828125 0.6235935890625 0.2116588609375 0.5980701453124999 0.10466539687500001
1178 0.9307673421875 0.38038241093749997 0.9283701484375 0.36305119218750004 0.920642534375 0.34595001875000003 0.9116278234375 0.33578402343749997 0.9039310281249999 0.32885960000000003 0.876770815625 0.3415292203125 0.8627868812499999 0.353064740625 0.8525474359375 0.37857488125 0.858029078125 0.39567874375 0.8675819859375 0.396114640625 0.8867781062500001 0.4023543015625 0.908638715625 0.4000914765625 0.9168436078125 0.39549650937499997 0.9307673421875 0.38038241093749997
710 0.0537457296875 0.21636695 0.07899683125 0.2904818890625 0.16044880781249998 0.2674586609375 0.138641915625 0.1978129125 0.0537457296875 0.21636695
1506 0.7768351906250001 0.6343153546875 0.43942541874999996 0.5791383171875 0.064695640625 0.7921810734375 0.11223595312500001 0.97295785 0.5182229890625 0.68204203125 0.6263615 0.7099826296875 0.6608688328125 0.8169653406249999 0.766391528125 0.722787621875 0.792293303125 0.7020675437499999 0.7768351906250001 0.6343153546875