235 0.44575439218749996 0.4775590890625 0.29406820625 0.48873861874999996 0.2552837109375 0.5235011921875 0.2238148796875 0.5701714765625 0.1639893828125 0.74689141875 0.1672577234375 0.7842487203124999 0.19838880781249998 0.781525103125 0.499504196875 0.7572722109375001 0.5205160328125 0.90182430625 0.5299071015625 0.9135504421875 0.5202582546875 0.755456465625 0.5034499140625 0.5394327062500001 0.47473198281249995 0.49802808125000003 0.44575439218749996 0.4775590890625
1960 0.4806477359375 0.42222403281250004 0.483734503125 0.45750592812499996 0.5001561734375 0.45397792812500004 0.49499400156249995 0.41887760625 0.524775978125 0.42463718593750005 0.5161638921875 0.35010415781250004 0.44560009999999994 0.3562776890625 0.45086575937499995 0.41646445312499997 0.4806477359375 0.42222403281250004
1564 0.68707156875 0.5108201453125 0.7384373859375 0.5481520453125001 0.7694122984375 0.5914505 0.7816831578125 0.5882856484375 0.7741859203125 0.5743025328125 0.7373479390625 0.5356996125 0.6908592296875 0.5063061859375 0.7722412859375 0.48036455624999996 0.745598759375 0.4387783578125 0.615756078125 0.4605945765625 0.6433064765625 0.512557803125 0.68707156875 0.5108201453125
1939 0.687901353125 0.5442082109374999 0.6427927999999999 0.052518653125 0.64458314375 0.0251752296875 0.20911111249999997 0.06745667968749999 0.269110653125 0.562026028125 0.687901353125 0.5442082109374999
1939 0.75024725625 0.013839526562500001 0.6447647187500001 0.0272506359375 0.6858259484375 0.5443897843750001 0.7975582218749999 0.7458349015625 0.75024725625 0.013839526562500001
1939 0.198734084375 0.0683645515625 0.0470479 0.0795440828125 0.1759206125 0.9549767031249999 0.2670352484375 0.5622076015624999 0.198734084375 0.0683645515625
819 0.2672168234375 0.5642830062499999 0.1749346546875 0.9676107109375 0.7039815125 0.9192338187500001 0.8111763078124999 0.901490321875 0.79493809375 0.7397902578125 0.6835689687500001 0.542495953125 0.2672168234375 0.5642830062499999
1354 0.1979767390625 0.5138758640625001 0.21216682968749997 0.556551509375 0.2435829765625 0.5809897390625001 0.311188890625 0.6127182328125 0.342319975 0.609994615625 0.43822987031249994 0.5827819640625 0.3147441765625 0.5099339109375001 0.21268615156249998 0.514680246875 0.1979767390625 0.5138758640625001
415 0.84917125 0 0.7478087015625 0.009870290625 0.8149893703125001 0.945073840625 0.8440450500000001 0.9425317984375001 0.8407767093749999 0.9051744968750001 1 0.8894986687499999 1 0.4946639640625 0.9833898109374999 0.2883141984375 0.9581655874999999 0 0.84917125 0
416 0.16797199062499998 1 0.173507459375 0.9991049453124999 0.040821682812499996 0.08008880625 0 0.083660240625 0 0.4639611484375 0.0466226546875 0.983019140625 0.086600084375 0.9857954421875 0.087842821875 1 0.16797199062499998 1
178 0.17060226875 0.9658984546875 0.180979296875 0.9649905828125 0.06455901562500001 0.0884685140625 0.091357715625 0.084032640625 0.20552101562499997 0.958660878125 0.2138226375 0.9579345796875 0.10191631718750001 0.0852001734375 0.1434244296875 0.081568684375 0.2534369171875 0.9565600703125 0.263813946875 0.9556521984374999 0.1558768640625 0.0804792375 0.2013542125 0.07440919375 0.3009896734375 0.950308453125 0.31362368125 0.9512944109375001 0.21154966718749998 0.0714259171875 0.25098237343749996 0.0679760015625 0.350617834375 0.9438752609375 0.3611764375 0.9450427921875001 0.2696610234375 0.06634183125000001 0.3047613453125 0.061179659374999994 0.4009722921875 0.9457436906250001 0.4115308953125 0.9469112234375 0.321546165625 0.0618024703125 0.3545710796875 0.056821871875 0.44663121562499997 0.9417490515625 0.4594467984375 0.944810415625 0.3713559 0.0574446828125 0.4130455859375 0.055888598437500006 0.49491026875 0.9437990562499999 0.5094381078125 0.942528034375 0.42324104062499995 0.052905321875 0.46456757812499994 0.047198425 0.5488708156250001 0.9390781203125 0.5633986531249999 0.9378070984375 0.481170821875 0.0457458296875 0.52042195625 0.040220509375000005 0.6007559546875 0.9345387578125001 0.611132984375 0.9336308859375 0.53513136875 0.04102489375 0.5787148875 0.037211829687499996 0.648490284375 0.9303625453125001 0.66094271875 0.9292730984375 0.589273490625 0.0383793640625 0.628706196875 0.034929448437499996 0.6983000203125 0.9260047578125 0.7105708796875 0.9228399046875 0.6451278671875 0.031401446875 0.6802281875 0.026239276562500004 0.7479281796875 0.9195715640625 0.7583052078125 0.9186636921875 0.6963901984375 0.0436469046875 0.696286709375 0.0185604625 0.0491233046875 0.07936250781250001 0.17060226875 0.9658984546875
819 1 0.88539400625 0.048516484375 0.980762159375 0.0494839296875 1 0.4740233328125 1 1 0.9539830046875 1 0.88539400625
1939 0.47816952968750004 0 0 0.0418344125 0 0.083231975 0.83128491875 0 0.47816952968750004 0