677 0.1561673640625 0 0.142189521875 0.5642162265625 0.0409618796875 0.5376668312499999 0.018205071875 0.548002946875 0.023112909374999997 0.666252346875 0.13258323125 0.6968500703125 0.1397526140625 0.9585266375 0.4612575375 0.992318165625 0.5387154828125 0.0904106921875 0.2869212375 0 0.1561673640625 0
178 0.049797978124999996 0 0.026224878125 0.2242830625 0.0017332046875 0.4985418609375 0.136593134375 0.534990128125 0.1476930453125 0 0.049797978124999996 0
178 0.2806754703125 0 0.543002215625 0.0908612453125 1 0.1328444171875 1 0.049797978124999996 0.5262038921875 0 0.2806754703125 0
1939 1 0.16525665 0.806383484375 1 0.9452572859374999 1 1 0.39730665625 1 0.16525665
1939 1 0.13585594843749998 0.5894947 0.1021117796875 0.5908043546874999 0.1308873234375 0.556375603125 0.5409271859375 0.8960063249999999 0.6084436953125001 1 0.1633389296875 1 0.13585594843749998
1939 0.5019577390625 0.5638455312499999 0.5524196578125 0.5373294109375 0.5812520203125 0.09806345 0.5387154828125 0.0904106921875 0.5019577390625 0.5638455312499999
819 0.8017783578125 1 0.8963371109375 0.6052964734375 0.6968454093750001 0.5652371203125 0.4860665078125 0.756276578125 0.4612575375 0.992318165625 0.50841159375 0.9972742578125 0.5373971140625 1 0.8017783578125 1
235 0.682027475 0.500039928125 0.6915798093750001 0.5328638031249999 0.5095658234375 0.49145944375 0.4893608828125 0.76616879375 0.4741447140625 0.91094096875 0.5028826515625 0.7612260125 0.6915663203125 0.57422823125 0.6898988984375001 0.6313287671875 0.6925586781249999 0.5647865671875001 0.7166386296875 0.5418615671875 0.70478428125 0.4897038125 0.5135352578125 0.4536927890625 0.5125428999999999 0.463134453125 0.682027475 0.500039928125
1146 0.7256507953125 0.2087000203125 0.717738903125 0.20150447031250002 0.627717525 0.1920428421875 0.6095782359374999 0.199682290625 0.6032798078125 0.300843921875 0.5986488 0.34490501875 0.6919645515624999 0.3642588640625 0.710103840625 0.356619415625 0.7256507953125 0.2087000203125
433 0.9287002093750001 0.46232651406249997 0.8469215078125 0.4569132140625 0.8396442109375 0.52615208125 0.8205125640625001 0.5432331921875 0.8030078703125 0.6273070578125 0.8155372796875 0.6318059390624999 0.844248240625 0.5648198421874999 0.9039317078125 0.574274815625 0.9287002093750001 0.46232651406249997
819 0 0.9415486984375001 0.1354658828125 0.9580760843749999 0.1322524453125 0.699997290625 0.0273996421875 0.6667029 0.0224918046875 0.5484535015625001 0.032388414062499996 0.5367657234375 0.14713782656250002 0.5583723390625 0.14945333125 0.5363417890625 0.00140241875 0.5016890828125 0 0.5128991125 0 0.9415486984375001
316 0.5962118921874999 0.7392154296875 0.6793407171875 0.6493109859375 0.6714423140625 0.6007510078125 0.545432678125 0.7275143421875 0.5962118921874999 0.7392154296875