412 0.1107405875 0 0.24008180937499998 0.0356233640625 0.5115846265624999 0.092377528125 0.6726328359375 0.12368212812499998 0.8329356984375 0.15882121093749998 0.9441356531249999 0.18043629218749999 1 0.1912952203125 1 0.1482564078125 0.9032315687500001 0.1247329984375 0.6892459703125 0.07915905 0.49826725937500005 0.0380571875 0.3372190484375 0.0067525859375 0.30248000468749997 0 0.1107405875 0
412 0.49561795000000003 0.256407128125 0.3721692046875 0.23639048593749998 0.130596890625 0.189433584375 0.1414627296875 0.2154218609375 0.16063513437500002 0.21914859999999997 0.2902621484375 0.2483249 0.477406378125 0.288681415625 0.6722195703125 0.3305286265625 0.822509684375 0.355762703125 0.9068682703125001 0.3721603515625 0.9151748375000001 0.3498988125 0.8269817703125 0.33275581718749997 0.5753967078125 0.275893909375 0.49561795000000003 0.256407128125
819 0.677425421875 1 0.50267586875 0.7114263265625 0.4871224578125 0.6686094296875 0.45314198906250003 0.6182313125000001 0.3488656484375 0.6019414078125 0.295506140625 0.6512598015625 0.284002696875 0.6490237578125 0.2689880015625 0.705795628125 0.037976003125000005 0.91159125625 0.045644965625 0.9130819515624999 0.46674968906250003 1 0.677425421875 1
552 0.667980678125 0.6798885328125001 0.6987642703125 0.70576906875 0.7383754375 0.52245931875 0.7437006140625 0.5155357046875 0.728362690625 0.5125543140625 0.7015213218749999 0.5073368796875 0.667980678125 0.6798885328125001
552 0.15959311874999998 0.5930060890625 0.1963394921875 0.5882107734375001 0.22977239218749998 0.39574136718749997 0.20516706718750002 0.379020490625 0.15959311874999998 0.5930060890625
934 0.9258606046875 0.9090866078125 0.719005253125 0.7654145859375 0.6005584546875 0.6787210671875 0.53526453125 0.646132403125 0.5299393546875 0.65305601875 0.9169164328124999 0.95510038125 0.9258606046875 0.9090866078125
927 0 0.7327035562499999 0.0368985734375 0.7124137203124999 0.1309466796875 0.6789631125 0.1959173734375 0.651798515625 0.296036003125 0.6075898125 0.29134843125 0.5907611921875 0.23095756562499997 0.61483665625 0.1376548078125 0.6444527828125 0 0.7020069984374999 0 0.7327035562499999
407 0.0943126953125 0 0.0651952234375 0.1369271671875 0.368990034375 0.498410415625 0.48093533749999995 0.516191015625 1 0.32632021718750004 1 0.09181116875 0.52767248125 0 0.0943126953125 0
1939 1 0.32677523750000004 0.56124395625 0.492007809375 0.5188668828125 0.7304909890625 0.6836098921875 1 0.90818883125 1 1 0.52767248125 1 0.32677523750000004
1939 0 0.9092048687500001 0.02956169375 0.9139350421874999 0.26738956406250003 0.6935468375 0.31892629375000003 0.44888538906250003 0.063704528125 0.1445961296875 0 0.4636286171875 0 0.9092048687500001
1939 0.4756101609375 0.5231146296875 0.458467165625 0.611307696875 0.50863865 0.680750478125 0.5147091734375 0.6699923812499999 0.5475044687499999 0.5012752093749999 0.4756101609375 0.5231146296875
1939 0.35035634375 0.5942724453125 0.458467165625 0.611307696875 0.45463268437500004 0.61056235 0.4717756796875 0.5223692828125001 0.3682446875 0.502244896875 0.3636648578125 0.5053340296875 0.3591927734375 0.5283409171875 0.35035634375 0.5942724453125