2001 0.080450184375 0 0.03862335 0.2372117640625 0.000440084375 0.46527736875 0.95598926875 0.7587889671875 1 0.513440640625 1 0.080450184375 0.546661059375 0.0005142984375 0.5300922546875 0 0.080450184375 0
1939 0.9151284171875 1 0.95598926875 0.7587889671875 0.8477766640625 0.7275108484375 0.634364003125 0.659387146875 0.5616510375 0.991140084375 0.5600887953125 1 0.9151284171875 1
433 0.7467350500000001 1 0.781673340625 0.8835681531249999 0.8287746968749999 0.75465358125 0.8532238218750001 0.6735834046875 0.8012565515625001 0.7955413265625 0.7328946421875 0.929855078125 0.70236395 0.9763102890625 0.6573517625 0.9897187296875 0.5953669984375 0.972690484375 0.58058985625 1 0.7467350500000001 1
433 0.5670068734375 1 0.5798990421875 0.991308371875 0.5945565625 0.9542516093750001 0.625668496875 0.846912303125 0.64606214375 0.777324353125 0.6315806484375 0.7442775828125 0.6079452625 0.7401100265625 0.5687256734374999 0.766737175 0.5273039703125 0.8173706656249999 0.4911534015625 0.8841802453125001 0.480956578125 0.9189742203125 0.46988954375 0.9932560328125 0.49635986093750006 1 0.5670068734375 1
433 0.47383207812499994 0.8902740171874999 0.4486322953125 0.894978603125 0.4178126328125 0.9200375562499999 0.3792872296875 0.9772804 0.4708162265625 0.9995180906250001 0.48014614218749996 0.90053534375 0.47383207812499994 0.8902740171874999
1761 0 0.9129364875 0.3753479984375 0.9765858078124999 0.61188449375 0.74080461875 0.6380707375 0.684435378125 0.6028501546875 0.65383040625 0.409655115625 0.5862222859374999 0 0.7761298015625 0 0.9129364875
1319 0.8489989265625001 0.5478159453125 0.8581528171875 0.51893673125 0.85380836875 0.5090226999999999 0.860182209375 0.46135731562500004 0.8378222515625 0.4269213578125 0.8082780187499999 0.4217119125 0.7879441500000001 0.43337315 0.771200765625 0.4822594359375 0.7654646390625001 0.514790621875 0.7602499796875 0.544364428125 0.7625085640625 0.56610798125 0.7697493125 0.5826313671875 0.7665042671875 0.6125524687499999 0.74605415 0.636390525 0.7148857421875 0.6979799359375 0.7000555015625001 0.701463621875 0.6261367953125 0.69452841875 0.5857015546875 0.6934972515625 0.5581269375 0.688635103125 0.528233959375 0.7199561140624999 0.5070896546875 0.713178475 0.505003790625 0.725007996875 0.49886244687500003 0.748319746875 0.4960226203125 0.7874602875 0.5025691812499999 0.7733679765625 0.5251616343750001 0.78345029375 0.5317081953125 0.7693579828125 0.53327259375 0.760485840625 0.5616011734375 0.738036971875 0.5868009578125 0.7333323859374999 0.6212111046875 0.7454984812500001 0.64183394375 0.755233503125 0.6713781765625 0.7604429484375 0.639399334375 0.8035934828125001 0.5914277671875 0.9719958921874999 0.658916159375 0.9808465875 0.701437265625 0.9700482312500001 0.794709990625 0.8096336359375 0.8259946453125 0.7358674078125 0.8412898796875 0.6836764453125 0.846504540625 0.6541026390625 0.8472585031250001 0.6267916203125 0.8410606875 0.604353475 0.8398450343749999 0.576695159375 0.8419308984375 0.5648656375 0.8489989265625001 0.5478159453125
1319 0.3512674453125 0.3990658734375 0.35961090156250003 0.3517477828125 0.3391043109375 0.32983594374999997 0.30956007812499997 0.3246264984375 0.2969884234375 0.34985373750000004 0.28939892968750003 0.369860809375 0.28418427031250004 0.3994346171875 0.278969609375 0.42900842343749995 0.263617903125 0.43544949062500005 0.2283375453125 0.46277123124999997 0.20817639531249998 0.5080055421874999 0.219240125 0.537400340625 0.2470439359375 0.6215854609375 0.24918627187500003 0.6555058328125 0.28568228281249997 0.65584240625 0.320962640625 0.6285206640625 0.3600659828125 0.6140703328125 0.389610215625 0.619279778125 0.393898190625 0.583443915625 0.3736240984375 0.5371784374999999 0.355203371875 0.503437075 0.3466307234375 0.47143219375 0.3368988953125 0.4575188921875 0.3460527859375 0.42863967968749994 0.3512674453125 0.3990658734375
1319 0 0.7662412953125 0.0233713703125 0.7498590562499999 0.0678620921875 0.739407996875 0.11878312656250001 0.72704144375 0.168661228125 0.720589653125 0.21066086875 0.7127486765625 0.2182503609375 0.69274160625 0.24721665625 0.6551585359375001 0.24797061875 0.62784751875 0.22491647499999998 0.5627958671875 0.20765492968750002 0.5109629234375 0.19097132187500002 0.501922496875 0.1989660328125 0.49113486249999994 0.215825665625 0.430071759375 0.2176225609375 0.396845978125 0.20012851718750002 0.36936667343749996 0.16861466875 0.36380993125 0.1496127015625 0.3909526625 0.139415878125 0.42574663749999997 0.12985676875000002 0.44540641406250003 0.12777090625 0.45723593593749995 0.12122434374999999 0.471328246875 0.093938696875 0.48786235468749994 0.0725618953125 0.505438353125 0.021581084375 0.57573161875 0.007734 0.63122725625 0 0.668462140625 0 0.7662412953125
433 0 0.5490142203125 0.003044109375 0.5541670734374999 0.0096471421875 0.585824659375 0.0386134375 0.548241590625 0.07557444218750001 0.4998708875 0.093533478125 0.47864291718749996 0.09075342812500001 0.45985674374999996 0.0676395078125 0.45273180625 0.042961190625 0.45447901249999995 0.023265034375 0.4510060484375 0.0097666953125 0.46997123125 0 0.49153418593750003 0 0.5490142203125
1181 0.26691281093749997 0.6586315 0.2396271625 0.6751656078125 0.224909865625 0.7701490859375 0.266677009375 0.786661746875 0.2964537390625 0.7675175546874999 0.31064956875 0.675491459375 0.26691281093749997 0.6586315
291 0.36684173593749997 0.6793009953125 0.3148212984375 0.6518324125 0.30537843750000004 0.65931536875 0.3010339890625 0.6494013375 0.295530359375 0.6575788874999999 0.3077532703125 0.6688821046875 0.310128103125 0.6784488390625001 0.3038705109375 0.71393740625 0.32055411875 0.722977834375 0.34407325625 0.739322209375 0.3599464296875 0.7299237609375 0.37199661875 0.7076539015625001 0.375125415625 0.68990961875 0.36684173593749997 0.6793009953125