1690 0.7538340812500001 0 0.6261283359375 0.0143421359375 0.638452703125 0.0506105109375 0.6590391265625 0.09006239375 0.698208303125 0.139826471875 0.7815630578125 0.1904621796875 0.8324048640624999 0.21990223125 0.8432398671874999 0.34660956718749997 0.846739415625 0.400753325 0.8449411828125 0.5143189765625 0.846553525 0.6043770937499999 1 0.602767353125 1 0.47200061406250005 0.9962730765625001 0.439065328125 0.9761712578124999 0.27534915625 0.9410810609375 0.2716268140625 0.9393038 0.25715218281249996 0.9636096640625 0.249969840625 0.96028155 0.2356856296875 0.8959348796875 0.237289471875 0.8944115125 0.2248826453125 0.9083691921874999 0.2231688578125 0.9060841421875001 0.2045586171875 0.8531012328124999 0.208965121875 0.8550434140625001 0.147856265625 0.827937234375 0 0.7538340812500001 0
1939 0.8295224375 0 0.855551203125 0.151991875 0.8528473390625001 0.20689731562499997 0.9091858484375 0.204177775 0.9109631109375 0.21865240625000001 0.89751321875 0.22450180312499998 0.8987826906249999 0.2348408265625 0.9631293624999999 0.233236984375 0.9662035828125 0.245453390625 0.9421516125 0.2547035375 0.9439288734375 0.26917816875 0.9759131578125 0.2732471015625 0.9423626328125 0 0.8295224375 0
407 0.46941869531249997 0 0 0.057637368749999994 0 0.0725403546875 0.46408441875 0.14338552499999999 0.6135016171875 0.11664348437500001 0.6091854109375 0.081490809375 0.63038956875 0.07468930781250001 0.5573555125 0.0311822921875 0.6245774828124999 0.01453255625 0.742935653125 0 0.46941869531249997 0
1939 0.5635589265625 0.030420609375 0.6378899421875001 0.0716693984375 0.6302731078125 0.0096352640625 0.5635589265625 0.030420609375
1939 0.46408441875 0.14338552499999999 0.499265803125 0.4811993390625 0.6460341109375001 0.48416824375 0.6122046578125 0.11890171093749999 0.46408441875 0.14338552499999999
1939 0.8438706328125001 0.5312422546875 0.8459502453125 0.407147159375 0.8365496359375 0.215195359375 0.8001458109374999 0.20077437812499999 0.7198927640624999 0.149757828125 0.6822194671874999 0.12499782343750002 0.6523554109374999 0.07409121874999999 0.6073806625 0.0796134234375 0.6508581046875 0.5234565296875 0.8438706328125001 0.5312422546875
1939 0 0.5049391 0.0388193328125 0.8210971953125 0.49901190937499995 0.479131534375 0.46123660624999996 0.1458341703125 0 0.07063269062500001 0 0.5049391
819 1 0.604729646875 0.8486121671875001 0.60832228125 0.8467184453125001 0.52879360625 0.6493072515625 0.5236469515625 0.6465419 0.488303853125 0.499265803125 0.4811993390625 0.039327121874999996 0.8252328046875 0.0607858359375 1 0.4792968765625 1 1 0.9360656953125 1 0.604729646875
1761 0.682719315625 0.48805978281250006 0.7039234734375001 0.48125828281249994 0.7341513703125 0.4838437 0.7550741484375 0.48757164218750004 0.808537359375 0.49989799375 0.8467734171875 0.5035991109375 0.8425946453125001 0.405460196875 0.8340786953125001 0.4002088875 0.8139450874999999 0.39008711093750004 0.7821663375 0.387692115625 0.7428872140625 0.3883170265625 0.7079792703125001 0.3989001203125 0.6875367953125 0.411905034375 0.682719315625 0.48805978281250006
433 0.7466956312499999 0.41933409375 0.71570605 0.4105452625 0.7230415031249999 0.4831088421875 0.777547778125 0.4911091640625 0.8008105796875 0.48825285 0.795986584375 0.448964565625 0.7945181906250001 0.41136324375 0.76995843125 0.41647778124999996 0.7466956312499999 0.41933409375
1761 0.8717310203125 0.5530091734375 0.8694459703125 0.534398934375 0.8423747515625 0.5062381796875 0.794861059375 0.49108233749999997 0.7323466234375 0.4819663171875 0.6749650484374999 0.48901188749999996 0.64679579375 0.4903716578125 0.5899220078125 0.5015528390624999 0.5431150265625 0.5177949078124999 0.517484715625 0.5398327234375 0.5130585640625 0.5550690375 0.523269315625 0.6125867203124999 0.5399098890625 0.6840077734375 0.5555623703125 0.7345603609375 0.556070159375 0.7386959703125 0.587622503125 0.7264259140625 0.6873849062499999 0.7183745890625 0.7287226718750001 0.721694865625 0.7679193343749999 0.7588616953125 0.8018117015625 0.740007384375 0.8235236484374999 0.7373414921875 0.82823118125 0.711575734375 0.8420449140624999 0.6574051515625 0.8615542703125 0.5983372765625 0.8717310203125 0.5530091734375
433 0.901182778125 0.7928744937500001 0.9104878984375 0.79173196875 0.90656301875 0.6956608578125001 0.905039653125 0.68325403125 0.9205141843750001 0.5785040375 0.9259559140625001 0.571538940625 0.9314801046875001 0.5267820999999999 0.923526915625 0.500471903125 0.9152648609374999 0.49728839999999996 0.9003805765624999 0.5683822593750001 0.870406575 0.567864646875 0.8693635093750001 0.5721906765625 0.8995914078125 0.5747760937499999 0.8883441062499999 0.6370274734375 0.8457093828125 0.6359654234375001 0.8282036953125 0.7241729828125 0.8824560765625 0.7301055 0.895576128125 0.8754230765625 0.9059243125 0.869954521875 0.901182778125 0.7928744937500001
433 0.49180594843750003 0.70250806875 0.5220338453125 0.7050934859375 0.526576459375 0.7549112140625 0.5343307265624999 0.753959109375 0.528237259375 0.7043318015625 0.5553909359375 0.6947008140625 0.5327183843750001 0.6639009921875 0.5266249171874999 0.614273684375 0.5089137921875 0.559775909375 0.4996086734375 0.560918434375 0.4850267421875 0.4934425703125 0.43585225000000005 0.528866140625 0.45068807499999997 0.5984098109375 0.47454763906249997 0.6773403984375 0.47923420156249996 0.779614921875 0.49189492343749996 0.7801593578125 0.49180594843750003 0.70250806875
433 0.5806508906250001 0.60554115 0.5483643500000001 0.5990105453125001 0.53905923125 0.6001530703125 0.5627263890624999 0.7672643921875 0.577981028125 0.763292378125 0.715162834375 0.7779332515624999 0.7284138046875 0.7448215546875 0.7525482343750001 0.6977796656249999 0.7400249453125001 0.6342489890625 0.731762890625 0.631065484375 0.71459355625 0.6835491046875 0.70029300625 0.6055437968749999 0.635157165625 0.6135414734375 0.5806508906250001 0.60554115
1761 0.44963782343750003 1 0.90575939375 0.945538009375 0.8952397734374999 0.911147015625 0.84653906875 0.8478604093750001 0.7928769375 0.8082717578124999 0.7316869453125 0.7843002625 0.6539728421875 0.7539617562500001 0.5792779875 0.761034153125 0.5280998265625 0.767318040625 0.4859454046875 0.782988846875 0.43913842187499996 0.799230915625 0.3873975 0.826573690625 0.341578609375 0.8636842250000001 0.323956459375 0.886837740625 0.296212534375 0.9301248624999999 0.286824953125 0.9690591312500001 0.282625209375 0.9989604984374999 0.28275284375 1 0.44963782343750003 1
433 0.741747234375 0.673918115625 0.6471726656250001 0.6729365390625001 0.6524219890625 0.7541521765625 0.72266320625 0.77491334375 0.8026898453125 0.811264840625 0.8171553156250001 0.8136866625 0.8192689312500001 0.79243735625 0.8215749515624999 0.6830073140625 0.741747234375 0.673918115625
1917 0.64726815625 0.8660308656250001 0.649635665625 0.8468493625000001 0.6538079234375 0.8295452421875 0.6470967203125 0.8261713171875 0.630037334375 0.828265946875 0.61968915 0.8337345015625001 0.6214664109375 0.8482091328125 0.6288843234375 0.8829809671875 0.6265168140624999 0.9021624703125 0.618199784375 0.9241734609375 0.61893398125 0.9429741234375 0.622769884375 0.9613939421875 0.6330905828125 0.968522634375 0.64910690625 0.9707540359375001 0.66385375625 0.9626464140625 0.671889403125 0.9511648656249999 0.6714365875 0.9218347609374999 0.6608619953125 0.9126382640624999 0.6472131828125 0.8912253609375 0.64726815625 0.8660308656250001
831 0.6199705296875 0.823205059375 0.624087815625 0.831095434375 0.6354790640625 0.8213008500000001 0.6512414921875 0.8214644453125001 0.6595310343749999 0.8120507031249999 0.6502534015625 0.8005959812500001 0.65961349375 0.774258959375 0.646726365625 0.7590494703124999 0.6488399796875 0.7378001624999999 0.6573834171875 0.730454225 0.6672238125 0.720850059375 0.67604863125 0.702974678125 0.66468486875 0.700172015625 0.6820256359375 0.6875479421875 0.6719863187499999 0.6698898062499999 0.656223890625 0.6697262109375 0.64587570625 0.6751947656249999 0.64359065625 0.656584525 0.6285899109375 0.6626243421875 0.6234020765625 0.67165724375 0.6336952874999999 0.691383184375 0.6259410203125 0.6923352890625 0.6153389421875 0.6957360390625 0.6032134953125 0.6867299625000001 0.589791090625 0.6799821109375 0.586126621875 0.701421840625 0.57321200625 0.698809596875 0.55792988125 0.7153788578125 0.56021493125 0.7339890984374999 0.5842394140625 0.7373361984375 0.59064175 0.763836815625 0.6032200109375 0.802172996875 0.6199705296875 0.823205059375
1180 0.7301360921875 0.7844906828125 0.6673677609374999 0.77330685625 0.6573899328125 0.8458972578124999 0.7144901265625 0.8493811296875 0.7301360921875 0.7844906828125
1040 0.6977945796875 0.8031545734375 0.701205153125 0.7796470390625 0.6934508875 0.7805991437500001 0.6933959140625 0.8057936390625 0.6964976203125001 0.805412796875 0.6902667203124999 0.818771728125 0.6889422749999999 0.8336272031249999 0.6995168671875 0.8428236984374999 0.7016579703125 0.80897714375 0.6977945796875 0.8031545734375
1761 0.48761414375 0.3734830859375 0.42011079375 0.40066226406250005 0.42625923437499996 0.4250950765625 0.515392071875 0.43304174843750004 0.520271040625 0.4471355375 0.5595501625 0.44651062656249996 0.5627958171875 0.49858657968750003 0.5852694484375001 0.5021241015625 0.5819688203125 0.47524264374999997 0.6039621484375 0.46204730781250003 0.616368975 0.460523940625 0.5971619703125 0.38102209062500003 0.48761414375 0.3734830859375
433 0.47309370156249997 0.396255759375 0.47791769687499996 0.43554404375000005 0.5187476734375001 0.43472871093750004 0.5220208140625 0.47420741718750004 0.539841884375 0.47831619999999997 0.54286113125 0.5157271015625 0.545002234375 0.481880546875 0.5584796125 0.463433903125 0.5646005656249999 0.5004639625 0.5567573234375 0.4237647765625 0.5319436703125 0.42681150937499995 0.527881359375 0.3937266390625 0.5002198921875001 0.39922201875 0.47309370156249997 0.396255759375
1761 0.3399467203125 0.42729700312499996 0.264942996875 0.45749609218750004 0.2795524140625 0.512374709375 0.4299302171875 0.51909838125 0.44301626875 0.5615701718749999 0.4556220171875 0.5873091046875001 0.470114971875 0.5771336781249999 0.471213009375 0.547613153125 0.489089053125 0.5265274421874999 0.5074728859375 0.5095773390625 0.5201061203124999 0.522719025 0.5286495578125 0.5153730859375 0.5104856171875001 0.43154520625000004 0.3399467203125 0.42729700312499996
1761 0.12142034531250001 0.506603140625 0.0065747359374999995 0.5584860265625 0.015207148437500002 0.6287913781250001 0.182280496875 0.6817416093750001 0.1916745921875 0.7582503734375 0.20329225 0.7631208421875 0.21403827656250002 0.8121768859375 0.2443826359375 0.879816346875 0.2521643890625 0.8662669953125001 0.2391333109375 0.7986007093749999 0.25258320312500004 0.7927513140625 0.256247671875 0.771311584375 0.3222551421875 0.7191283312500001 0.3288838859375 0.760294 0.3355950875 0.7636679265625 0.333138603125 0.7051981375 0.35535833906250003 0.7066678546875 0.369062125 0.7028862640625 0.3260230421875 0.531856578125 0.12142034531250001 0.506603140625
433 0.321480428125 0.48203885 0.3491144078125 0.48914071718749996 0.35337564062500004 0.5494878890625 0.3592701875 0.5718528984375 0.39984626875 0.568969759375 0.42238138750000004 0.66275581875 0.42833090625 0.65992633125 0.41972598124999994 0.5770237328125 0.44070373125 0.5555571796875001 0.4335397125 0.5228531484375 0.44338010937499994 0.513248984375 0.44292729375000006 0.48391887968749997 0.395331140625 0.5065547828125 0.382526471875 0.45355354999999997 0.3184336953125 0.45722519687499996 0.321480428125 0.48203885
570 0.1683437890625 0.5554151140625 0.16656652656249998 0.5409404828125 0.152608846875 0.5426542703125 0.148944378125 0.5640939984375 0.1411901109375 0.5650461015625 0.1435026484375 0.5710590953125 0.1520185984375 0.5763104046875 0.1734766515625 0.5715767078125 0.1683437890625 0.5554151140625
570 0.2443630890625 0.53348724375 0.2485078609375 0.5287803734375001 0.23844105781249997 0.5237194859375001 0.23175734218750002 0.5077483109375 0.22245222187499997 0.5088908359375 0.21957692187500003 0.5239367296874999 0.21388129843749998 0.5288340234375 0.22470978437500003 0.540098325 0.2443630890625 0.53348724375
570 0.6660027984375 0.5698735078125 0.6636902609375 0.5638605140624999 0.6556821 0.562744815625 0.6549204171875 0.5565414015625 0.65314315625 0.5420667703125 0.6314312078125 0.5447326625 0.6290636984375 0.563914165625 0.616656871875 0.5654375328125 0.6202388812499999 0.581789546875 0.63470435 0.58421136875 0.656416296875 0.5815454765625 0.6660027984375 0.5698735078125
646 0.7934737015625 0.8900586578125 0.7821099390625 0.88725599375 0.766093615625 0.8850245937500001 0.7451983249999999 0.868699403125 0.7253461 0.8480481843750001 0.69325848125 0.868779878125 0.6619600328125 0.8831177390624999 0.6464514984374999 0.885021946875 0.669885734375 0.9220251812500001 0.6977461218750001 0.9437921015624999 0.721489225 0.957668646875 0.7468106671875 0.9587575218750001 0.7605419390625 0.9423786812499999 0.776077959375 0.9278772249999999 0.78930144375 0.9073627765625 0.7934737015625 0.8900586578125
1340 0.49603460468750005 0.18564006875 0.505881515625 0.2914789390625 0.6017530421874999 0.290202290625 0.5921875125 0.1738339765625 0.49603460468750005 0.18564006875
1340 0.36027273437499996 0.349238046875 0.416892625 0.3359890609375 0.3996552875 0.182781109375 0.3428089890625 0.1813650421875 0.36027273437499996 0.349238046875
1340 0.12476943124999999 0.39284706875 0.253517746875 0.364444890625 0.23092113906249997 0.180410290625 0.0950088046875 0.1761084390625 0.12476943124999999 0.39284706875
1050 0.347173653125 0.0758801890625 0.3394193859375 0.07683229375 0.335528509375 0.08360696875 0.3417044359375 0.095442534375 0.352560409375 0.09410958750000001 0.347173653125 0.0758801890625
1917 0.051350562499999995 0.5257015203125001 0.049010539062500004 0.532285775 0.052084759375 0.54450218125 0.0613898796875 0.54335965625 0.06528075625 0.53658498125 0.0570461875 0.5208042296875 0.0547611375 0.5021939890625 0.051350562499999995 0.5257015203125001
831 0.0581991984375 0.4660892078125 0.0564219359375 0.4516145765625 0.0483862890625 0.46309612343750006 0.048413775 0.45049887499999997 0.0455384765625 0.46554477031249997 0.0367411453125 0.470822903125 0.031073007812499998 0.4631229484375 0.0292407734375 0.47384281406250006 0.04421403125 0.48040024375 0.043932650000000004 0.4909296875 0.05061636562500001 0.506900859375 0.0547611375 0.5021939890625 0.054788623437499996 0.48959674062499997 0.0692815796875 0.4794213140625 0.0566208578125 0.4788768765625 0.0581991984375 0.4660892078125
1105 0.677854803125 0.230482678125 0.6548184109374999 0.2480040421875 0.6740803890625 0.302311396875 0.7002184875 0.28440919062500003 0.677854803125 0.230482678125
1105 0.646329946875 0.2301554859375 0.6214888078125 0.24579946718749998 0.6381568671875 0.304623271875 0.667396671875 0.286340221875 0.646329946875 0.2301554859375