1340 0.6966024843749999 0.043996040624999996 0.571134871875 0.0798307296875 0.618705634375 0.3376631921875 0.7494858765625 0.31605750781249997 0.6966024843749999 0.043996040624999996
1340 0 0.19499106718749998 0.043334596875 0.43042690156249996 0.15131358749999999 0.40943791249999995 0.1104847359375 0.17318746406250002 0 0.18342999375 0 0.19499106718749998
2001 0.495233384375 0.540988428125 0.39476230625 0.011097787500000001 0.13708675625 0.061184840625 0.24827585624999998 0.6462233859375 0.495233384375 0.540988428125
1758 0.5239120953125 1 0.6535874875000001 0.9756885453124999 0.6514435671875 0.9646590265625001 0.5985330703125 0.78417286875 0.5674662796875001 0.7291649484375 0.5045909515625 0.7070479078125 0.44457418750000005 0.6996368937499999 0.3600167421875 0.6969961046875001 0.2856800625 0.7076302734375 0.188231984375 0.7303876796875 0.1027441 0.7622665140625 0.0484444578125 0.78426755 0.046347710937499995 0.7865828265625 0.0878318078125 1 0.5239120953125 1
646 0.48654927812500004 0.8631715874999999 0.5114001046875 0.8468948218750001 0.52572001875 0.8288496390625 0.532677728125 0.812235525 0.512236196875 0.785685609375 0.4701125484375 0.77861194375 0.4269641125 0.7793683125 0.3933218015625 0.789723134375 0.36601690625 0.806476921875 0.3453595765625 0.8181231375 0.34014129375 0.8305837234375 0.33563765156250003 0.8467208171875 0.340235640625 0.8572733124999999 0.381334503125 0.8721770140625 0.3950341234375 0.8771449140625001 0.448713471875 0.8781569593749999 0.48654927812500004 0.8631715874999999
1180 0.2500554203125 0.8519100625 0.2381895734375 0.8694782234374999 0.23542535937500003 0.8814617859375 0.24810019218749998 0.894259721875 0.36055571875000003 0.9487089484375 0.3689427109375 0.9394478453125 0.3727317125 0.9196342468750001 0.3667044421875 0.9017287375 0.2500554203125 0.8519100625
884 0.23063867500000002 0.8175301109375 0.19382765625 0.8246854484374999 0.20985989218749998 0.8940620453125 0.2277530078125 0.8943993953125 0.23859406718749998 0.8846612703125001 0.23063867500000002 0.8175301109375
646 0.45734336718749996 0.73912441875 0.482908834375 0.7265241578125 0.4965141078125 0.70480246875 0.4961096140625 0.689619421875 0.46380223593750003 0.680637665625 0.4385469171875 0.6817313859375 0.4083834609375 0.6837791484375 0.38384278125 0.6885493734375 0.357562675 0.6974731281250001 0.3516297515625 0.7062572078125 0.3510094578125 0.7292702906249999 0.37595463125 0.7396831140625 0.3928229609375 0.747850496875 0.42370105625 0.7494792390625 0.45734336718749996 0.73912441875
1180 0.569111359375 0.6983218296875 0.5627739421875 0.6919228625 0.4762612703125 0.7316317328124999 0.47349705625 0.743615296875 0.48688652968749996 0.7600897375 0.5660369984375 0.721811934375 0.571969921875 0.71302785625 0.569111359375 0.6983218296875
884 0.32270688125 0.6622788046875 0.3090072609375 0.6573109046875001 0.296736921875 0.6596960171874999 0.2890645703125 0.6726336265625 0.307550875 0.7415332 0.31562771875 0.743778640625 0.32963748593750003 0.7372399984375 0.32270688125 0.6622788046875
646 0.2051003140625 0.7385550624999999 0.20050232499999998 0.7280025671875 0.172078296875 0.7258968015625 0.13526727656249998 0.7330521390625 0.113180665625 0.737345340625 0.0893546265625 0.745792071875 0.074320071875 0.7601607484375 0.062764371875 0.7662223671875 0.062454224999999995 0.7777289078125 0.0810619828125 0.7817427640625 0.10283844687499999 0.7889561031250001 0.11756285468750001 0.78609396875 0.141078746875 0.789153778125 0.1764604859375 0.774645428125 0.20131131249999998 0.7583686625 0.2051003140625 0.7385550624999999
1180 0.29764025625 0.7167517015625 0.3014292578125 0.696938103125 0.21544253281249998 0.6869443000000001 0.20950960937500002 0.69572838125 0.2162515203125 0.717310396875 0.28536991562499997 0.7191368140625001 0.29764025625 0.7167517015625
884 0.0914042 0.7301320015625 0.07177165625000001 0.7339481812499999 0.0682928015625 0.7422552390625 0.0920917359375 0.8253838171875 0.10507671562500001 0.8266752109375 0.116632415625 0.8206135921875 0.10510382031250001 0.7350999015624999 0.0914042 0.7301320015625
648 0.126111434375 0.9217873531249999 0.1418606296875 0.91109518125 0.1610886796875 0.8920959546875 0.167021603125 0.8833118750000001 0.174693953125 0.870374265625 0.16549797500000002 0.8492692734375 0.13319059687499998 0.8402875171874999 0.10374178125 0.8460117875 0.0742929671875 0.8517360578125001 0.059568559374999996 0.8545981921875001 0.06814424375 0.8987162671875 0.079173996875 0.9423573218750001 0.126111434375 0.9217873531249999
433 0.0711513640625 0.7569612640625001 0.0879253453125 0.738439059375 0.100195684375 0.736053946875 0.0885456390625 0.7154259765625001 0.0673894671875 0.6851995546875 0.03293816875 0.6651882812500001 0.021978471875 0.6612139609375001 0.045173659375 0.7805428515624999 0.059285517187500004 0.774529425 0.0711513640625 0.7569612640625001
127 0.655125190625 0.6167403234375 0.6420458625000001 0.588759340625 0.6262023218749999 0.572761921875 0.5798851765624999 0.57031880625 0.54409894375 0.569644109375 0.5136253421875 0.5831984140625 0.487749728125 0.6073052156250001 0.4728095203125 0.64836348125 0.46554166406249997 0.6764841374999999 0.4999929625 0.6964954125 0.5442605328125001 0.7145985968749999 0.579426471875 0.7382863765625001 0.603131059375 0.794725365625 0.6464410843749999 0.9389234828124999 0.65625735625 0.93701539375 0.651160525 0.8845902593750001 0.6767259921875 0.87199 0.6656018921875 0.8016593578125001 0.6657233437500001 0.7367736375 0.656743165625 0.6774725140625 0.655125190625 0.6167403234375
126 0.87603144375 0.78364850625 0.86407125 0.7745270765625001 0.8514907640624999 0.78841873125 0.8316424203125001 0.8304310421875 0.81732250625 0.848476225 0.7875635437499999 0.8657070359375 0.7536110859375 0.8875683984375 0.741340746875 0.8899535109375 0.6960483890625 0.8796803609375001 0.674271925 0.8724670218749999 0.651160525 0.8845902593750001 0.6570663437500001 0.9673814890625 0.6609496921875 0.974257478125 0.8811011687500001 0.9276489484375 0.8875600374999999 0.8691621953125 0.8850116218749999 0.8429496296875 0.8817485671874999 0.81306055625 0.87603144375 0.78364850625
1761 0.4554423515625 0.5983234609375 0.45501075156250004 0.674715721875 0.46482702343750004 0.67280763125 0.481102165625 0.612412790625 0.5129107015625001 0.579521909375 0.5433843046875 0.565967603125 0.5791705359375 0.5666423015625 0.6286563890625 0.5722849 0.641331221875 0.5850828328125 0.6544105499999999 0.613063815625 0.6610310078125 0.699531553125 0.6651030515625 0.7597867218750001 0.6837108078125 0.763800575 0.7229758953125 0.756168215625 0.75661820625 0.74581339375 0.755188925 0.7384603828125 0.77768003125 0.749350228125 0.7805385921875 0.7640562531249999 0.7949528531250001 0.772700659375 0.8076276874999999 0.7854985937500001 0.805915365625 0.6980768140625 0.7960047453125 0.673295315625 0.750645146875 0.54475726875 0.6894148999999999 0.4917971109375 0.4614967265625 0.5246536609375 0.4554423515625 0.5983234609375
127 0.5007618140625001 0.5170213015625 0.629802628125 0.49956914374999994 0.62060665 0.4784641515625 0.6047631078125 0.46246673125 0.58298664375 0.45525339374999996 0.5454609828125 0.4587322234375 0.520920303125 0.4635024484375 0.505171109375 0.4741946203125 0.496473971875 0.49496226249999997 0.4951390375 0.5142988390625 0.5007618140625001 0.5170213015625
127 0.31568192968750003 0.560628021875 0.290022115625 0.54653869375 0.27141435937499997 0.5425248375 0.2598586609375 0.5485864578124999 0.2539257375 0.5573705359375001 0.26209692812499996 0.5863055640625 0.2727221875 0.6147635703125001 0.2918287859375 0.6606500625 0.3126748109375 0.7023830265625 0.3691183734375 0.6914115093750001 0.41503102500000005 0.678671575 0.44447983906250005 0.6729473046875001 0.4542961109375 0.6710392140625 0.4451001328125 0.6499342234375 0.44009764999999995 0.624198678125 0.429472390625 0.5957406734374999 0.3870385953125 0.6001735484374999 0.35932920625000003 0.6017442890625 0.3368381015625 0.59085444375 0.31568192968750003 0.560628021875
1758 1 0.535654203125 0.811160753125 0.5940409203125 0.8092456625000001 0.8462307859375 0.8200867203125 0.8364926593750001 0.8420789859375001 0.80550986875 0.855684259375 0.783788178125 0.8689793859374999 0.7735730328125 0.8806294328125001 0.7942010015625 0.8892051171875 0.8383190781250001 0.9711870421875 0.906322609375 0.97680981875 0.909045071875 1 0.9053701937499999 1 0.535654203125
127 0.826909946875 0.5833487484375001 0.9926674343749999 0.532051665625 0.9803027468750001 0.5077471890624999 0.9630299250000001 0.48439675781249997 0.9454469546875 0.4725528671875 0.9173330734375 0.45894055937499995 0.8952464625 0.4632337625 0.8707057828125 0.46800398750000005 0.8461651031249999 0.47277421249999996 0.8195748484375001 0.4932045078125 0.8105675640625 0.5254786921875 0.8134261265625 0.54018471875 0.8233367453125 0.5649662171875 0.826909946875 0.5833487484375001
884 0.9301966015625001 0.525117675 0.9493975453125 0.59769375625 0.9599284578124999 0.5994621703125 0.966576021875 0.5943545984374999 0.9603600578125 0.523069909375 0.9491145046874999 0.5176249875 0.9368441656250001 0.5200101 0.9301966015625001 0.525117675
646 0.54431474375 0.531447978125 0.5197740640624999 0.536218203125 0.495233384375 0.540988428125 0.48296304531249995 0.543373540625 0.47703012187500005 0.552157621875 0.47917404374999994 0.563187140625 0.4840821796875 0.5622330953125 0.499521228125 0.5630474671875 0.52406190625 0.5582772421875 0.542979809375 0.5507845546875 0.5489127328125 0.5420004765625 0.54431474375 0.531447978125
884 0.5494386796875 0.49229780312500004 0.5290914953125 0.49243747656250003 0.5415505296875 0.5434315437499999 0.5489127328125 0.5420004765625 0.555560296875 0.5368929015624999 0.5494386796875 0.49229780312500004
1050 0.815361971875 0 0.846152071875 0.171358696875 0.8675240437499999 0.1633889890625 0.905049703125 0.1599101578125 0.8762678671874999 0 0.815361971875 0
1939 0 0.5456291625 0.060593345312500005 0.8467681578124999 0.5678978781249999 0.6527726875 0.4463146578125 0.0010770265625000002 0 0.0878318078125 0 0.5456291625
1939 0.45185547968749995 0 0.4463146578125 0.0010770265625000002 0.5678978781249999 0.6527726875 1 0.683881121875 1 0.47805969375 0.907074609375 0 0.45185547968749995 0
819 1 0.6806155687500001 0.5654438109375 0.653249709375 0.0580561796875 0.8468176796875 0.08783180625 1 0.4988595578125 1 0.9154581203125 0.9209706343749999 1 0.9045373578125 1 0.6806155687500001