125 0.4578028609375 0.9954059375 0.56535375 0.9723185828125 0.5248837125 0.8862335218749999 0.43533384374999995 0.856367925 0.37441289843750003 0.7999267062500001 0.285061321875 0.8093179359375 0.2273951609375 0.858584328125 0.2382213546875 0.9242184828125 0.319383184375 0.9863878312500001 0.4578028609375 0.9954059375
125 0.625259775 0.9817332734375 0.7336272921875 0.966415621875 0.7898584890625 0.9408666515625 0.7561432328125 0.8069384328125 0.6731381234375 0.764601653125 0.604447475 0.7089770640624999 0.49157677031249997 0.756190153125 0.568643725 0.8541397921874999 0.62014998125 0.9704870343750001 0.625259775 0.9817332734375
410 0.6593140890625 0.25937271093750003 0.6380465531249999 0.281246853125 0.626181978125 0.3178437703125 0.66237058125 0.3258234953125 0.69999415 0.3100857984375 0.6893662468749999 0.2837084703125 0.6593140890625 0.25937271093750003
2001 0.5697172984375001 0.5280223171875 0.853719746875 0.5021002234374999 0.8345289749999999 0.31951221875 0.5439817671875 0.3579054953125 0.5697172984375001 0.5280223171875
423 1 0.6006307843750001 0.9393730343750001 0.6070029359375 0.8960213343750001 0.642981515625 0.8628892234375 0.701452575 0.8683956015625001 0.7912124656249999 0.898051175 0.737034571875 0.9579572000000001 0.7464492625 0.9765530968749999 0.8112667890624999 0.98595605625 0.825989565625 0.9786063984375 0.75606224375 1 0.7423988453125 1 0.6006307843750001
581 0.9107441109375 0.63357855625 0.9338783859375 0.44261424375 0.9719454609374999 0.20687499687500002 0.8721642734374999 0.229145721875 0.9107441109375 0.63357855625
544 0.43314090156249996 0.499171640625 0.328658234375 0.514080978125 0.27712851875 0.5469913375 0.378951278125 0.5441448671875 0.41228168125 0.524930634375 0.5081780171875 0.503068221875 0.5198325703125 0.5018432796875001 0.5263773296875 0.48937209687500005 0.43314090156249996 0.499171640625
423 0.6157054453125 0.62923846875 0.549662975 0.6361798125 0.5729603515624999 0.708358728125 0.636132890625 0.7488522265625 0.7162798 0.7639950468750001 0.6944173890625 0.6680987109375 0.6157054453125 0.62923846875
1020 0.21599755156249997 0.52592209375 0.1068134046875 0.5334700421874999 0.030341325000000002 0.5532908828124999 0.05036045625 0.6690197890625 0.2014613375 0.6492106796875 0.2270220375 0.6308130750000001 0.21599755156249997 0.52592209375
2001 0.254029434375 0.5140692484375 0.464628025 0.49978997812500003 0.45401185312500003 0.398783846875 0.44890205937500005 0.3875376078125 0.2472981140625 0.41265480312499997 0.254029434375 0.5140692484375
1460 0.3409204734375 1 0.34432554843749996 0.99947735 0.0431739 0.8622356953124999 0.048680278125 0.9519955859375001 0.13706205625 1 0.3409204734375 1
1636 0.7498084953124999 0.7840376390625 0.8857782859375 0.7697466390625001 0.908667346875 0.838040703125 0.8933614265625 0.655044384375 0.8297805734375 0.610666034375 0.691150875 0.6370199015625 0.7087201203125 0.7294397015625 0.7381539421875 0.7852625828125 0.7498084953124999 0.7840376390625
410 0.8501153 0.019363759375 0.8163765828124999 0.0346931421875 0.8335492453125 0.0485992890625 0.8634031109375 0.033678221875 0.8501153 0.019363759375
2001 1 0.473796109375 0.9785214703125 0.269441546875 0.9240671125000001 0.4240066171875 0.9455094796875001 0.5906469015625 1 0.5849197171875 1 0.473796109375
353 0.5196108171875 0.6118440546875 0.5141044390625 0.5220841640625 0.376699684375 0.5600925859375 0.270583759375 0.55946251875 0.29141952031249996 0.6829611265625 0.38383931875 0.6653918812499999 0.5196108171875 0.6118440546875
1636 1 0.918144925 0.886781475 0.8914019671875 0.7806538203125 0.9654007015625 1 0.93589875 1 0.918144925
410 0.1512386765625 0.1713739875 0.171071246875 0.1732172671875 0.19049550312500002 0.17117569531250001 0.1970402625 0.1587045140625 0.1954070046875 0.143165109375 0.175574434375 0.1413218296875 0.1600350296875 0.1429550859375 0.148788790625 0.14806488125 0.1512386765625 0.1713739875
411 0.146712028125 0.3525270265625 0.163884690625 0.36643317343750004 0.174722615625 0.357438528125 0.2058014234375 0.3541720140625 0.24383330781249998 0.34231916875 0.2861583546875 0.333942859375 0.2918864859375 0.31370197499999997 0.29066154375000003 0.302047421875 0.1796341171875 0.3294279421875 0.168387878125 0.3345377359375 0.1532567875 0.34005584375 0.1536651015625 0.34394069531250004 0.146712028125 0.3525270265625
353 0.0307496390625 0.557175734375 0.03830931875 0.5917310796875 0.1495350375 0.6036073859375 0.142990278125 0.61607856875 0.1564763796875 0.6696498562500001 0.210864296875 0.6639334546875 0.23479174062500002 0.6299964453125 0.221515659375 0.541053184375 0.198206553125 0.5435030703125 0.1213261578125 0.5594390578125 0.046289043749999995 0.5555424765625 0.0307496390625 0.557175734375
353 0.0816727484375 0.4811236984375 0.22193570468749999 0.470309234375 0.22521395000000002 0.42675924375 0.1303559953125 0.34639058125 0.063496896875 0.34556222187499996 0.0816727484375 0.4811236984375
353 0.055680273437500004 0.644894053125 0.060778335937500004 0.7307690921875001 0.0822441640625 0.7481517765625 0.073856125 0.7804555296875 0.15032820468750002 0.7606346890625 0.1409252453125 0.7459119140625 0.1525797984375 0.7446869703125001 0.13562888906249998 0.6207800484375 0.05404701562499999 0.6293546484375 0.055680273437500004 0.644894053125
1373 0 0.445364703125 0.051760229687500006 0.86918876875 0.0777292453125 0.8546760156250001 0.09041045 0.8258487999999999 0.07508106718749999 0.7921100828125 0.066704759375 0.749785034375 0.042170709375 0.7405803671875 0.039312509375 0.7133864078125 0.0340044234375 0.66288334375 0.045658976562499995 0.6616584 0.057313529687499996 0.6604334578125 0.0423924625 0.630579590625 0.020518320312499998 0.6093120562500001 0.028498045312499998 0.573123453125 0.0513988375 0.566788715625 0.06305339062500001 0.5655637734375001 0.0481323234375 0.5357099062499999 0.031776290624999995 0.5295734609375 0.014603628125 0.5156673140625 0.0199234453125 0.491541578125 0.021358409375 0.46782415781250003 0.035672871875 0.454536346875 0.058363642187499995 0.48357358437500003 0.05754701250000001 0.47580388124999995 0.0418093171875 0.4381803140625 0.015642009374999998 0.413436240625 0 0.40900958281250005 0 0.445364703125
1142 0.025849867187499997 0.5105575203125 0.036886084375 0.5408197 0.0683732078125 0.5414380375000001 0.0634734359375 0.4948198234375 0.0323946265625 0.49808633750000003 0.025849867187499997 0.5105575203125
666 0.244404721875 0.609347246875 0.263828978125 0.607305675 0.2548460625 0.52183895 0.2393066578125 0.5234722078125 0.244404721875 0.609347246875
300 0.4034970578125 0.47872073437499996 0.38714102499999997 0.47258428906249994 0.3703766765625 0.4625629921875 0.3397061828125 0.4697143578125 0.3300932 0.49036355781249996 0.3468575484375 0.500384853125 0.349307434375 0.5236939609375 0.3963339625 0.5226790390625 0.3938840765625 0.49936993281250003 0.4034970578125 0.47872073437499996
301 0.1413687515625 0.5259103625 0.12276112343750001 0.5357216375 0.13911715625 0.54185808125 0.1585414125 0.5398165109375 0.1659028 0.5351150312499999 0.16897102343749998 0.5269370140625 0.1413687515625 0.5259103625
1008 0.0865725203125 0.5277419125 0.152614990625 0.52080056875 0.154866584375 0.50485285 0.0918923375 0.5036161765625 0.0865725203125 0.5277419125
544 0.027879707812499998 0.6046105765625 0.025219799999999997 0.61667344375 0.03032959375 0.6279196828125 0.0652932546875 0.6242448546875 0.13440394687499999 0.6091254937499999 0.13747216874999998 0.6009474781249999 0.0503721875 0.5943909875 0.027879707812499998 0.6046105765625
544 0.1010852734375 0.553710928125 0.1861436859375 0.5408431609375 0.216405865625 0.5298069453124999 0.18532705625 0.533073459375 0.114991421875 0.5365382656250001 0.0415875640625 0.5481810890625 0.1010852734375 0.553710928125
423 0.6654036125 0.54153188125 0.6647852750000001 0.5730190046875 0.6539473499999999 0.58201365 0.65966375 0.636401565625 0.70587365 0.6276169421875 0.740428996875 0.6200572625 0.7387957390625 0.6045178578125 0.7441155562499999 0.580392121875 0.7420739843749999 0.5609678671875 0.7410590640625 0.5139413390625001 0.7355409546875 0.4988102484375 0.7122318484375 0.501260134375 0.6776765015625 0.5088198140625 0.6654036125 0.54153188125
423 0.5300521578125 0.5243357578125 0.5478314265625001 0.5813835828125 0.5476214046875 0.61675555625 0.5795168421875 0.6212587453125 0.6312448500000001 0.6276052125 0.6302299296875 0.580578684375 0.6067225296875 0.54377174375 0.553361265625 0.521885871875 0.5357802890625 0.5040948734375 0.5284189015625 0.5087963531249999 0.5300521578125 0.5243357578125
423 0.631466603125 0.5176044375 0.6897393703125 0.511479721875 0.6803364109375 0.496756946875 0.6631637484375 0.4828507984375 0.6277917734375 0.48264077656250004 0.6130689984375 0.49204373593749995 0.61511056875 0.5114679921875 0.631466603125 0.5176044375
423 0.830410640625 0.504550109375 0.8430918437500001 0.47572289375 0.822850959375 0.4699947640625 0.8007667953125001 0.484099203125 0.8028083671875 0.5035234578125001 0.830410640625 0.504550109375
1636 0.4637527453125 0.8651642781250001 0.54083143125 0.8884851156250001 0.54368963125 0.9156790734375001 0.5743483953124999 0.9831565078125 0.6127885921875 0.9751885140625 0.5991041984375001 0.8823603999999999 0.5406331390625 0.8492282890625 0.4637527453125 0.8651642781250001
1373 1 0.8871209921875 0.9830861265624999 0.8734244078125 0.9481224656249999 0.8770992359375 0.9470958140624999 0.9047015093749999 0.9495457 0.928010615625 0.9215351140625 0.9230991140624999 0.9059957093750001 0.9247323703125 0.89945095 0.937203553125 0.875733528125 0.9357685874999999 0.8816599515625001 0.9547845296874999 1 0.9423464890625001 1 0.8871209921875
1373 0.7766293296875 0.5534081875 0.7815291015625 0.6000264 0.7680312687499999 0.6210839140625 0.8103563171875001 0.6127076046875 0.8434766984375001 0.628865346875 0.8496131437500001 0.6125093125000001 0.8524830734375 0.5650744703125 0.8107763625000001 0.54196365625 0.7766293296875 0.5534081875
1050 0.7253096359375 0.5509465703124999 0.7490270578125 0.5523815359375 0.7586283093749999 0.6063611375 0.752900178125 0.6266020218749999 0.7878638390625 0.62292719375 0.774576028125 0.60861273125 0.7649747765625 0.5546331296875 0.7995301234375 0.54707345 0.7760227234375 0.510266509375 0.7371742125 0.514349653125 0.7253096359375 0.5509465703124999
1460 0.620628678125 0.5265990828125 0.5425233406250001 0.5308805171875 0.4734126484375 0.5459998765625 0.4310876 0.5543761859375 0.4327208578125 0.569915590625 0.4413071875 0.5768686640625 0.4570214234375 0.763749834375 0.47194249218750006 0.7936037 0.4952515984375 0.7911538140625 0.50589123125 0.74290234375 0.52756708125 0.724913053125 0.585431534375 0.7149034875 0.722217953125 0.7083821890625 0.8694339828125001 0.68898139375 0.8584212265625 0.5094616109375 0.7142734203125001 0.5206843906249999 0.620628678125 0.5265990828125
598 0.48318873125 0.78849390625 0.4611045671875 0.8025983453125001 0.49034009687499996 0.8191644015625 0.479502171875 0.828159046875 0.48910342343749996 0.8821386484374999 0.512004215625 0.8758039109375 0.505669478125 0.8529031187499999 0.5357216375 0.8772388765624999 0.5616906515625 0.862726121875 0.522235534375 0.8236675890624999 0.5101726671875 0.8210076796875001 0.50424624375 0.8019917390625 0.48318873125 0.78849390625
407 0.47379610625 0 0 0.0497979765625 0 0.20806989687500002 0.0569755984375 0.208775803125 0.0716749140625 0.3486304453125 0.12647114375 0.34679889531249997 0.36324877187500004 0.282634896875 0.37408669687499996 0.2736402515625 0.4098669859375 0.277735125 0.745189128125 0.2542746484375 0.8286142828124999 0.225867478125 0.8175897953125 0.120976496875 0.9580627734375 0.0747900578125 0.9502020218749999 0 0.47379610625 0
581 0.7026540578125 0.29802293125 0.624957034375 0.3061892171875 0.5196577390625 0.313328853125 0.5202643453125 0.35647052968750004 0.5443666203124999 0.511047946875 0.57237720625 0.51595945 0.5529764109374999 0.3687434203125 0.55522800625 0.3527957015625 0.7032606640625 0.3411646078125 0.8236910500000001 0.3285068640625 0.8392304546875 0.32687360781249997 0.83392236875 0.2763705421875 0.729848015625 0.29516473125 0.7026540578125 0.29802293125
1373 0.2730453765625 0.508142825 0.3080090359375 0.504467996875 0.3063757796875 0.48892859218750007 0.2900197453125 0.48279214687499994 0.27100380468749996 0.4887185703125 0.26445904531250003 0.5011897515625 0.2730453765625 0.508142825
183 0.18246885625 0.5058795015625 0.1957566671875 0.5201939624999999 0.22683547656249997 0.5169274484375 0.236856771875 0.5001631 0.23481520156250002 0.4807388453125 0.21498263125 0.47889556562499996 0.1994432265625 0.480528821875 0.180427284375 0.48645524531250006 0.18246885625 0.5058795015625