1050 0.297160496875 0.4209434703125 0.282449209375 0.43379056250000003 0.313016321875 0.44028780312500004 0.3140683625 0.41655031249999996 0.3238142234375 0.37069964375 0.3644595796875 0.367358528125 0.3420140171875 0.322652396875 0.307626015625 0.3153430015625 0.2651164640625 0.346242496875 0.30714624375 0.3551762015625 0.297160496875 0.4209434703125
268 0.92888183125 0.8307727234375 0.940012115625 0.7971968781250001 0.8493628187500001 0.7539676671875 0.7994513750000001 0.7633262515625 0.7953906 0.782430696875 0.8844155859375 0.8333016859375 0.92888183125 0.8307727234375
1636 0.894096571875 1 0.9367634953125 0.8124804343750001 0.9070085375 0.8021623046874999 0.8450621578125 0.7929887124999999 0.7929541343750001 0.7938933640625 0.7804394265625 0.8151943890625001 0.7922344765625 0.8536431656250001 0.831827790625 0.8740395390625 0.8752419937499999 0.8952480656249999 0.8529762828124999 1 0.894096571875 1
125 0 0.8885505671875 0.075329359375 0.9009361765625 0.21474556250000001 0.9026153796875 0.2837614515625 0.8973175703124999 0.2699172125 0.774569346875 0.2570701203125 0.7598580593750001 0.26461940156249997 0.7055534578125 0.21681204062499998 0.6674370640625 0.1864848140625 0.6410232234375 0.163799365625 0.6162336921875 0.1340444078125 0.6059155640625 0.1328998703125 0.573724140625 0.1001361796875 0.5587729671874999 0.0581064 0.5498392625 0.038669571874999996 0.509766175 0 0.470153734375 0 0.8885505671875
1636 0 0.8962320437500001 0.09280949375 0.9126387296875 0.11043701875 0.8484957703125 0.13212531875 0.765248365625 0.1506574953125 0.7532134296875 0.13422940156250002 0.7177733875000001 0.10991964375 0.7006256343749999 0.0517941515625 0.6922641984375 0 0.6812550125 0 0.8962320437500001
713 0.591608840625 0.46356280937500005 0.51299448125 0.438865775 0.459502034375 0.42749560468750003 0.4196688328125 0.42701583281250005 0.3877549 0.5959471062499999 0.430596834375 0.601059921875 0.5520531296875 0.6308697734375001 0.591608840625 0.46356280937500005
1146 0.26984200468749997 0.399162675 0.2779635546875 0.36095378437500003 0.2569024171875 0.328522475 0.23779797187499999 0.32446169999999996 0.21324832656249998 0.3272305484375 0.1991093078125 0.35617335 0.2185461359375 0.3962464375 0.2444802046875 0.4057524109375 0.26984200468749997 0.399162675
214 0.8933039921875 1 0.969249696875 0.659644871875 0.8952683796875001 0.631939103125 0.8273045328125 0.6134994234375 0.7514590203125 0.613352034375 0.69691453125 0.625719353125 0.6088866937499999 0.6828852984375 0.563166125 0.9167716875 0.6791772218750001 0.9534111609375 0.755355115625 0.9895708624999999 0.7838077453125 1 0.8933039921875 1
1754 0.16623583125000002 0.604771025 0.20994481406249998 0.47428852812500005 0.360583796875 0.498320796875 0.3327306390625 0.648147625 0.348014196875 0.6513962453125 0.39683599531249997 0.4780718140625 0.349028634375 0.43995542031249996 0.175464315625 0.4110502203125 0.15774429375000001 0.41926426875 0.130943178125 0.5453536078125001 0.1258303609375 0.5881955421875 0.137293028125 0.5906320078125 0.16623583125000002 0.604771025
423 0.2288093734375 0.4982659046875 0.2064563078125 0.5094886843750001 0.1774586125 0.627124090625 0.1965630578125 0.631184865625 0.28558804375 0.6820558546875 0.3316785984375 0.6718851156250001 0.3441008109375 0.594655178125 0.382457090625 0.5269312171875 0.4039055046875 0.46360041250000006 0.3403348140625 0.46206859843750003 0.320750596875 0.49784102499999994 0.2978252625 0.49296809374999995 0.2792930859375 0.50500303125 0.2288093734375 0.4982659046875
1050 0.1183532625 0.19124795781249998 0.09753200937499999 0.13890005 0.09638747187499999 0.10670862656249999 0.1050812921875 0.08459544687500001 0.07833506875 0.0789103625 0.0569791515625 0.198170078125 0.11047159843750001 0.20954024843750002 0.1183532625 0.19124795781249998
1146 0.634413171875 0.2809722890625 0.50450294375 0.2533590171875 0.468768121875 0.42147813593750005 0.5986783499999999 0.4490914078125 0.634413171875 0.2809722890625
1050 0.5440413656249999 0.4055298140625 0.5438014796874999 0.425446415625 0.545758171875 0.4538169484375 0.5648626171875 0.4578777234375 0.57818948125 0.43275581093750004 0.5838745656250001 0.4060095875 0.5824901421875001 0.3937347640625 0.613869409375 0.396411115625 0.6053229796874999 0.3426787828125 0.5624810453125 0.3375659671875 0.53444289375 0.3755349703125 0.5565560734375 0.38422879062500004 0.5440413656249999 0.4055298140625
581 0.673913990625 0.24543974999999998 0.6617316640625 0.3027530859375 0.6364623609375 0.365271734375 0.60875659375 0.43925305000000003 0.5935655343749999 0.49193334218749996 0.556353790625 0.5918487265625 0.5215785140625 0.68030144375 0.503138834375 0.7482652921875 0.47380875624999996 0.8298883874999999 0.46153393437499995 0.8312728109374999 0.4451983359375 0.8517616796875 0.46568720625 0.868097278125 0.44333414062500004 0.8793200593750001 0.43822132343750003 0.92216199375 0.506185171875 0.9406016734374999 0.5242375765625 0.9683999375000001 0.5777300234375 0.9797701078125 0.588620421875 0.9661108625000001 0.6235806921875 0.9895159687499999 0.6833304921875001 0.990235628125 0.6576363109375001 0.960813053125 0.720412134375 0.64668799375 0.7408085078125 0.6070946796875 0.7716155062500001 0.5936753203125 0.8114487078125 0.5941550921875 0.8442123984375 0.609106265625 0.886242178125 0.6180399703125 0.9061587781249999 0.6182798578125 0.95723205 0.321634934375 0.9779608046874999 0.31805393125000003 0.9939640203125 0.26155275 0.93827499375 0.241728646875 0.8610450578125001 0.22930643437499998 0.8250327453124999 0.22963881718749998 0.8385994953125 0.184600303125 0.8213592468750001 0.15298115 0.784774665625 0.137217821875 0.7473779296874999 0.12527538124999998 0.6658473328125 0.151874215625 0.63919360625 0.2021180421875 0.6659398296875 0.207803128125 0.673913990625 0.24543974999999998
1506 0.6729041765625 1 0.635043359375 0.991952434375 0.6014675125 0.9808221500000001 0.5845596468750001 0.9852153078124999 0.5395211328125 0.9716485578125 0.506757440625 0.9566973843750001 0.490901615625 0.937353053125 0.44805968125 0.9322402359374999 0.43707678593750005 0.8899705703125 0.45909746875 0.8427354781249999 0.4740486421875 0.8099717859375 0.502566565625 0.73216958125 0.5046706484375 0.684694603125 0.3116695015625 0.6157163171875 0.2134709234375 0.6267917078125 0.2170519265625 0.6475204640625 0.223401778125 0.6927988640625 0.2629950921875 0.7131952359375 0.2595065859375 0.7483953921875 0.275122525 0.787656325 0.2741629796875 0.8673227265625 0.2586395375 0.88399070625 0.227020384375 0.90123095625 0.3602717296875 0.9694895828125001 0.503811959375 1 0.6729041765625 1
714 0.190932865625 0.5261566656250001 0.30044672031249997 0.5933632515625 0.36889034062500003 0.5719697296875 0.44279645 0.224268825 0.3701995578125 0.20883787968749998 0.2654112421875 0.194551471875 0.190932865625 0.5261566656250001
581 0.1194727765625 0 0.021429321874999997 0.478147021875 0.0460714640625 0.5313070859375 0.23434706875 0.5473651937499999 0.31995573125 0.182184153125 0.3377306453125 0.04219568125 0.24661015000000003 0 0.1194727765625 0
581 1 0.16397467500000001 0.8161539328125 0.139894171875 0.8443770781250001 0.2137829921875 0.8916121703125001 0.23580367500000002 0.9527463953125 0.24879815624999999 0.9838857765625001 0.27139110781250003 0.9121762468749999 0.6275459453125001 0.9694895828125001 0.6397282703125 1 0.5018479296875 1 0.16397467500000001
407 0.28686346875 0 0.42561109375 0.060875246875 1 0.133807778125 1 0.0951079828125 0.5525521171875 0 0.28686346875 0