1057 0.5864601515625 0.17847279375 0.52007283125 0.1826885453125 0.4853111 0.3483157453125 0.6559049703125 0.32736945156249997 0.5864601515625 0.17847279375
1917 0.7565042890625 0.4094714546875 0.770992003125 0.4313060984375 0.8136404703125001 0.42606952500000006 0.8296937718749999 0.39654933125 0.8147300078124999 0.370837553125 0.8099694859375 0.33206621875 0.7969099296875 0.321862975 0.7988828546875 0.3058783890625 0.784395140625 0.2840437453125 0.7572552078125 0.28737611093750004 0.7567104390625 0.314992096875 0.76249178125 0.330024578125 0.7522885375 0.343084134375 0.75657300625 0.3779783359375 0.7565042890625 0.4094714546875
125 1 0.537662496875 0.9942314343750001 0.4865430328125 0.9545079968750001 0.4835492875 0.9116533796875 0.58326521875 0.7375897124999999 0.6400578171875 0.769014115625 0.6716196531249999 0.786696759375 0.7835804703125 1 0.8672274765625 1 0.537662496875
1956 0.44680470625 0.6757617265625 0.7759537109375 0.5999270437499999 0.7386154953124999 0.3919899953125 0.703318921875 0.13657524375000002 0.579795421875 0.12419292500000001 0.4867442203125 0.1356181765625 0.453278175 0.1515340453125 0.41545894531250005 0.164048834375 0.3732865296875 0.173162540625 0.44680470625 0.6757617265625
255 0.0094022125 0.607156184375 0.0156282265625 0.65786300625 0.1685344890625 0.749284865625 0.251382446875 0.750919171875 0.39722160624999997 0.528361940625 0.0094022125 0.607156184375
691 0 0.53058130625 0.00801139375 0.595828871875 0.3579742203125 0.529245328125 0.29826155625 0.1390830109375 0.1757588765625 0.102961840625 0.0817555703125 0.106632825 0 0.11667114687499999 0 0.53058130625
1354 1 0.565576996875 0.99987534375 0.564561753125 0.9959982093749999 0.56503780625 0.9202223171874999 0.6530536203125 0.993343084375 0.6716246156250001 1 0.6694217703125 1 0.565576996875
1050 0.555776740625 0.47347355156250004 0.573665534375 0.49095500937500003 0.564890446875 0.5156459671875 0.634202796875 0.5031998953125 0.6163140015625 0.4857184359375 0.60958055625 0.46293168749999997 0.591215709375 0.4415730953125 0.5835988750000001 0.3795389609375 0.589448934375 0.3630783234375 0.583191540625 0.344168709375 0.6529799406250001 0.3355997703125 0.58741225625 0.186227059375 0.5210249359375 0.1904428125 0.48191001875 0.35266893125 0.564281925 0.350426103125 0.5593839703125 0.3746410078125 0.5791082578125 0.43912411875 0.5664560359374999 0.464291128125 0.555776740625 0.47347355156250004
1754 0.4664757671875 1 0.9670815749999999 0.9385333359375 0.6578679703125 0.7600428031249999 0.605084975 0.7468458140625 0.30062692812499997 0.831455584375 0.2438980828125 0.8502277671874999 0.2424012109375 0.8700894859374999 0.371298475 1 0.4664757671875 1
1650 0.5916867984375 0.6697791984375 0.6057671765625 0.6562435890625 0.5995097828125 0.637333975 0.5225118828124999 0.61923903125 0.4791174609375 0.5222419796875 0.42143651093749995 0.5332598953125001 0.32450817656250003 0.5451611984375 0.23288513125 0.56821785 0.18200634375 0.57052939375 0.1441871140625 0.58304418125 0.00943955 0.607460271875 0.0532363453125 0.9641565453125001 0.24961070937500002 0.89675336875 0.2322666828125 0.8516559234375001 0.5891003890625 0.7448728890625 0.5916867984375 0.6697791984375
322 0.6673890124999999 0.837585471875 0.6803798515625 0.879281834375 0.698813415625 0.8691473078125 0.7347284359375 0.8411239859374999 0.7618683703125 0.837791621875 0.8171003421874999 0.8388811578125001 0.80506160625 0.8049390624999999 0.73486586875 0.7781377468749999 0.6675951609374999 0.7431061140625 0.5468592578125 0.785479715625 0.5525718828125 0.8320053171874999 0.5616855890625 0.87417773125 0.5748138625 0.85288785625 0.59270265625 0.8703693140625001 0.6165102250000001 0.839897015625 0.6673890124999999 0.837585471875
1250 0.79259369375 0 0.780115634375 0.0248205765625 0.794465915625 0.109641459375 0.8405154640625 0.10005170000000001 0.8209121828124999 0 0.79259369375 0
1250 0.812148559375 0.22160227500000002 0.842689575 0.21391672499999997 0.8360935625 0.12814373750000002 0.8011993609375001 0.1324282078125 0.812148559375 0.22160227500000002
1250 0.8211248343750001 0.3267609296875 0.8637733015625001 0.32152435625 0.849423021875 0.23670347343749998 0.8111277390625 0.24534112812500003 0.8211248343750001 0.3267609296875
1917 0.59937235 0.7003202140625 0.6109350328125001 0.7303851765625 0.6351499375 0.73528313125 0.6531074484375 0.7212714703125 0.6497750828125 0.6941315359375 0.6459666671875001 0.66311446875 0.634880034375 0.6369266390625 0.6315476703125 0.6097867046875 0.6369216765625 0.589448934375 0.6165839046875 0.584074928125 0.58216575625 0.5922365296875001 0.59665346875 0.6140711750000001 0.6077401015625 0.6402590046875 0.599441065625 0.6688270937499999 0.59937235 0.7003202140625
1636 0.7520823875 0.4375634921875 0.7725526296874999 0.6042802296875001 0.8040457484375001 0.6043489453124999 0.850095296875 0.5947591859375 0.8257479218749999 0.42851850156250004 0.7520823875 0.4375634921875
683 0.150788090625 0.4444882 0.15412045624999998 0.47162813281249993 0.15500384375 0.5108755203124999 0.18261982968749998 0.5114202875 0.174050890625 0.4416318875 0.150788090625 0.4444882
1699 0.419527340625 0.7420803296875 0.39626453906250003 0.74493664375 0.3870134 0.7657504671875001 0.39129786875 0.8006446671875 0.3907531 0.828260653125 0.3897322796875 0.85199950625 0.3823853484375 0.8883218625 0.345994275 0.9124680515625 0.4365965 0.9131502515625 0.50318996875 0.8144551421875 0.47659480312499997 0.7901715203124999 0.4446256328125 0.7862256703125 0.43449110468749996 0.7677921078125001 0.419527340625 0.7420803296875
1699 0.7104448156250001 0.8677191515624999 0.6784756437499999 0.8637733015625001 0.6751432796875 0.8366333671874999 0.6499762703124999 0.823981146875 0.6267134703125 0.826837459375 0.6024298484374999 0.853432625 0.5916818359375 0.8941081671875001 0.580457771875 0.9309065765625 0.6021549828125 0.9794051015624999 0.8658000546875 0.9470335578125001 0.8528092140625001 0.9053371953125 0.8306359515624999 0.8529615359375 0.7822061421875001 0.843165628125 0.7497609171875 0.83534264375 0.724049140625 0.850306409375 0.7104448156250001 0.8677191515624999
1506 1 0.8699480203125001 0.7020133093750001 0.7349445109375 0.051808189062499996 0.9525251453125 0.0576373671875 1 0.466475771875 1 1 0.9344914624999999 1 0.8699480203125001
1950 0.3523303109375 0.4512266078125 0.3794702453125 0.44789424375 0.3766139328125 0.42463144374999995 0.35335113125 0.42748775625 0.3523303109375 0.4512266078125
1636 0.6135901593749999 0.623798365625 0.6217517625 0.6582165140625 0.5882857171875 0.674132384375 0.5959025515625 0.7361665187499999 0.61331529375 0.74977084375 0.643856309375 0.74208529375 0.682151590625 0.7334476390625 0.69623196875 0.7199120296875 0.6579416484375 0.504220715625 0.64535814375 0.4978946046875 0.567339425 0.5035385140625 0.5372744609375 0.5151011984375 0.5309483515625 0.527684703125 0.5496518171875 0.6159066671875 0.6135901593749999 0.623798365625