524 1 0.46378489843750004 0.908557640625 0.419113853125 0.826122390625 0.3936046640625 0.7360453640625 0.36647116562500004 0.5993055125 0.3334126953125 0.4724040171875 0.3104324671875 0.334612125 0.30111148593750003 0.21047947968749997 0.302680903125 0.1357785046875 0.3347249359375 0.0970898421875 0.3664365859375 0.104824115625 0.42398980937499997 0.1958057953125 0.5032313312500001 0.37653211875000003 0.573594040625 0.49717625937500004 0.6072247796875 0.7043164234375 0.6472602625 0.9662409625 0.6550118265625 1 0.5107299203125 1 0.46378489843750004
2001 0.7201895375 0.34712683437499997 0.836200634375 0.3837663078125 0.8688718296875001 0.34278856874999997 0.9119160468749999 0.14028144843749998 0.49161824843749996 0.050944393750000004 0.44857403125 0.2534515140625 0.46557439531249994 0.30498726875000004 0.5886549999999999 0.32715534062499996 0.7201895375 0.34712683437499997
1939 0.0951079828125 0 0.050843620312500004 0.20824745625 0.283463646875 0.22234973593750001 0.329756484375 0.004559059375 0.3154801765625 0 0.0951079828125 0
423 0 0.8306819750000001 0.0832110234375 0.8826438859374999 0.390321465625 0.8281166875 0.4065645671875 0.75169890625 0.3057445296875 0.6623791406249999 0.088526121875 0.6321820140625001 0.07936982031249999 0.374650634375 0.0235862640625 0.33648323750000003 0 0.4474478859375 0 0.8306819750000001
669 0.3590692734375 0.24241372656250001 0.3999169109375 0.031452671875 0.3532540875 0.025527701562499998 0.34862104375 0.028536434375000003 0.31321860468749996 0.232667865625 0.3590692734375 0.24241372656250001
1953 1 0.20674492500000002 0.9589488562499999 0.3699220671875 1 0.40902479375 1 0.20674492500000002
1699 0.6412427953125001 0.28641748749999996 0.6052304828125 0.2867498703125 0.6287280875000001 0.30771851250000004 0.62385515625 0.33064384687500004 0.69563989375 0.34989568125 0.7035215578125 0.331603390625 0.7075823328124999 0.3124989453125 0.7146518421875 0.2980275453125 0.7179004625000001 0.2827439890625 0.6889576609375 0.2686049703125 0.691394125 0.257142303125 0.6731018343749999 0.24926063906249998 0.6698532140625 0.2645441953125 0.6545696578125 0.261295575 0.6412427953125001 0.28641748749999996
669 1 0.1787892875 0.9627697453125 0.3707342234375 1 0.38809071875 1 0.1787892875
436 0.47369594531250003 0.266778378125 0.401099053125 0.25134743125000003 0.38590799374999996 0.3040277234375 0.46695881874999995 0.317262090625 0.47369594531250003 0.266778378125
436 0.3738730578125 0.285495546875 0.3743528296875 0.24566234687500002 0.32305696093749997 0.242746109375 0.3032328578125 0.298435134375 0.357537459375 0.305984415625 0.3738730578125 0.285495546875
436 0.2365609375 0.23634136562500002 0.23803785781250003 0.3045451 0.296975503125 0.309085646875 0.29411415937499996 0.228607090625 0.25046006875 0.2273151625 0.2365609375 0.23634136562500002
436 0.2374655890625 0.2884493875 0.2190808015625 0.2246388125 0.1702213984375 0.21025990781249998 0.1652010796875 0.3090307546875 0.21649694687499998 0.3119469921875 0.2374655890625 0.2884493875
436 0.10822012656249999 0.33286074062500004 0.1504897921875 0.3218778453125 0.176663746875 0.31146721875 0.1681173171875 0.2577348859375 0.16014315625 0.2200982640625 0.11510464218750001 0.2065315140625 0.10641082187499999 0.22864469375000002 0.10569116406250001 0.2883944953125 0.10822012656249999 0.33286074062500004
436 0.100818234375 0.3113198296875 0.0921793078125 0.201658584375 0.05027880312500001 0.21090471093750002 0.047547009375 0.22375679218750003 0.06212957031250001 0.3430314796875 0.100818234375 0.3113198296875
436 0.9221243890625 0.3740753390625 0.8519639625 0.3471817265625 0.8359607484374999 0.4036829078125 0.9137629531250001 0.43220083125000003 0.9221243890625 0.3740753390625
436 1 0.4003018734375 0.9939091265625001 0.393327175 0.9382201015625 0.3735030703125 0.926037775 0.43081640625000006 0.9839233796875 0.45909444375 1 0.4231458859375 1 0.4003018734375
407 0.3195743390625 0 0.3717862640625 0.013492765625 0.4206456671875 0.027871670312500003 0.3890265125 0.04511191875 0.48072784999999996 0.0646036390625 0.9163092046875001 0.1571893140625 1 0.167177090625 1 0.0951079828125 0.5982245125000001 0.0097079671875 0.5507082078125001 0 0.3195743390625 0