284 0 0.438656328125 0.050325265625000004 0.892906190625 0.09612685 0.8802367156249999 0.176273759375 0.8953795375 0.1156566796875 0.20653593906249998 0.0825362984375 0.19037819843749998 0 0.1990531125 0 0.438656328125
284 1 0.47379610625 0.9605126593750001 0.0980991640625 0.9216641484375 0.1021823078125 0.893035225 0.1287579296875 0.955530775 0.5738825546874999 0.9675936421875001 0.5765424625 1 0.5731364171875 1 0.47379610625
1650 0.7393554234375 0.9461747375 0.7589897015625 0.908761190625 0.75449824375 0.8660278281249999 0.7714726140625 0.84067715 0.7686144140625 0.8134831921875 0.7878403781250001 0.7721847937499999 0.832825334375 0.75174561875 0.8622708859375001 0.7329396984375001 0.872093890625 0.6769185249999999 0.6191702515624999 0.6995741046874999 0.2380465234375 0.73570405625 0.1971447109375 0.79499174375 0.24782260625000002 0.978198084375 0.6561402921874999 0.9392099328124999 0.7393554234375 0.9461747375
1356 0.2993875140625 0.721401325 0.3269897859375 0.722427975 0.37483294375 0.7291827578125 0.419607878125 0.7441155562499999 0.5422898578125 0.7155100937500001 0.5807300546875 0.7075420984375 0.6128355140624999 0.6766733125 0.613862165625 0.6490710390625 0.7222296828125 0.6337533875 0.7467637328125 0.6429580546875 0.762093115625 0.6766967734375 0.7892870734375 0.673838571875 0.8087113296874999 0.6717970015625 0.8242507343750001 0.67016374375 0.8514446921875001 0.6673055437500001 0.8602410453125 0.6388866421875 0.8577911593750001 0.6155775359375 0.854932959375 0.588383578125 0.8496248734374999 0.5378805125 0.848609953125 0.490853984375 0.8345055140625 0.4687698203125 0.810379778125 0.4634500046875 0.7637615640625001 0.4683497765625 0.708346996875 0.5016684484375 0.687896090625 0.5313122921875 0.6245135281249999 0.5261907671875 0.5805552234375 0.519027671875 0.53700523125 0.5157494265625 0.45501504375 0.5204391765625 0.4002188125 0.522270725 0.331516434375 0.5412749359375 0.31597703125 0.54290819375 0.23051030468749997 0.551891109375 0.2325518765625 0.5713153640625 0.22844527343749998 0.6817244546875 0.28343979531249996 0.71914973125 0.2993875140625 0.721401325
125 1 0.588847484375 0.976996603125 0.5912652390625001 0.9264935375000001 0.596573325 0.8935714484374999 0.619672409375 0.8745437765625 0.7002276328125 0.7622796765625 0.7905823984375 0.7604129359375 0.9596725703125 1 0.9378044546875 1 0.588847484375
1121 0.23986634218749997 0.8651290875000001 0.5169157171875 0.8477933249999999 0.77781908125 0.7889491421875 0.8479564249999999 0.7462275093749999 0.8565544859375 0.6785517828125001 0.25828740781250004 0.7414321859374999 0.211459171875 0.7817039328125001 0.1963163515625 0.8618508421875 0.23986634218749997 0.8651290875000001
1946 0.510266509375 0.22397727656250002 0.5489167296875 0.1806373078125 0.5613996421875 0.11255326562500001 0.5661128515625 0.045285853125 0.5166364375 0.022991667187500002 0.4661333734375 0.028299753125 0.4203317875 0.0409692265625 0.41582860000000005 0.072864665625 0.44320912031250004 0.183892090625 0.510266509375 0.22397727656250002
105 0.2210721546875 0.761054734375 0.8941780546875 0.6628140859375 0.842532159375 0.134066015625 0.1661597453125 0.20122785312499997 0.2210721546875 0.761054734375
1917 0.05106090625 0.1151310609375 0.03163665 0.11717263281250001 0.012620709375 0.12309905624999999 0.0158872234375 0.1541778640625 0.027740068750000003 0.1922097484375 0.067405209375 0.19589630625 0.073541653125 0.1795402734375 0.082746321875 0.15500622343749998 0.0733433625 0.1402834484375 0.0717101046875 0.12474404375 0.05106090625 0.1151310609375
278 0 0.3836581484375 0.09395736875 0.37378283125 0.08190623124999999 0.296494121875 0 0.30166740000000003 0 0.3836581484375
278 0.0281014609375 0.4946098015625 0.10579848437499999 0.48644351406249997 0.0933390328125 0.4052699546875 0.0544905203125 0.40935309843749995 0.0238200265625 0.4165044640625 0.0281014609375 0.4946098015625
278 0.015816840625000002 0.60195066875 0.1168229703125 0.5913344953124999 0.1031385765625 0.4985063828125 0.0064256109374999995 0.5125990921875 0.015816840625000002 0.60195066875
278 0.03051615625 0.741805309375 0.13152228593749998 0.7311891375 0.11620463437499999 0.62282161875 0.05834018125 0.6328311859375 0.0564969015625 0.6526637546875 0.0219415546875 0.6602234359375 0.03051615625 0.741805309375
278 0.046242121875 0.854057678125 0.050733579687499995 0.896791040625 0.0654563546875 0.8873880812499999 0.08447229687499999 0.881461659375 0.12413743749999999 0.88514821875 0.150514765625 0.874520315625 0.1335638578125 0.7506133937499999 0.0372592078125 0.768590953125 0.046242121875 0.854057678125
1636 0.6359345984375 0.7095954015625 0.657365234375 0.9508644859375 0.706433334375 0.969273821875 0.7530515484375 0.96437405 0.7524449421875 0.9212323734375 0.7483618 0.8823838609375001 0.7520483578125 0.842718721875 0.7706559859375 0.832907446875 0.7680078078125 0.7703415140625001 0.754731728125 0.681398253125 0.7306059921875 0.6760784359375 0.7030037203124999 0.675051784375 0.6719249109375001 0.6783183 0.6334847124999999 0.68628629375 0.6359345984375 0.7095954015625
1354 0.3662466125 0.7222296828125 0.3962987703125 0.7465654421875 0.43392233906250005 0.7308277453125 0.4637762046875 0.7159066765625 0.49281344374999997 0.6932159062500001 0.4709393015625 0.671948371875 0.4104266703125 0.6193920046875 0.3646250859375 0.632061478125 0.31493864843749997 0.6451392671875 0.3662466125 0.7222296828125
1354 0.41512815 0.6267533921874999 0.4378189203125 0.6557906296875 0.4897452203125 0.7013939234375 0.47624738750000006 0.7224514359375 0.5461747078125 0.715101778125 0.6203951937500001 0.7112286578125 0.5913696875000001 0.6592906281250001 0.576250328125 0.5901799359375001 0.5455798328125 0.5973313015625 0.4791290484375 0.6003877937500001 0.42433281875000006 0.6022193421875001 0.41512815 0.6267533921874999
1354 0.3086039125 0.6222384734374999 0.23601668281250002 0.641651 0.28303148125 0.7152648796875 0.3108320453125 0.75554835625 0.34927224218749997 0.7475803625 0.3752412578125 0.7330676078125 0.3349695109375 0.686239371875 0.31187042656249997 0.6533172828125 0.3378394421875 0.6388045296875 0.3762796390625 0.6308365359375 0.3905941 0.617548725 0.3613585703125 0.6009826687500001 0.3086039125 0.6222384734374999
1354 0.7291944875 0.5505382562500001 0.738387425 0.60063300625 0.7694662343750001 0.5973664921874999 0.8074981171875001 0.585513646875 0.815664403125 0.6632106703125 0.8332453796875001 0.68100166875 0.851036378125 0.6634206921875 0.8594244171875 0.631116940625 0.8688391062499999 0.571210915625 0.847385009375 0.47919943125 0.8191644015625 0.509659903125 0.7786826328124999 0.49820364218749996 0.7343160125 0.4871556953125 0.7291944875 0.5505382562500001
1354 0.537413546875 0.5196342781250001 0.5400617234375 0.5822002109375 0.556826071875 0.5922215078125 0.581360121875 0.6014261750000001 0.5919880234375 0.6278035046875 0.601589275 0.6817831062499999 0.6385945078125 0.6975325328124999 0.6388045296875 0.6621605578125 0.63983118125 0.6345582859375 0.6386062375 0.6229037328125 0.670909990625 0.631291771875 0.6715283265624999 0.5998046484375 0.7371624812500001 0.588978453125 0.7318543953125001 0.5384753890625 0.7093619171875 0.5486949765625 0.6533407437500001 0.538871971875 0.6067225296875 0.54377174375 0.5502930421875 0.5300638890625 0.537413546875 0.5196342781250001
1354 0.4454020609375 0.541088375 0.40655355000000004 0.5451715187499999 0.3715898890625 0.548846346875 0.3366262296875 0.5525211750000001 0.339076115625 0.5758302828125 0.35358886875 0.6017992984375 0.376897975 0.5993494125 0.413086578125 0.6073291359375 0.4480502390625 0.6036543078125 0.5028464703125 0.601822759375 0.5335169640624999 0.59467139375 0.5508996484375001 0.573205565625 0.5480414484375 0.5460116078125 0.5249423640625 0.51308951875 0.4791407796875 0.5257589921875 0.4454020609375 0.541088375
1354 0.2554409390625 0.639609428125 0.28611143437500003 0.6324580625 0.33927440625 0.6150871078125 0.38691927187499997 0.5825850640625 0.386312665625 0.5394433875 0.37997792812500003 0.5165425953125 0.3411294171875 0.5206257375 0.311683865625 0.53943165625 0.2826466265625 0.5621224265625 0.24993456093750002 0.5498495375 0.21763080937499998 0.5414614984375 0.2151691921875 0.5927811921874999 0.22620540937500003 0.6230433718749999 0.2554409390625 0.639609428125
1917 0.9159477484374999 0.0477943921875 0.9218741703125 0.0668103328125 0.9153294109375001 0.07928151562499999 0.9143027609375001 0.10688378750000001 0.9449732546874999 0.099732421875 0.9592060546875001 0.085667640625 0.95397963125 0.0359415453125 0.9306705234375 0.038391431250000004 0.9159477484374999 0.0477943921875
278 0 0.28546398125 0.0798646609375 0.2770698671875 0.075583225 0.1989645296875 0.025080160937500002 0.20427261562500001 0.022828567187500003 0.220220334375 0 0.2226197140625 0 0.28546398125
278 0.0047923546875 0.4970596875 0.0195151296875 0.4876567265625 0.018091895312500002 0.4367453484375 0.002552490625 0.43837860468749995 0.0047923546875 0.4970596875
1946 0.5075948718750001 0.31066894375 0.4797825765625 0.34501426875 0.46750968593750003 0.37772633437500003 0.4738444234375 0.4006271265625 0.48958212031250004 0.43825069531249994 0.48119408124999996 0.47055444843750005 0.5852684328125 0.45176025937500003 0.5793420109375 0.4327443171875 0.5773004390625001 0.4133200625 0.5895733296875 0.3806079953125 0.5840552203125 0.3654769046875 0.5703590953125001 0.3472775921875 0.5644326734375 0.3282616515625 0.5356054578125 0.315580446875 0.5141396312500001 0.29819776249999996 0.5075948718750001 0.31066894375
369 0.6692767328125 0.6157523671875 0.68317115 0.6732085062500001 0.6915591890624999 0.640904753125 0.734700865625 0.640298146875 0.7285761515625 0.5820253796875 0.65905714375 0.5932598890625 0.6692767328125 0.6157523671875
316 0.69278413125 0.6525593062499999 0.7042286625 0.6867063390625 0.7698628171874999 0.6758801437499999 0.7618948234375 0.637439946875 0.69278413125 0.6525593062499999
1923 0.6367629578125 0.642736303125 0.6302181984375 0.655207484375 0.6439143234375 0.6734067968749999 0.660678671875 0.68342809375 0.6960506453125 0.683638115625 0.6858310578125 0.6611456375 0.6794963203125 0.6382448453125 0.6635486015625001 0.6359932515625 0.6615070296875001 0.6165689953125 0.6308365359375 0.6237203609375 0.6367629578125 0.642736303125
255 1 0.580654378125 0.96411710625 0.580835628125 0.9451011640625 0.5867620515625 0.9195404640625 0.60515965625 0.886618375 0.628258740625 0.8825235015624999 0.6640390296875001 0.87188386875 0.7122905 0.86042760625 0.75277226875 0.8283221468749999 0.78364105625 0.7996932234374999 0.8102166765625001 0.7726975578124999 0.8523317031250001 0.77514744375 0.8756408109375 0.8000898078124999 0.8887303296875 0.8031463000000001 0.9551811125 0.9822577671875001 0.9402835062499999 0.972049909375 0.8431622265625001 1 0.8364031531249999 1 0.580654378125
423 0.37187484843749996 1 0.3694779359375 0.9771948937499999 0.33758249687499997 0.97269170625 0.334724296875 0.9454977484375 0.34474559375 0.9287334015625 0.331866096875 0.918303790625 0.3206198578125 0.923413584375 0.27685984375 0.9555073140625 0.2647969765625 0.9528474062500001 0.24946759375 0.9191086890625 0.26378205625 0.905820878125 0.250902559375 0.8953912671875001 0.1795402734375 0.9264583468750001 0.1650275203125 0.90048933125 0.107781403125 0.8790117734375 0.085288925 0.8892313609375 0.12453402031250001 0.9636618703125001 0.13950375625 1 0.37187484843749996 1
278 0.9408666515625 0.2101415109375 0.9719454609374999 0.20687499687500002 0.9629625453124999 0.121408271875 0.9353602734375001 0.12038162031249999 0.9408666515625 0.2101415109375
278 0.9574209765624999 0.25553478281249997 0.9510862390625 0.2326339890625 0.944133165625 0.2412203203125 0.9535243953125001 0.330571896875 0.9846032046875001 0.3273053828125 0.9757223671874999 0.24280987031249998 0.96437405 0.2469484515625 0.9574209765624999 0.25553478281249997
278 0.9688537765625 0.3643106140625 0.9571992234375 0.3655355578125 0.9657738234375 0.44711743125 0.9968526328125 0.4438509171875 0.9873593250000001 0.353528128125 0.9753985359374999 0.35183943281249996 0.9688537765625 0.3643106140625
278 1 0.4737961171875 0.9998469375000001 0.472339825 0.9923494453125 0.4757463546875 0.9837631140624999 0.46879328124999997 0.968223709375 0.47042653906250004 0.978023253125 0.5636629656250001 1 0.5613531171874999 1 0.4737961171875
407 0.4737961109375 0 0 0.049797978124999996 0 0.1164463609375 0.9515297453124999 0.0126324390625 0.9502020218749999 0 0.4737961109375 0