2011 0.9142918984374999 0.285705721875 0.0501877015625 0.2460928859375 0.0612515703125 0.65611849375 0.9156356000000001 0.586509334375 0.9142918984374999 0.285705721875
1373 0.1585323109375 0.8575763937499999 0.1731323296875 0.7987188734374999 0.16416207031250002 0.7324590843750001 0.1549191171875 0.650576675 0.0722868 0.616857421875 0.0217178046875 0.6294606421875 0.018610464062500002 0.8990871890625 0.0303274296875 0.89888266875 0.1158428 0.8739489218750001 0.1585323109375 0.8575763937499999
1373 0.9226772343749999 0.76610129375 0.9607111828124999 0.7068347328125 0.9634578890625001 0.6403704234375 0.9623671125 0.5778799421875 0.8992630703125 0.543819821875 0.8759654875 0.5520401734375 0.8375224984375 0.587872803125 0.8427234484374999 0.6620120765624999 0.8953376484375 0.7665785078125 0.9226772343749999 0.76610129375
1754 0.8543040671875 0.6539962453125 0.8534178125 0.6032227296875 0.8218998781250001 0.588145496875 0.7633150515625 0.5891681 0.6931496078125 0.59820653125 0.5486403703125 0.6007289499999999 0.4862180625 0.6057253796875 0.35335761718750003 0.6041376234375 0.22145160000000003 0.6572290359374999 0.24186613124999998 0.707661684375 0.320456446875 0.7336378015625 0.34003312812500003 0.9598931015625001 0.36732430781250003 0.7328197203125 0.8272371749999999 0.6700960796875 0.8263993265625 0.8459187312499999 0.8543040671875 0.6539962453125
423 0.5179889234374999 0.8591157453125 0.52121284375 0.8199910203125 0.5676716640625 0.795739009375 0.5796613234375 0.811157109375 0.5802067109375 0.8424023500000001 0.585203140625 0.90482465625 0.61342898125 0.9551209578125001 0.628983428125 0.950942609375 0.632002828125 0.9001009203124999 0.6349540546875 0.8453535765625 0.6340678 0.7945800609375 0.6372917203124999 0.7554553359375 0.644080428125 0.6967341640625 0.6035240625 0.6114914859375 0.51787234375 0.6286139234375 0.502931459375 0.6679431671875 0.48799057343749996 0.7072724125 0.4183705171875 0.747556084375 0.39938762968749997 0.7791421921875 0.400001190625 0.8142930875 0.42177919062499997 0.9428388375000001 0.44117111875 0.9346866609375001 0.4401485171875 0.8761018343750001 0.438512353125 0.7823661125 0.47838698593749995 0.8285522390625 0.47893237343750006 0.8597974796875001 0.49194463437499997 0.9338004046874999 0.5081126421875 0.9647729515625001 0.5179889234374999 0.8591157453125
423 0.71635925 0.8087710375 0.7548704125000001 0.7768440625 0.8075527859375 0.8853161500000001 0.7868171562499999 0.5926647140625 0.6973961296875 0.617666634375 0.6832051531250001 0.699958084375 0.640515640625 0.7163306125 0.6297531046875 0.7712143031250001 0.676893659375 0.7860188421875 0.7064829687499999 0.9144282453124999 0.71635925 0.8087710375
423 0.2537678484375 0.9418646421875 0.2983859859375 0.81215994375 0.3373061890625 0.8036668984374999 0.394235084375 0.9315990875000001 0.397663525 0.904191328125 0.400546578125 0.8455383281250001 0.372457084375 0.8030533375 0.3912354515625 0.7597502640625 0.3089440015625 0.7455592875 0.27399762656250004 0.7578898125 0.2680467671875 0.640788334375 0.21295855625 0.6183088328124999 0.2229514171875 0.7431534484375 0.2027898125 0.93103393125 0.2472716015625 0.7935179234375 0.2631669171875 0.80886785 0.2265646109375 0.950153165625 0.2537678484375 0.9418646421875
300 0.6157864140625 0.6425322062500001 0.6585441000000001 0.6300653328125 0.6699883718749999 0.6142381921875 0.6579305390625 0.5949144375000001 0.6378568765625 0.5640100640625 0.6372433140625 0.52885916875 0.6291593109375 0.5133728953125 0.6135366906249999 0.5136455890625 0.5666688296875 0.514463671875 0.5123987 0.5388520296875 0.501090775 0.56249048125 0.501499815625 0.5859244109375 0.4791566609375 0.6488239328125001 0.4832668359375 0.660472725 0.5146484234375001 0.667738646875 0.5809082125 0.6587683875 0.6157864140625 0.6425322062500001
436 0.790790984375 0.5965021953125 0.8063454312499999 0.5923238468750001 0.8144976093749999 0.611715775 0.8458110218750001 0.6150760421875 0.8450611140625 0.5721138359375 0.825464665625 0.5685490484375 0.7981250796875 0.5690262625 0.7865444625 0.57704209375 0.790790984375 0.5965021953125
436 0.45093082031250004 0.59852763125 0.4390093359375 0.5870151859375 0.42325036875000005 0.5794765703125 0.392005128125 0.5800219578125 0.36466554218749997 0.580499171875 0.333488475 0.5849502156249999 0.32965099375 0.58892404375 0.3260180328125 0.6046148375 0.3304009015625 0.63188625 0.36157796875 0.62743520625 0.42016279531249995 0.6264126046875 0.443596725 0.6260035640625 0.43537637343749996 0.6027059796875001 0.45093082031250004 0.59852763125
369 0.4749101390625 0.62936383125 0.4634658671875 0.645190971875 0.4714816984375 0.656771590625 0.49477928125000004 0.6485512390625 0.48662710468750003 0.6291593109375 0.48499094062500003 0.5354235890625 0.49252955781249996 0.519664621875 0.47300128125 0.5200054890625 0.4749101390625 0.62936383125
369 0.6466226140625 0.6185528890625 0.642989653125 0.6342436828125 0.6625861015625001 0.6378084703125 0.670261065625 0.6298608125 0.6715079546875 0.4774720921875 0.6443047171875 0.4857606171875 0.6466226140625 0.6185528890625
407 0.6398698515625 0 0.0030669140625 0.0085978359375 0 0.0682091546875 0 0.122715109375 0.06787529375 0.14029933125 0.16969501874999998 0.15414944218749999 0.3616175046875 0.18205418281250002 0.5728637453125 0.197901090625 0.733063775 0.199011634375 0.8816150140625 0.20423235312500002 0.9948108375 0.1983496671875 0.99134863125 0 0.6398698515625 0
410 0.24206178125000002 0.047401459374999996 0.2578207484375 0.054940076562499995 0.277417196875 0.058504864062499995 0.29694547187500003 0.058163996875 0.30845791718750004 0.046242510937499995 0.30811705 0.026714235937500004 0.284546771875 0.019311965625 0.2572071875 0.0197891796875 0.23781525937499998 0.0279413578125 0.24206178125000002 0.047401459374999996
410 0.6141216140625 0.09950980625 0.6182317890625 0.1111585984375 0.6415975453125 0.106843903125 0.6571519921875 0.102665553125 0.6608531281250001 0.090880415625 0.6450941609374999 0.0833417984375 0.625565884375 0.083682665625 0.6141216140625 0.09950980625
410 0.8920366843749999 0.1298203859375 0.8807287593750001 0.1534588375 0.9080683453124999 0.1529816234375 0.9314341015625001 0.1486669265625 0.9350670624999999 0.1329761328125 0.9154024406250001 0.125505690625 0.8920366843749999 0.1298203859375