423 0.4367356796875 0.6998572953125 0.31224421874999997 0.6879352703125 0.285237115625 0.692212775 0.32347113906249997 0.8087603 0.333667640625 0.8981089953125 0.320906921875 0.9673641078124999 0.342030925 0.9758832203125 0.354564021875 0.8552499156250001 0.39944804375 0.8639607515625001 0.42083556875 0.9989962671875 0.44012635624999996 0.9959409062500001 0.42706621875 0.8635414046875001 0.5480829734375 0.8285544671875 0.565612340625 0.9642010546875 0.583680984375 0.953429378125 0.5413252828124999 0.7109765234375 0.4367356796875 0.6998572953125
1699 0.527043 0.57086070625 0.5124131671875001 0.553403134375 0.50710524375 0.4949196984375 0.4752095625 0.46833194218749996 0.44312215781250003 0.4655042046875 0.3978546859375 0.5043134031250001 0.3944158765625 0.53254265 0.418786965625 0.5365925328125 0.44904115468750005 0.5278457984375 0.44277460625 0.58816245 0.527043 0.57086070625
423 0.6491619703125 0.7176265203125001 0.6773071859375001 0.9702399796875 0.8078734703125001 0.9456053703125 0.8882837078125 0.928914696875 0.9396619015625 0.928687075 0.9583416171874999 0.92177355625 0.9369899890625 0.8618762515625 0.9438676109375 0.8054177578124999 0.9399376578125 0.6557524078125 0.917591509375 0.63951698125 0.84875574375 0.6543744375 0.74905471875 0.6741204703125 0.666619540625 0.7029966875 0.6491619703125 0.7176265203125001
1050 0.715445753125 0.461921803125 0.7404279140625001 0.46982984375000003 0.7560881671875 0.518763746875 0.7731622890625001 0.5516539500000001 0.765865321875 0.58049426875 0.7733899109375 0.6030321421875 0.8081133296875 0.5975324921875 0.8282069140624999 0.574575271875 0.8052496937500001 0.5544816875 0.8293931609375 0.5071533765625 0.82530738125 0.45638625624999996 0.8510923390625 0.4443924359375 0.8065917671875 0.3881615640625 0.737756003125 0.4030190203125 0.715445753125 0.461921803125
436 0.6592148796874999 0.506422375 0.6714363234375 0.5835855265625 0.7542908484375 0.582327484375 0.7711373484374999 0.56383949375 0.7493663734375 0.4763240140625 0.7044823515624999 0.46761317656249995 0.663875834375 0.48590944374999995 0.6592148796874999 0.506422375
268 0.64889845 0.5911101171875 0.6919492546875 0.58824648125 0.7112400421875 0.5851911203125 0.7209812999999999 0.57178343125 0.707573609375 0.562042175 0.6683809625 0.5642947390625 0.6375157015624999 0.569183315625 0.6097058015625 0.59336268125 0.64889845 0.5911101171875
1250 0.39907683125000004 0.5120297171875 0.4315476859375 0.46733742031250003 0.45855478906249997 0.463059915625 0.4892283234375 0.48193135624999994 0.5140187609375 0.5135994140625 0.61757794375 0.49324230937499997 0.582327484375 0.2457091515625 0.3632153 0.26063840312500003 0.39907683125000004 0.5120297171875
407 0.46064914375 0 0 0.07295965625 0 0.1104340609375 0.1935762953125 0.1134891375 0.2110338671875 0.09885930468750001 0.6411584734375 0.11774298125 0.8596191031249999 0 0.46064914375 0
581 0.7563280265625 0.17069087031250002 0.7873009796875 0.391216925 0.8116720687500001 0.3952668078125 0.8421538796875 0.437898265625 0.8622474656250001 0.41494104531250003 0.8616004953124999 0.3359446765625 0.8578981656250001 0.23765752031249998 0.9137455875 0.24067698437499999 0.959013059375 0.2018677859375 0.929681596875 0.016676221875 0.7349763984375 0.110793565625 0.7563280265625 0.17069087031250002
627 0.505727271875 0.5861016109375 0.3800495625 0.64160148125 0.3835242703125 0.6885104453124999 0.49644126093749996 0.7022656859375 0.5476277281249999 0.72579808125 0.569015253125 0.8608335968749999 0.5935780671875001 0.8411234609375 0.6553085890625 0.8313463062500001 0.6500006640625 0.7728628703125 0.6505758390625 0.7015828187500001 0.708448203125 0.6924167359375 0.7837781374999999 0.6686208203125 0.8249957265625 0.6541827125 0.8828680906249999 0.6450166296875001 0.92652996875 0.6460111515625 0.9179749578124999 0.5919969453125 0.9002897640624999 0.5552485859375 0.505727271875 0.5861016109375
284 0.10699496718749998 0.8153621640625 0.1311743328125 0.8431720640625 0.29910005 0.8047104171875 0.22894668437500001 0.18698585625 0.21695286406249997 0.16120089843750002 0.010026223437499999 0.17815509062499998 0.10699496718749998 0.8153621640625
278 0.0724396125 0.322512515625 0.2131665015625 0.312088390625 0.202778275 0.2464997125 0.0703787734375 0.25955985 0.0724396125 0.322512515625
278 0.8290097109375001 0.5546734125 0.8430284734375 0.5682728265625 0.85888045 0.5934467125 0.9084254265625 0.5816446171874999 0.9098392953125 0.5656009156249999 0.8811907015625 0.5345439296875 0.8651469984375 0.5331300609375 0.822707265625 0.5398518546875 0.8290097109375001 0.5546734125
410 0.5824210265625 0 0.57916443125 0.0010037328125 0.578361634375 0.0209055921875 0.595016409375 0.02617761875 0.614307196875 0.023122257812499998 0.6285176828125 0.0129616546875 0.6228263093749999 0.0019982546875 0.6190474640625 0 0.5824210265625 0
278 0.2306118375 0.696909628125 0.240388990625 0.7586401484375 0.2505495953125 0.772850634375 0.2775566984375 0.7685731296875 0.269804484375 0.6946570640624999 0.242186309375 0.6950764109375 0.2306118375 0.696909628125
278 0.190928046875 0.5212675953125 0.1781314296875 0.515384496875 0.1685818984375 0.5050321671875 0.1415747953125 0.5093096734375 0.1413830703125 0.533069690625 0.14707444375 0.5440330906249999 0.15276581718749999 0.5549964921874999 0.24475052812500003 0.536472603125 0.2355844453125 0.4786002390625 0.18603946875 0.49040233437499997 0.190928046875 0.5212675953125
278 0.0934077890625 0.4299298546875 0.11269857812499999 0.42687449375000003 0.100285409375 0.3734713609375 0.08038355 0.3726685640625 0.0934077890625 0.4299298546875
1699 0.15936768125 0.7714726640625 0.149626425 0.7848803531249999 0.1636451859375 0.7984797671874999 0.1790778171875 0.7960354781250001 0.1971464609375 0.7852638015625 0.1991714015625 0.7730782578125 0.2005852703125 0.7570345546875 0.18717758125 0.7472932984375 0.1749920375 0.7452683578125 0.1613926234375 0.75928711875 0.15936768125 0.7714726640625
1699 0.16277059375 0.66810520625 0.17820322500000002 0.6656609171875 0.21292664218750001 0.66016126875 0.2277482015625 0.653858821875 0.21758759687499998 0.6396483359375 0.22671778125 0.6223824890625 0.233211953125 0.6134440296875 0.21919319062499998 0.599844615625 0.19745811562499999 0.587467346875 0.182025484375 0.589911634375 0.172284228125 0.6033193234375 0.15868481406249998 0.617338084375 0.16277059375 0.66810520625
1699 0.1096432171875 0.40758370624999996 0.1281312078125 0.42443020625 0.14619985156249998 0.41365852968750005 0.15636045468749998 0.42786901562499996 0.1839786296875 0.42744966875 0.20407221562500003 0.4044924484375 0.20995531406249998 0.39169583124999996 0.197158696875 0.3858127328125 0.1754236203125 0.3734354625 0.154299615625 0.36491635 0.144558359375 0.378324040625 0.1279035859375 0.3730520125 0.11491524374999999 0.39092893281249996 0.1096432171875 0.40758370624999996
278 0.124800090625 0.678074084375 0.152418265625 0.6776547374999999 0.1420300390625 0.6120660578125 0.11827002187499999 0.6118743328125 0.124800090625 0.678074084375
1373 0.3126276671875 0.640415234375 0.3183190421875 0.6513786359375 0.2919230109375 0.6595142984375 0.27893466875 0.6773912171875 0.2988365296875 0.6781940140625 0.34249840625 0.6791885359375 0.36748056875 0.687096575 0.3650362796875 0.6716639453125001 0.39529046874999996 0.6629172109375 0.36583907656250003 0.6517620859375 0.38734653125 0.6127611625 0.377797 0.602408834375 0.37130282812500004 0.61134729375 0.35384525624999996 0.6259771265625 0.3501788234375 0.60282818125 0.33474619375 0.6052724703125001 0.33211018124999997 0.61359985625 0.3185107671875 0.6276186187499999 0.2774849015625 0.618296709375 0.3126276671875 0.640415234375
2001 1 0.4606491453125 0.9617192359375 0.21895391250000001 0.94014161875 0.232541321875 0.9279560734375 0.2305163796875 0.906029271875 0.24189912812499997 0.87902216875 0.2461766328125 0.9295494312500001 0.5901637296875 1 0.5963722640625 1 0.4606491453125