1225 0.311737390625 1 0.43193314687499995 0.9925185734375 0.4187993953125 0.965825609375 0.39314520625 0.9241423703124999 0.3841167890625 0.901145865625 0.37837595625 0.8662422328125 0.338549240625 0.8526830203125 0.3104252140625 0.8385104953125 0.24821530625000002 0.8456823890624999 0.21249392500000003 0.8358196343750001 0.1660920390625 0.846074675 0.1352937421875 0.8555119671875 0.092792753125 0.8655625718750001 0.0667131015625 0.8903990125 0.040429010937499996 0.9113345562499999 0.0379591765625 0.9388452703124999 0.0391858 0.96225065 0.03261063125 0.9860649046875001 0.033340939062500005 1 0.311737390625 1
208 0.020957703124999998 0.7637137968750001 0.367524190625 0.733816184375 0.366910878125 0.7221134953125 0.329962871875 0.6888453609375 0.0143991203125 0.713206578125 0.020957703124999998 0.7637137968750001
1849 0.3505227171875 0.5586847125000001 0.3566558375 0.6757116109375 0.3691762765625 0.690701884375 0.41947905781249994 0.68024240625 0.4186613078125 0.6646388203125 0.409445040625 0.5634199453125001 0.3973334765625 0.5562314640625 0.38769174687499997 0.5215322687499999 0.36428636718749996 0.5227588937500001 0.3505227171875 0.5586847125000001
1844 0.402836696875 0.7358771453124999 0.46504660624999994 0.7287052515625 0.439801290625 0.69482380625 0.373690484375 0.7022001375 0.402836696875 0.7358771453124999
581 0 0.396892778125 0.00295063125 0.4947563671875 0.026969321875 0.505232434375 0.081581875 0.5023703109375 0.1199775296875 0.48862324843750005 0.14728380624999998 0.4871921859375 0.179104290625 0.497259378125 0.229815946875 0.49460169218749994 0.28751164687499997 0.47593154687499994 0.3293993234375 0.454178253125 0.322431865625 0.395869240625 0.29595992656250003 0.338582415625 0.23088789531249998 0.29114175625 0.1629371546875 0.26341001875000003 0.08491922187499999 0.2674987640625 0.038721775 0.28165470312499996 0 0.316875721875 0 0.396892778125
1849 0.66605329375 0.682966440625 0.75207745625 0.6823697171875 0.7365070453125 0.5345445203125 0.66588203125 0.5304225984375 0.66605329375 0.682966440625
1146 1 0.48690703125 0.9889293515625001 0.2756664734375 0.799788903125 0.32391268906250004 0.8124474296875001 0.640089753125 1 0.6847348984375 1 0.48690703125
1844 1 0.7284343796875 0.8840780421875 0.73803763125 0.901112690625 0.7645261578125 0.9325243000000001 0.7667915562500001 0.9756386015625 0.7684436421874999 1 0.7671669156250001 1 0.7284343796875
544 1 0.73354949375 0.8023802390625001 0.6719102375 0.6588648125 0.6950780062499999 1 0.8313506859375 1 0.73354949375
351 1 0.842695428125 0.663379021875 0.7065762578125 0.66600353125 0.9059308609375 0.775620925 0.9823298812499999 1 0.9671064140625001 1 0.842695428125
376 0.45068623125 0.6786069078125 0.45991908437499995 0.705504309375 0.4841422140625 0.7198812718750001 0.5114484906250001 0.7184502109375 0.5422467890625 0.7090129187499999 0.5412246015625 0.6895084359375 0.53568820625 0.6585057 0.5194713078125 0.647620759375 0.48395436406250003 0.6416589015625 0.4658809421875 0.669987365625 0.45068623125 0.6786069078125
1373 0.417058984375 0.4847887015625 0.44908390625 0.4987567890625 0.4622176578125 0.525449753125 0.4568691125 0.5726693875 0.45870904843750004 0.60777745625 0.43981787656250004 0.6205023328125 0.43324270781249996 0.6443165875 0.44596758437500006 0.663207759375 0.48168896562499997 0.6730705125 0.5011934499999999 0.6720483265625 0.504481034375 0.6601411984375 0.518653559375 0.6320171734375 0.5139349125 0.6166180234375 0.4979224515625 0.6096339796875 0.49299936874999994 0.590333934375 0.49424257968749996 0.539417840625 0.5197089203124999 0.502878709375 0.525466340625 0.46346086875000003 0.5710504765625 0.4376022421875 0.5926159203125 0.4012675484375 0.5944724421875 0.36205414375 0.5807253796875 0.323658490625 0.5599942734375001 0.301275296875 0.539058728125 0.27499120781249997 0.5039506593749999 0.27683114375 0.4723346109375 0.2706648484375 0.4335300828125 0.27661011874999997 0.3834317375 0.29097049375 0.35016360468749996 0.3279185 0.3637062296875 0.36241325625 0.37806660625 0.4125116015625 0.38852608437499997 0.46281438281250004 0.417058984375 0.4847887015625
410 0.3754586828125 0.13883552500000002 0.40276495937499995 0.1374044640625 0.397841875 0.11810441875 0.38593474843750003 0.11481683437500001 0.36212049375 0.10824166406249999 0.35513645 0.12425412499999999 0.3754586828125 0.13883552500000002
100 0.4436690125 0.8432623156249999 0.5368816562500001 0.8305540265625 0.5280742640625 0.73713694375 0.438966953125 0.7535416921875 0.4436690125 0.8432623156249999
410 0.7558734406250001 0.23233554375 0.7646974203125 0.25143115312500003 0.784406340625 0.2543098625 0.8117126171875 0.2528788015625 0.8186966609375 0.236866340625 0.8061762218749999 0.221876065625 0.7788699453125 0.2233071265625 0.7558734406250001 0.23233554375
376 0.6110318671875 0.6780267703125 0.597898115625 0.65133380625 0.5878475109375 0.6088328187500001 0.5901129093749999 0.5774212078125001 0.5886818484375 0.55011493125 0.5839632015625 0.5347157828125 0.5695862390624999 0.5589389109375 0.5628066328125 0.5788522687500001 0.560966696875 0.5437442 0.5523471546875001 0.5285494875000001 0.5371524421875 0.5371690296875 0.539401253125 0.58007889375 0.5410367515625001 0.611286065625 0.55047404375 0.6420843640625 0.540406853125 0.67390485 0.5490263953125 0.6890995609375 0.5650388562499999 0.6960836046875001 0.5925495703125 0.698553440625 0.627044328125 0.6850108140625 0.6110318671875 0.6780267703125
2001 0 0.36381699375 0.005216028125 0.46334475781249995 0.309281528125 0.44349774999999997 0.3168788828125 0.439187978125 0.29882204843750004 0.3931949671875 0.28117408906249997 0.3550037515625 0.2563376484375 0.32892409843750003 0.2278047484375 0.3069497796875 0.1955753890625 0.28908079531249997 0.1557486734375 0.2755215828125 0.1403495234375 0.280240228125 0.0861458453125 0.29090414375 0.06294490312499999 0.296031665625 0.0327599171875 0.317171646875 0 0.3455241515625 0 0.36381699375
819 0.3941839796875 0.8693253796875 0.38473009999999996 0.9128485546875 0.45143762968749995 0.9914963875 0.7559120046875 0.979451171875 0.655118590625 0.922147759375 0.6578094515624999 0.8242164687500001 0.4440778859375 0.8510641078125 0.3941839796875 0.8693253796875
407 0.4869070375 0 0 0.025517715625 0 0.179722359375 0.120469340625 0.124817675 0.5550711890625 0.2819752515625 0.6201598078125 0.2550944375 0.648283834375 0.26926696250000004 0.8082205953124999 0.26088503125 0.984660525 0.19421243125 0.9800976578125 0.1071477390625 0.63617226875 0.26207848125 0.6234473921875 0.24318730937500002 0.6150654624999999 0.0832505484375 0.7407017453125 0 0.4869070375 0