1057 0.31161001875 0.363556309375 0.48283098124999996 0.348576415625 0.414393046875 0.19379593906249998 0.3485799453125 0.2034750109375 0.31161001875 0.363556309375
1917 0.1618886953125 0.4001822546875 0.165293215625 0.43909611093749995 0.1560022234375 0.467357165625 0.17784231718750002 0.49289460468749996 0.2206475578125 0.48914963125 0.23027900156249997 0.4647799609375 0.2236639984375 0.433989328125 0.2205999296875 0.398966859375 0.20790441718750002 0.38831405937499996 0.21043399375 0.3724080640625 0.20415944375 0.3455088171875 0.17691974531250002 0.3478919828125 0.16728830156250002 0.3722616515625 0.17254149531250002 0.3874867421875 0.1618886953125 0.4001822546875
125 0.272546221875 0.72380053125 0.29672185156249997 0.686394896875 0.114654046875 0.6670332250000001 0.052003798437500005 0.5784063015625 0.013770846875000001 0.58959359375 0.05238834999999999 0.9861744671875 0.27852794687500004 0.8369911640625001 0.272546221875 0.72380053125
1956 0.5885757671875 0.6608609875 0.5559911468750001 0.1539595109375 0.5128454546875 0.1538130984375 0.4732506953125 0.14943485 0.43720686875 0.1408247625 0.343813615625 0.14899561249999999 0.225563828125 0.1867893265625 0.2441422828125 0.44396122499999996 0.250852540625 0.6551174 0.5885757671875 0.6608609875
255 1 0.50283294375 0.60642921875 0.506373334375 0.7953536921875 0.6937454890625 0.87605143125 0.6749218390625 1 0.5598425296875 1 0.50283294375
691 1 0.47816952187500006 0.960519946875 0.026910450000000002 0.9323865609374999 0.019078728125 0.8273191515624999 0.028270934375 0.7346068031249999 0.044224556250000005 0.6222911140625 0.10502613281249999 0.645002621875 0.499077428125 1 0.49146948906250004 1 0.47816952187500006
1354 0.053120410937499994 0.7704460015625 0.12078218593750001 0.7370781640625 0.0283626609375 0.6667404 0.024471275 0.6670808515625 0.03332303125 0.7682568765625 0.053120410937499994 0.7704460015625
1050 0.386227246875 0.364870490625 0.384038121875 0.3846678703125 0.3931827015625 0.3995525078125 0.39862993593749996 0.4618146765625 0.38510710625 0.4865247984375 0.38325843437499996 0.5102135640625 0.36939515156249997 0.5310323 0.43978054375 0.528795546875 0.426063675 0.506468590625 0.43992695625 0.4856498546875 0.42757189531249995 0.4788884390625 0.409963640625 0.456901934375 0.4158501109375 0.3897270234375 0.40602462812500006 0.367059615625 0.48706281875 0.35212735 0.41507395156250004 0.20157870937500003 0.34926084999999996 0.21125778125 0.3161823078125 0.370998628125 0.386227246875 0.364870490625
1754 0.4321920796875 1 0.7219007015625001 0.9746537796875 0.8289155687499999 0.80844434375 0.8233219234375 0.7893278671874999 0.7639297828125 0.7827604921875 0.44853351406249997 0.7633000359375 0.3996477625 0.787182840625 0.1632511296875 1 0.4321920796875 1
1650 1 0.5031846625 0.8653033765625 0.5072518078125 0.8257086171875001 0.5028735578125 0.77546105625 0.511190821875 0.681046446875 0.507687515625 0.583761809375 0.5161988187500001 0.5250505734375001 0.517414215625 0.5027712453125 0.62131385625 0.43121808437500003 0.6550221453125 0.42902895937499996 0.674819525 0.44561585781249996 0.6851318734375 0.46375860468749996 0.7580468421875 0.8349960796874999 0.7883065109375 0.8274073484375 0.8360244937499999 1 0.8570455375 1 0.5031846625
322 0.2650051171875 0.8617012859375001 0.260286415625 0.8974046609374999 0.314084909375 0.8848555593749999 0.34132460781249996 0.8824723953125 0.3822811765625 0.9024161859375001 0.40241900781249995 0.9084966968750001 0.40645680625 0.8650105515625001 0.456704365625 0.8566932890625001 0.48632722968750003 0.8815498234374999 0.5001905109375 0.8607310859374999 0.5174583140625 0.87882620625 0.517604725 0.8356805125 0.5135193 0.7889838859375 0.38661179843750004 0.7726386546875 0.328094603125 0.8208911296875 0.2650051171875 0.8617012859375001
1250 0.12721020624999999 0.09344370156250001 0.10960195156250001 0.07145719687499999 0.0820218 0.0699489765625 0.0837716890625 0.1795886765625 0.1308087671875 0.1793946359375 0.12721020624999999 0.09344370156250001
1250 0.12896009375 0.2030834015625 0.093937625 0.2061474703125 0.10531895625000001 0.2914175 0.13679049375000002 0.29258526875 0.12896009375 0.2030834015625
1250 0.1427245921875 0.3155931296875 0.10347028437500001 0.315106265625 0.10706884531250001 0.4010572 0.1498740859375 0.3973122265625 0.1427245921875 0.3155931296875
1917 0.3911364609375 0.689898203125 0.3938600765625 0.7210292875000001 0.3962432421875 0.7482689859375 0.4167215265625 0.75824088125 0.439388934375 0.7484153984375 0.4444480890625 0.716603409375 0.43783308749999994 0.6858127765625001 0.423775765625 0.659594434375 0.429175371875 0.63167383125 0.438806815625 0.6073041625 0.40344389375 0.6064768453125 0.3846678703125 0.615961878125 0.3941529015625 0.6347379015625 0.3965360671875 0.6619775999999999 0.3911364609375 0.689898203125
1636 0.255084378125 0.6586683343749999 0.2404449375 0.49133875624999995 0.1665086125 0.4978073453125 0.1772566671875 0.6654773765625001 0.224293746875 0.6652833359375 0.255084378125 0.6586683343749999
683 0.832422403125 0.40033572656249994 0.8300392390625 0.37309602656249996 0.8066909250000001 0.3751387390625 0.8128190640625 0.4451836796875 0.8397183109374999 0.43890912968749995 0.832422403125 0.40033572656249994
1699 0.6751088203125 0.7983736625 0.6688342703125 0.771474415625 0.6657702 0.7364519453125 0.6523937828124999 0.718016375 0.6290454703125 0.7200590874999999 0.6197544781250001 0.7483201421875 0.6136739671875 0.768457975 0.5832237874999999 0.7789643625 0.5622586390625 0.8082467734375 0.6479167484375 0.8909395984374999 0.736397259375 0.87143504375 0.69578114375 0.8553826375 0.68104291875 0.8213815234374999 0.6751088203125 0.7983736625
1699 0.387372890625 1 0.49975127343750003 0.990168165625 0.5108909390624999 0.9382183453125 0.492261328125 0.9045576843750001 0.4732912640625 0.8670056374999999 0.444008853125 0.8460404890625 0.42066053906249995 0.8480832015624999 0.39867403437500004 0.8656914562500001 0.4010572 0.8929311546875001 0.37060701875 0.90343754375 0.35367966875 0.8892338093750001 0.3254186140625 0.8799428171875 0.29530888593750004 0.8943405906249999 0.2499740671875 0.9139915593750001 0.23917485468750002 0.9698327640625 0.2363737515625 1 0.387372890625 1
1506 1 0.8457499578125001 0.35124887656250003 0.7718113390625 0.0491778671875 0.9942976890624999 0.050256421875 1 0.4321920921875 1 1 0.9503232453124999 1 0.8457499578125001
1950 0.6283680953124999 0.39858230781250004 0.60501978125 0.400625021875 0.6070624953125 0.423973334375 0.63430219375 0.42159016875 0.6283680953124999 0.39858230781250004
1636 0.409619659375 0.7667045578125 0.44109119531249996 0.767872325 0.4552949296875 0.750944975 0.4498476953125 0.68868280625 0.41380386874999997 0.68007271875 0.41463118593750004 0.644709796875 0.4755315453125 0.6236970203125 0.47548391875 0.5335142484375 0.46667979062500003 0.522520996875 0.43486780156249993 0.5174618421875 0.35738054375 0.5281622703125 0.346387290625 0.5369663984375 0.353778453125 0.7559053453125 0.3703653515625 0.7662176921875 0.409619659375 0.7667045578125