524 0.4471942078125 0.3133868609375 0.3065574921875 0.3099280140625 0.21252710000000002 0.3128233109375 0.12629849843750002 0.316127484375 0.0156423328125 0.3377095140625 0.0095258 0.5290578859374999 0.26453172812500003 0.589361509375 0.47497570937500005 0.6043020218749999 0.600213275 0.6030422234375 0.7929927078125 0.5818524796875 0.9013834765625001 0.5288588375 0.9237500828125 0.47526847187500004 0.8945872828124999 0.4346240078125 0.8307252890625 0.3843378125 0.7112285546875 0.3506939796875 0.5757193593750001 0.324034190625 0.4471942078125 0.3133868609375
2001 0.19522166406250002 0.0459268421875 0.1843864859375 0.2526743640625 0.20533861875 0.300711746875 0.326879725 0.29534661406249996 0.4591013359375 0.3100992765625 0.5837255906250001 0.32054216874999997 0.6134851140625 0.2751624703125 0.6243202937500001 0.0684149484375 0.19522166406250002 0.0459268421875
1939 1 0.05568731406250001 0.792672159375 0.0655030640625 0.78101923125 0.287854171875 1 0.3325287765625 1 0.05568731406250001
423 1 0.46623985625 0.9387403578125 0.48778891093750004 0.8632420218749999 0.7341752984375 0.6456095609375 0.7071232203125 0.525107228125 0.76730534375 0.5210184812499999 0.8453232765625 0.8035517109375 0.9774785375 0.978462159375 0.9240594328125 1 0.5130929578125001 1 0.46623985625
669 0.7027968625 0.287666321875 0.749607621875 0.2901195703125 0.76824459375 0.0837809234375 0.764548134375 0.0796755890625 0.7179418125 0.0733214453125 0.7027968625 0.287666321875
1953 0.0380089375 0.28411914843749997 0.0903560921875 0.2555696609375 0.093593915625 0.044512368749999996 0.04698759375 0.038158225000000004 0.0380089375 0.28411914843749997
1699 0.37737035625000004 0.2275837234375 0.345754309375 0.2337500171875 0.344936559375 0.2493536046875 0.34801970781249997 0.265161628125 0.34699752031250003 0.2846661109375 0.3498762296875 0.30437503125 0.42419770312500005 0.30435844375 0.425424328125 0.2809530640625 0.45354835312499997 0.2667805390625 0.41884915781250004 0.2571388109375 0.4124784265625 0.229423659375 0.3968748390625 0.228605909375 0.3976925890625 0.21300232343749997 0.37798366875 0.21588103281249998 0.37737035625000004 0.2275837234375
669 0.035130228125 0.264410228125 0.086455196875 0.2553652234375 0.1018045828125 0.03711945 0.039594675 0.02994755625 0.035130228125 0.264410228125
436 0.57921138125 0.3320404203125 0.6609257734375 0.3402345015625 0.659887 0.2854175109375 0.5857699640625 0.2815332015625 0.57921138125 0.3320404203125
436 0.677347109375 0.3254486640625 0.687823175 0.34946735625 0.742231290625 0.356230375 0.7374960578125 0.2973080515625 0.687193275 0.286848571875 0.677347109375 0.3254486640625
436 0.8227024703125 0.3135083625 0.8116130921875 0.3011923609375 0.7691121046875 0.29114175625 0.7455188749999999 0.3681375015625 0.8036234500000001 0.37900585468750003 0.8227024703125 0.3135083625
436 0.8083420953125 0.36360670625 0.8225146203125 0.39173073125 0.8728174015624999 0.40219021093749996 0.893531921875 0.30548554375000003 0.842615828125 0.30672875624999996 0.8083420953125 0.36360670625
436 0.8832768812499999 0.3518874296875 0.8611147125 0.4015768984375 0.8837023421874999 0.41840710937500003 0.921689121875 0.439955965625 0.9356406234374999 0.3976594140625 0.950409871875 0.3397592765625 0.9477356 0.316149459375 0.900720403125 0.31759710937499996 0.8832768812499999 0.3518874296875
436 1 0.332363278125 0.9711409796874999 0.317376084375 0.9344139984375 0.42106479375 0.9635767984375001 0.46170925937499996 1 0.371424446875 1 0.332363278125
436 0.11788339375000001 0.3274212984375 0.20041553437499998 0.3200117921875 0.1995811984375 0.26129390625000004 0.12485085 0.2691122875 0.11788339375000001 0.3274212984375
436 0.034312478125000004 0.280013815625 0.0431530453125 0.3352396796875 0.106385140625 0.322907090625 0.10945170156249999 0.264393640625 0.05052937656249999 0.269128875 0.034312478125000004 0.280013815625
407 0.0372525484375 0 0.035080465625 0.041445809374999996 0.0823001 0.0360972640625 0.10119127187500002 0.048822140624999996 0.186602121875 0.0611215546875 0.6313043375 0.0844274109375 0.72492585625 0.08933390625 0.698846203125 0.064497465625 0.749762296875 0.063254253125 1 0.06548367499999999 1 0.0292288671875 0.5320193234375 0.0009918890624999999 0.5130929531249999 0 0.0372525484375 0