2001 0.563755009375 0 0.361800125 0.0761527140625 0.4416181078125 0.5063277921875 0.760911246875 0.450027796875 0.6851793703125 0 0.563755009375 0
2001 0.31179035625 0.0849707859375 0.0764508203125 0.12250098437500001 0.151743584375 0.5495074718749999 0.39093002499999996 0.511298959375 0.31179035625 0.0849707859375
1845 0.068458903125 0.6395565015625 0.0741083828125 0.6940914890625 0.15557170625 0.6836938171875 0.238846996875 0.6610771171875001 0.24699614687500002 0.6398076500000001 0.24994176562499998 0.6115226875 0.2374997625 0.5859509765625 0.2096701375 0.56309251875 0.17685995625 0.5569783078125 0.1612493609375 0.5359318156249999 0.1239139609375 0.5266490140625 0.09404000625 0.55968216875 0.0770633921875 0.598374196875 0.068458903125 0.6395565015625
208 0.179108478125 0.6597110984375 0.1546704203125 0.6560871671874999 0.1284203953125 0.6646822640625001 0.093342909375 0.6906999234375 0.053740203125 0.7135489890625 0.0435561140625 0.7232777390625 0.04830430625 0.7502060765625 0.6083540953125001 0.754583453125 0.7699335078125 0.6586619703125 0.7984508375 0.617935003125 0.790534053125 0.5955318859375 0.3207656609375 0.6307666046875 0.26758730000000003 0.6441098953125 0.2080717546875 0.666503621875 0.179108478125 0.6597110984375
1844 1 0.4562556671875 0.9415303875 0.12465801406250002 0.926142765625 0.1273712671875 0.889708653125 0.14569511562499998 0.8982943593750001 0.23937746875000002 0.9062017515624999 0.3292129171875 0.9190897015624999 0.4023041171875 0.9299427140625 0.46385460156249997 0.9317452875000001 0.5190679015625 0.9360381406249999 0.565909078125 0.9360287484375001 0.6333414078125 0.9348857046875001 0.7168396718750001 0.9437037765625 0.7668494406249999 0.973345365625 0.77748886875 1 0.7793696859375 1 0.4562556671875
1506 0.453763546875 1 0.4610098671875 0.998722278125 0.48839354375 0.9740612453124999 0.07815008749999999 0.919469909375 0.09011620000000001 1 0.453763546875 1
300 0.6615512390625 0.6063755046875 0.6760375734374999 0.5760556015625 0.669254440625 0.5375865484375 0.6421031296875 0.518574996875 0.6387115640625 0.4993404703125 0.6328297187499999 0.48847806718750003 0.610881940625 0.4764820125 0.598207571875 0.4945828859375 0.5692442953125 0.4877903625 0.5502327421875 0.5149416734375001 0.5221707531249999 0.5357558 0.5251069796875 0.574903165625 0.542529540625 0.5837306296875 0.558595475 0.58486428125 0.5787312890625 0.609079365625 0.6024910328125 0.6088563921875 0.6384698078125 0.610445384375 0.6615512390625 0.6063755046875
201 0.1671124234375 0.681658878125 0.1759398859375 0.6642363171875 0.1605522640625 0.6669495703125 0.13362392812499999 0.6716977625 0.1137110875 0.6712424234375 0.0856490984375 0.69205655 0.061889353125000005 0.6922795234375 0.0589437359375 0.7205644875 0.0802132015625 0.7287136359375 0.1032946328125 0.7246437578125 0.13859509375 0.7223858437499999 0.151947775 0.7081318750000001 0.1671124234375 0.681658878125
1373 0.8824138312500001 0.5317328781249999 0.9215705890624999 0.461364321875 0.9093609515625 0.392120028125 0.8695352734374999 0.3912093484375 0.8125193984375001 0.337798621875 0.764098621875 0.3106379203125 0.74418578125 0.31018258125 0.7858140359375 0.366306559375 0.7690697875 0.3613260015625 0.7113662078125 0.3715007 0.6889630906249999 0.379417484375 0.6756104078125 0.39367145312499996 0.6649709796875001 0.4233130421875 0.6817152265625 0.42829360000000005 0.7228975328125 0.4368980890625 0.7462019375 0.45658795625000004 0.7199519140625 0.46518305312499997 0.681027521875 0.49187902499999997 0.683740775 0.5072666453125 0.6767252781249999 0.512470178125 0.614719453125 0.543236028125 0.6314637015625 0.5482165859375 0.6491092359375 0.58080379375 0.6579273078125001 0.6308135625 0.68712295 0.5939335015625 0.73917705 0.5292238171875 0.7502624265625 0.5471017171875 0.7697199265625 0.5674698953124999 0.7973265765625001 0.5665686078125 0.8047786296874999 0.676316896875 0.9176955093749999 0.6643396234375001 0.9190709187499999 0.5371687765625001 0.8824138312500001 0.5317328781249999
301 0.2526550171875 0.6269103078125 0.24541654687499997 0.6083540953125001 0.1589726640625 0.6354960140625 0.1811434171875 0.6712518140625 0.23749037031250003 0.6533833062500001 0.2526550171875 0.6269103078125
1643 0.2304842640625 0.5911545078125 0.21124973749999998 0.5945460734375 0.18816830625 0.598615953125 0.190881559375 0.614003575 0.23455414375 0.6142359390625 0.23636610937500002 0.6020169109375 0.2304842640625 0.5911545078125
1844 0.1655422140625 0.5827729921875 0.16780951875 0.5506411234375 0.142014834375 0.5393233828125 0.10422409531250001 0.54995341875 0.1012784765625 0.5782383828125 0.079553671875 0.590002071875 0.0770540015625 0.665806525 0.1462982953125 0.6535968875 0.15195716718750002 0.6406995453125 0.1655422140625 0.5827729921875
994 0.3764343 0.609051190625 0.37530064687500003 0.6251171249999999 0.40539757656250003 0.6158437140624999 0.4033626375 0.6043029984375 0.3764343 0.609051190625
994 0.41286841250000006 0.59072734375 0.41829491875 0.6215025859375001 0.44522325625 0.61675439375 0.43979675 0.5859791515625 0.41286841250000006 0.59072734375
994 0.44477730781249997 0.569234903125 0.457442284375 0.618566359375 0.48821752656250006 0.6131398531250001 0.47555255 0.5638083984375 0.44477730781249997 0.569234903125
2001 0.7876475078125 0 0.8496224328125 0.39075400937500004 0.914341509375 0.3753757796875 0.8414006796875 0 0.7876475078125 0
407 0 0.094567453125 0.0370804796875 0.1016774671875 0.3532050265625 0.049902690625 0.4366847765625 0.0034508765625 0 0.080450184375 0 0.094567453125