1844 0.1248601421875 0.5513971703125 0.0954834078125 0.54004689375 0.07467286875 0.5912199265625 0.047247278125 0.6689244828125 0.011316620312500001 0.7807409984375 0.049218796875 0.790191071875 0.07479512656250001 0.7844904640625 0.0965812359375 0.777844846875 0.11742233906249999 0.7749894484375 0.13731843593749998 0.77592426875 0.145843878125 0.774024065625 0.1628642 0.721906025 0.1656686578125 0.6622177375 0.177943565625 0.5968390296874999 0.1712775734375 0.5428411625 0.1248601421875 0.5513971703125
1606 0.4574339140625 0.6061362828125 0.4195317375 0.5966862093749999 0.3579534359375 0.6014621859375 0.3304870921875 0.6147432296875001 0.3390329109375 0.645054784375 0.3816906890625 0.683871403125 0.437598946875 0.7018367328124999 0.48118135625 0.704651378125 0.534234215625 0.7017756046875 0.5522097328125 0.661973225 0.531348253125 0.6326168671875 0.481120228125 0.6080161093750001 0.4574339140625 0.6061362828125
1146 0.19022866249999998 0.5475662 0.5398431312499999 0.5823990296875 0.6248836109375 0.225173559375 0.29603892656249997 0.0747441859375 0.19022866249999998 0.5475662
208 0.8906428125 1 0.9208873593750001 0.87869575 0.9324010218750001 0.8325169750000001 0.7588020671875 0.7537408234375 0.70101398125 0.7594618078125001 0.66312199375 0.7661176125 0.63565565 0.7793986562499999 0.637566040625 0.8040299765625001 0.597855353125 0.9310073640625 0.6862811671875 1 0.8906428125 1
1844 0.8906428140625 1 0.9050472359375 0.94222701875 0.8337429171874999 0.9052782140625 0.8223824515624999 0.9185490703125 0.8157674 0.94508059375 0.8176879796875 0.9858177921875001 0.837351075 1 0.8906428140625 1
1865 0.1250740921875 0.8896206109374999 0.12034905468749998 0.9085716984375001 0.1847827546875 0.924636825 0.20179288906249998 0.8564129062499999 0.16389071093750002 0.8469628328125 0.134524165625 0.8517184343749999 0.1250740921875 0.8896206109374999
544 0.1760637390625 0.62052534375 0.1637786421875 0.6697981734375 0.6298939125 0.657187059375 0.6308287328125 0.6372909640625 0.5256374562499999 0.590934659375 0.191204234375 0.5920936171875 0.1760637390625 0.62052534375
1844 0.1021188359375 0.545727125 0.08223292812500001 0.5608981843749999 0.04913729375 0.661344046875 0.0056363875 0.7873764265625 0.0359581296875 0.7949364859375 0.0776403359375 0.7892256890625 0.11268711406250001 0.7778346593750001 0.14489887031249998 0.7778142828125 0.1515139234375 0.751282759375 0.1647440265625 0.6982197125 0.1656584703125 0.646111859375 0.17415334843750002 0.595894021875 0.17033256562500002 0.54663138125 0.141911028125 0.5475967640625 0.1021188359375 0.545727125
1586 1 0.22901040468749997 0.7518406203125 0.232672490625 0.588374715625 0.92059190625 0.6863764484375 1 0.8906428140625 1 1 0.5613922796875 1 0.22901040468749997
1844 0.30860928906249996 0.47643594375 0.34745647343749997 0.4820958 0.3616723375 0.48966604687500004 0.401464528125 0.49153568593749997 0.4212893078125 0.3797293578125 0.33790451875 0.35893919531249996 0.30860928906249996 0.47643594375
1865 0.1118236109375 0.9104719015624999 0.183837746875 0.9284270421875 0.19139780625 0.8981053015624999 0.20084788125 0.860203125 0.20557291718749998 0.8412520359375 0.1875668375 0.8327367812500001 0.1610455015625 0.8422276078125 0.1288439328125 0.8583538624999999 0.1118236109375 0.9104719015624999
1608 0.44038302968750004 0.6099366890625 0.4545988921875 0.6175069359375 0.4678595609375 0.6127615234375 0.4735296046875 0.5900202171875 0.45646853125 0.5777147453125 0.44414268281249997 0.5625640625 0.4166763390625 0.57584510625 0.40152565625000003 0.5881709546875 0.383519575 0.5796557 0.379749734375 0.6109224484375 0.4034360484375 0.6128022750000001 0.44038302968750004 0.6099366890625
1847 0.12108011249999999 0.566558040625 0.16276231875 0.56084724375 0.1807582125 0.5532566203125 0.1854832484375 0.5343055328124999 0.187363075 0.5106192187499999 0.1816624671875 0.48504289062500006 0.153230740625 0.4699023953125 0.1342796515625 0.465177359375 0.11439374375 0.4803484171875 0.087882596875 0.505945121875 0.0860129578125 0.5457373140625 0.12108011249999999 0.566558040625
201 0.70572883125 0.7244048421875 0.7237349125 0.732920096875 0.7502664359375 0.7395351484375 0.7502766234375 0.7556410265625 0.7673376968750001 0.7679464984375 0.7730077421875 0.7452051921875 0.754991471875 0.7205840593749999 0.7123438828124999 0.6978733171875 0.70572883125 0.7244048421875
1050 0.649627 0.40042782812500005 0.660997653125 0.40326285000000006 0.67709334375 0.387146784375 0.6903438234375 0.36629549375 0.6827430109375 0.332193721875 0.649576059375 0.3198984375 0.6164192953125001 0.32370903125 0.606969221875 0.3616112078125 0.6306759109375 0.395702790625 0.649627 0.40042782812500005
1362 0.3514402640625 0.7890524921875001 0.3306602890625 0.8885431578125 0.32024483125000003 0.898023796875 0.3373059046875 0.91032926875 0.354356790625 0.9065288640625001 0.3534015953125 0.8942132031250001 0.379861803125 0.7880871078125 0.3514402640625 0.7890524921875001
819 0.6923535390625 1 0.49642373125 0.8372784328125 0.197088228125 0.9075757515625 0.1715220875 0.9293822374999999 0.46259007968750004 1 0.6923535390625 1
1591 0.8002091953124999 0.3131713171875 0.8153802546875 0.333057225 0.833386334375 0.34157247968750004 0.8513822281250001 0.33398185625 0.8437916046874999 0.3159859640625 0.815359878125 0.30084546875 0.8002091953124999 0.3131713171875
994 0.5957615781250001 0.6164702359375 0.6004866140625 0.5975191484375 0.5815355265625 0.5927941109375 0.573020271875 0.6108001921875 0.5720854531249999 0.6306962875 0.60240719375 0.638256346875 0.5957615781250001 0.6164702359375