407 0.49127248437500004 0 0.48645412187500003 0.0001682609375 0 0.020991685937499997 0 0.142223359375 0.9863365234374999 0.1000016890625 0.9828443874999999 0 0.49127248437500004 0
1250 0.12377844062500001 0.5834933046875 0.5725872125 0.5639119265625 0.5578639875 0.142293921875 0.09357605937499999 0.166324475 0.12377844062500001 0.5834933046875
300 0.5582854046875 0.4901473671875 0.55342725 0.46295659999999994 0.5758961890625 0.43481154999999994 0.56754314375 0.41946872031250004 0.535903203125 0.40884771875 0.50816713125 0.398090390625 0.4808400375 0.3990446734375 0.4650882296875 0.3956861078125 0.44638683593749995 0.4197909609375 0.42686748281250003 0.4204725921875 0.415973828125 0.44430479375000004 0.4406239875 0.47862167031249997 0.46836005781249995 0.4893789984375 0.4223315703125 0.514438134375 0.46813699375000006 0.5949198250000001 0.5229275062500001 0.5969151296875 0.5628709046875 0.5095303921875 0.5231505703125 0.4913743015625 0.5582854046875 0.4901473671875
2001 0.6064951109375001 0.5275501578124999 0.8486714031249999 0.52300180625 0.8505179421875001 0.1281655890625 0.585054753125 0.1374357671875 0.6064951109375001 0.5275501578124999
477 0.933044525 0.1409182203125 0.9220145453124999 0.1608465515625 0.9112572171875 0.1885826234375 0.9159790437499999 0.21186951875 0.9283722859375001 0.23097989375 0.9441736828125 0.3476870265625 0.9145786328125001 0.39562408125 0.9085431328125001 0.44664704843749997 0.9136739374999999 0.48164555625 0.926476159375 0.5124675421875 0.9425006187499999 0.5236338484374999 0.9360561390625 0.5629452046875 0.9519442734375 0.570207640625 0.991800934375 0.5922676015625 0.9648828203125 0.604933496875 0.9226218765624999 0.6259524359374999 0.90836965625 0.6655364453125 0.99884030625 0.6819202953125 0.9876987109375 0.13900965468749998 0.9600989656250001 0.132156196875 0.933044525 0.1409182203125
410 0.36326535937500004 0.2780742796875 0.3638106640625 0.2936897609375 0.41442465312500004 0.28801365 0.418873828125 0.30349280625 0.45010479062500003 0.30240219687500003 0.485239625 0.30117526093749997 0.488598190625 0.285423453125 0.5199654796875001 0.2882367140625 0.5203744593749999 0.299948325 0.551605421875 0.29885771562499996 0.559004184375 0.286873453125 0.6097545 0.2851012125 0.605305325 0.26962205781250004 0.5505148125 0.267626753125 0.5425211578125 0.15064696718749998 0.52676935 0.1472884015625 0.530859134375 0.2644045140625 0.47634127499999995 0.27021695 0.476836990625 0.1724838640625 0.4609488578125 0.1652214265625 0.46072579375 0.27076225468750004 0.44901418125000003 0.2711712328125 0.430399525 0.18583138906250002 0.429358503125 0.26794899375000003 0.36326535937500004 0.2780742796875
369 0.3119325890625 0.487024303125 0.311300546875 0.5808535203125 0.30054321875 0.6085895906250001 0.3126638078125 0.6198922234375 0.347662315625 0.61476141875 0.335132746875 0.5917471734374999 0.327684396875 0.49038286875 0.32967970156250004 0.4355923578125 0.3104330015625 0.44408172968750004 0.3119325890625 0.487024303125
369 0.6743604953125 0.5681751875 0.6556591 0.5922800406250001 0.6676433640625 0.599678803125 0.6910665859375 0.5988608453125 0.6941525000000001 0.575301296875 0.68307293125 0.48188105937500003 0.6885631265625001 0.415242609375 0.6693164281249999 0.42373198125 0.6743604953125 0.5681751875
423 0.5112158953125 0.5973241078125 0.43704235625 0.5999143046875 0.3907412171875 0.6171656999999999 0.42887522499999997 0.7018239140625 0.4296931828125 0.7252471375 0.41339607031250003 0.7062730890625 0.398053240625 0.714626134375 0.403865678125 0.7691439953125 0.42098074687500003 0.8115412640624999 0.44885314374999996 0.8262024625000001 0.407596071875 0.9878970640625001 0.43505949062499993 0.9908466515625 0.4803567609375 0.8329195953124999 0.5468588828125001 0.8345059203125 0.5645192578125 0.892518671875 0.60292591875 0.9849846265625001 0.6301166859375 0.9801264734374999 0.57404965 0.8296477671875 0.5967912421875 0.8093104578125001 0.6145383546875001 0.7578785109374999 0.613720396875 0.7344552890625 0.5746816921875 0.7358185515625 0.6209332453124999 0.6052185875 0.57785434375 0.6028143046875 0.5112158953125 0.5973241078125
423 0.15143438125 1 0.18811178281250002 0.8587595390624999 0.24276596874999998 0.856850971875 0.3024642234375 0.9993856109375001 0.32575111875 0.994663784375 0.2893397625 0.8474073171875001 0.3429033390625 0.8142677875000001 0.37236206250000004 0.7624268625 0.3018197421875 0.75707299375 0.270452453125 0.7542597328125 0.3093052421875 0.63564403125 0.28869528125 0.6050946984375 0.26876695 0.59406471875 0.24143985781250002 0.5950190015625 0.1750740609375 0.597336546875 0.125005375 0.6186281390625 0.09795093437499999 0.6273901625 0.153472665625 0.7622533875 0.150386753125 0.7858129359375 0.1514773625 0.8170439 0.1599667328125 0.8362905984375001 0.126979434375 1 0.15143438125 1
423 0.0168372015625 0.767024803125 0.0561485578125 0.7734692828124999 0.0886560453125 0.920862075 0.1045441796875 0.9281245109375 0.09087441406249999 0.7605307359375 0.1377208578125 0.758894821875 0.14498329375000002 0.7430066875 0.1160202875 0.697114525 0.0691738421875 0.6987504390625 0.05028653281249999 0.6056028546875 0.05968059999999999 0.538828078125 0.012697828125 0.536560121875 0.0168372015625 0.767024803125
436 0.24479842343749997 0.57926719375 0.283837128125 0.5779039328125 0.337946009375 0.560379884375 0.35206190312499996 0.5168920046875 0.29323119375 0.51112915625 0.242344553125 0.5089975265625 0.19241219375000002 0.5341929890625 0.2137037859375 0.5842616734375 0.24479842343749997 0.57926719375
436 0.736822421875 0.56599396875 0.7992843484375001 0.5638127500000001 0.8050471968749999 0.5049820406250001 0.7699123640625001 0.5062089765625 0.7384087484374999 0.4994918453125 0.707177784375 0.5005824546875 0.675946821875 0.5016730640625 0.6410846390625 0.510707740625 0.6665527546875001 0.5684478390625001 0.736822421875 0.56599396875
423 0.8625642328125 0.585054753125 0.823525528125 0.586418015625 0.7727752125 0.58819025625 0.7298326375 0.58968984375 0.7029145234375 0.6023557375 0.7459066859375 0.71420471875 0.7542597328125 0.729547546875 0.700014525 0.743167725 0.65707195 0.7446673125000001 0.69411535 0.7980945625 0.745683621875 0.8197455453125 0.716001834375 0.9771272984375001 0.7357938390625 0.9842534078125 0.7887625234375 0.8221498281249999 0.8356089687500001 0.8205139140625001 0.8996200703125 0.9746238390625 0.9190030968749999 0.9700383374999999 0.8701984968750001 0.803671496875 0.8797288906249999 0.7408005921874999 0.9215312671874999 0.5947214734374999 0.889891325 0.5841004703125 0.8625642328125 0.585054753125
1754 0.3107552421875 0.5652380375 0.23685435625 0.5756359765625 0.1980883046875 0.584806978125 0.1437067703125 0.5945232859375 0.10103684843750001 0.6038306140625 0.0545993828125 0.6171781390625 0.0197372 0.626212815625 0.028226571875000002 0.645459515625 0.08719360625 0.6551262343750001 0.2556053390625 0.6648796906250001 0.36491371093749997 0.6610625578125 0.4078562859375 0.6595629703125 0.5485319468750001 0.6585591 0.622569159375 0.65206503125 0.7084543078125 0.64906585625 0.778723975 0.6466119859374999 0.887896021875 0.6388909828125 0.9304296171875001 0.625679784375 0.9764581046874999 0.600620646875 0.975776475 0.5811012953125 0.932561246875 0.5747931421875 0.893113565625 0.5644447921875 0.8540748609375 0.5658080546875001 0.764285840625 0.56894355625 0.705591459375 0.567084578125 0.611489590625 0.55864479375 0.5568354046875 0.5605533609375 0.49046960781250004 0.5628709046875 0.43567909531250004 0.5608756015624999 0.38883265 0.562511515625 0.3107552421875 0.5652380375