1250 0.79831415625 0.257911315625 0.895020021875 0.2715024390625 0.9058929203125 0.1941377453125 0.813598934375 0.17722203281249999 0.79831415625 0.257911315625
1340 0.380607534375 0.2268189515625 0.45742858281250004 0.241560084375 0.4605650109375 0.1631081015625 0.3798757296875 0.1478233234375 0.380607534375 0.2268189515625
1636 0.73270044375 0.5563717484375 0.676307859375 0.5366123703125 0.62765174375 0.5179402828125 0.5768210484375 0.5147411328125 0.5342704671875 0.5087610390624999 0.4978254203125 0.5154729390624999 0.4636176734375 0.5343331874999999 0.46259310468750003 0.56969094375 0.47921605312500004 0.5917503421875 0.5123992296875 0.6082478499999999 0.5383895828124999 0.619789834375 0.5423205375 0.647954765625 0.5693981796875 0.6517602796874999 0.5738727796875 0.676056978125 0.5865647734375 0.66995144375 0.6196852296875 0.6588276640624999 0.6273589796875 0.6322936671875 0.6676722609375 0.6261254125 0.6991617828125001 0.6266063374999999 0.7322822390625 0.6154825578125 0.7565162171875001 0.5833866703125 0.73270044375 0.5563717484375
1354 0.7047655546875 0.41832803125 0.6461983906250001 0.41404159218750003 0.6396119312499999 0.43283912031250005 0.619789834375 0.46161041718750007 0.700479115625 0.47689519531249996 0.719213925 0.4558603671875 0.7279749640625 0.42158990156250004 0.7047655546875 0.41832803125
1354 0.8937654078125 0.44883486718750004 0.8678377749999999 0.46491417031250004 0.8413664984375 0.48486170937499995 0.825412634375 0.5141766515625 0.8469911078125 0.529043225 0.8668759265625001 0.527893215625 0.8729187406250001 0.5129639218750001 0.891109903125 0.495797328125 0.9131693015625 0.4791743796875 0.9274922296874999 0.46146414062499996 0.8937654078125 0.44883486718750004
1354 0.1851047796875 0.495190753125 0.1646135953125 0.47258770937500005 0.13318679375 0.499728071875 0.08683069843749999 0.5208256203125 0.1443105734375 0.5328485296875 0.17749375 0.5493460375 0.2106769265625 0.5658435453124999 0.23829821406249999 0.565780825 0.2161133765625 0.5271612 0.1851047796875 0.495190753125
125 0.009340565625 0.454710146875 0.017077034375 0.45579743749999996 0.026381718749999998 0.41765873593749997 0.1302176890625 0.40858409531250006 0.13638594375 0.44889737656250006 0.15185888281249998 0.45107195625 0.15010250625 0.40743408593749997 0.15058343125 0.3759445640625 0.1488897765625 0.3599279796875 0.140003296875 0.338955871875 0.10240824062500001 0.325782953125 0.11993031875 0.2572420203125 0.101132790625 0.25065556093749997 0.0817916171875 0.24793733593749998 0.0596695 0.23693899687500003 0.035916446875 0.2375453625 0.009340565625 0.454710146875
1650 0.5612226687499999 0.457323978125 0.5474433859375 0.4711659828125 0.5327022515625 0.5479870296875 0.7345195390625 0.6276309062500001 0.8671895265625 0.6659996515625 0.9366923093749999 0.6205426859375 0.945871553125 0.527161409375 0.9535453031250001 0.5006274125 0.9744546906249999 0.46411964531249994 0.9495516281249999 0.44484119218749996 0.8550203421875 0.41577713125000004 0.747253415625 0.3966868375 0.67043236875 0.3819457046875 0.629031796875 0.39585042812500004 0.5914994609375 0.4102987984375 0.56170359375 0.42583445624999994 0.5612226687499999 0.457323978125
1331 0.9040736140625001 0.8526367640625001 0.8537865640625 0.84556938125 0.799087634375 0.8418265859374999 0.7792655359375 0.870597884375 0.7749163765625 0.9015437609375001 0.76337439375 0.9275341140625001 0.7711735828124999 0.956242690625 0.7877338109375 0.9506808015624999 0.7981885046875 0.9324269171875 0.8003003640624999 0.8893326921875 0.8123859937500001 0.8594741046875001 0.8295525859374999 0.8776652671875 0.8467191796875 0.89585643125 0.8799023578125 0.9123539390625 0.91471646875 0.91724674375 0.945662346875 0.921595903125 0.9513706171875 0.8809794390624999 0.9333885562500001 0.868590628125 0.9040736140625001 0.8526367640625001
423 0.4984109484375 0.2867661703125 0.48795625468750004 0.30502005312499997 0.4603349671875 0.3050827734375 0.44214380468750003 0.3222493671875 0.4355573453125 0.3410468953125 0.46154769843750004 0.35258887968749997 0.46269770781249997 0.372473696875 0.43562006562500005 0.36866818281249997 0.4334454859375 0.384141121875 0.4715841875 0.3934458046875 0.5102665328125 0.3988822546875 0.5168529921875 0.3800847265625 0.4825825265625 0.3713236875 0.48530075000000006 0.35198251406250003 0.5167902718749999 0.3524634390625 0.5211394312500001 0.3215175609375 0.525488590625 0.29057168437500003 0.4984109484375 0.2867661703125
627 0.42292807187500003 0.37477371718749997 0.46547865312500003 0.3807538109375 0.48571895468750004 0.2928717046875 0.43651919531249994 0.2780678515625 0.32216581093749996 0.2777750875 0.316666640625 0.2888361453125 0.3277277 0.29433531562500004 0.3129865671875 0.3711563625 0.3655109171875 0.3903720953125 0.42292807187500003 0.37477371718749997
1650 0 0.7788029109375 0.319321934375 0.9716318625 0.5403549546875 0.9987513890624999 0.6649748718749999 0.8979264062500001 0.6598311875 0.8222553687499999 0.6795278453125 0.738241496875 0.6904634640625 0.688498090625 0.6561302765625 0.652115765625 0.603668646875 0.6605213187500001 0.5611807859375 0.6821625124999999 0.5169992703124999 0.687787121875 0.47777327812500003 0.6862189078125 0.3577325640625 0.614123340625 0.2714813921875 0.582278334375 0.123213025 0.48649243281250004 0.0784878640625 0.49598527812500004 0.0044477609375 0.489524259375 0 0.514021528125 0 0.7788029109375
1354 0.368730903125 0.592001221875 0.35664527343749997 0.621859809375 0.3903720953125 0.6344890828125 0.41859974843750003 0.658179415625 0.44845833593749995 0.67026504375 0.4766859890625 0.6939553765625 0.5087191546875001 0.6905680671875001 0.5402086781250001 0.6910489921875 0.57224184375 0.6876616828125 0.57991559375 0.661127684375 0.5583371203125 0.6462611109374999 0.5124619499999999 0.6358691375000001 0.4583066640625 0.6282581078125 0.42512348749999995 0.6117606 0.384203840625 0.5941758015625 0.368730903125 0.592001221875
1636 0.93464336875 1 0.9577131421875 0.835850034375 0.9388250062499999 0.82990828125 0.90401089375 0.8250154765625 0.8647849031250001 0.8234472625 0.8283398562500001 0.8301591625 0.8024749437500001 0.8738597531250001 0.80694954375 0.8981564515624999 0.8368708515625001 0.9378633671875001 0.8257790249999999 1 0.93464336875 1
407 0.0760500859375 0 0.0735533875 0.025879746874999998 0.245449365625 0.06581670625 0.24381843124999997 0.0774214109375 0.310122065625 0.082795140625 0.5830730703125 0.105377346875 0.6499203484375 0.106882840625 1 0.1459242828125 1 0.06535663124999999 0.534963409375 0 0.0760500859375 0
1250 0.3673718953125 0.23679272031249998 0.45688493750000003 0.24542831875 0.46334595624999997 0.171388215625 0.37770115 0.1632962625 0.3673718953125 0.23679272031249998
780 0.5488026031250001 0.0966163078125 0.5758802453125 0.100421821875 0.6151062375 0.1019900359375 0.64327116875 0.09805908125 0.6405529453125001 0.1174002546875 0.6494394234375 0.1383723625 0.6693242421875001 0.137222353125 0.701357409375 0.1338350421875 0.721785871875 0.1288167984375 0.6974264546875 0.1056701109375 0.75375631875 0.0978082015625 0.792438665625 0.10324465000000001 0.7984814796874999 0.08831535625 0.7133803171875 0.07635516875000001 0.7160985421875 0.057013995312499996 0.658075021875 0.048859320312499996 0.6509449187499999 0.071525084375 0.619999040625 0.067175925 0.606763403125 0.07714969375 0.5835539953125 0.0738878234375 0.5559327078125 0.07395054375 0.5488026031250001 0.0966163078125
681 0.5594035734375 0.3860648203125 0.61023426875 0.3892639703125 0.6389847296875 0.1566262453125 0.5914786249999999 0.1578389765625 0.5594035734375 0.3860648203125
1602 0.861899565625 0.28262621875 0.8314973328124999 0.2744088234375 0.8038760453125 0.27447154375 0.7762547578125 0.27453426406250003 0.7607818187500001 0.272359684375 0.7182312375000001 0.266379590625 0.7117074984375 0.31279840625 0.69182268125 0.313948415625 0.685236221875 0.33274594375 0.7012528046875001 0.3310522890625 0.694185421875 0.3813393390625 0.76327 0.3949931828125 0.802495990625 0.3965613984375 0.8434156375 0.41414619531249997 0.8926153984375 0.4289500484375 0.9013137171875 0.3670582953125 0.9261540593750001 0.3587154609375 0.925484975 0.3073411203125 0.8912145078125 0.29858008125 0.861899565625 0.28262621875
1369 0.549806125 0.53855690625 0.5504124906250001 0.5623099593750001 0.5774901328125 0.5661154734375 0.6272335390625 0.5770510921875001 0.6703277640625 0.5791629515625 0.6791515234375 0.572513771875 0.6691777546875 0.5592781328124999 0.651467515625 0.5449552046874999 0.63212634375 0.5422369796875001 0.6045050562500001 0.5422996999999999 0.56969094375 0.5374068953125 0.549806125 0.53855690625
423 0.296238178125 0.293854390625 0.2868707734375 0.3043718046875 0.308449246875 0.319238378125 0.325009475 0.3136764890625 0.322772175 0.3015281390625 0.33377051406249997 0.27940602187499997 0.34537521875 0.28103695625 0.339813328125 0.264476728125 0.297262746875 0.25849663437500003 0.296238178125 0.293854390625
423 0.23652100312500002 0.2696831328125 0.2465574921875 0.310540059375 0.27641607968750004 0.3226256875 0.3079056015625 0.3231066125 0.30621194687500003 0.3070900296875 0.27194147968750004 0.298328990625 0.269641459375 0.258559353125 0.249212996875 0.2635775984375 0.23652100312500002 0.2696831328125
1950 0.20442511562500001 0.24544915625 0.2198980546875 0.24762373593749998 0.22648451406249998 0.22882620625 0.2065996953125 0.2299762171875 0.20442511562500001 0.24544915625
1950 0.6475784453125 0.2919517390625 0.6553149140625 0.293039028125 0.6619013734375 0.27424149999999997 0.646428434375 0.2720669203125 0.6475784453125 0.2919517390625
351 0.1188430296875 0.2649784890625 0.11177564531249999 0.3152655390625 0.11401294531249999 0.3274138890625 0.137765996875 0.32680752343749997 0.14278424218750002 0.3472359859375 0.1615817703125 0.35382244531249996 0.15723261093750002 0.3847683234375 0.1528834515625 0.41571420000000003 0.1805047390625 0.41565147968750005 0.1928831328125 0.2714395078125 0.166349134375 0.263765759375 0.1315350234375 0.2588729546875 0.1188430296875 0.2649784890625
1650 0.8371008953124999 0.7958886953125 0.816735153125 0.8285282281249999 0.852092909375 0.8295527968749999 0.8818887765625 0.8140171390625 0.9371313515624999 0.8138916984375 0.9598747781249999 0.820469196875 0.9891539406250001 0.61213713125 0.9781556015625 0.63425925 0.8371008953124999 0.7958886953125
2001 0.6071397234375 0.24287741875000002 0.6259372515625 0.24946387812499998 0.6368728703125 0.199720471875 0.6136634625 0.19645860312500002 0.6071397234375 0.24287741875000002
1050 0.42872000468750004 0.2493592734375 0.44310565312500005 0.2592703234375 0.424914490625 0.276436915625 0.434888259375 0.2896725546875 0.4702460171875 0.290697125 0.472964240625 0.27135595156250003 0.4674023515625 0.2547957234375 0.43700011875 0.24657832968750001 0.42872000468750004 0.2493592734375
353 0.249923965625 0.0901134046875 0.23875830312500002 0.28183148125 0.28517711874999996 0.2883552203125 0.3079474859375 0.098268078125 0.25433584531250003 0.086788815625 0.249923965625 0.0901134046875
1506 0.4981809046875 0.42874084218749997 0.4699532515625 0.405050509375 0.34840704375 0.3998022203125 0.36835458125 0.4262734984375 0.4981809046875 0.42874084218749997