407 0.4694186875 0 0.4429424609375 0.0032508718749999998 0 0.061181110937500005 0 0.1833333390625 0.949623715625 0.0591367828125 0.9423626328125 0 0.4694186875 0
1250 0.1324869984375 0.6159654578125 0.5778812875 0.5573423296875 0.5264676578125 0.138611921875 0.0660408875 0.203016390625 0.1324869984375 0.6159654578125
300 0.557204896875 0.4851049515625 0.5499953984375 0.45844107031250003 0.569925834375 0.42844482343749996 0.5602673593749999 0.41388839375 0.5278221359375 0.40606541093750004 0.49925404531249995 0.397766375 0.4721141109375 0.401098740625 0.456129525 0.399125815625 0.439600171875 0.4247688765625 0.4202145046875 0.42714913593750004 0.41143941718750004 0.45184009375 0.4389866859375 0.48387798125000003 0.4675547765625 0.4921770171875 0.42388548750000005 0.5211524421875 0.47653105 0.5973356703125 0.5312869703125 0.594548075 0.563462290625 0.504014565625 0.522310696875 0.4893894203125 0.557204896875 0.4851049515625
2001 0.60849101875 0.5181636593750001 0.8493493421875 0.4925255625 0.8167766109375 0.09903087968749999 0.5531315390625 0.1314024234375 0.60849101875 0.5181636593750001
477 1 0.5194805640625 0.9543804890625 0.0978775890625 0.9262884515625001 0.0934556875 0.900100621875 0.10454231875 0.8908494812500001 0.1253561421875 0.882550446875 0.15392423125000002 0.8892838921875 0.1767109796875 0.903295553125 0.194668490625 0.9292085171875 0.3095543375 0.903904075 0.35988835468749997 0.9023384859375 0.41124319375 0.9105000890625 0.4456613421875 0.92593990625 0.475250253125 0.9428765953125 0.48497744374999996 0.93988285 0.5247008828124999 0.9563434875000001 0.530550940625 0.997971134375 0.5490532203125 0.9722593578125001 0.564016984375 0.93199115 0.588639225 0.9212431390625 0.62931476875 1 0.6365719859375 1 0.5194805640625
410 0.344443575 0.2908359828125 0.3463477828125 0.306344515625 0.396274465625 0.2962787046875 0.4020558078125 0.3113111859375 0.43307287499999997 0.3075027703125 0.46796707499999995 0.3032183 0.46993999999999997 0.287233715625 0.50143311875 0.28730243125 0.502861275 0.29893383125 0.5338783421875 0.29512541406250004 0.540204453125 0.282541909375 0.5906071875000001 0.2763532328125 0.5848258453125 0.2613207515625 0.5300699265625 0.264108346875 0.511911228125 0.14827039687500002 0.49592664375 0.146297471875 0.51020820625 0.26261147500000004 0.45640439062500004 0.27315333750000004 0.44838022187500004 0.17574895 0.431919584375 0.1698988921875 0.44089585781249996 0.275057546875 0.42926445781250006 0.276485703125 0.4032827765625 0.1930929765625 0.40940273749999995 0.2749888296875 0.344443575 0.2908359828125
369 0.3115173359375 0.503464834375 0.319065453125 0.5969920890625 0.31076641875 0.625560178125 0.323825975 0.6357634234375 0.3582441234375 0.6276018203125 0.3437564109375 0.6057671765625 0.327501921875 0.505437759375 0.324714325 0.450681840625 0.3062807625 0.4608163671875 0.3115173359375 0.503464834375
369 0.679638859375 0.552719240625 0.66310950625 0.5783623015625 0.6756930109375 0.5846884125 0.6989558109375 0.5818321 0.69997663125 0.5580932468750001 0.6807971140625 0.46599415000000005 0.68045849375 0.39913077812500003 0.6620249312500001 0.4092653046875 0.679638859375 0.552719240625
423 0.5196555703125 0.59597623125 0.44599003593750003 0.605021221875 0.40136864218749996 0.6262423796875 0.44673599062499997 0.707254846875 0.44959230312500004 0.730517646875 0.431703509375 0.7130361875 0.4171470796875 0.7226946640625 0.42768894218750003 0.776498478125 0.44843405000000003 0.8172427375 0.47747819218750004 0.8294189062499999 0.450470728125 0.9940940015624999 0.47808671406250003 0.9946387703124999 0.5094473625 0.83336475625 0.5758346828125 0.829149003125 0.5984839984375 0.885401796875 0.6448034500000001 0.9741685296875 0.67146733125 0.96695903125 0.602498565625 0.8219395046875 0.6233811046875 0.799697525 0.6365780937500001 0.7469145312500001 0.63372178125 0.7236517296875 0.594950446875 0.7284122515625 0.6296434609375 0.594278171875 0.5865189421875 0.5956376109375 0.5196555703125 0.59597623125
423 0.36680060625 1 0.32041993125 0.8644455765625001 0.37089138125 0.8267637796875 0.3957197703125 0.7725526296874999 0.324979265625 0.7733673 0.2934861453125 0.773298584375 0.32185305 0.6517480078125 0.298658965625 0.6231112015625 0.2778451421875 0.6138600624999999 0.2507052078125 0.6171924265625 0.184793940625 0.6252853125 0.1367714671875 0.6508596578125 0.1105836375 0.6619462890625 0.1776481953125 0.79145728125 0.176627375 0.8151961343749999 0.1804357921875 0.8462132015625 0.1905703203125 0.8646467640625 0.17540596718749998 1 0.201133203125 1 0.220566565625 0.8845771984375 0.274846434375 0.87791246875 0.33901330937499996 1 0.36680060625 1
423 0.0419485265625 0.8081191046875 0.081671965625 0.8111128515624999 0.1269018796875 0.95511155625 0.14336251718749998 0.9609616140625 0.115138009375 0.7951969812499999 0.16166361093749998 0.78948435625 0.16751366875 0.77302371875 0.134661109375 0.7298304828125 0.0881355078125 0.7355431078125 0.0612017234375 0.6443961140625001 0.06474023749999999 0.577056690625 0.017738584374999998 0.5788921828125 0.0419485265625 0.8081191046875
436 0.25267813281249996 0.601207840625 0.2914494671875 0.5964473203125 0.34382512656249997 0.5742740562499999 0.3540970875 0.52972138125 0.29498798125 0.5291078953125 0.2441091953125 0.531419440625 0.1965627734375 0.56087091875 0.22213711875 0.6088933921875 0.25267813281249996 0.601207840625
436 0.7416729953125001 0.5451024078125 0.8037071296875 0.5374855734375 0.8043206140624999 0.47837646874999995 0.7694264140625 0.48266093750000005 0.7374572421875001 0.4787150875 0.706440175 0.4825235046875 0.6754231078124999 0.486331921875 0.6414810109375 0.4983706578125 0.67188459375 0.5536713453125001 0.7416729953125001 0.5451024078125
423 0.8685975765625 0.5531315390625 0.8298262421875 0.5578920609375 0.7794235078125 0.5640807390625 0.736775040625 0.5693173125000001 0.7110632625 0.5842810765625 0.763640109375 0.691957425 0.773298584375 0.7065138546874999 0.7204468734375 0.724809984375 0.6777984046875 0.7300465578125 0.7193573359375 0.7800419562500001 0.7726163828125 0.797116078125 0.7567642671875 0.956485884375 0.7771020375 0.961859890625 0.8157409015624999 0.7957566390624999 0.862266503125 0.7900440125 0.9394655890625 0.9379885671875 0.9583752046875 0.9317311734375 0.8952564953125 0.7702510109375 0.8992710609375001 0.7067887203125001 0.9281827343750001 0.5576221578125 0.8957375093750001 0.549799175 0.8685975765625 0.5531315390625
1754 0.3171612453125 0.5814835546875 0.2444478140625 0.5982828125 0.20662858437499998 0.6107975999999999 0.153300821875 0.625216596875 0.11160445781249999 0.6382074375 0.06650701406250001 0.6555514625 0.0325649171875 0.6675901984375 0.0426994453125 0.6860237609375 0.10228460156250001 0.6905143796875 0.270905546875 0.685552671875 0.37946528281249997 0.6722232125 0.42211375 0.6669866390625 0.5621666046875 0.6537258968749999 0.6353560875 0.640803771875 0.720653021875 0.6303306265625 0.7904414234375 0.6217616875 0.8985251062499999 0.6045550953125 0.9397454171874999 0.5876871218749999 0.9834147062499999 0.5587116953125 0.9810344453125 0.539326028125 0.9374338734375 0.5368083343750001 0.8972343828125 0.52993745625 0.8584630484375 0.5346979765625 0.76928898125 0.5456471765625001 0.710655928125 0.548910825 0.61617656875 0.548704675 0.5618967015624999 0.5553694046875 0.495985434375 0.563462290625 0.4412295140625 0.5662498874999999 0.3947039125 0.5719625125000001 0.3171612453125 0.5814835546875