1822 0.4561898796875 0.364727796875 0.4606390546875 0.38020695312499997 0.47267290781250004 0.5009542828125 0.5043128484375 0.511575284375 0.5550631640625 0.5098030453125 0.5758094515625001 0.5442562484375 0.5961467609375 0.5669978390625 0.6049583734375 0.7074008484375 0.65625399375 0.7212440906250001 0.691525153125 0.723921025 0.7307001828125 0.726461634375 0.741866490625 0.7104371734375 0.723524484375 0.6329050703125 0.750033621875 0.6085275640625001 0.764967471875 0.5884629078125 0.7714119515625 0.5491515515625001 0.762377275 0.5142893703125 0.7343685515625 0.4957243015625 0.7070414578124999 0.496678584375 0.667866428125 0.494137975 0.6406756609375 0.49899612812500005 0.6136212203125 0.507758153125 0.6129395890625 0.4882388 0.6321862890625 0.47974942968749995 0.6328183328125 0.38592021249999997 0.63118241875 0.33907376718750004 0.6076228703125001 0.33598785468750003 0.5840633203125 0.332901940625 0.548655834375 0.3263211359375 0.50975345625 0.3315882671875 0.478931471875 0.3443904875 0.4561898796875 0.364727796875
1250 0.5059914 0 0.5110175421875 0.143929834375 0.6162857171875 0.1363451578125 0.6115244390625 0 0.5059914 0
1250 0.6740625359375 0 0.678338665625 0.122452328125 0.76031994375 0.1195894796875 0.7596618015625001 0 0.6740625359375 0
1828 0.6589184890625 0.3498310953125 0.6862455828125 0.3488768125 0.7095324796875 0.3441549859375 0.7165222625000001 0.3204591109375 0.7041290203125 0.3013487375 0.664953990625 0.298808128125 0.6418034203125 0.30743382656249996 0.63871750625 0.330993375 0.6505654437499999 0.3344882671875 0.6589184890625 0.3498310953125
1606 0.0873670828125 0.4362368390625 0.1191433515625 0.45076171093750006 0.162358578125 0.45706986406250005 0.201669934375 0.46351434375 0.208263178125 0.7642486921875 0.23572659687500003 0.767198278125 0.263190015625 0.770147865625 0.2903807828125 0.7652897125 0.289835478125 0.74967423125 0.28755508281250003 0.4605151671875 0.3222809390625 0.44757662031249995 0.352966596875 0.4308705296875 0.3793394078125 0.402589153125 0.37434492812500003 0.37149451718750004 0.326953178125 0.3575149484375 0.272162665625 0.3555196453125 0.23661885312500003 0.34503496875 0.20929176093750002 0.3459892515625 0.158677771875 0.3516653625 0.11641682812500001 0.372684303125 0.089771365625 0.3931579375 0.0873670828125 0.4362368390625
300 0.35683331875 0.6535274703125 0.3693628859375 0.6765417140625 0.3852510203125 0.68380415 0.390654478125 0.7266103984375001 0.406133634375 0.7221612234375 0.4185268765625 0.741271596875 0.45783823281249997 0.7477160765625 0.48126145468750003 0.74689811875 0.5045483515625 0.7421762921874999 0.527017290625 0.7140312421874999 0.5582482546875001 0.7129406328125001 0.55702131875 0.6778057984375 0.56373845 0.6463021828125 0.5507999031249999 0.611576328125 0.5305989203125 0.59273860625 0.49827734843749993 0.562598253125 0.4745814734375 0.55560846875 0.4475270328125 0.5643704921875 0.42074524375 0.5809402578125 0.40204385 0.6050451109375 0.367590646875 0.6257913984375 0.35683331875 0.6535274703125
1146 0.0361086125 0.19960033125 0.0636216203125 0.3158984859375 0.1644406203125 0.2928346546875 0.12521600156249998 0.17694547656249998 0.0977525828125 0.17399588906250002 0.07392038125 0.1631022359375 0.06275407499999999 0.1791266953125 0.0361086125 0.19960033125
581 0.206242996875 0.146755534375 0.230756828125 0.177168540625 0.2193674578125 0.298733828125 0.304707303125 0.280119171875 0.292264471875 0.1476602296875 0.2989816046875 0.1161566140625 0.2976183421875 0.077117909375 0.28159388281250003 0.06595160312500001 0.279548990625 0.0073935468749999995 0.13900965468749998 0.0123012890625 0.1731034671875 0.0931919578125 0.206242996875 0.146755534375
1342 0.0815917953125 0.1589257125 0.0701528375 0.16714243125 0.058986531249999995 0.18316689218749999 0.0322047421875 0.19973665625 0.0637579453125 0.31980235625 0.1566328796875 0.29310730625 0.12911987187500001 0.17680915 0.109191540625 0.1657791703125 0.0934397328125 0.1624206046875 0.0815917953125 0.1589257125
1822 0.48910634531249997 0.5238322015625 0.5242411796875001 0.522605265625 0.5438968578125001 0.5258275046875001 0.564097840625 0.5446652265624999 0.5923792171875 0.5710380359375 0.5971010437500001 0.5943249328125 0.57326884375 0.5834312781250001 0.5538858171875 0.5880167796875 0.5590166234375 0.6230152875 0.5563396875 0.658286446875 0.56147049375 0.6932849546875001 0.581126171875 0.69650719375 0.5961963484374999 0.6803464078125 0.5909292171875 0.6414440296875 0.6068173515625 0.648706465625 0.615579375 0.6757609062500001 0.5967416531249999 0.6959618890625 0.601190828125 0.7114410453125 0.6446787078125 0.7255569390625001 0.687893934375 0.7318650921875001 0.730836509375 0.7303655046875 0.742002815625 0.71434104375 0.733104465625 0.6833827328125001 0.7239334640624999 0.6446166812499999 0.7465387296875 0.6203755015625 0.764967471875 0.5884629078125 0.7755884734375 0.556822965625 0.77059399375 0.525728328125 0.7462164890625 0.49921919218750005 0.6950571953125 0.489279821875 0.644170553125 0.487148190625 0.621156309375 0.49967775937500003 0.6091720453125 0.492278996875 0.62828241875 0.47988575468750005 0.6383581171875 0.43263033125000006 0.636858528125 0.38968775624999996 0.67131173125 0.36894146875 0.636040571875 0.366264534375 0.6392628109375 0.34660885625 0.6270058953125 0.331402353125 0.599678803125 0.3323566359375 0.5837906687500001 0.3250942 0.5561909234375 0.3182407421875 0.5288638296875 0.319195025 0.5058495859375001 0.33172459375 0.48283534218749996 0.3442541625 0.45187703125 0.3531525125 0.44838213906249996 0.36500045000000003 0.45700783749999996 0.38815101875 0.46713312343749996 0.4542441640625 0.4689053625 0.5049944796875 0.48910634531249997 0.5238322015625
239 0.7544332078125 0.5106581515624999 0.77490684375 0.5373036140624999 0.7722299078125 0.5725747734375 0.7655127765625 0.6040783890625 0.7738658218750001 0.61942121875 0.8997439578125 0.642385875 0.9305659437499999 0.6295836546875 0.9298843124999999 0.6100643015625 0.9247535062500001 0.57506579375 0.9196227015625 0.5400672875 0.934692878125 0.5239065 0.9497630546875 0.5077457140625 0.96469690625 0.48768105781250004 0.9444959234375 0.4688433359375 0.9047755875 0.45068724531250004 0.86546423125 0.44424276718750005 0.8340969421875 0.4414295046875 0.8177998296875 0.4224554578125 0.798007825 0.4153293484375 0.7786248 0.4199148484375 0.747939140625 0.436620940625 0.7366365078125 0.4487415296875 0.7295103984375 0.468533534375 0.7339595734375 0.4840126890625 0.7544332078125 0.5106581515624999
208 1 0.71512956875 0.9989766328125 0.6858241656249999 0.6763682375 0.849526509375 0.681003328125 0.982258103125 1 0.97111849375 1 0.71512956875
1844 0.40448528125000005 0.33917294375 0.3686688171875 0.320880528125 0.34647252968750003 0.35683331875 0.3824253203125 0.3790296046875 0.368445753125 0.42642135468750003 0.3416639640625 0.4429911203125 0.34952129374999996 0.5560670359375 0.41252852500000003 0.5695012984375001 0.41501954531249996 0.4169777 0.40448528125000005 0.33917294375
1608 0.23943211562500002 0.3136676796875 0.2003934109375 0.315030940625 0.161627359375 0.32420194375 0.13861311406250001 0.3367315109375 0.17161631875 0.3863912171875 0.2222303078125 0.3807151078125 0.2452445515625 0.3681855390625 0.2437449640625 0.3252429640625 0.23943211562500002 0.3136676796875
1643 0.11696213281250001 0.388299784375 0.1292190484375 0.40350628750000006 0.1603136859375 0.3985118078125 0.1551828796875 0.36351330000000004 0.13984005 0.3718663453125 0.11696213281250001 0.388299784375
1847 0.36880514375 0.3247843984375 0.39708651875 0.3511572078125 0.41982811093750005 0.33081989843750004 0.41846485 0.29178119375 0.40175875781250003 0.2610955359375 0.378199209375 0.258009621875 0.35545761875 0.27834693125 0.3487404859375 0.309850546875 0.36880514375 0.3247843984375
1838 0.3586302703125 0.145342684375 0.3820534921875 0.144524728125 0.383280428125 0.1796595609375 0.40656732343749996 0.174937734375 0.413011803125 0.135626378125 0.3999369296875 0.09699665156250001 0.3769226859375 0.10952622031249999 0.3543174203125 0.1337674 0.3586302703125 0.145342684375
291 0.21491828281249997 0.2832546734375 0.2130097171875 0.2286004875 0.2004801484375 0.20558624375 0.18500099375 0.21003541874999998 0.1662995984375 0.234140271875 0.172112034375 0.28865813125 0.21491828281249997 0.2832546734375
291 0.16657225 0.24194801250000003 0.146916571875 0.23872577343749998 0.1530016609375 0.3010513734375 0.1762885578125 0.2963295453125 0.16657225 0.24194801250000003
2001 0 0.2944816890625 0.22662989375000003 0.2828456953125 0.2272619375 0.189016478125 0.20692462812499998 0.1662748859375 0.1942587328125 0.139356771875 0.193577103125 0.1198374203125 0.16947225 0.101136025 0.1353784375 0.02024535625 0 0.018034349999999998 0 0.2944816890625
819 0.28487041875 1 0.665524171875 0.986707278125 0.6608890828125 0.853975684375 0.9755534109375 0.6866421234375 0.9923462390625 0.6078830828124999 0.9370104234375001 0.590272296875 0.938373684375 0.6293110015625001 0.9153594406250001 0.6418405703125 0.7818098890625 0.6230524375 0.754482796875 0.6240067203125 0.7313322265625 0.6326324171875 0.72447876875 0.6602321625 0.7499468828125 0.7179722625 0.7035094171875 0.7313197875 0.613038765625 0.7149359375000001 0.5427690984375 0.7173898078125001 0.48543797812499995 0.7545695343750001 0.4109917875 0.749351990625 0.3586055578125 0.7042777859375 0.30059280625 0.7219381593749999 0.1842946515625 0.7494511671875 0.014705571875 0.8179114437499999 0.014141692187499999 0.9136925953125001 0.0171556125 1 0.28487041875 1