58 0.5980666734375 0 0.6248041375 0.604830715625 1 0.6432138671875001 1 0.48253960781250005 0.9662575421874999 0 0.5980666734375 0
86 0.288896025 0.22499346718750002 0.2972611703125 0.400619009375 0.5288853546875 0.353095959375 0.5089119328125 0.1234611046875 0.288896025 0.22499346718750002
544 1 0.650179553125 0.6211798890625 0.6089999359375 0.6296269624999999 0.7297987078125 0.25156178125 0.8110566421875 0.24957245 0.8386062703125001 0.4956384046875 0.997610153125 1 0.954988971875 1 0.650179553125
1146 0.5941054484375 0 0.627610928125 0.588971290625 0.6323251203125 0.600389009375 1 0.6444939296875 1 0.4825396140625 0.9662575421874999 0 0.5941054484375 0
351 0.4054636078125 1 0.483675715625 0.9945308765625 0.28655046562500003 0.8634310359375 0.29610029843749996 1 0.4054636078125 1
351 0.5455889421875 0.535969996875 0.38446039375 0.527658259375 0.32546440312499997 0.5239520843750001 0.26783084375 0.53972958125 0.2806109921875 0.5544990609375 0.29159236875 0.6555416734375 0.2923279 0.722058646875 0.4330733890625 0.7748693828125 0.5366503046875 0.744131846875 0.5406289671875 0.689032590625 0.5397028765624999 0.5637921109375 0.5541998703125001 0.547115228125 0.5455889421875 0.535969996875
1849 0.29001267343750003 0.40895745000000006 0.3178347890625 0.414843515625 0.34094270937500004 0.4093118640625 0.50324313125 0.37838377031250003 0.5341445203124999 0.37230714531250003 0.518067834375 0.14239980624999998 0.5047427124999999 0.11983685625 0.4473816390625 0.1395110890625 0.3791478203125 0.1716929828125 0.31508322187500004 0.207499125 0.2847268046875 0.22136921874999999 0.29001267343750003 0.40895745000000006
477 0.3283816390625 0.061685028125 0.3344582640625 0.09258641875 0.34388665 0.115421853125 0.3678120296875 0.12158040625 0.39399922656249997 0.10408606406250001 0.4374082796875 0.108882184375 0.49675868437500004 0.061658325 0.4800818015625 0.04716133125 0.47321498125000006 0.0006520421874999999 0.392057990625 0.006327092187499999 0.3841077953125 0.0186303890625 0.3677033984375 0.00803013125 0.34042625625 0.009937534375 0.34369609218749997 0.056698348437500004 0.3283816390625 0.061685028125
1844 0 0.4054636140625 0.012281278125 0.5810940796875 0.054872873437500004 0.574199996875 0.05767966249999999 0.558340571875 0.0475157453125 0.46898816249999997 0.041330489062499996 0.324536496875 0.0314390578125 0.2390808234375 0.013944715625000001 0.21289362656250002 0 0.2118866921875 0 0.4054636140625
1822 0.2569848015625 0.7206142890625 0.2583472328125 0.7400979609375 0.2708548953125 0.7509707062500001 0.2749421890625 0.809421725 0.3517869359375 0.7883850625 0.4208382125 0.767893371875 0.3162532796875 0.7282171984375 0.2761959890625 0.7153551234375 0.2569848015625 0.7206142890625
1822 0.29038808125000004 1 0.2955425109375 0.992023278125 0.29118273125 0.9296755250000001 0.2873679234375 0.875121240625 0.2748602609375 0.8642484953125 0.26870170937500004 0.888173875 0.26725735156249997 0.923516971875 0.2850241796875 0.9536009046875 0.28276236250000003 0.9772537984375 0.25910946875 0.97499198125 0.21180368125000001 0.9704683468749999 0.157249396875 0.9742831531249999 0.114657803125 0.9811772359375001 0.07261118125 0.9958647890625001 0.06560917656250001 1 0.29038808125000004 1
1588 0.9272927375 0 0.778958490625 0.0654197234375 0.7825008125 0.1160772734375 0.756313615625 0.133571615625 0.7764508921875 0.253552928125 0.7896940859375 0.33094264687499997 0.8003210484375 0.4829152953125 0.76634038125 0.500954609375 0.76200730625 0.6069839015625 0.9915602328125 0.64183725 1 0.63685293125 1 0.4825396234375 0.96625754375 0 0.9272927375 0
1849 0.6302271578124999 0.5143883625 0.7076168765624999 0.50114516875 0.7891758171875 0.49152622343749997 0.7917101203125 0.4717700640625 0.77726835 0.26524313125 0.7644882015625 0.2504736515625 0.61504985625 0.24134445625 0.6302271578124999 0.5143883625
1250 0 0.19541961562500001 0.0871652140625 0.196026184375 0.07544830625 0.028466596875 0 0.033742456250000004 0 0.19541961562500001
1608 0.797104621875 0.7729085703125 0.8073504671875 0.807434209375 0.9392125421875 0.8452029796874999 0.9898700921874999 0.8416606578125 0.9848834125 0.82634620625 0.9824310359374999 0.7912755953125 0.96493669375 0.7650883984375 0.9376595515625 0.7669958015625 0.9181758796875 0.7683582328125 0.9090199796875 0.7494195312499999 0.8928880687499999 0.7427160078124999 0.8898087921875 0.7546786984375 0.8703251203125 0.756041128125 0.8466722265625 0.7537793109375001 0.8455822812499999 0.7381923734375 0.8294503703125 0.7314888484375001 0.8060699625 0.7331237671874999 0.797104621875 0.7729085703125
1643 0.5925670203125 0.7598007124999999 0.598098671875 0.782908634375 0.6760333640625 0.7774589093750001 0.670229225 0.750454253125 0.5925670203125 0.7598007124999999
1645 0.66652305 0.80945024375 0.6765783359374999 0.785252378125 0.5950193968749999 0.7948713234375 0.596109340625 0.8104582625000001 0.66652305 0.80945024375
1606 1 0.8808280921874999 0.9962192015625 0.8764587828125 0.9561619109375 0.8635967062500001 0.931691559375 0.8496446859375 0.8916342687500001 0.836782609375 0.851576978125 0.8239205343749999 0.7842425453125 0.8129658609374999 0.72162230625 0.8134289062500001 0.6823824734375 0.8122570343750001 0.631724925 0.8157993546875 0.58913333125 0.8226934375000001 0.5498934984375 0.8215215656250001 0.5131060421875 0.8554203046875 0.5197276390625001 0.8941151640625 0.5486396984375 0.91558816875 0.5809035203125 0.9289952171875001 0.597580403125 0.943492209375 0.618154021875 0.9577167171875001 0.666549753125 0.9778272890625 0.6896576750000001 0.9722956375 0.7247282859374999 0.9698432625000001 0.7330667281250001 0.9770917578124999 1 0.9584259656249999 1 0.8808280921874999
1950 0.5598134499999999 0.5153963796875 0.5979633375 0.5009813140625 0.5808234078125001 0.42386408124999997 0.5535462671875 0.42577148437499995 0.5598134499999999 0.5153963796875
1847 0.5169778890625001 0.1268128671875 0.5188852921875 0.154090009375 0.5464349203125 0.156079340625 0.565101134375 0.1430267046875 0.5601144546875 0.127712253125 0.5551277765625 0.11239780156250001 0.535644103125 0.1137602328125 0.5169778890625001 0.1268128671875