407 0.4956365421875 0 0 0.008651368750000001 0 0.07611108125 0.0004565546875 0.0828734546875 0.9945980296875 0.186157896875 0.99134863125 0 0.4956365421875 0
1939 0.0004565546875 0.0828734546875 0.002501759375 0.20004310625000002 0.0090464109375 0.5749859921875 0.9977553968749999 0.3670433328125 0.9961402203124999 0.274509940625 0.9906324890624999 0.1827952203125 0.0004565546875 0.0828734546875
2001 0.1744671609375 0.427545296875 0.3577602546875 0.40871852343750004 0.3426346171875 0.21364029062499998 0.15112117187500002 0.20916947968750002 0.1744671609375 0.427545296875
1650 0.3078048203125 0.4564726390625 0.2919776796875 0.4450283671875 0.256826784375 0.445641928125 0.24510981874999999 0.4458464484375 0.22092598125000001 0.403293284375 0.1235572984375 0.42062024062500003 0.0065921671875 0.4343824109375 0.0198089484375 0.5201023015625 0.062771153125 0.51935239375 0.0983992640625 0.5460784171874999 0.3241773484375 0.49916214999999997 0.3324658734375 0.5263653890625 0.323972828125 0.4874451859375 0.3078048203125 0.4564726390625
1650 0.6626058703125 0.41511795781250005 0.70173059375 0.418341878125 0.7026168484374999 0.46911539375 0.7104281593749999 0.468979046875 0.7096782515625 0.4260168421875 0.8031412781249999 0.40875805937500004 0.811429803125 0.43596129687499996 0.8112252828125 0.42424433125 0.81074806875 0.396904746875 0.783067615625 0.3778536859375 0.75565985625 0.3744252453125 0.72784305625 0.3475628734375 0.6381493375 0.3569421734375 0.6505480375 0.395794203125 0.6557489875 0.4699334765625 0.6626058703125 0.41511795781250005
597 0.7364526812500001 0.6169848984375 0.7478969515625 0.6011577578125 0.6654691546875 0.5791554703124999 0.45483647656250004 0.5984594578125 0.4041311328125 0.60325136875 0.299223834375 0.6363372921875 0.1696554828125 0.599530465625 0.0707188109375 0.52702735625 0.035363395312500004 0.5159239515625 0.008091982812499999 0.520306821875 0.012611198437500002 0.5553895437499999 0.1948619234375 0.7006684562500001 0.0626150390625 0.7342315953125 0.0630240796875 0.757665525 0.0359571890625 0.773765359375 0.0365025765625 0.8050105999999999 0.060072853125000006 0.8124128687500001 0.095155575 0.8078936531249999 0.1187940265625 0.8192015781249999 0.0998111390625 0.8507876859374999 0.11995297499999999 0.8855977140625001 0.15503569687500002 0.881078496875 0.1782651078125 0.868952490625 0.18950485781249998 0.8414083859374999 0.184781121875 0.7946086984375 0.223837671875 0.7939269640625 0.2226787234375 0.727530828125 0.460241946875 0.6843156953125 0.5113563296875 0.702957715625 0.706025521875 0.664398146875 0.7257583171875 0.6757742453125 0.7265763984375 0.72264210625 0.7538478109375 0.7182592375 0.7364526812500001 0.6169848984375
819 1 0.5848017703124999 0.6419670515625 0.57565885625 0.9991966640625 0.44961347500000004 0.9976872234374999 0.36313767812500003 0.0089782375 0.5710803375 0.0164650578125 1 0.232095475 1 1 0.9835836625000001 1 0.5848017703124999
1754 0.57048654375 0.7331803546875 0.4524306375 0.6844520421875 0.222746896875 0.7314364828125 0.225201140625 0.872040065625 0.24863507187499997 0.8716310234375 0.251654471875 0.8207893343749999 0.28741892812500003 0.8553266687500001 0.300635709375 0.941046559375 0.34346156875 0.9324853421875 0.3299039203125 0.8272371749999999 0.45447584062499996 0.8016216953124999 0.458586015625 0.8132704859375 0.4741404625 0.8090921375000001 0.47386776875000003 0.7934695171875 0.54793886875 0.7843629109375 0.553276165625 0.8663134937500001 0.5882907140625 0.8578886234375 0.57048654375 0.7331803546875
958 1 0.4956365640625 0.999197421875 0.449656871875 0.6536840171875 0.5754543359375 1 0.5809500375 1 0.4956365640625
1050 0.824549771875 0.0684888546875 0.7895352234375 0.076913725 0.8367439515624999 0.09562391875000001 0.86381084375 0.079524084375 0.824549771875 0.0684888546875
1050 0.49563654062499996 0 0.4942030375 0.000025021875 0.4680443875 0.0122021578125 0.593638909375 0.045171503125 0.6363965953124999 0.0327046296875 0.5175784671875 0 0.49563654062499996 0
1761 0.4784265203125 0.383171215625 0.4238155234375 0.3880312984375 0.36536704375 0.3968652109375 0.3459069421875 0.40111173281249995 0.3460432890625 0.40892304375000005 0.3774248765625 0.41618896562499996 0.4399153578125 0.41509819062500003 0.4594436328125 0.4147573234375 0.46478093125 0.49670790625 0.46725494375 0.41462097656249997 0.49459452812500004 0.4141437625 0.5217977671875 0.40585523749999997 0.5373522140625 0.40167688906250004 0.558175784375 0.4755434671875 0.5411896953124999 0.39770306093749996 0.4784265203125 0.383171215625
423 0.4170949890625 0.4506581265625 0.42976638281249996 0.505132778125 0.4246336046875 0.434899159375 0.397225846875 0.43147071875 0.377629396875 0.42790593125000004 0.37722035625 0.40447200156249996 0.3496762515625 0.39323225 0.31843101093750004 0.3937776375 0.3153434375 0.44071367187500005 0.3159569984375 0.4758645671875 0.3195217859375 0.45626811875 0.3664578203125 0.4593556921875 0.379061040625 0.5099246875000001 0.374337303125 0.46312499999999995 0.4170949890625 0.4506581265625
2001 0.4314904859375 0.3800836421875 0.5641464125 0.369954434375 0.5575819921875 0.2177020609375 0.4169102359375 0.21625065000000002 0.4314904859375 0.3800836421875