1057 0.4251315640625 0.19099482968749998 0.359020759375 0.1983711609375 0.316486596875 0.3570647109375 0.488126046875 0.34806946875 0.4251315640625 0.19099482968749998
1917 0.171948984375 0.360727996875 0.1766676296875 0.3761271453125 0.1655782515625 0.388443146875 0.167622625 0.42745211406249994 0.157350996875 0.45537170156249995 0.178286540625 0.48165579062499997 0.2211964046875 0.47940698125000003 0.2316724703125 0.4553882890625 0.22613607500000002 0.42438555312500004 0.2242961390625 0.389277484375 0.21198013750000003 0.37818810625 0.215063284375 0.3623800828125 0.2097313265625 0.33527824375000004 0.18242505 0.3367093046875 0.171948984375 0.360727996875
125 0.035693778125 0.9702568812499999 0.266902040625 0.829056615625 0.2648742546875 0.7157261765625 0.29034059375 0.6791870453125 0.1090594140625 0.6534830921875 0.049540365625 0.562723696875 0.0109402734375 0.5725698625 0.035693778125 0.9702568812499999
1956 0.24625387031249998 0.43506605625 0.2455907953125 0.6463277859375001 0.582907840625 0.6638542453125 0.568033678125 0.15612437343750002 0.524919378125 0.1544722875 0.48550153749999997 0.1487148671875 0.44978015468750004 0.1388521125 0.3561586359375 0.143758609375 0.236661903125 0.1774024421875 0.24625387031249998 0.43506605625
255 1 0.5202914234375 0.6061419578125 0.510083778125 0.78841215 0.7039351609375 0.8697176671875001 0.6879392859375 1 0.57518471875 1 0.5202914234375
691 1 0.48690704374999993 0.976749996875 0.0432705578125 0.9489070734375 0.034461765625 0.8435828640624999 0.0399815734375 0.7503702203125 0.0526898625 0.63600100625 0.1095346375 0.6449464875 0.5041385093749999 1 0.5089245265625 1 0.48690704374999993
1354 0.0189299171875 0.6503833578125 0.0242452875 0.7518066703125 0.0439542078125 0.7546853796875 0.1127392859375 0.72369923125 0.0228308140625 0.6501789203125 0.0189299171875 0.6503833578125
1050 0.359429634375 0.20617295468750002 0.3207963671875 0.3646620671875 0.39101250625 0.3609821953125 0.388133796875 0.380691115625 0.3967533390625 0.395885828125 0.40002433593750003 0.4583001734375 0.3856473734375 0.48252330312499997 0.38297310156250003 0.5061331203125 0.3683917015625 0.5264553515625 0.438812278125 0.5266763765625 0.4258829640625 0.503884309375 0.4404643640625 0.48356207656250005 0.4283528 0.4763735953125 0.4115225890625 0.453785965625 0.41974984375 0.3868574109375 0.4107214265625 0.36386090625 0.49223138125 0.35176592812499996 0.42554043906250005 0.1987966234375 0.359429634375 0.20617295468750002
1754 0.363816996875 1 0.7052003484375 0.98210885625 0.81795065 0.819735434375 0.8130275671874999 0.8004353890625 0.75390080625 0.7917992593750001 0.43937582812500003 0.7613434859375 0.3896863578125 0.7835056546875 0.13163519375 1 0.363816996875 1
1650 1 0.520634434375 0.864827759375 0.5199962953124999 0.8254099187499999 0.514238875 0.7749026999999999 0.52079745625 0.68066786875 0.5140012625 0.583145453125 0.5191121953125 0.524427565625 0.518277859375 0.4985357640625 0.6213366703125 0.4258497890625 0.65252725625 0.4229710796875 0.6722361765625 0.439187978125 0.6831211171875 0.45477497656250004 0.756624840625 0.82473025625 0.7998220765624999 0.8154808140625001 0.8472461484375 1 0.876286859375 1 0.520634434375
322 0.37716591875 0.7685153796875 0.317000384375 0.8146962406249999 0.252525078125 0.8532797437499999 0.24656322031250003 0.8887966890625 0.3007668984375 0.8781327734375 0.328073175 0.8767017109375 0.3683087640625 0.8980627171875 0.388222121875 0.9048423250000001 0.3937751046875 0.8615235875 0.4442823234375 0.8549650046874999 0.4730196609375 0.8808402203125001 0.4876010609375 0.8605179875 0.504226834375 0.879204721875 0.5058789203125 0.8360904218749999 0.503425671875 0.7892796625 0.37716591875 0.7685153796875
1250 0.0952074375 0.16525770312500002 0.142222634375 0.1667053515625 0.141625909375 0.0806811890625 0.1247957 0.058093557812499995 0.0972849859375 0.055623723437499994 0.0952074375 0.16525770312500002
1250 0.11283880937499999 0.27777039375 0.1442504203125 0.280035790625 0.1395483625 0.19031516875 0.10444029218749999 0.1921551046875 0.11283880937499999 0.27777039375
1250 0.1107612625 0.3874043734375 0.153671125 0.3851555625 0.149377940625 0.30323673281249997 0.11016453749999999 0.3013802109375 0.1107612625 0.3874043734375
1917 0.3895150953125 0.6309618109375 0.39094615781250003 0.6582680875 0.384575425 0.6859832390625 0.3862109234375 0.7171904125 0.3876419859375 0.7444966890625 0.4077597796875 0.7551771921875 0.43075628593750004 0.746148775 0.4369225796875 0.7145327265625 0.431386184375 0.6835299906250001 0.4182524328125 0.6568370265625 0.424623165625 0.6291218749999999 0.43509923125 0.605103184375 0.399786725 0.6030422234375 0.380691115625 0.6118662031250001 0.3895150953125 0.6309618109375
1636 0.17167819687500002 0.6541129921875 0.21869339375000002 0.655560640625 0.2496961296875 0.6500242453125 0.240905325 0.48228569062500004 0.1667882890625 0.48617 0.17167819687500002 0.6541129921875
683 0.814541565625 0.4561343 0.8416434046875001 0.45080234218750004 0.8356981343750001 0.4119978125 0.8342670734375 0.3846915375 0.8108616937500001 0.38591816093750003 0.814541565625 0.4561343
1699 0.6832592046875 0.8619988109375001 0.669716578125 0.827504053125 0.6645890578125 0.8043031109375001 0.6592571 0.777201271875 0.6574171640625 0.7420932031249999 0.6446922875000001 0.72320203125 0.6212869078125001 0.7244286546875001 0.6110152796875 0.75234824375 0.6042356718749999 0.7722616015625 0.5734373749999999 0.78169889375 0.55146305625 0.8102317937500001 0.6341830468749999 0.89586366875 0.7232903578125 0.8794589203125 0.6832592046875 0.8619988109375001
1699 0.2891790203125 1 0.482644803125 0.9898608875000001 0.4955907046875 0.9383314828125 0.4781471828125 0.9040411625000001 0.460499221875 0.8658499453124999 0.43196632187499995 0.8438756265625 0.40856094218749994 0.8451022515625001 0.3859733125 0.8619324609374999 0.3874043734375 0.8892387375 0.356606075 0.8986760296874999 0.3401847390625 0.8838901921875 0.31226515 0.8736185640624999 0.2816712890625 0.886956753125 0.23567827968750002 0.9050135875 0.222936815625 0.9604438890625 0.21786615937499998 1 0.2891790203125 1
1506 1 0.86483839375 0.3418534125 0.76645441875 0.032201756250000005 0.9782631109375 0.03553208125 1 0.36381700625 1 1 0.9666590609375 1 0.86483839375
1950 0.6096505671875 0.427756075 0.63695684375 0.4263250140625 0.6318293234375 0.40312407187500005 0.60842394375 0.4043506953125 0.6096505671875 0.427756075
1636 0.344936559375 0.7506463953125 0.3611534578125 0.7615313359375 0.40036686250000003 0.7633878593750001 0.43177847187499996 0.7656532578124999 0.44656430937499997 0.749231921875 0.4432933125 0.686817575 0.40757192968749995 0.676954821875 0.409632890625 0.641642315625 0.47122948750000004 0.62276773125 0.474329221875 0.532638234375 0.46591411718750003 0.52134441875 0.43429806875 0.515178125 0.35648457499999997 0.5231677671875 0.345190759375 0.5315828734375 0.344936559375 0.7506463953125