58 1 0.0961711453125 0.73305391875 0.042360359375000003 0.5910741749999999 0.635170434375 0.95171466875 0.7797167421875 1 0.55255211875 1 0.0961711453125
86 0.372875909375 0.1774586125 0.3325080421875 0.348586465625 0.5682586265625 0.3667486546875 0.6123548859375 0.1405040453125 0.372875909375 0.1774586125
544 0.9048920171875 1 0.950236546875 0.7866707609375 0.58644113125 0.63817916875 0.561264325 0.7566267296875 0.1754470265625 0.7305279812500001 0.1659410515625 0.75646205 0.35864741875 0.9771313609375 0.47446406874999997 1 0.9048920171875 1
1146 1 0.095107984375 0.7299955625 0.037716768750000004 0.598143684375 0.6206990328125 0.599528109375 0.6329738546875 0.944072890625 0.7780924328125 0.9522561046875 0.7771694828125 1 0.552552115625 1 0.095107984375
351 0.16459423125 0.9318905640624999 0.34799690625 0.9708740062500001 0.19464396875 0.79051766875 0.16459423125 0.9318905640624999
351 0.5339082296875 0.547142596875 0.381312553125 0.49473979375 0.3256235265625 0.47491569062499994 0.2658737265625 0.47419603125 0.2740877734375 0.49191605312500003 0.25679263125 0.5920713234375 0.23916510624999998 0.6562142828125 0.35990174218750004 0.7457739343750001 0.467938678125 0.7447767859375001 0.4869506265625 0.69290865 0.520581365625 0.572264509375 0.5391135421875 0.5602295734375 0.5339082296875 0.547142596875
1849 0.3232419546875 0.3546039328125 0.34836386875 0.36793079687499997 0.3721013578125 0.3689828375 0.5366394734375 0.3839889046875 0.568018740625 0.3866652546875 0.6159358890625 0.1612328 0.6093461515625 0.1358710015625 0.5487841953125 0.13897223125 0.47432310624999996 0.1510996640625 0.40287075312500004 0.16786014062500001 0.369867175 0.17282556875 0.3232419546875 0.3546039328125
477 0.47848570625000003 0 0.47194153437499997 0.030787907812499998 0.4558458234375 0.031360176562499995 0.453169471875 0.06273944375 0.4559383203125 0.0872890875 0.47723934375 0.09980379687499999 0.5072341875 0.090205325 0.5476396578125 0.10678080937500001 0.6177075875 0.077745509375 0.6056726515624999 0.0592133328125 0.6118915390625 0.012612982812500001 0.55255211875 0 0.5273882609375 0 0.521280709375 0.0053336109375 0.5166229671875 0 0.47848570625000003 0
1844 0.0088221171875 0.4435191328125 0.0516640515625 0.44863194999999995 0.0587335609375 0.4341605484375 0.0735922375 0.34546794531249997 0.10746286406250001 0.2049072046875 0.1215093859375 0.120035490625 0.1119109140625 0.09004064687499999 0.085976846875 0.08053467187499999 0.0088221171875 0.4435191328125
1822 0.205589259375 0.6450839984375001 0.20152848437499998 0.66418844375 0.21055468593749999 0.6780875765625 0.1983723609375 0.7354009125000001 0.2780387625 0.73636045625 0.3500633859375 0.735695690625 0.2604661296875 0.6687289921875 0.22550585937499998 0.645323884375 0.205589259375 0.6450839984375001
1822 0 0.899436915625 0.1531315640625 0.9294541000000001 0.1678428515625 0.9166070078124999 0.1808373328125 0.8554727828124999 0.19220750312499998 0.8019803359375001 0.1831813015625 0.7880812046875 0.1706665921875 0.809382228125 0.1595363078125 0.842958075 0.16832262343749999 0.8767738078124999 0.15962880468750001 0.8988869875000001 0.137515625 0.8901931671875 0.0932892671875 0.8728055296875 0.039796820312499995 0.8614353578125 0 0.8566859499999999 0 0.899436915625
1588 1 0.1437977546875 0.8879386703125001 0.1591460078125 0.8773806546875 0.20881756562499998 0.8473858109375 0.21841603593749997 0.8336716718750001 0.3393000625 0.8250703500000001 0.417342153125 0.793396303125 0.5663568265625 0.75575968125 0.5743309875 0.722368828125 0.675058528125 0.933422378125 0.771835078125 0.9545572109375 0.76634363125 1 0.55255211875 1 0.1437977546875
1849 0.621216409375 0.5497264515625 0.6992585 0.5583277734375 0.7803093249999999 0.571562140625 0.788190990625 0.5532698500000001 0.8312352078125 0.3507627296875 0.8230211609375001 0.3330427078125 0.6818881515624999 0.283076371875 0.621216409375 0.5497264515625
1250 0.1047670828125 0 0.08922546718749999 0.065251115625 0.186944271875 0.094008925 0.20692648593750002 0 0.1047670828125 0
1608 0.7103714953125 0.8442296875 0.710703878125 0.880242 0.8270473562499999 0.952893784375 0.8767189140625 0.9634518 0.8761466453125 0.9473560890625 0.883456040625 0.9129680875 0.8738575703125001 0.8829732437500001 0.847111346875 0.8772881578125 0.8280069015624999 0.8732273828125001 0.8244258984374999 0.852498628125 0.8107666531250001 0.8416082296875 0.8045092984375 0.8522587421875001 0.785404853125 0.8481979671875 0.7632916734374999 0.839504146875 0.76654029375 0.824220590625 0.752881046875 0.8133301921875 0.7299557125 0.8084572624999999 0.7103714953125 0.8442296875
1643 0.51737035 0.7752514015624999 0.5163183078125 0.7989888921875 0.5927360890625 0.8152319921875 0.5946002859374999 0.7876736140625 0.51737035 0.7752514015624999
1645 0.5747761812500001 0.8433626406249999 0.5911117796875 0.8228737703125001 0.5100609546875 0.809639403125 0.506812334375 0.824922959375 0.5747761812500001 0.8433626406249999
1606 0.8738552875 1 0.8732304078125 0.99865195625 0.8382701375 0.9752468500000001 0.8185934234375001 0.9550903640625 0.783633153125 0.9316852578124999 0.7486728828125 0.9082801500000001 0.6869663890625 0.8791899578125 0.62664431875 0.8623745890625001 0.5892475828125 0.8504321484374999 0.539576025 0.839874134375 0.49673409062499996 0.8347613171875 0.45933735468750003 0.8228188781249999 0.41463122343750003 0.8452644390625 0.4103305625 0.8842854859375 0.43220385625 0.9128959046875 0.45952234843750006 0.9346767015624999 0.47155728437500005 0.953208878125 0.487413109375 0.9725532093749999 0.5218381562500001 1 0.8738552875 1
1950 0.5532525609375 0.5312867703124999 0.5938979171875001 0.5279456546875 0.5986783499999999 0.4490914078125 0.5719321265625 0.44340632187500006 0.5532525609375 0.5312867703124999
1847 0.6191845093749999 0.14594924375 0.6134994234375 0.1726954671875 0.6394334921875 0.1822014421875 0.6609744015625 0.17479955 0.6604021328125 0.15870383906250002 0.6598298640625 0.142608128125 0.64072541875 0.1385473515625 0.6191845093749999 0.14594924375