1754 0.8843907953125001 1 0.5316543890625 0.82848131875 0 0.851654184375 0 0.9038961000000001 0.5049763421875 1 0.8843907953125001 1
1840 0.91216819375 1 0.9432045109375 0.8403319828125 0.92223275625 0.8049180109374999 0.8646077953125 0.7738200421875 0.7940964390625 0.7680727468749999 0.7413745359374999 0.79363890625 0.6994107281249999 0.8252755890625 0.6644782796875 0.8821552031250001 0.873321140625 1 0.91216819375 1
1840 0 0.8538368453125 0.14256671875 0.8443756656250001 0.13457452812499998 0.783131709375 0.11593198281249999 0.7357349828124999 0.0735372046875 0.6877006515625 0.0135684578125 0.6481883734375 0 0.6455509328125 0 0.8538368453125
353 0.24979788906249997 0.415551378125 0.440031253125 0.460487721875 0.45228004374999997 0.4588892828125 0.496471040625 0.2724904 0.4105140171875 0.2438439609375 0.2264500671875 0.06480851875 0.1653315609375 0.3792359765625 0.249690146875 0.3956336234375 0.24979788906249997 0.415551378125
353 1 0.372281015625 0.8041903703125 0.36811923750000003 0.7351697078125 0.3547029796875 0.6922450671875 0.3503386375 0.659342028125 0.49913805624999996 0.6923616640625 0.513515146875 0.8357281625 0.533424046875 0.856705640625 0.445976328125 1 0.46310140781250003 1 0.372281015625
300 0.6142890875 0.5261949109375 0.634314584375 0.5460049203125 0.6205750984375 0.555272321875 0.6314409375000001 0.5812605984375 0.6537024765624999 0.589567165625 0.674257834375 0.5657071890625 0.6626466484375 0.5435533921875 0.6893802734375 0.528853071875 0.6876740921875 0.49668652656249995 0.6837318671875 0.47602342656249996 0.6676485953125 0.47687651718749996 0.63931653125 0.4793280453125 0.62408635 0.4962644078125 0.6295192703125 0.509258546875 0.6142890875 0.5261949109375
666 0.37816740000000004 0.7787496609375 0.5038521874999999 0.787262859375 0.5159932359375 0.7657466687500001 0.5456993984375 0.5924496671874999 0.42608513437499995 0.573178371875 0.41405182968750004 0.6146123171875 0.3849832703125 0.7641570828125 0.37816740000000004 0.7787496609375
1228 0.2942397859375 0.8420230265624999 0.3552682546875 0.794195328125 0.3923201515625 0.5626357609375 0.3288401515625 0.582131396875 0.3205335859375 0.6043929359375 0.27432203125 0.84213076875 0.2942397859375 0.8420230265624999
1483 1 0.45843905156250003 0.869699778125 0.4405434078125 0.8552149453125001 0.45364529062500003 0.8290200343749999 0.567934378125 0.8827027703124999 0.5783692453125 0.9226460203125001 0.5980715125 0.9342572078125 0.620225309375 0.9813370296875 0.6441571859375 1 0.5481445265625 1 0.45843905156250003
548 0.132428521875 0.5280353953125 0.1250827875 0.5862979593750001 0.152669503125 0.5876809125 0.3310761953125 0.570627953125 0.3333122375 0.5591245093749999 0.1469133546875 0.5149335125000001 0.132428521875 0.5280353953125
353 0.13873223750000002 0.84363031875 0.1424589765625 0.8244579125 0.15481551093749998 0.842777228125 0.28199099375 0.8436214640624999 0.277303421875 0.8267928453125 0.31808205625 0.576060871875 0.1504334609375 0.59918435625 0.1274265734375 0.5947122703125001 0.1214637921875 0.62538811875 0.07439914843749999 0.8470426812499999 0.13873223750000002 0.84363031875
1373 0.39668449375 0.5197111203125 0.41521929531249996 0.54719009375 0.48040547499999997 0.559861003125 0.48413221406250007 0.5406885984375001 0.497126353125 0.535255678125 0.4840244703125 0.52077084375 0.47006949843749996 0.49020273750000004 0.44780795937500006 0.4818961703125 0.4233103765625 0.485093046875 0.39668449375 0.5197111203125
353 0.6378435437500001 0.7735145203125 0.6714919296875 0.6208806203125 0.7105820890625 0.624499615625 0.7642648265624999 0.6349344828125 0.7826918843749999 0.6424957015625 0.7879093171875 0.6156543328125 0.555604403125 0.58243691875 0.5189746265624999 0.75040874375 0.5183370218750001 0.7741609781250001 0.6378435437500001 0.7735145203125
544 0.6609493203125 0.654645603125 0.96918010625 0.7066991296875 0.9729252484375 0.6874320468749999 0.9728175046875001 0.6675142921874999 0.8470249734375 0.6390833390624999 0.660733834375 0.614810096875 0.6609493203125 0.654645603125
1373 1 0.41278689531249996 0.9713091031250001 0.3886657421875 0.9270015109375 0.41188811562499994 0.9316890828125001 0.42871673593750004 0.95096923125 0.452361228125 0.978555946875 0.4537441796875 0.9915500859374999 0.44831126093749996 1 0.44142104687500006 1 0.41278689531249996
2001 0.49265426718749994 0.558262565625 0.61993749375 0.57902455625 0.6243018359375 0.536099915625 0.6225956546875 0.5039333703125 0.6507122328125 0.46164633437499997 0.6646583515625 0.3489556859375 0.4950880890625 0.30007711718749996 0.4584583109375 0.468048940625 0.476247765625 0.4993623953125 0.49265426718749994 0.558262565625
407 0.24489217812500003 0 0.2340112859375 0.0463814609375 0.3534189171875 0.1690760046875 0.6973547578125 0.30357951562499996 0.745604575 0.30102024374999997 0.921990709375 0.335306234375 1 0.3292733953125 1 0.088262090625 0.534487990625 0 0.24489217812500003 0
301 0.3209822640625 0.9705814625 0.326199696875 0.94374009375 0.320659034375 0.9108282015625001 0.273046821875 0.8896352390625 0.2186187375 0.883034853125 0.1734580546875 0.8901739546874999 0.1551387390625 0.9025304875 0.1415069953125 0.9317156421874999 0.3209822640625 0.9705814625
1184 0.5189054078125 1 0.4573174046875 0.9652474328125 0.5301725484375 0.9794090375 0.535497725 0.9724854234375 0.5154722281249999 0.9526754125 0.43036829374999996 0.9401122453124999 0.48852311718749997 0.9275402250000001 0.49001381093749996 0.9198712625000001 0.370399546875 0.9005999671874999 0.38488438125 0.8874980859375 0.2860409609375 0.8842023187500001 0.288384746875 0.8926166296875 0.3145885109375 0.9215862984375001 0.32012917343749997 0.954498190625 0.3447344984375 0.9712190671875 0.49279956093750005 1 0.5189054078125 1
968 0.36365600468750003 0.3620752734375 0.35044637968750003 0.3276726859375 0.278974190625 0.285924365625 0.26023275625000003 0.361868640625 0.3798470203125 0.3811399359375 0.3866628921875 0.366547359375 0.36365600468750003 0.3620752734375
653 0.40233290000000005 0.5725407671875 0.38092445 0.580317471875 0.366125240625 0.67692485 0.385297646875 0.6806515875 0.40233290000000005 0.5725407671875
322 0.3107274703125 0.49106468124999997 0.3017832984375 0.53707845625 0.3178665703125 0.536225365625 0.3377843234375 0.536117621875 0.35621138281250003 0.5436788421875 0.38305275 0.5488962749999999 0.38603414062499997 0.5335583500000001 0.3905062265625 0.5105514624999999 0.3667539921875 0.509913859375 0.368990034375 0.498410415625 0.3421486671875 0.49319298125 0.3458754046875 0.47402057500000006 0.3228685171875 0.4695484890625 0.2799438765625 0.465184146875 0.279306271875 0.48893638125 0.3107274703125 0.49106468124999997
912 0.7934499796875001 0.6485662265625 0.8356292734374999 0.65676505 0.8700318609375 0.643555425 0.8998546203125001 0.633434934375 0.9074158390625 0.615007875 0.94032773125 0.6094672125 0.9164677546875 0.5889118546875001 0.86811019375 0.5715533734375 0.8489377875 0.567826634375 0.8220964203125 0.5626092015624999 0.8021786656250001 0.5627169453125 0.7776810843749999 0.565913821875 0.7615978109375 0.5667669125 0.75169280625 0.576779659375 0.7748074359375 0.6011694999999999 0.78950775625 0.627903125 0.80644411875 0.64313330625 0.7934499796875001 0.6485662265625
1416 0.141695921875 0.5417748812500001 0.2498067421875 0.558810134375 0.2571524765625 0.50054756875 0.2600261234375 0.465291890625 0.176412884375 0.44505976093750005 0.15191530312499998 0.4482566375 0.141695921875 0.5417748812500001
1416 0.3015678125 0.49724294843749994 0.263223 0.489789471875 0.254278828125 0.535803246875 0.296458121875 0.5440020703124999 0.3015678125 0.49724294843749994
1716 0.34108894375 0.5805329578125 0.40382359531249995 0.5648718046875 0.3815620546875 0.5565652375 0.31254139375 0.5431489796875 0.3026363890625 0.553161728125 0.325643275 0.5576338140625 0.34108894375 0.5805329578125
410 1 0.137035890625 0.98908085 0.133461684375 0.9661817062500001 0.14890735156249998 0.9823727218749999 0.167972015625 1 0.1713984109375 1 0.137035890625
410 0.3407784328125 0 0.34648645 0.020492071875 0.375671603125 0.034123815625 0.400914534375 0.027092457812499998 0.400806790625 0.0071747046875 0.38912440312499996 0 0.3407784328125 0
410 0.47846610156249997 0.2013414390625 0.5006198984375 0.189730253125 0.495186978125 0.1767361140625 0.47675992031250003 0.16917489531250002 0.4568421671875 0.1692826375 0.449280946875 0.18770969531249998 0.4707971390625 0.19985074375 0.47846610156249997 0.2013414390625
410 0.6633742890625001 0.2532013984375 0.6541068890624999 0.2394619125 0.6311000015625 0.23498982656249998 0.62194034375 0.24116809374999998 0.6297170484375 0.26257654218750004 0.6527239359375 0.267048628125 0.6633742890625001 0.2532013984375
410 0.8375243812500001 0.2989908328125 0.8244224984375 0.28450600000000004 0.8090845734375 0.281524609375 0.7884214734375 0.28546683281249996 0.7976888734375 0.29920631875 0.81611593125 0.3067675390625 0.8375243812500001 0.2989908328125
1373 0.24959274062499998 0 0.2361395859375 0.0149602640625 0.22570471875 0.068643 0.26799175468750003 0.096759578125 0.264794878125 0.07226199531250001 0.26319644062499997 0.0600132046875 0.27384679375 0.046165975 0.26149025937500003 0.027846659375 0.26830613125 0.013254082812500002 0.2618788984375 0 0.24959274062499998 0
681 0.0993008265625 0 0 0.49658947812500004 0 0.637652409375 0.0365753453125 0.6526604593750001 0.1562869875 0 0.0993008265625 0