937 0.5096251421875 0.39097933125 0.5235932296875 0.42300425468749997 0.5387879421874999 0.431623796875 0.5780013453125 0.42976727343750004 0.6032466609375 0.395885828125 0.6011857 0.3605733203125 0.583112278125 0.3322448578125 0.5640166703125 0.323420878125 0.5441033125 0.330200484375 0.5239855171875 0.3408809875 0.511056203125 0.36367305625 0.5096251421875 0.39097933125
1354 0.6782312078125 0.6071309703125001 0.582753165625 0.5630110703125 0.5193332203125001 0.6535660296875 0.619121034375 0.6900885734375 0.6782312078125 0.6071309703125001
1850 0.417672296875 0.5035086093750001 0.37742011875000003 0.45054814218750006 0.3281561109375 0.49490565468750003 0.323045178125 0.5924280703125 0.40106311093749997 0.596516815625 0.417672296875 0.5035086093750001
632 0 0.506739321875 0.0296435953125 0.5183773828125 0.0286214078125 0.5378818671875 0.019797428125 0.5569774749999999 0.022880575 0.5727854984375 0.0181619296875 0.5881846484375 0.025759285937499998 0.5924944187500001 0.04505933125 0.597417503125 0.0606629171875 0.5982352515625 0.0577842078125 0.57852633125 0.0666081875 0.5594307234375 0.06023745625 0.531715571875 0.061055204687499996 0.5161119859375 0.0809685625 0.509332378125 0.082399625 0.48202610312500005 0.0756200171875 0.4621127453125 0.056728846875 0.44938786875 0.052419075 0.45698522343750003 0.0292181328125 0.45185770312500007 0 0.4972913 0 0.506739321875
862 0.9851588296875 0.572365425 0.9925351609374999 0.5062546203125 0.68107674375 0.47819694375 0.41150600156249995 0.4718925609375 0.409052753125 0.518703321875 0.6821155171875 0.533013934375 0.9851588296875 0.572365425
2001 0.03739401875 0 0.03261063125 0.013935095312500001 0.0266653609375 0.052739625 0.0115204109375 0.26708450156249997 0.0008896703125 0.469931125 0.0099180875 0.44693462031250003 0.0688404109375 0.4421993875 0.0910191671875 0.466831390625 0.08836148125 0.517543046875 0.322824153125 0.52200749375 0.33287475781250003 0.4795065046875 0.3618165328125 0.44973039375 0.40102993593749997 0.4478738703125 0.402648846875 0.3423452234375 0.4042843453125 0.3111380515625 0.40653315624999997 0.2682281875 0.4116606765625 0.24502724531250003 0.41350061250000003 0.2099191765625 0.413484025 0.135597703125 0.41511952343749997 0.1043905296875 0.4130585640625 0.0690780234375 0.39888603906250003 0.040953996874999996 0.388614409375 0.013034409375 0.376878175 0 0.03739401875 0
423 0 0.9359881718749999 0.07285741875 0.9626541359375 0.1668878125 0.9597588390625 0.2592661203125 0.9137492406250001 0.2681066875 0.9689751062499999 0.2876111703125 0.9699972921875 0.3029771453125 0.8260729921875001 0.301938371875 0.7712560015625 0.28098623906250003 0.72321861875 0.215079871875 0.7119413906250001 0.0982574109375 0.701907375 0.0810017375 0.657975325 0.070116796875 0.6417584265625 0.039727373437500005 0.624519340625 0 0.6224373187500001 0 0.9359881718749999
214 0.9666590609375 1 0.9747491125 0.8456326265625 0.96796950625 0.82571926875 0.7952746937499999 0.6875855625 0.820315571875 0.6576050140625 0.8190723609375 0.6066889203125 0.8053087109374999 0.5707631015625 0.48954052187499997 0.55030278125 0.4759978953125 0.5847975390625 0.4657428546875 0.6311994234375 0.4807331296875 0.6437198625 0.4793020671875 0.6710261390625 0.4653505671875 0.713322690625 0.4421662125 0.7825166421875001 0.44545379687500003 0.7944237703125 0.3602805578125 0.9268664046874999 0.36624241562500004 0.9623833484375 0.42065053125 0.96914636875 0.41962834375 0.9886508515625 0.6361829921875 1 0.9666590609375 1
1373 0.142974034375 0.52040516875 0.14091307343749998 0.48509266249999994 0.15343351249999998 0.4701023875 0.1343379046875 0.4612784078125 0.10292629375 0.46354380624999997 0.113606796875 0.48366160156250004 0.1195686546875 0.5191785453125 0.142974034375 0.52040516875
1373 0.301275296875 0.5599942734375001 0.302093046875 0.5443906859375 0.2747867703125 0.5429596250000001 0.2548734125 0.54973923125 0.264736165625 0.5854606125 0.29594333906250003 0.5870961125 0.301275296875 0.5599942734375001
278 0.0655860015625 0.57893520625 0.107473678125 0.6006885 0.17440223125 0.5924612437500001 0.17603773125 0.561254071875 0.14092966093749998 0.5594141359375 0.121016303125 0.5661937421875 0.0974064859375 0.5688680140625 0.0655860015625 0.57893520625
581 0.0301573828125 0.0607458546875 0.021758865625000002 0.14636114375 0.3976925890625 0.21300232343749997 0.3937751046875 0.1384764125 0.0301573828125 0.0607458546875
1850 0.9452834078125001 1 0.9474760109375 0.9928445109374999 0.9209874843750001 0.9758098640625 0.9271371921875 0.9331044374999999 0.949503796875 0.879514071875 0.9043451234375001 0.9201751234375 0.870463678125 0.8949298078125001 0.856495590625 0.8629048859375 0.8587609890625 0.894316496875 0.8723202015625 0.9341432125000001 0.862678471875 0.96884240625 0.8579047953125001 1 0.9452834078125001 1
1373 0.8261997328125 1 0.8378420312499999 0.9949220593750001 0.7885614375000001 0.964958096875 0.7511879687499999 0.9317065515625 0.7129967515625 0.9140585921875 0.646681509375 0.9105831562500001 0.5877591859375 0.915318390625 0.5629227453125 0.9413980421874999 0.527814675 0.93955810625 0.49229773125 0.9455199640625 0.460068371875 0.9633889484375 0.48614802343749997 0.9882253890625 0.6682928687499999 1 0.8261997328125 1
183 0.33747190312500003 0.8396156187500001 0.3963942265625 0.834880384375 0.39864303749999996 0.7919705218749999 0.380774053125 0.7597411625 0.3709112984375 0.72401978125 0.34750591875 0.7227931562500001 0.33745531562500003 0.7652941453125 0.316315334375 0.79547913125 0.33747190312500003 0.8396156187500001
1354 0 0.867697703125 0.0379372 0.8825918296875 0.20853787656249997 0.8367700828125001 0.1684569625 0.6312657734375 0 0.626186721875 0 0.867697703125
183 0.6135846390624999 0.721091309375 0.6349456453125 0.7613268984375 0.6776510703125 0.76747660625 0.7597743375 0.76786889375 0.799396615625 0.7582105765625 0.8468206859375 0.748961134375 0.770438253125 0.7136652156250001 0.7685817296875 0.6744518125 0.7402366796875001 0.6182037609375 0.6776178953125 0.618833659375 0.6560690390625 0.6568204390625 0.6462228734375 0.69542053125 0.6135846390624999 0.721091309375
1354 0.7866385640625 0.6284588015625 0.6835631656250001 0.58002913125 0.639647703125 0.6716062765624999 0.7283461390625 0.69581281875 0.7866385640625 0.6284588015625
1754 0 0.594610175 0.008929075 0.61508205 0.0471202921875 0.632730009375 0.07832746562500001 0.6343655078125 0.12534266249999998 0.632917859375 0.168252525 0.6351666703125 0.18632594687499998 0.6634951328125 0.417296596875 0.6599533484375 0.40891466562499995 0.8198901109375001 0.424109378125 0.828509653125 0.44766943281250005 0.6028709609375 0.409478215625 0.5852230015625 0.30785046562499996 0.5838085265624999 0.23722545312499999 0.5879304484375 0 0.583158490625 0 0.594610175
1950 0.3101324515625 0.6895416109375 0.29062796875 0.6885194234374999 0.28919690781249996 0.7158257 0.308701390625 0.7168478875 0.3101324515625 0.6895416109375
407 1 0.044575021874999995 0.5144652875 0.0000719203125 0.707073459375 0.1314260203125 1 0.049320340625 1 0.044575021874999995