1485 0.8729814546875 0.794577575 0.8287740140625001 0.76031748125 0.658080571875 0.7529817984375 0.6507595796875 0.767327615625 0.7084341203125 0.8127148359374999 0.8685878796875001 0.813608240625 0.8729814546875 0.794577575
1016 0.05965365625 0.46248204218750005 0.004605465625 0.5099081734375 0.000211890625 0.5289388390624999 0.3954622875 0.640234584375 0.43030982343749996 0.5761177640625 0.05965365625 0.46248204218750005
1156 0.16506518750000002 0.37055720000000003 0.159792896875 0.3933939984375 0.4089489765625 0.44289821093750004 0.4124638359375 0.427673678125 0.4475977484375 0.43177598125000005 0.49973810625 0.171201503125 0.3682808796875 0.13283420937499998 0.1876351953125 0.0991468671875 0.12788257187500002 0.3579639171875 0.16506518750000002 0.37055720000000003
1331 0.806820828125 0.6991231828125 0.8501544484375 0.6850735359375 0.8554267390625 0.6622367375 0.851916775 0.62534539375 0.8109280265625 0.6118733953125 0.7872125140625 0.6104072375 0.7471024796875 0.5931291062499999 0.7102111375 0.5966390703125 0.6340835796875 0.6311806437499999 0.6288112890625001 0.6540174421875 0.6443270937500001 0.67363555 0.7532387953125 0.7228338 0.806820828125 0.6991231828125
1250 0.5527473859375001 0.011052640625 0.5143800921875 0.14250986875 0.6818499484375 0.18117333124999999 0.7181685375 0.041225121875 0.5527473859375001 0.011052640625
627 0.7803302890625 1 0.7939117890625 0.9807819265625 0.8296429375000001 0.8607430984375 0.913392553125 0.7237272046875 0.93887039375 0.6654652203125 0.5155158046875 0.5196181078125 0.0321418015625 0.3559054203125 0 0.495126859375 0 0.5938839140625001 0.2001697203125 0.6873547531249999 0.1579865015625 0.9221650140625 0.4951268625 1 0.7803302890625 1
369 0.6531387265624999 0.37499484375000003 0.6197622453125 0.36328027500000004 0.663406725 0.156870375 0.6481821921875001 0.1533555140625 0.5978041609375 0.3542018515625 0.5638402359375 0.3623966640625 0.5764286234375 0.3773299234375 0.6335206203125 0.3905106484375 0.6531387265624999 0.37499484375000003
1564 0.9942245453125 0.4777947125 0.47688661874999994 0.32227683749999997 0.465463321875 0.3717565671875 0.972261565625 0.5208321640625 0.9942245453125 0.4777947125
1201 0.6431473125 0.7655701859375 0.745917803125 0.7371796171875 0.586943825 0.6443515765625001 0.56586445625 0.6314670203125 0.3322192859375 0.653696790625 0.3248982921875 0.6680426078124999 0.528079709375 0.7951307421875 0.6431473125 0.7655701859375
831 0.9389095656249999 0.2485382203125 0.917538925 0.2195504171875 0.9506290312499999 0.1630458625 0.93804064375 0.14811260312500002 0.9131551421875 0.1343493328125 0.8885609140625 0.1366893078125 0.8642579593749999 0.15513253124999998 0.82941531875 0.1671334765625 0.7960339390625 0.20753478281249998 0.760312584375 0.22334186093750003 0.7310335078125 0.22860925468749999 0.7084879828124999 0.2394402109375 0.6976521296875 0.26901056093750003 0.6923798390625 0.291847359375 0.717265340625 0.30561062968749997 0.752399253125 0.3097129328125 0.787533165625 0.3138152359375 0.7614727796875 0.33987072500000004 0.7743524390625 0.37090723125 0.7998253828124999 0.364761121875 0.8419890156250001 0.3384143609375 0.868340675 0.32846211875 0.89498360625 0.3346131234375 0.9166504171875 0.3275883 0.9538379296875 0.2880657078125 0.9389095656249999 0.2485382203125
517 0.1436896484375 0.393685271875 0.1281640515625 0.4782989140625 0.387272371875 0.554154784375 0.40924024843750006 0.4590014578125 0.1436896484375 0.393685271875
300 0.7702697234375 0.19757764375 0.7503603437499999 0.1969902015625 0.745088053125 0.219827 0.7178576796875 0.233585375 0.69736085625 0.2529073125 0.69853084375 0.265204428125 0.6721791859375 0.27515666875 0.6753978765624999 0.29594476406250003 0.6973559593750001 0.3050231875 0.7125804921875 0.3085380484375 0.727805025 0.312052909375 0.7058371484375 0.4072062359375 0.7108132687500001 0.42038206406249995 0.839343078125 0.45406450937500004 0.853397621875 0.44528225624999995 0.889711315625 0.357449921875 0.9005422734374999 0.3799954484375 0.9093245265625001 0.3940499921875 0.9125481140625 0.3627222125 0.922505253125 0.336957996875 0.9550079171875 0.3003628234375 0.9670137578125001 0.2830895875 0.94095826875 0.25702920156250003 0.9254424640625001 0.23741109374999997 0.9351083296875 0.19554363125000002 0.9588287390625 0.1448939125 0.9535613453125 0.1156148359375 0.9283796750000001 0.13786419218749998 0.8950031921875 0.1261496234375 0.8827060781249999 0.1273196109375 0.86777281875 0.1399079984375 0.8499121421875 0.1478115375 0.8598741765625 0.069931446875 0.8142005796875 0.05938686562499999 0.7796394203125 0.1917228078125 0.7702697234375 0.19757764375
1250 0.29976304374999996 0 0.2942167140625 0.0195191390625 0.32964190000000004 0.0397246890625 0.340735146875 0 0.29976304374999996 0
1250 0.27605497031250004 0.11555118125 0.31411630156250003 0.12433833125 0.3252483234375 0.058755354687500004 0.29275055625 0.043234653125 0.27605497031250004 0.11555118125
1250 0.17845305 0 0.1624584203125 0.0692803484375 0.2432659296875 0.0839272328125 0.2719286796875 0 0.17845305 0
268 0.4153863578125 0.48447440156250005 0.39371465 0.5436151 0.4994076609375 0.5720252546875 0.504971225 0.5652917046875 0.51668579375 0.5319152218750001 0.47716320156250003 0.49472770937500005 0.4153863578125 0.48447440156250005
1201 0.5055586671875 0.5453823234375 0.5163896234375 0.56792785 0.6490168390625 0.61859225625 0.7017201562500001 0.5986877734375 0.73392665 0.5981052265625 0.7450537765624999 0.584638125 0.5895897640625 0.528701428125 0.5055586671875 0.5453823234375
278 0.897717959375 1 0.9404373921875001 0.81496180625 0.928024746875 0.7992673203125 0.9245098875 0.8144918531249999 0.8714531328125 1 0.897717959375 1
635 0.5011993671874999 0.1996018640625 0.47630407343750003 0.2900703421875 0.47249304375 0.341307503125 0.4698568984375 0.3527259015625 0.5041120953125 0.36063433749999996 0.5392460078125 0.3647366390625 0.5295850390625 0.354488228125 0.5377896437499999 0.284220403125 0.516419003125 0.2552326 0.514375196875 0.19462574375 0.5011993671874999 0.1996018640625
773 0.1489619390625 0.3708484734375 0.1214402921875 0.36850360000000004 0.1267125828125 0.3456668015625 0.097142234375 0.3348309484375 0.0353653890625 0.324577640625 0.0230633796875 0.377863503125 0.0133975140625 0.41973096718749997 0.08219918125 0.4516510859375 0.12846022031249998 0.44228628593749997 0.1390048015625 0.3966126890625 0.1489619390625 0.3708484734375
1699 0.5597477265624999 0.2932988265625 0.5430570375 0.3134994796875 0.5254876328125 0.33750626562499997 0.5210940578125001 0.35653693125 0.5667676546875 0.3670815125 0.585507046875 0.355371840625 0.598391603125 0.334292471875 0.58960935 0.32023792812499996 0.576142246875 0.30911080156250004 0.5755597015625 0.27690430625 0.5597477265624999 0.2932988265625
676 0.394939071875 0 0.36359603125 0.13576162812499998 0.46167677500000004 0.1624143515625 0.48745568125 0.016023865625 0.4588549609375 0 0.394939071875 0