524 0 0.403757303125 0.0167229859375 0.5886150625 0.2771773015625 0.6173917859375 0.4878734546875 0.6065742640625 0.6120239890625 0.5900612359374999 0.8007840937499999 0.545535534375 0.9019086328125001 0.4797273875 0.9175774984375 0.4238106734375 0.8836787609375 0.3870232171875 0.8141644375 0.3448946671875 0.6914582625000001 0.3260645984375 0.553710121875 0.31611794375 0.42484539374999997 0.3212132546875 0.2848354359375 0.33491949375 0.19185877812500002 0.34925263125 0.10667559062500001 0.36304079843750003 0 0.3977764171875 0 0.403757303125
2001 0.1421558390625 0.0864545703125 0.156597609375 0.292981503125 0.1832478515625 0.3381074 0.3032291640625 0.3179701234375 0.4362631125 0.3164990609375 0.5612311046875 0.3116762375 0.5852384109375001 0.26300801875 0.5707966421874999 0.056481085937499995 0.1421558390625 0.0864545703125
1939 0.9308143234375 0 0.73753876875 0.033073975 0.753070484375 0.2551878453125 0.9853893265625 0.273597259375 0.96625754375 0 0.9308143234375 0
423 1 0.4825396203125 0.9945344453124999 0.40437854843750004 0.9339818953125001 0.43441093124999997 0.8890732609375 0.6881617234374999 0.6697661796875 0.6878340140625 0.557496409375 0.7622530890625 0.5629461328125 0.8401877796875 0.8594790781249999 0.9369258359374999 1 0.8744115296875 1 0.4825396203125
669 0.6754082796875001 0.2645343046875 0.72216909375 0.2612644703125 0.71552079375 0.054192565625 0.7113515718750001 0.0505683171875 0.664318271875 0.0499414171875 0.6754082796875001 0.2645343046875
1953 0 0.1657311421875 0.015143292187499999 0.3420308390625 0.0636209515625 0.30731464218750004 0.0411132265625 0.097435946875 0 0.0968879546875 0 0.1657311421875
1699 0.3450852265625 0.24455906718749998 0.314456321875 0.2545324265625 0.3155462671875 0.27011936406250003 0.320532946875 0.285433815625 0.321895378125 0.3049174890625 0.32715454374999997 0.3241286765625 0.40092001406250005 0.315054703125 0.399285096875 0.2916742953125 0.42547229375000006 0.274179953125 0.3898567109375 0.2688388609375 0.3801558375 0.242106690625 0.3645689 0.24319663593750002 0.3634789546875 0.22760969687500002 0.34426776875 0.2328688640625 0.3450852265625 0.24455906718749998
669 0 0.2273221375 0.0098841265625 0.322819653125 0.0597242171875 0.307587128125 0.0483617234375 0.08909750625 0 0.0894551171875 0 0.2273221375
436 0.558151828125 0.32363892656250004 0.640255740625 0.32181345 0.6325441984375 0.267531653125 0.5585062421875 0.27270889062500003 0.558151828125 0.32363892656250004
436 0.6547527343749999 0.30513656718750004 0.6680778546874999 0.327699515625 0.722904625 0.32778144375 0.7110238625 0.269875396875 0.659821340625 0.26562425 0.6547527343749999 0.30513656718750004
436 0.7975694812499999 0.2755709046875 0.7850618203125 0.264698159375 0.7416527671875001 0.2599020390625 0.72761881875 0.3391991609375 0.786614809375 0.3429053375 0.7975694812499999 0.2755709046875
436 0.7894215984375 0.3270459125 0.8069159406249999 0.35323310937499997 0.8581184625 0.35748425781250004 0.8668932453125 0.2589759484375 0.8165081828125 0.2664150046875 0.7894215984375 0.3270459125
436 0.8623696109375001 0.30628173593749997 0.8464282593749999 0.358301715625 0.8708986109374999 0.3722537375 0.9112283890624999 0.3890125484375 0.91992124375 0.345331009375 0.9275241546874999 0.28606253125 0.9219925015625 0.2629546109375 0.8755041734375 0.2701211796875 0.8623696109375001 0.30628173593749997
436 0.9215561609374999 0.368711415625 0.9554549 0.405498871875 0.9864953734374999 0.2894144578125 0.985578828125 0.276307259375 0.9453729093750001 0.26131969375 0.9215561609374999 0.368711415625
436 0.0996995796875 0.375275975 0.18071354687500002 0.35786355937500003 0.17272951875 0.299685028125 0.099509021875 0.31655246875 0.0996995796875 0.375275975
436 0.0109740703125 0.338406590625 0.026479081249999998 0.392143415625 0.087736890625 0.3721966984375 0.083649596875 0.3137456796875 0.025743549999999997 0.32562644218750003 0.0109740703125 0.338406590625
407 0.48402186093750005 0 0.470966865625 0.0008092453124999999 0 0.033742456250000004 0 0.0973728625 0.02887805 0.0904599375 0.049179181249999995 0.10078770937499999 0.1354523140625 0.10258648125 0.57968005625 0.0715230515625 0.6732016859375001 0.0649833828125 0.6442896265625 0.043510378125 0.6946746890625 0.036071323437500004 0.9627319156249999 0.0055795703125 0.9629599343749999 0 0.48402186093750005 0