2011 0.898334290625 0.2573281890625 0.03357175625 0.2780887109375 0.0732106140625 0.686343740625 0.92065771875 0.557305328125 0.898334290625 0.2573281890625
1373 0.184307378125 0.8805249375 0.1947661375 0.8207923453125 0.18119568125000002 0.7553196953125 0.166263415625 0.674281503125 0.08148025 0.646408528125 0.031913593750000004 0.6625085625 0.0476220203125 0.9316950687500001 0.059296176562500004 0.9306737125 0.1428639453125 0.8998354531249999 0.184307378125 0.8805249375
1373 0.9402099015625 0.7359686109375 0.974016975 0.6741933062500001 0.9721206734375001 0.6076992999999999 0.966673440625 0.54543713125 0.901347203125 0.5158618953125 0.8786797937499999 0.5256873796875 0.8428300078125 0.5641143703125 0.8531899828125 0.63771024375 0.912970203125 0.738351775 0.9402099015625 0.7359686109375
1754 0.8641832359375 0.628906115625 0.8597573578125 0.5783181046875 0.827264465625 0.5654761796875001 0.76889368125 0.5705829609374999 0.6995296468750001 0.5844938703125 0.5555483812500001 0.5970905984375 0.493626665625 0.60642921875 0.3609791046875 0.6141132046875 0.2330978734375 0.6762765890625 0.2569806796875 0.7251623406250001 0.3371915546875 0.7455929968749999 0.3725033203125 0.9699315500000001 0.38388818125 0.7415075703125 0.8383053453124999 0.6468548234375 0.8497343046875001 0.822307625 0.8641832359375 0.628906115625
423 0.5429957515625 0.8569861124999999 0.543482615625 0.81773180625 0.5881365296875 0.7902980671875001 0.6011724953125 0.8048422531250001 0.6038961125 0.8359733374999999 0.61323473125 0.897895053125 0.6449003078125 0.9460999015624999 0.660125396875 0.94084670625 0.6595909062499999 0.8899182421875 0.6587159609375 0.8350983937500001 0.654290084375 0.7845103812499999 0.6547769484375 0.7452560734375 0.6574529375 0.6862043859375 0.6110491359375 0.603998425 0.5268004625 0.6270539140625 0.514639440625 0.667329578125 0.5024784203125 0.7076052421875 0.4358380015625 0.7526472359375 0.41910469062500005 0.7854805812500001 0.422168759375 0.8205030499999999 0.4528606078125 0.9472165125 0.47163663125 0.9377314812499999 0.46652984999999997 0.8793606984375 0.4583589984375 0.7859674453125 0.5013582796875 0.82925955 0.504081896875 0.860390634375 0.52222464375 0.9333056031250001 0.5405138015625 0.9630748796875 0.5429957515625 0.8569861124999999
423 0.7373709890625 0.792926428125 0.7735612265625 0.7583908234375001 0.8336818984375001 0.8629237406250001 0.792582446875 0.572431634375 0.7051232921875 0.6036103453125 0.6967072453125 0.68669125 0.6552638125 0.706001765625 0.6483559859375 0.7615025203125 0.6964144203125 0.7729826359375 0.7348890390625 0.8990151953125001 0.7373709890625 0.792926428125
423 0.28519057812500004 0.9579645687499999 0.32065228437500004 0.8254634203125001 0.35888523437500003 0.8142761281249999 0.42459955312500003 0.9379255203125 0.4261077734375 0.9103453703125 0.4248923765625 0.851634134375 0.3939077046875 0.811212059375 0.409619659375 0.7667045578125 0.3265387546875 0.758288509375 0.292537640625 0.7730267343749999 0.2784326921875 0.6566256203124999 0.22191058125000002 0.6380436375 0.24058782031249998 0.7618870703125 0.233581209375 0.9507162890625 0.2683620109375 0.8104323703125 0.28528936250000003 0.824636103125 0.2586317828125 0.9681305046875 0.28519057812500004 0.9579645687499999
300 0.625446909375 0.634108153125 0.66723079375 0.6186890234375 0.6775431421875 0.602102125 0.6641667250000001 0.583666553125 0.6419861796874999 0.5542377296875001 0.6389221109375 0.519215259375 0.62977753125 0.504330621875 0.6142119890625 0.50569243125 0.5675153625 0.50977785625 0.515078678125 0.5378924984375 0.5054472343749999 0.56226216875 0.507489946875 0.58561048125 0.48958886718750005 0.6499153625 0.494501609375 0.6612490671875 0.5263135984375 0.6663082218749999 0.5917862484375 0.6527377640625 0.625446909375 0.634108153125
436 0.796814284375 0.5759825671875001 0.812039375 0.5707293734375 0.82152440625 0.589505396875 0.8529959437500001 0.5906731656249999 0.8492509703125 0.547867925 0.8294535906249999 0.5456788 0.8022138906249999 0.5480619640625 0.7912206390625001 0.5568660921874999 0.796814284375 0.5759825671875001
436 0.457923290625 0.601710515625 0.44522777812500003 0.591057715625 0.42898133125 0.5846367531250001 0.397850246875 0.5873603703125 0.3706105484375 0.5897435343749999 0.339819915625 0.5963585375 0.3362689828125 0.600590375 0.33373940625 0.61649636875 0.34001395625 0.643395615625 0.37080458906249997 0.6367806140625001 0.429175371875 0.63167383125 0.452523684375 0.62963111875 0.44269820156249995 0.606963709375 0.457923290625 0.601710515625
369 0.483995221875 0.6307988875 0.4736828734375 0.6473857859375001 0.482487 0.6583790390625001 0.505154409375 0.6485535546875 0.495669378125 0.62977753125 0.4874985265625 0.536384278125 0.4939194890625 0.52013783125 0.4744625625 0.5218400921875 0.483995221875 0.6307988875
369 0.65453528125 0.6080362234375001 0.6520057031250001 0.6239422171875 0.6718030828125 0.6261313421875 0.67890495 0.6176676671875 0.669518703125 0.46556317968750005 0.642959909375 0.475729115625 0.65453528125 0.6080362234375001
407 0.502398021875 0 0 0.0419538609375 0 0.16317534843749998 0.0438364765625 0.171319040625 0.146374309375 0.17803282812500001 0.3397758171875 0.19248175781250002 0.551612896875 0.1935542703125 0.71150015625 0.1834871203125 0.8600537109375 0.1783327109375 0.972563440625 0.1645682125 0.9581655874999999 0 0.502398021875 0
410 0.21111842812499998 0.06649682812499999 0.2273648734375 0.072917790625 0.247162253125 0.075106915625 0.26661918125 0.0734046546875 0.27727198125 0.060709142187499995 0.2755697203125 0.0412522140625 0.251540503125 0.035512156249999996 0.2243008046875 0.0378953203125 0.20552478125 0.0473803515625 0.21111842812499998 0.06649682812499999
410 0.5859068359374999 0.092524659375 0.590819578125 0.1038583640625 0.6138274390625 0.09792426562499999 0.629052528125 0.092671071875 0.6319225578125 0.0806564625 0.6156761109375 0.0742355 0.596219184375 0.0759377609375 0.5859068359374999 0.092524659375
410 0.865259278125 0.10337502812499999 0.855627834375 0.1277446984375 0.8828675328125 0.1253615328125 0.90587539375 0.119427434375 0.9084049703125 0.10352144062499999 0.8882671390624999 0.0974409296875 0.865259278125 0.10337502812499999