1849 0.059881825 0.758090940625 0.072917790625 0.7726351265625 0.09660655625 0.7744837984374999 0.1224844453125 0.7565350921875 0.1204417328125 0.733186778125 0.1095948921875 0.6988452125 0.1065308234375 0.66382274375 0.116843171875 0.6472358453125 0.09330081875 0.6022414781250001 0.0680562046875 0.5377901859375 0.0433460828125 0.52426735625 0.01848955 0.55389021875 0.0230618390625 0.5613325390624999 0.031525514062499996 0.5684344046875001 0.0335682265625 0.59178271875 0.011581721875000001 0.6093909734375 0.0117757625 0.6564280515625 0.0196061609375 0.74592991875 0.0365335125 0.760133653125 0.059881825 0.758090940625
2001 0.1824181359375 0.186642915625 0.2006561375 0.4399234265625 0.5155179140625 0.40845542031250004 0.4944098828125 0.1671895171875 0.1824181359375 0.186642915625
407 0.4987150265625 0 0.0913127921875 0.041687921875 0.09048547500000001 0.07705084375 0.1343120734375 0.0849800265625 0.144331596875 0.1546845140625 0.1598971390625 0.15332270625 0.1658312375 0.1763305671875 0.49523720000000004 0.13182659375 0.49183267812500003 0.0929127390625 0.60478969375 0 0.4987150265625 0
1606 0.9313105187499999 0.544609815625 0.962441603125 0.5418861984375 0.9939131390625 0.5430539671875 0.9905086171875 0.5041401109375 0.9360292203125 0.508906440625 0.8974558171875 0.5162023484375 0.8952666921875 0.535999728125 0.9313105187499999 0.544609815625
544 1 0.56780791875 0.993378646875 0.49212550312500003 0.941088375 0.477094453125 0.7900052421875 0.49815485625000006 0.744670425 0.5178058234375 0.7467131375 0.5411541375 1 0.6449146703124999 1 0.56780791875
1506 0.762469190625 0.9005234156249999 0.7328463265625 0.8756668812499999 0.705606628125 0.8780500468750001 0.6277789171875 0.8848590890624999 0.5661976531249999 0.89808909375 0.492261328125 0.9045576843750001 0.41579542500000005 0.9269322687500001 0.39025798749999996 0.9487723609375 0.3946838640625 0.9993603734375001 0.819185340625 0.966142478125 0.7758456078125 0.9189589859374999 0.762469190625 0.9005234156249999
819 0.43219209375 1 0.9514924484374999 0.9545671046875001 0.81184180625 0.837386303125 0.698991625 0.8472594140625 0.5344368203125 0.669518703125 0.1901462203125 0.7231672546875 0.1976837953125 0.8989605078125 0.1085223796875 0.9106822921875001 0.0920937984375 1 0.43219209375 1
676 0.13567388125 0.10054556875000001 0.1222974640625 0.08210999687500001 0.0324551453125 0.0860490109375 0.097188675 0.915595034375 0.20580701875 0.9021709906250001 0.13567388125 0.10054556875000001
351 1 0.65616669375 0.7558577171875001 0.556038775 0.7779871046875 0.8089788359375 0.8026972265625 0.8225016640625 0.8047399390625 0.845849978125 0.9320355203125 0.956269365625 1 0.95032324375 1 0.65616669375
1586 0.6062547984375 0 0.49183267812500003 0.0929127390625 0.5398364265625 0.6415981000000001 0.6932039390625 0.781105859375 0.7133417718749999 0.7871863703125 0.775603940625 0.7817391359375 0.7529876875 0.568053384375 0.747540453125 0.505791215625 0.75430186875 0.4934361546875 0.7519187031250001 0.46619645624999995 0.9688149375 0.4354569796875 0.988271865625 0.4337547203125 0.95032324375 0 0.6062547984375 0
1606 0.8900134984375001 0.5207746375 0.8913753062499999 0.5363401796875 0.9111726859375 0.5385293046874999 0.9390932890625001 0.5439289109375001 0.9705648265625 0.5450966796875 0.99036220625 0.5472858046875 0.9981449765624999 0.5466049 0.9950809078124999 0.5115824296875 0.9905086171875 0.5041401109375 0.9632689187500001 0.5065232765625 0.9360292203125 0.508906440625 0.9126809078125 0.510949153125 0.8900134984375001 0.5207746375
819 0.4321920875 1 0.9476010625000001 0.9549075578125 0.8199650296875 0.840596784375 0.793406234375 0.8507627203125001 0.6947597875 0.84370848125 0.5379877546875 0.665286865625 0.19403760625 0.722826803125 0.217481175 0.9011496328125 0.1127542171875 0.9142332265625001 0.0913294421875 1 0.4321920875 1
683 0.083621746875 0.5364283765625 0.1005490984375 0.5506321109375001 0.1316801828125 0.54790849375 0.154347590625 0.538083009375 0.1721022578125 0.5169238218750001 0.1370797890625 0.5199878906250001 0.118303765625 0.529472921875 0.10273822343750001 0.5308347312499999 0.083621746875 0.5364283765625
407 0.487875534375 0 0.094863725 0.037456084375 0.09369595625 0.06892762031250001 0.13329071718750002 0.0733058703125 0.1458398171875 0.1271043640625 0.4850712640625 0.1052678 0.49859409374999997 0.080557678125 0.60142475 0.0009800796875 0.600999921875 0 0.487875534375 0