1754 1 0.860706390625 0.4626176421875 0.8278788453124999 0.0923461296875 1 0.48535210624999997 1 1 0.9113332281250001 1 0.860706390625
1840 0.1058365359375 1 0.32887724375 0.87922645625 0.2949428015625 0.8217458515624999 0.253537521875 0.7893816171875 0.20126983906249998 0.762899228125 0.1306689171875 0.7674150546875 0.07250999999999999 0.7975025921875 0.050923378124999995 0.8325451640624999 0.080450184375 1 0.1058365359375 1
1840 1 0.65379363125 0.9837712125 0.6566552046874999 0.923122015625 0.695114865625 0.8798953781250001 0.742401990625 0.8604284859375 0.789466140625 0.8513686578125 0.8505612859375 1 0.8630337499999999 1 0.65379363125
353 0.560649196875 0.46154033906249997 0.7516378359375 0.41993086875 0.752093175 0.400018028125 0.836725090625 0.38509513906250004 0.781103409375 0.0696489046875 0.59394289375 0.245444721875 0.5074990109375 0.27258664062500004 0.5484301687500001 0.4597283734375 0.560649196875 0.46154033906249997
353 0 0.4544541625 0.14429153125 0.439759184375 0.163739640625 0.5275596921875 0.3074317625 0.5101559140624999 0.3406972828125 0.49635728593749995 0.3103961625 0.3470062921875 0.2674018921875 0.3506208328125 0.198157596875 0.3628304703125 0 0.3635830203125 0 0.4544541625
300 0.3101450140625 0.5255435359375 0.3366180125 0.5407081828125 0.3246219578125 0.5626559624999999 0.3447577703125 0.586871046875 0.3671608890625 0.5789542625 0.37847863125000003 0.553159578125 0.364902975 0.5436538015625 0.3852711546875 0.5241963015625 0.3703388734375 0.5069967140625 0.37599774375 0.49409937187499997 0.3610654625 0.47689978593750004 0.3327804984375 0.4739541671875 0.3167145640625 0.4728205140625 0.3124123203125 0.49341166718749996 0.3101450140625 0.5255435359375
666 0.6169491921875 0.780833478125 0.610389034375 0.76612416875 0.5839348203125 0.6160948640624999 0.5726264703124999 0.57445721875 0.4526940921875 0.5916380218749999 0.47937128125 0.7654270734375 0.49113497031250003 0.787151878125 0.6169491921875 0.780833478125
1228 0.719672590625 0.846017284375 0.6776171734374999 0.6075091578125 0.6697003890625 0.5851060390625 0.6065703046875 0.56450549375 0.639575284375 0.7966764375000001 0.6997597515625 0.8455619453125 0.719672590625 0.846017284375
1483 0 0.543744334375 0.016220390625 0.635734740625 0.0637107109375 0.612628165625 0.075706765625 0.5906803859374999 0.11598778437499999 0.571678225 0.16984445937499998 0.562181840625 0.1456481578125 0.4474529953125 0.1313941890625 0.43410031250000003 0 0.4498150359375 0 0.543744334375
548 0.8527722421874999 0.52109345 0.665630509375 0.56202460625 0.6676654484375 0.5735653234375 0.845747353125 0.5937293109375 0.873354003125 0.5928280234375001 0.8670262109375001 0.53444613125 0.8527722421874999 0.52109345
353 0.71197878125 0.8473739109375 0.8391496296875 0.8487493203125 0.8518239968750001 0.830648446875 0.8552155640624999 0.8498829734375001 0.9194793000000001 0.8544175828125 0.8762902296874999 0.631975390625 0.8708637250000001 0.6012001484375 0.8477822921874999 0.6052700265625 0.6805627921874999 0.57922419375 0.7169593390625 0.8306296640624999 0.71197878125 0.8473739109375
1373 0.518546821875 0.5601938578125 0.5839442109374999 0.548662534375 0.6029557640625 0.5215112234375 0.57693810625 0.4864337359375 0.552500046875 0.48280980468749995 0.5300969296875 0.4907265890625 0.5156105953125001 0.5210464921875 0.5022579140625 0.5353004609375 0.51515525625 0.5409593312500001 0.518546821875 0.5601938578125
353 0.287277165625 0.6208054890625 0.32642453125 0.6178692625 0.3574039640625 0.7710671609374999 0.4768810015625 0.773799196875 0.476658028125 0.7500394515625 0.4429653421875 0.5814539328125 0.21011608593750003 0.6106120078124999 0.214864278125 0.6375403453125 0.233420490625 0.6303018734375 0.287277165625 0.6208054890625
544 0.337286934375 0.6119874171874999 0.150600540625 0.6330057359375 0.0243309796875 0.6592369765625 0.023875640625 0.679149815625 0.0272839546875 0.6984793265625 0.3363762546875 0.651813096875 0.337286934375 0.6119874171874999
1373 0 0.4317756484375 0.009426871875 0.4397404015625 0.0223242140625 0.44539927187500006 0.049930864062500004 0.444497984375 0.06962073125 0.42119357968750004 0.07460128906249999 0.40444933125000004 0.0307057296875 0.38045722187500003 0 0.40537072187499995 0 0.4317756484375
2001 0.375087065625 0.5339250515625 0.37870160468749997 0.576919321875 0.5063277921875 0.5583818921875 0.5237597453125 0.4997770265625 0.542092984375 0.468778809375 0.5084002984375 0.300193290625 0.3380028140625 0.34610500625 0.3499800859375 0.45902188437499997 0.3773543703125 0.5017931828125 0.375087065625 0.5339250515625
407 0.47117930937499997 0 0 0.0808446 0 0.32028314999999996 0.0809478640625 0.32796656562500004 0.2579055078125 0.2967641578125 0.30610330937499997 0.300165115625 0.652334178125 0.1716845984375 0.7738649375 0.0510926921875 0.76281588125 0 0.47117930937499997 0
301 0.6660294999999999 0.9467057437499999 0.6707776921875 0.97363408125 0.8509039265625 0.93790645625 0.8377836109375 0.9084878390625001 0.8196827375 0.8958134718749999 0.7746535265625 0.8878872953125001 0.7201185390625 0.893536775 0.672143709375 0.9138955624999999 0.6660294999999999 0.9467057437499999
1184 0.49875393749999997 1 0.6470179468749999 0.9738570546875 0.67191134375 0.957568146875 0.6780255546875 0.9247579640625 0.7047309171875 0.896250028125 0.707221196875 0.8878779031249999 0.6083353125000001 0.8894481125 0.6225892796875 0.90280079375 0.502656903125 0.9199815984375 0.5040135296875 0.9276754078125 0.5619400828125001 0.9412604546875001 0.47662985312500006 0.952336440625 0.45626167500000003 0.971793940625 0.46146520625000004 0.9788094375 0.53455640625 0.9659214875 0.4716213015625 1 0.49875393749999997 1
968 0.615648915625 0.36854569062500003 0.6222090734375 0.3832549984375 0.74214145 0.36607419375 0.72472828125 0.2898144015625 0.6525383687499999 0.330309003125 0.638730346875 0.36447581093750003 0.615648915625 0.36854569062500003
653 0.6176556796875 0.58238339375 0.5963862140625 0.57423424375 0.611532078125 0.68262590625 0.6307666046875 0.6792343390625 0.6176556796875 0.58238339375
322 0.6330526937500001 0.5122378125 0.6092929484375 0.5124607859375 0.613362828125 0.5355422171875001 0.6160760796875 0.5509298390625 0.6430044171875 0.546181646875 0.6615606296875 0.538943175 0.6814734703124999 0.5393985140625001 0.6975394046875001 0.5405321671875 0.6893996453125 0.49436930312499994 0.7208532015625 0.492789703125 0.720630228125 0.4690299578125 0.67763595625 0.4726444984375 0.654554525 0.47671437812499995 0.657946090625 0.4959489046875 0.631017753125 0.500697096875 0.6330526937500001 0.5122378125
912 0.1967727953125 0.5574336468750001 0.17685995625 0.5569783078125 0.14993161875 0.5617265 0.1306970921875 0.5651180671875 0.08204395 0.5816299484375 0.057828865625 0.6017657625 0.09063904843750001 0.607879971875 0.09787751875 0.6264361859375 0.127519109375 0.6370756140625 0.1616859171875 0.6508836359375 0.20400187500000003 0.6434221906250001 0.1911045328125 0.63776331875 0.2083041203125 0.6228310375 0.22346876718750003 0.5963580390625001 0.24700553749999998 0.5723753203124999 0.2372767875 0.56219123125 0.22121085312500002 0.5610575796874999 0.1967727953125 0.5574336468750001
1416 0.8489347281249999 0.454339434375 0.8244966703125 0.4507155015625 0.7405430671875 0.46948529843750003 0.74280098125 0.5047857578125 0.7491287734375 0.5631676515625 0.857520434375 0.5480217875 0.8489347281249999 0.454339434375
1416 0.7369191359375 0.49392335625 0.6984500828125 0.5007064875 0.7027429359374999 0.5475476640625 0.74505889375 0.54008621875 0.7369191359375 0.49392335625
1716 0.6733243203125 0.5606679812500001 0.6964057515625 0.5565981015625 0.6866770015625 0.5464140125 0.61743270625 0.55862365 0.5950295875 0.566540434375 0.657481359375 0.5832940734375 0.6733243203125 0.5606679812500001
410 0 0.1637468984375 0.0004140015625 0.1636738984375 0.0234954328125 0.1596040203125 0.04001670625 0.1408248328125 0.0173906140625 0.12498187187500001 0 0.1303402359375 0 0.1637468984375
410 0.6229916265625 0 0.6077790890625 0.008980924999999999 0.60732375 0.0288937640625 0.6324401203125001 0.0363646015625 0.6618587375 0.023244284375 0.6687727234375 0 0.6229916265625 0
410 0.5267429296875 0.2017627453125 0.534436740625 0.20040611875 0.5561615453125001 0.188642428125 0.5489230734375 0.17008621562499998 0.529010234375 0.1696308765625 0.510454021875 0.176869346875 0.50479515 0.189766690625 0.5267429296875 0.2017627453125
410 0.3513648859375 0.2644187078125 0.37444631875 0.26034882812500004 0.38259546875 0.2390793625 0.37354503125 0.232742178125 0.3504636 0.2368120578125 0.34095782343750003 0.25038771249999997 0.3513648859375 0.2644187078125
410 0.1873045859375 0.3012799859375 0.2058607984375 0.2940415140625 0.215366575 0.280465859375 0.19477542187500002 0.2761636140625 0.1793878015625 0.27887686718750004 0.1660351203125 0.2931308359375 0.1873045859375 0.3012799859375
1373 0.748955228125 0 0.74015346875 0.01737183125 0.7467136265625001 0.0320811390625 0.7340392578125 0.0501820140625 0.744446321875 0.0642130078125 0.74263435625 0.07643203750000001 0.739010425 0.10087009531249999 0.7817817218750001 0.07349581093749999 0.7722853375 0.0196391359375 0.75735305625 0.00243955 0.74915148125 0 0.748955228125 0
681 0.8513818796875 0 0.9606897812499999 0.660725084375 0.9978022078125001 0.6462481421875 1 0.6455285140625 1 0.5054076390625 0.9080786109375 0 0.8513818796875 0