1050 0.2921398984375 0.4352854171875 0.278360615625 0.449127421875 0.3093064921875 0.45347658125 0.30870012812500003 0.429723528125 0.3152238671875 0.38330471250000003 0.3555371484375 0.3771364578125 0.3300277203125 0.3341049515625 0.2952136078125 0.329212146875 0.25496304687500004 0.36300168906249997 0.29751362812500004 0.3689817828125 0.2921398984375 0.4352854171875
268 0.950910634375 0.8000496937499999 0.9596716734375 0.765779228125 0.8662276765625 0.7289786968749999 0.8170906375 0.74179613125 0.8143724125 0.761137303125 0.9067291187500001 0.8056743046875001 0.950910634375 0.8000496937499999
1636 0.9235609874999999 1 0.95749709375 0.781252165625 0.9270948625000001 0.773034771875 0.8646594625 0.7682046875 0.812741478125 0.7727420078125 0.8017431390624999 0.7948641249999999 0.8161915078125 0.8323964625 0.8571111546875001 0.8499812609375 0.901899034375 0.8681097031249999 0.8833630625 1 0.9235609874999999 1
125 0 0.9198365234375 0.1043317296875 0.9295830421875 0.24352545625 0.921532971875 0.3120036703125 0.9114337625 0.289630671875 0.789950275 0.2757886671875 0.7761709906250001 0.2795314625 0.7214720609375 0.229181690625 0.6867833890624999 0.1970858046875 0.6625494125 0.1727263859375 0.6394027234374999 0.14232415468749998 0.6311853296875001 0.13893684374999998 0.5991521625 0.10521002187499999 0.5865228890624999 0.06265944062499999 0.5805427953125 0.040474603125 0.54192316875 0 0.5058741984374999 0 0.9198365234375
1636 0 0.9261575140625 0.0098631625 0.92814026875 0.1225856125 0.9400377359375 0.1356958109375 0.8748213921874999 0.151524234375 0.7902638750000001 0.169171753125 0.7769655156249999 0.1503115046875 0.7427577703125 0.124864796875 0.7273475515625 0.06629763125 0.7230611125 0.012142346875 0.7154500828125 0 0.7157600515625 0 0.9261575140625
713 0.5888439562500001 0.4572612578125 0.5086983187499999 0.4381082453125 0.454543034375 0.4304972171875 0.414773396875 0.4327972375 0.39472125468749997 0.60354320625 0.43781548125 0.6056550656249999 0.5610553453125 0.6269199375000001 0.5888439562500001 0.4572612578125
1146 0.26336860156249997 0.41546331875 0.26880505 0.3767809734375 0.24553292343750002 0.345897815625 0.22619175 0.34317959062500003 0.20189505156249998 0.347654190625 0.1898094234375 0.377512778125 0.21199426093749998 0.4161324046875 0.238528259375 0.423806153125 0.26336860156249997 0.41546331875
214 0.9229016124999999 1 0.979242890625 0.6265227796875 0.9035091328125 0.604045178125 0.8344245546875 0.590391334375 0.7587535171875001 0.5955350187499999 0.705204596875 0.61167704375 0.621378884375 0.6748442484375 0.5920847796875 0.9113502062500001 0.71036911875 0.9398079031250001 0.7888838203125 0.97056561875 0.8906609015625 1 0.9229016124999999 1
1754 0.1743573203125 0.6277980203125 0.2088578328125 0.49458438749999994 0.3608062734375 0.5080500703124999 0.34347235625 0.659454865625 0.35894529375 0.6616294453125 0.3955576640625 0.4853215875 0.34520789375 0.45063291562499996 0.1700500453125 0.4339053625 0.15294617187499998 0.4433354875 0.1350058890625 0.57098723125 0.1328940296875 0.61408145625 0.144498734375 0.6157123921875 0.1743573203125 0.6277980203125
423 0.22934901562499999 0.5171874296875 0.20783326249999998 0.52994214375 0.18711203437499999 0.6493137734375 0.2064532078125 0.6520319984375 0.29880991562500003 0.6965689984375001 0.34407872031250003 0.68320791875 0.351083384375 0.6052995812499999 0.3846220453125 0.5350649921875 0.4016004796875 0.47039229374999997 0.338077790625 0.47329867812500004 0.3210366359375 0.510350090625 0.297827228125 0.5070882203125 0.2801797109375 0.5203865796875 0.22934901562499999 0.5171874296875
1050 0.09774548125 0.21862239374999998 0.0733233421875 0.16785441875 0.0699360328125 0.1358212515625 0.07706613749999999 0.11315548906249999 0.04998849375 0.1093499734375 0.0370037359375 0.22980889375000002 0.091159021875 0.237419921875 0.09774548125 0.21862239374999998
1146 0.6188071468749999 0.272129640625 0.4872871703125 0.2536457125 0.46336679218750004 0.4238480375 0.5948867703125 0.4423319640625 0.6188071468749999 0.272129640625
1633 0 0.767335828125 0.0172233109375 0.7634998328125 0.032089884375 0.7419213609375 0.029852584375 0.7297730109375 0 0.7185944765625 0 0.767335828125
1050 0.5373441765625 0.40268776875 0.5384941859375 0.42257258750000004 0.542425140625 0.45073751875 0.5617663140625 0.45345574375000003 0.5733082984375 0.427465390625 0.5771138125 0.40038774843749997 0.5748765125 0.3882394 0.6063660343749999 0.38872032500000003 0.5940922453125 0.33571505 0.55099801875 0.333603190625 0.5256767515625 0.373435546875 0.5483425140625 0.3805656515625 0.5373441765625 0.40268776875
581 0.65573311875 0.23392821874999997 0.6475784453125 0.2919517390625 0.6267317765625 0.3560807921875 0.604254175 0.43181455 0.5927749109375 0.485426190625 0.562623559375 0.587693946875 0.5341031421875 0.6783569984375 0.5204493 0.7474415765625 0.4968844078125 0.8309118046874999 0.48473605781250007 0.8331491046874999 0.46986948437500003 0.8547275765625001 0.49144795781250006 0.86959415 0.4699322046875 0.8823488640624999 0.46782034531249994 0.9254430906250001 0.536904925 0.939096934375 0.5568524625 0.9655682109375 0.611007746875 0.9731792406249999 0.6209187968750001 0.9587935921874999 0.6574265640625 0.9797029796875 0.7170810171875 0.9762529499999999 0.689397009375 0.9486943828125 0.730107659375 0.630955496875 0.7476924578124999 0.59003585 0.777488325 0.574500190625 0.8172579609374999 0.5722001718749999 0.8509847828125 0.5848294453125 0.8935353640624999 0.5908095390625 0.9134201828125 0.5896595296875 0.9436761375 0.2901745265625 0.9641046 0.2851562828125 0.9761275093749999 0.22767640781249998 0.9191912796875 0.21178526406249998 0.8412829421874999 0.2047806 0.8053815390624999 0.20762426562499997 0.8157735140625 0.16174909375 0.7963696203125 0.13140958281249998 0.7587745640625 0.1182366640625 0.7206358625 0.10893197968749999 0.641159309375 0.1411533078125 0.6180753421875 0.1931340125 0.645152984375 0.1969395265625 0.65573311875 0.23392821874999997
1506 0.7563966703125 1 0.7795164171875 0.9810830328125 0.7512887640625 0.9573927015624999 0.7175619421875 0.9447634265625 0.7004580687499999 0.9541935515625 0.7154500828125 0.987857653125 0.6690312671875 0.9813339140625 0.6347608 0.972572875 0.618200571875 0.9781347640625 0.5723254015625 0.9677427906249999 0.5385985796874999 0.9551135171875 0.5214319859375001 0.9369223546875001 0.478337759375 0.9348104953125 0.4644330359375 0.8934099234374999 0.4831051234375 0.8447538078125 0.495734396875 0.8110269859375 0.5187556453125 0.7314249937499999 0.5175429140625 0.6839188875 0.320200228125 0.628571709375 0.2230134359375 0.6464701078124999 0.22803168125 0.666898571875 0.237524525 0.71162373125 0.27844417187500003 0.7292085296875 0.2774196015625 0.7645662875 0.29573620625 0.80264226875 0.30033624531249997 0.882181540625 0.2860133171875 0.8998917796875 0.2556738046875 0.919295671875 0.3933620375 0.9780928812499999 0.5492392859375 1 0.7563966703125 1
714 0.193510334375 0.5476523828125 0.3074455140625 0.60705595625 0.374230071875 0.5809401624999999 0.4237017609375 0.22893081093749998 0.3502053015625 0.2186015578125 0.2446756765625 0.2116596140625 0.193510334375 0.5476523828125
581 0.08921974218749999 0 0.021070709375 0.51158365625 0.0493610828125 0.5628952765624999 0.23829821406249999 0.565780825 0.298224596875 0.1955175890625 0.3061911109375 0.0546302078125 0.16273599218749998 0 0.08921974218749999 0
581 1 0.1314068046875 0.7902640859375001 0.1187175890625 0.8235727031250001 0.190457671875 0.87222881875 0.20912975937499997 0.9341205734375 0.217828078125 0.9667601046875 0.238193821875 0.9200693609374999 0.5984832875 0.9780928812499999 0.6066379625 1 0.45965838750000004 1 0.1314068046875
407 0.20755272812499997 0 0.3951605078125 0.067134040625 1 0.1013348453125 1 0.06535663124999999 0.5349634046875 0 0.20755272812499997 0