855 0.575 0.2916666671875 0.5734375 0.8520833328125 0.784375 0.8916666671875 0.80625 0.29375 0.575 0.2916666671875
1142 0.821875 0.5375 0.9625 0.5458333328125 0.9640625 0.44375 0.821875 0.44375 0.821875 0.5375
1021 0.5046875 0.8229166671874999 0.9640625 0.90625 0.996875 0.0416666671875 0.490625 0.060416667187499995 0.5046875 0.8229166671874999
1754 0.521875 0.74375 0.2078125 0.6541666671875 0.05625 0.7770833328125 0.40625 0.8604166671875 0.521875 0.74375
154 0.365625 0.6958333328124999 0.3171875 0.7583333328124999 0.315625 0.8083333328125001 0.409375 0.825 0.4671875 0.7729166671875001 0.4578125 0.7041666671875 0.365625 0.6958333328124999
1747 0.21875 0.4479166671875 0.2453125 0.4458333328125 0.2375 0.3729166671875 0.2125 0.375 0.21875 0.4479166671875
394 0.5203125 0.6958333328124999 0.4453125 0.7020833328125 0.46875 0.9375 0.5046875 0.95 0.5671875 0.8666666671875 0.5203125 0.6958333328124999
34 0.28125 0.9958333328125001 0.3796875 0.9166666671874999 0.3734375 0.0875 0.2578125 0.060416667187499995 0.28125 0.9958333328125001
83 0.6953125 0.28958333281250004 0.75 0.28958333281250004 0.75 0.2708333328125 0.696875 0.2708333328125 0.6953125 0.28958333281250004
26 0.3171875 0 0.33125 0.0229166671875 0.3390625 0.01875 0.35625 0 0.3171875 0
1641 0.359375 0.9958333328125001 0.425 0.9958333328125001 0.4171875 0.975 0.371875 0.9770833328125 0.359375 0.9958333328125001