1536 0.9058976859375001 0.5173605859375 0.9316733765625 0.10016908437500001 0.158886971875 0.0674922859375 0.16062199375 0.48221395312500004 0.9058976859375001 0.5173605859375
1939 0.033131834375 0 0.00254175625 0.5130454249999999 0.39283585468750004 0.5295882609375 0.8416434046875001 0.5491976578125 0.994187246875 0.5493689203125001 1 0.46296582343750003 1 0.0255177171875 0.5130929640625 0 0.033131834375 0
581 0.037071771875 0 0.006442653125 0.5132498625 0.0222506765625 0.5101667156249999 0.0536622859375 0.5079013171875 0.0692658734375 0.5087190671874999 0.084665021875 0.5134377125 0.1006774828125 0.5064536687500001 0.12777932187500002 0.5117856265625 0.150775828125 0.52081404375 0.15919093281250002 0.509520228125 0.15338374999999999 0.24713796875 0.1529582890625 0.1806182890625 0.15438935 0.15331201249999998 0.15232838906249999 0.1179995046875 0.1595002828125 0.055789596875 0.1603180328125 0.0401860109375 0.16093134375 0.028483320312499998 0.158877134375 0 0.037071771875 0
581 1 0.0255177171875 0.9864737796874999 0.0248088375 0.966764859375 0.027687546875000003 0.9394585828125 0.0262564859375 0.937209771875 0.0691663484375 0.93434765 0.1237789015625 0.9310766515625 0.186193246875 0.9245346578125 0.31102193906250003 0.9138873296875 0.43954709062499997 0.9015879140624999 0.5249579421874999 0.9128817296875 0.533373046875 0.9239711078124999 0.5456890484375 0.9360826718749999 0.5385005671875 0.94717205 0.55081656875 0.9590791765625 0.547528984375 0.9748872015625001 0.5444458375 0.9943916843749999 0.5454680234375 1 0.438454984375 1 0.0255177171875
1683 0.2563044734375 0.5224329546875001 0.127574884375 0.5156865234375 0.025947135937499997 0.51427205 0.006647090625 0.509348965625 0.0033760921875 0.5717633125 0.042180621875000004 0.57770858125 0.048142478125 0.6132255265625 0.1099435125 0.6281992140625 0.128425809375 0.6487258828125 0.15922410781250002 0.658163175 0.178115278125 0.6708880515625 0.2095268890625 0.668622653125 0.21363222343750002 0.6649261937500001 0.2528456265625 0.6630696703125001 0.26126073125 0.65177585625 0.3780831921875 0.661809871875 0.510918115625 0.6648598453125001 0.69446469375 0.670567503125 0.8155969265625 0.6730041625000001 0.8266863046875 0.6853201656250001 0.8578934765625 0.6869556640625001 0.8689828546875 0.699271665625 0.904090925 0.7011116015625001 0.9088095703124999 0.6857124515625 0.9365247218749999 0.6793417203125001 0.9490451609375 0.6643514453125 0.9884630015625 0.6585940265625 0.9952260203125001 0.6041859109375001 0.998077921875 0.5497684031250001 0.9237666703125 0.5495899453125 0.7753281609375 0.5457222234375 0.5644753062500001 0.5385835046875 0.2563044734375 0.5224329546875001
1547 0.9744822843750001 1 0.9829597812499999 0.8382397078125001 0.9884630015625 0.6585940265625 0.9529460578125001 0.6645558828125 0.94042561875 0.6795461578124999 0.9127104671874999 0.6859168890625 0.904090925 0.7011116015625001 0.8650819578125001 0.699067228125 0.8578934765625 0.6869556640625001 0.8227854078125001 0.685115728125 0.8155969265625 0.6730041625000001 0.7568790390625 0.6738385 0.7564701656249999 0.68164029375 0.749077246875 0.673429625 0.698365590625 0.670771940625 0.69426025625 0.6744683984375001 0.6866629 0.670158628125 0.6357468078124999 0.6714018390625001 0.6316414734375 0.6750982984375 0.6240441171875 0.6707885265625 0.5733324609375 0.6681308421875001 0.5731280234375 0.6720317390625 0.5657351046875 0.6638210703125 0.5070172187499999 0.6646554078125 0.502911884375 0.6683518671875001 0.49941986250000003 0.6603456359375001 0.44870820624999996 0.6576879515625 0.44439843593750006 0.66528530625 0.4370055171875 0.6570746390625 0.3862938609375 0.6544169531249999 0.38198408906250003 0.662014309375 0.366789378125 0.6533947671875 0.31977418125 0.654842415625 0.31956974374999997 0.6587433125 0.308071490625 0.654229103125 0.26126073125 0.65177585625 0.2530500640625 0.6591687734375 0.21773755625 0.661229734375 0.2054215546875 0.6723191125 0.17421438125 0.6706836140625 0.1555276484375 0.6540578406249999 0.10604261562499999 0.6279947765625 0.048346915625 0.6093246296875 0.0323344546875 0.6163086734375 0.02391935 0.6276024890625 0.020836203125 0.611794465625 0.00133171875 0.610772278125 0 0.6361829859375 0 0.9705019625 0.6085049515625001 1 0.9744822843750001 1
1939 0 0.6107024859375 0.0247370984375 0.6119989015625 0.027820246875 0.6278069265624999 0.0325388921875 0.6124077765625 0.04465045625 0.6052192953125 0.042385059375 0.5738076859375 0.0035805296875000003 0.567862415625 0 0.5818992265625 0 0.6107024859375
1668 0.8928522609374999 0.019902342187499998 0.8382397078125001 0.01704021875 0.829620165625 0.03223493125 0.851390046875 0.06466872812499999 0.8708945296874999 0.06569091406250001 0.8928522609374999 0.019902342187499998
1668 0.7875280515624999 0.014382534375 0.7485190859374999 0.0123381609375 0.7249092687500001 0.0150124328125 0.7386729187500001 0.0509382515625 0.7657747578125 0.056270209375000005 0.7875280515624999 0.014382534375
1668 0.6779483187500001 0.008639703125 0.6723576765625 0.0474628171875 0.699459515625 0.052794775 0.70951011875 0.0102937875 0.6779483187500001 0.008639703125
1668 0.6587984625 0.0076361015625 0.6275912906250001 0.006000603125 0.6292433765625 0.049114903125 0.6604505484375001 0.050750401562500005 0.6702967156249999 0.0121503109375 0.6587984625 0.0076361015625
1668 0.5736086375 0.0657572640625 0.5789405953125 0.038655425 0.5772697234375 0.0033633609374999996 0.5456724609375 0.00170741875 0.5442414 0.029013695312499997 0.55204319375 0.0294225703125 0.5424014640625 0.06412176562500001 0.5736086375 0.0657572640625
1668 0.467745778125 0 0.46930661406249996 0.0407329734375 0.50831558125 0.042777346875 0.52206264375 0.004381692187499999 0.4868121703125 0 0.467745778125 0
1668 0.4127671796875 0 0.41099760312500005 0.033765515625 0.4422047765625 0.035401015625 0.4548796484375 0 0.4127671796875 0
1668 0.347139521875 0 0.34858325625000003 0.030494518749999998 0.39169755781250004 0.028842432812500002 0.3900142125 0 0.347139521875 0
1668 0.2549274328125 0 0.266459990625 0.03010223125 0.29397070468750003 0.027632396875 0.303203559375 0.0007349953125000001 0.3030602078125 0 0.2549274328125 0
1668 0.167843515625 0 0.16873313750000002 0.0288921953125 0.2003491859375 0.0227259 0.2053717203125 0 0.167843515625 0
1668 0.0621885890625 0 0.067309825 0.023576825000000003 0.1026223328125 0.0215158640625 0.1117477890625 0 0.0621885890625 0