1536 0.14400046718749998 0.07966043125 0.160208009375 0.494068909375 0.9062563000000001 0.503184384375 0.9174565156250001 0.0853474671875 0.14400046718749998 0.07966043125
1939 0.016375671875 0 0.0033000734375 0.5303985203125 0.3939337515625 0.5333102125 0.8431522578124999 0.5372445046875 0.9956091515625 0.532091959375 1 0.3960606859375 1 0.008651368750000001 0.5043634 0 0.016375671875 0
581 0.020310676562499998 0 0.007205728125 0.53046669375 0.022896521875 0.5268337328125 0.054209935937499995 0.523473465625 0.06983255625 0.523746159375 0.085387003125 0.5279245078125 0.10114597031250001 0.5203858921875 0.12841738125 0.5247687609375 0.151714965625 0.5329891124999999 0.1597307953125 0.52140849375 0.1447701421875 0.2593887375 0.1420234359375 0.192924428125 0.14250065 0.16558484375 0.13920855625 0.1303657734375 0.1442049875 0.0679434671875 0.14447768125 0.05232084687500001 0.1446822015625 0.04060388125 0.141321934375 0.0092904671875 0.1414841 0 0.020310676562499998 0
581 1 0.008651368750000001 0.9969330859375001 0.0085978359375 0.9695935 0.0081206203125 0.9499970515625 0.011685409375 0.922657465625 0.011208193750000001 0.9219075578125 0.054170399999999994 0.9209531296875 0.1088495703125 0.9198623546875 0.1713400515625 0.9176808031249999 0.2963210140625 0.9115254234375 0.42513945781249995 0.902214296875 0.510927521875 0.913794915625 0.5189433515624999 0.9253073609375001 0.5308648375 0.9371606734375 0.5232580484375 0.9486731171875 0.535179534375 0.9604582562499999 0.5314783984375 0.9761490500000001 0.5278454375 0.995677325 0.5281863046875 1 0.28054041406249997 1 0.008651368750000001
1683 0.776756121875 0.53608555625 0.565782575 0.53630984375 0.25723582500000003 0.530924140625 0.1283492078125 0.5286744171875 0.026734003125 0.5308075609375 0.0072739015625 0.5265610390625 0.0061831265625 0.5890515203125 0.045171503125 0.593638909375 0.0523692515625 0.6289261515625 0.11465521249999999 0.6417338921875 0.1338426203125 0.6616030359375 0.1649515140625 0.6699597328125 0.18427526875 0.682017565625 0.2155886828125 0.6786572984375 0.21956251093749998 0.6748198171875 0.2586872359375 0.671595896875 0.266703065625 0.660015278125 0.38380454375 0.6659661375 0.516664990625 0.6643783796875 0.7002989515625 0.663676878125 0.82144243125 0.6618845999999999 0.8329548765625001 0.6738060859375 0.8642001171875 0.6743514734375 0.8757125609375 0.686272959375 0.9108634562500001 0.6868865203125 0.91504180625 0.6713320734375 0.9425177375 0.6639979765625 0.954507396875 0.6485798765624999 0.9937002953125 0.6414503015624999 0.9985603781249999 0.5868393046875 0.9995113984374999 0.532355415625 0.9252391875000001 0.5347704921875 0.776756121875 0.53608555625
1547 0.99134863125 1 0.9944699703125 0.8211786078125 0.9937002953125 0.6414503015624999 0.9584130515625 0.64864805 0.94642339375 0.66406615 0.9189474609375001 0.671400246875 0.9108634562500001 0.6868865203125 0.87180690625 0.686204784375 0.8642001171875 0.6743514734375 0.829049221875 0.6737379125 0.82144243125 0.6618845999999999 0.7627894328125 0.664767653125 0.762653084375 0.6725789625 0.754978121875 0.66463130625 0.70420460625 0.6637450515625 0.700230778125 0.6675825328125 0.692487640625 0.66354053125 0.6416459515625 0.66655993125 0.6376721234375 0.6703974125000001 0.6299289859375 0.6663554109375001 0.5791554703124999 0.6654691546875 0.5790872968749999 0.6693748109375 0.5714123343749999 0.661427153125 0.512759334375 0.6643102062499999 0.50878550625 0.6681476875000001 0.5050161984375 0.6602682046874999 0.4542426828125 0.65938195 0.45020067968750005 0.6671250859375 0.4425257171875 0.6591774296875 0.3917522015625 0.6582911734375 0.3877102 0.6660343109375 0.3722239265625 0.65795030625 0.3252878921875 0.6610378796874999 0.32521971875 0.6649435359375 0.3135709265625 0.660833359375 0.266703065625 0.660015278125 0.258755409375 0.667690240625 0.223536340625 0.6709823359375 0.2116148546875 0.6824947796874999 0.18036961406250002 0.6819493921875 0.1611140328125 0.6659859046875 0.1107495578125 0.64166571875 0.052437425 0.625020496875 0.036678457812499995 0.6325591140625 0.028662628125 0.64413973125 0.0250296671875 0.6284489375 0.005501390625 0.6281080703125 0 0.9432825656249999 0 0.9874387640625001 0.9282224484375 1 0.99134863125 1
1939 0.0015957359375 0.6280398968750001 0.028935321874999996 0.6285171109375 0.0325682828125 0.6442079046875 0.03674663125 0.6286534578125 0.04859994375 0.62104666875 0.0452396765625 0.5897332546875 0.0062512999999999996 0.585145865625 0.0020047765625 0.6046059671874999 0.0015957359375 0.6280398968750001
1668 0.8359831468750001 0.052670584374999996 0.8555114218750001 0.0530114515625 0.8758577781250001 0.0064844578124999995 0.8211786078125 0.0055300296875 0.8130946046874999 0.021016303125 0.8359831468750001 0.052670584374999996
1668 0.7228554968750001 0.04288224375 0.750126909375 0.0472651125 0.7704050921875 0.004643775 0.7313485421875 0.0039620390625000005 0.7078464375 0.007458654687500001 0.7228554968750001 0.04288224375
1668 0.6837307734375 0.046106164062499996 0.692291990625 0.0032803046875 0.660691690625 0.0027287203125 0.6564593609375 0.0417232953125 0.6837307734375 0.046106164062499996
1668 0.644674221875 0.045424429687500004 0.6531672671875 0.006504225 0.641518475 0.00239405 0.6102732343749999 0.0018486625 0.61342898125 0.0448790421875 0.644674221875 0.045424429687500004
1668 0.535588575 0.0278929515625 0.527163703125 0.0629075 0.55840894375 0.06345288906249999 0.5627918125 0.036181476562499995 0.559890284375 0.000969225 0.528254478125 0.0004170203125 0.5277772640625 0.027756604687500002 0.535588575 0.0278929515625
1668 0.4502107875 0 0.453297125 0.0420839296875 0.49235367500000005 0.0427656640625 0.504752375 0.003913634375 0.460776290625 0 0.4502107875 0
1668 0.3954290265625 0 0.394780471875 0.037155671875000004 0.4260257125 0.0377010609375 0.43805710781249996 0 0.3954290265625 0
1668 0.32931820312500004 0 0.332289990625 0.036064896875 0.3753203703125 0.03290915 0.3722441953125 0 0.32931820312500004 0
1668 0.24004846249999998 0 0.23519400156249998 0.0031153203125000003 0.2502030609375 0.038538909375 0.2776108203125 0.03511046875 0.28589934375000003 0.0079072296875 0.284068546875 0 0.24004846249999998 0
1668 0.14981351406250001 0 0.15249351093750002 0.040740228125 0.1838750984375 0.03347430625 0.18818979375 0.0101085484375 0.19209545 0.010176721875 0.1922730859375 0 0.14981351406250001 0
1668 0.0410462328125 0 0.050946479687500004 0.038967718750000005 0.08616554843749999 0.0356756234375 0.09984807031250001 0 0.0410462328125 0