407 0.48253961562500003 0 0 0.0337424578125 0 0.1832226015625 0.7239678656249999 0.1749913359375 0.7782496640625001 0.16727979531249998 0.8205687718749999 0.1564889765625 0.823103075 0.13673281875 0.9375527359375001 0.09348762031249999 0.95758138125 0.0999186578125 0.9689990984374999 0.095204465625 0.9682635671875 0.028687490625 0.9662575421874999 0 0.48253961562500003 0
254 0.1267309390625 0.53784888125 0.679249790625 0.487465634375 0.67388199375 0.35470417187500003 0.1083105078125 0.38642120625 0.1267309390625 0.53784888125
1050 0.588018496875 0.0787715484375 0.6790058234374999 0.0919880390625 0.7308352453125 0.0492058859375 0.632599421875 0.0443278375 0.588018496875 0.0787715484375
1050 0.22344229218749997 0.072938890625 0.34116178750000004 0.0764545078125 0.36598655468749997 0.03947649375 0.2443703234375 0.0362333625 0.22344229218749997 0.072938890625
2001 0.8208412578125 0.1603857125 0.7782496640625001 0.16727979531249998 0.795879340625 0.4753943125 0.8351191734375 0.47656618437500003 0.8208412578125 0.1603857125
676 0.0005643703125 0.41353449218750005 0.020455865625 0.6979961171875 0.06359243125 0.6988955031249999 0.07501015 0.694181309375 0.055118654687500004 0.40971968593749997 0.0005643703125 0.41353449218750005
637 1 0.6065897265625 0.96409253125 0.5850211484375001 0.8942237953125 0.5938226359375001 0.8931338500000001 0.578235696875 0.9081758171875001 0.5693522828125 0.8330479140625 0.5589425828125 0.836127190625 0.54697989375 0.749309084375 0.5373876515625 0.5558347875 0.5704956359375 0.5561072734375 0.5743923703125 0.5680699640625 0.5774716468750001 0.57242974375 0.6398194 0.6041485921875 0.645432978125 0.656441059375 0.665271065625 0.6567135453125 0.6691678 0.6547242140625 0.696717428125 0.678104621875 0.6950825109375 0.72459295 0.6879159421875001 0.8135909453125001 0.728682059375 0.8227468468750001 0.7476207593749999 0.8260166812499999 0.794381575 0.8355269953125 0.7623902390625 0.8992371796875 0.7775141328124999 0.9003271234374999 0.7931010703125 0.908665565625 0.8003495671874999 0.9855103125 0.7793129046875 1 0.7853340125 1 0.6471794234375 0.9918327187499999 0.645733984375 0.9974462984375 0.6140151359375 1 0.6125069828124999 1 0.6065897265625
637 1 0.786684228125 0.9855103125 0.7793129046875 0.7736422859375 0.8293702578125 0.7671026171875 0.7358486281250001 0.8091492390624999 0.7211610765625001 0.7284896843750001 0.6876434546875 0.6357855140625001 0.705873328125 0.6338781109375 0.6785961859375 0.653089296875 0.6733370203125 0.5921859031250001 0.6423537031250001 0.514523696875 0.6517001625 0.513433753125 0.6361132234375 0.551856125 0.6255948921875001 0.5109813765625 0.6010426125 0.44165761249999996 0.61763756875 0.44029518124999995 0.5981538953125 0.4672998375 0.5923497578125 0.4347635296875 0.575045975 0.1984251515625 0.61115130625 0.21899877031249998 0.6253758140625 0.21828994218750003 0.7272358859375 0.44833261718750006 0.99308651875 0.44596216875000005 0.9031891375000001 0.47740853124999993 0.90490598125 0.5113072703125 0.9416934375 0.515122078125 0.9962477218749999 1 0.9586485187499999 1 0.786684228125
1939 0 0.4054636203125 0.0005643703125 0.41353449218750005 0.055118654687500004 0.40971968593749997 0.07501015 0.694181309375 0.0836210765625 0.705326540625 0.7539413515625 0.6036321390625 0.7284095734375 0.1825123203125 0 0.18360390625 0 0.4054636203125
1939 1 0.504290921875 0.9944222453125 0.402774009375 0.9729866625 0.096230890625 0.9539571328124999 0.1040878796875 0.9375527359375001 0.09348762031249999 0.8194788265625 0.1409020390625 0.8163995515625 0.1528647296875 0.7743529296875 0.16755228125 0.7278646 0.17471885 0.7539413515625 0.6036321390625 1 0.6620429703124999 1 0.504290921875
819 1 0.6599704890625 0.758110571875 0.6072563875 0.0836210765625 0.705326540625 0.07138590156249999 0.6983505296875 0.0674891671875 0.6986230156250001 0.0243526 0.6977236296875 0.0419191796875 1 0.43916469375 1 1 0.9585718609375 1 0.6599704890625