407 0.0116648609375 0 0.007916099999999999 0.042123465625 0.0069427625000000005 0.09788595624999999 0.53554016875 0.25448911875 0.9065092265624999 0.26487125312500004 0.9979072812500001 0.1766091765625 1 0.0567174203125 1 0.008651368750000001 0.504363415625 0 0.0116648609375 0
2001 0.23130811406250001 0.22573765781250002 0.16895398125 0.21683557343749998 0.1711750671875 0.537235634375 0.22228945000000003 0.5185936140625 0.23130811406250001 0.22573765781250002
2001 0.43776244531249997 0.2605960921875 0.410422859375 0.260118878125 0.4070141859375 0.45540163125 0.43058446406249995 0.44799936249999994 0.43776244531249997 0.2605960921875
2001 0.47675082187499995 0.26518348281250004 0.45331689218750004 0.2647744421875 0.4502490859375 0.44052891875 0.469845534375 0.43696413125 0.47675082187499995 0.26518348281250004
872 0.5561789874999999 0.4150300171875 0.5519324640625001 0.43449011875 0.4816306734375 0.43326299687500003 0.461897878125 0.4446390953125 0.4608752765625 0.5032239203125 0.6012743375 0.5173951296875 0.6366979265625 0.502386071875 0.6384704375 0.4008390390625 0.5798174375 0.4037220921875 0.5561789874999999 0.4150300171875
1050 0.5410819874999999 0.1608215703125 0.568421571875 0.1612987859375 0.5919236765625 0.1578021703125 0.5960338515625 0.1461533796875 0.5923327171875 0.134368240625 0.56499313125 0.13389102656250002 0.533747890625 0.13334563906250002 0.5218945781250001 0.140952428125 0.52175823125 0.1487637390625 0.5410819874999999 0.1608215703125
1050 0.669150521875 0.20993915625 0.6692186953125 0.20603350156250003 0.66161190625 0.1941801890625 0.6459892859374999 0.1939074953125 0.630366665625 0.1936348015625 0.6300939718749999 0.209257421875 0.6455802453125 0.217341425 0.661202865625 0.21761411874999997 0.669150521875 0.20993915625
1050 0.68415958125 0.24536274531250002 0.6997822015625 0.24563543906250002 0.7077980312500001 0.2340548203125 0.711840034375 0.22631168437500002 0.7001912421875 0.222201509375 0.6767573125 0.22179246875 0.672715309375 0.22953560468749998 0.6725789625 0.23734691562500002 0.68415958125 0.24536274531250002
755 0.8831632359375 0.48324706875 0.8904093906250001 0.2919381453125 0.57021385 0.28244226562499997 0.56687335 0.4738193640625 0.8831632359375 0.48324706875
1939 0.56687335 0.4738193640625 0.57021385 0.28244226562499997 0.8904093906250001 0.2919381453125 0.883231409375 0.47934141406249997 0.9105709953125001 0.479818628125 0.918226190625 0.2650757734375 0.5354719953125 0.2583947734375 0.531790628125 0.46930014687500005 0.56687335 0.4738193640625
1939 0 0.790175421875 0.5240474921875 0.46525814531250004 0.53554016875 0.25448911875 0.0069427625000000005 0.09788595624999999 0 0.49563655781250004 0 0.790175421875
819 0.9835349421874999 1 0.98686318125 0.8093252953125001 0.910502821875 0.4837242828125 0.6410807968750001 0.47511465937499997 0.52397931875 0.4691638 0 0.7990049781249999 0 0.9835836625000001 0.767904525 1 0.9835349421874999 1
1939 0.9869313546875 0.805419640625 0.9945667828125 0.3679862734375 0.9979072812500001 0.1766091765625 0.9182943640625 0.26117011875 0.9105709953125001 0.479818628125 0.9869313546875 0.805419640625