407 0.14453125 0 0.234375 0.109375 0.28515625 0.21484375 0.28515625 0.34375 0.3671875 0.34765625 0.4375 0.34765625 0.46875 0.34375 0.5546875 0.296875 0.62109375 0.26171875 0.671875 0.21875 0.7421875 0.140625 0.78125 0.10546875 0.8515625 0 0.14453125 0
819 0.23828125 0.62890625 0.15625 0.62890625 0.1328125 0.640625 0.1328125 0.671875 0.03125 0.70703125 0.0078125 0.7109375 0.00390625 0.99609375 0.99609375 0.99609375 0.99609375 0.71875 0.95703125 0.71875 0.95703125 0.6953125 0.9140625 0.66796875 0.76171875 0.609375 0.65234375 0.57421875 0.5703125 0.5625 0.5 0.55078125 0.4375 0.54296875 0.2890625 0.546875 0.28125 0.59375 0.25 0.59375 0.23828125 0.62890625
1353 0.79296875 0.61328125 0.81640625 0.61328125 0.8125 0.13671875 0.77734375 0.13671875 0.76171875 0.15625 0.76953125 0.60546875 0.79296875 0.61328125
510 0.00390625 0 0.00390625 0.703125 0.03125 0.703125 0.08984375 0.6796875 0.09375 0 0.0390625 0 0.00390625 0
1073 0.11328125 0.30859375 0.13671875 0.296875 0.140625 0.2734375 0.06640625 0.2734375 0.0546875 0.29296875 0.05859375 0.3125 0.11328125 0.30859375
510 0.234375 0.625 0.24609375 0.6015625 0.24609375 0.1484375 0.23046875 0.12109375 0.1953125 0.12109375 0.19140625 0.41015625 0.16015625 0.41015625 0.15625 0.625 0.234375 0.625
510 0.3359375 0.53515625 0.34765625 0.54296875 0.375 0.5390625 0.375 0.35546875 0.34375 0.35546875 0.34765625 0.46484375 0.3359375 0.46875 0.3359375 0.53515625
1155 0.8566706734375 0 0.7890625 0.09765625 0.75 0.13671875 0.71484375 0.17578125 0.68359375 0.2109375 0.65234375 0.2421875 0.62890625 0.26171875 0.6015625 0.2734375 0.53515625 0.3125 0.46484375 0.34765625 0.44140625 0.3515625 0.4453125 0.359375 0.45703125 0.359375 0.45703125 0.3671875 0.46484375 0.37109375 0.4921875 0.35546875 0.49609375 0.33984375 0.52734375 0.33203125 0.52734375 0.34375 0.5625 0.328125 0.5703125 0.3046875 0.6015625 0.296875 0.60546875 0.3046875 0.6484375 0.28515625 0.6484375 0.2578125 0.671875 0.2421875 0.69921875 0.24609375 0.73046875 0.21875 0.7578125 0.19140625 0.7578125 0.16015625 0.78515625 0.12890625 0.8203125 0.1328125 0.941741071875 0 0.8566706734375 0
2001 0.8203125 0.62890625 0.90625 0.65625 0.9296875 0.66796875 0.95703125 0.68359375 0.953125 0.19921875 0.9453125 0 0.81640625 0.13671875 0.8203125 0.62109375 0.8203125 0.62890625
2001 0.7578125 0.1953125 0.69140625 0.25 0.6953125 0.2578125 0.69140625 0.578125 0.765625 0.60546875 0.7578125 0.1953125
1353 0.69140625 0.578125 0.6875 0.24609375 0.66796875 0.24609375 0.65234375 0.2578125 0.65625 0.3203125 0.65625 0.5703125 0.6640625 0.57421875 0.69140625 0.578125
2001 0.65234375 0.56640625 0.65234375 0.28515625 0.6015625 0.30859375 0.6015625 0.3203125 0.59765625 0.55859375 0.65234375 0.5703125 0.65234375 0.56640625
1353 0.6015625 0.3046875 0.5703125 0.30859375 0.57421875 0.48828125 0.5703125 0.55859375 0.59765625 0.5625 0.6015625 0.3046875
2001 0.56640625 0.5546875 0.56640625 0.328125 0.5234375 0.34765625 0.5234375 0.43359375 0.5234375 0.55078125 0.56640625 0.55859375 0.56640625 0.5546875
1353 0.5234375 0.34375 0.49609375 0.34375 0.5 0.5078125 0.5 0.546875 0.5234375 0.55078125 0.5234375 0.34375
2001 0.4921875 0.35546875 0.453125 0.37109375 0.453125 0.41015625 0.44921875 0.5390625 0.49609375 0.54296875 0.4921875 0.35546875
1353 0.44921875 0.3671875 0.43359375 0.3671875 0.4296875 0.53515625 0.4453125 0.5390625 0.44921875 0.3671875
1939 0.0937868515625 0 0.09765625 0.41015625 0.12890625 0.4140625 0.12890625 0.63671875 0.15234375 0.62890625 0.16015625 0.40625 0.1875 0.40625 0.1953125 0.11328125 0.23046875 0.11328125 0.23046875 0.10546875 0.1438337046875 0 0.0937868515625 0
510 0.25 0.58984375 0.27734375 0.58984375 0.28125 0.5859375 0.2890625 0.55078125 0.28515625 0.41015625 0.28125 0.21484375 0.25 0.21484375 0.25 0.58984375
2001 0.4296875 0.5390625 0.4296875 0.3671875 0.3984375 0.3671875 0.37890625 0.36328125 0.37890625 0.5390625 0.4296875 0.5390625
1939 0.3359375 0.46484375 0.34765625 0.4609375 0.33984375 0.35546875 0.29296875 0.35546875 0.29296875 0.54296875 0.3359375 0.54296875 0.3359375 0.46484375
676 0.125 0.421875 0.1015625 0.421875 0.09375 0.68359375 0.125 0.671875 0.125 0.421875
412 0.3515625 0.06640625 0.36328125 0.06640625 0.37890625 0.06640625 0.37890625 0.0546875 0.375 0.046875 0.36328125 0.04296875 0.35546875 0.05078125 0.3515625 0.06640625
412 0.6640625 0.07421875 0.66796875 0.0625 0.6640625 0.0546875 0.64453125 0.0546875 0.64453125 0.0703125 0.65625 0.07421875 0.6640625 0.07421875
412 0.62109375 0.15625 0.6328125 0.1484375 0.6328125 0.140625 0.62109375 0.1328125 0.609375 0.14453125 0.609375 0.15625 0.62109375 0.15625
412 0.3984375 0.1484375 0.3984375 0.13671875 0.390625 0.12890625 0.375 0.12890625 0.375 0.14453125 0.3828125 0.1484375 0.3984375 0.1484375