407 0.4825396234375 0 0 0.0337424578125 0 0.4681168890625 0.0023898468749999997 0.4956384046875 0.1840920140625 0.51817465 0.4438107984375 0.48043440000000004 0.4680086640625 0.49048968593750003 0.6118334296875 0.5313377312500001 0.7284629812500001 0.519266409375 0.7529333328125001 0.53321843125 0.8132917562499999 0.5564082796875 0.8714702875 0.5484242515625 0.9046334953124999 0.518694734375 0.9598966062500001 0.4130198546875 0.9827320421874999 0.40359146875 0.9581290328125001 0 0.4825396234375 0
1939 0.8399419984375 0.6015341765625 0.8750126093749999 0.5990818015625 0.875367021875 0.548151765625 0.8093950203125001 0.556680765625 0.724566246875 0.519538896875 0.7415423203125 0.70630966875 0.792281796875 0.6479405781249999 0.8073237625 0.6390571640625 0.8220932421875 0.626277015625 0.8399419984375 0.6015341765625
1939 0.624367796875 0.710587521875 0.7376455859375 0.70658215625 0.7206695125 0.5198113828125 0.61156094375 0.527440996875 0.624367796875 0.710587521875
676 0.68388205625 0.553710121875 0.621534303125 0.5580699015625 0.632161265625 0.71004255 0.6984057531250001 0.7054102828125 0.68388205625 0.553710121875
1939 0.6118334296875 0.5313377312500001 0.4438107984375 0.48043440000000004 0.46724461406250006 0.8155535734375 0.485910828125 0.8025009375 0.48871761718749995 0.7866415140624999 0.6204710625 0.7108600078125 0.6118334296875 0.5313377312500001
1378 0.5507928843750001 0.778385 0.55804138125 0.7700465578125 0.5600307124999999 0.7424969296875 0.5522372437499999 0.7430419015624999 0.5405470390625 0.7438593609375 0.5249601015625001 0.74494930625 0.5054764281249999 0.7463117359375 0.5057489140625 0.750208471875 0.5062938875 0.758001940625 0.5071113453125 0.7696921437500001 0.5123705109375 0.78890333125 0.5279574499999999 0.7878133859374999 0.5474411234375001 0.7864509546875 0.5507928843750001 0.778385
1373 0.49822793125000003 0.754650178125 0.5093731625 0.74603925 0.5099181359375 0.7538327203125 0.5249601015625001 0.74494930625 0.53302605625 0.7483010671875 0.541636984375 0.7594462984375 0.5486129953125001 0.7472111234375001 0.5600307124999999 0.7424969296875 0.5806043296875 0.7567214359375 0.5739827328125 0.7180265765625 0.5845829921875 0.7016221796875 0.5865723234375 0.6740725515625 0.561829484375 0.656223796875 0.55657031875 0.6370126093749999 0.536814159375 0.63447830625 0.5318274796875 0.6191638546875 0.524306496875 0.6236055609375 0.5045503390625 0.6210712578125 0.5017435484375 0.6369306828125 0.4944950515625 0.6452691234375 0.4875190421875 0.6575043 0.48860898593749996 0.6730912390625 0.48435783906249996 0.7242937609375 0.48572026875 0.7437774328125 0.49822793125000003 0.754650178125
1939 0.19926931406249998 0.79121855625 0.4633478796875 0.8158260593750001 0.4438107984375 0.48043440000000004 0.1843645 0.522071384375 0.19926931406249998 0.79121855625
1939 0.1840920140625 0.51817465 0.0023898468749999997 0.4956384046875 0.0108912359375 0.6732123140625 0.023218275 0.849497196875 0.1953725796875 0.7914910421875 0.1840920140625 0.51817465
1056 0 0.30059973125 0.028550340624999997 0.3097670171875 0.465283803125 0.45152234062499996 0.484222503125 0.442366440625 0 0.277985846875 0 0.30059973125
1050 0.35211464531250003 0.56907798125 0.3638048484375 0.5682605234375 0.3610799859375 0.5292931765625 0.3452205625 0.5264863875 0.35211464531250003 0.56907798125
1050 0.547496346875 0.5632471390625 0.5555623015625 0.5665989015624999 0.5609033953125 0.5309833171875 0.5450439703125001 0.528176528125 0.547496346875 0.5632471390625
1050 0.658948659375 0.4771378609375 0.647530940625 0.4818520546875 0.65614186875 0.4929972859375 0.6711838343750001 0.484113871875 0.658948659375 0.4771378609375
1050 0.6912124796875 0.49054490937499995 0.6800672484375 0.49915583750000003 0.6881332046875 0.5025076 0.70344765625 0.4975209203125 0.6912124796875 0.49054490937499995
1050 0.796151828125 0.47929104687499996 0.785006596875 0.48790197500000004 0.7969692859374999 0.49098125000000004 0.8042177828125 0.482642809375 0.796151828125 0.47929104687499996
1050 0.9031891375000001 0.55403783125 0.9109826062499999 0.5534928578125 0.9137893953124999 0.537633434375 0.9020991921875 0.5384508921875 0.9031891375000001 0.55403783125
1050 0.9347174265625 0.50092790625 0.9269239578124999 0.501472878125 0.9368973171875 0.5321017828125 0.9347174265625 0.50092790625
1939 1 0.553463853125 0.990797996875 0.40694323125 0.96016909375 0.4169165890625 0.9046334953124999 0.518694734375 0.8750945359375001 0.54425503125 0.8747401234375 0.5951850671875001 0.880271775 0.6182929875000001 0.8821791781250001 0.6455701296874999 1 0.9532208421874999 1 0.553463853125
819 0.40546360625 1 0.9980446781250001 0.9585626953125 0.8819066921875001 0.6416733953125 0.8799992890624999 0.614396253125 0.8750126093749999 0.5990818015625 0.8399419984375 0.6015341765625 0.81846899375 0.6304462359375 0.792281796875 0.6479405781249999 0.7415423203125 0.70630966875 0.6204710625 0.7108600078125 0.4848208828125 0.786914 0.48618331406250004 0.806397671875 0.46751709999999996 0.8194503078125001 0.19510009374999998 0.7875943078125001 0.02718609375 0.8502412515625 0.0294202984375 0.9381902656250001 0.033742456250000004 1 0.40546360625 1