407 0.0951079828125 0 0.067370975 0.1304923640625 0.0228686390625 0.35864741875 0.191320140625 0.430394553125 0.4513804828125 0.4657044953125 0.47186935312499995 0.4820400921875 0.5988633437499999 0.56094923125 0.7143021703125 0.58149299375 0.733978884375 0.6016494812500001 0.7856071359375 0.6405780296875 0.8437326265625 0.648939465625 0.8838057125000001 0.6295026375 0.9660559687499999 0.543154003125 0.9906056140624999 0.5403851546875 1 0.4980502265625 1 0.0951079828125 0.5525521171875 0 0.0951079828125 0
1939 0.798786609375 0.691301628125 0.8331746109375 0.6986110234375 0.847553515625 0.649751621875 0.781786246875 0.6397658749999999 0.71048128125 0.5806808390625 0.6753187281249999 0.76489566875 0.7401813453125 0.7227733921875 0.7570892125 0.718380234375 0.7748092343749999 0.7101661874999999 0.798786609375 0.691301628125
1939 0.5615042109374999 0.736710128125 0.6714978390625 0.7640835140625 0.7066603921875 0.5798686843749999 0.5996754984375 0.5571283421875 0.5615042109374999 0.736710128125
676 0.6619542609375 0.6023142453125 0.6008200359375 0.589319765625 0.5691459890624999 0.7383344390625 0.634101103125 0.752141075 0.6619542609375 0.6023142453125
1939 0.5988633437499999 0.56094923125 0.4513804828125 0.4657044953125 0.38153515 0.7943009546875001 0.40307606093750004 0.7868990625000001 0.41014556874999997 0.7724276609375 0.557683321875 0.7358979734375 0.5988633437499999 0.56094923125
1378 0.47209195 0.7816012531250001 0.4813580375 0.775583784375 0.4908640125 0.7496497171875001 0.483222234375 0.74802540625 0.4717595671875 0.745588940625 0.4564760109375 0.742340321875 0.437371565625 0.7382795453125001 0.43655940937500004 0.742100434375 0.4349351 0.7497422125 0.432498634375 0.7612048796875001 0.4322587484375 0.78112148125 0.4475423046875 0.7843701015625 0.46664675000000005 0.7884308765625 0.47209195 0.7816012531250001
1373 0.4281054765625 0.7442970140625 0.4411924546875 0.7390917015625 0.43956814375000003 0.7467334796875 0.4564760109375 0.742340321875 0.4633056328125 0.7477855203125 0.46851094687500006 0.760872496875 0.4785891890625 0.7510341406250001 0.4908640125 0.7496497171875001 0.5067198375 0.7689940484375 0.5110204984375 0.729973003125 0.5257317859375 0.7171259109375 0.5352377609375 0.6911918421875 0.5163732015625 0.6672144671875 0.5166130875 0.6472978671875 0.498320796875 0.6394162031249999 0.497748528125 0.6233204906250001 0.4892945953125 0.6255170703124999 0.47100230468750004 0.61763540625 0.4639327953125 0.6321068078125001 0.4546667078125 0.638124275 0.44458846406249997 0.6479626328125 0.44133984374999996 0.6632461890625 0.42314005000000005 0.7112934359375 0.419079275 0.7303978812499999 0.4281054765625 0.7442970140625
1939 0.1306483984375 0.6970446328125 0.3777142609375 0.7934888 0.4513804828125 0.4657044953125 0.1905079859375 0.43421544218749997 0.1306483984375 0.6970446328125
1939 0 0.7020379828125 0.126827509375 0.6962324765625 0.191320140625 0.430394553125 0.0228686390625 0.35864741875 0 0.45569837968750004 0 0.7020379828125
1056 0.06428854687499999 0.1637820765625 0.0992488171875 0.1871871828125 0.47999090312500003 0.4438312015625 0.5007196578124999 0.4402501984375 0.0691614765625 0.1408567421875 0.06428854687499999 0.1637820765625
1050 0.3388030015625 0.5256392890625 0.35026566875 0.5280757546875 0.35838721875 0.4898668640625 0.3439158171875 0.48279735468749996 0.3388030015625 0.5256392890625
1050 0.52822314375 0.5738888203125 0.5350527671875 0.57933401875 0.550003940625 0.5465703265624999 0.5355325390625 0.53950081875 0.52822314375 0.5738888203125
1050 0.6590929171875 0.5218356890625 0.6468180953125 0.5232201140625 0.6520234078125 0.536307090625 0.6689312734375 0.5319139328125 0.6590929171875 0.5218356890625
1050 0.686411409375 0.5436164859375 0.67332443125 0.5488217984375 0.6801540546875 0.5542669984375 0.696249765625 0.5536947296875 0.686411409375 0.5436164859375
1050 0.79038756875 0.5617237828125 0.7773005921875 0.566929096875 0.7879511031249999 0.57318645 0.7972171921875 0.5671689828125 0.79038756875 0.5617237828125
1050 0.8726754281250001 0.6630784843749999 0.88031720625 0.6647027953125 0.887386715625 0.65023139375 0.8759240484375 0.647794928125 0.8726754281250001 0.6630784843749999
1050 0.9176214453125 0.620716321875 0.9099796671875 0.6190920125 0.91112420625 0.651283434375 0.9176214453125 0.620716321875
1939 0.8975268265624999 1 0.9974352375000001 0.5458303546875001 0.9652438140624999 0.5469748921875001 0.8838057125000001 0.6295026375 0.8483656703125 0.6459307328125 0.833986765625 0.694790134375 0.832934725 0.718527625 0.8272496390624999 0.7452738484375 0.8493351140625001 1 0.8975268265624999 1
819 0.8467197562500001 1 0.8280617937500001 0.741452959375 0.8337468796874999 0.7147067359375 0.8331746109375 0.6986110234375 0.798786609375 0.691301628125 0.7701761890625 0.713174921875 0.7401813453125 0.7227733921875 0.6753187281249999 0.76489566875 0.557683321875 0.7358979734375 0.4063246796875 0.7716155062500001 0.40226390468749995 0.7907199515625 0.3807229953125 0.79812184375 0.1276396640625 0.6924115875 0 0.7023674234375 0 0.8969049796874999 0.485023934375 1 0.8467197562500001 1