384 1 0.451855475 0.9794622234375 0.3461977734375 0.9370745734374999 0.4065520046875 0.9242343249999999 0.43876046406249997 0.9108241703125 0.5007922765624999 0.9012766375 0.566317921875 0.9087696703124999 0.653999134375 0.8912717625000001 0.678623646875 0.8837716484374999 0.7055494390625 0.9051250953125001 0.7990257656249999 0.9432939765624999 0.8807441984375 0.9527218625 0.9128688265625 1 0.9051569828125 1 0.451855475
316 0.6366692953124999 0.6135077250000001 0.46557409375000003 0.5194256765625 0.3770643890625 0.6045446671875 0.3593342703125 0.7098627234375 0.557467828125 0.8284016171875 0.6234842703125001 0.7094529984375 0.6366692953124999 0.6135077250000001
316 0.3739968046875 0.6051409453125001 0.4456910734375 0.53177985 0.382186475 0.45074153125 0.26754601718750004 0.5324505187499999 0.23209285937500002 0.628479625 0.3195682296875 0.73457106875 0.354676609375 0.7022787734375 0.3739968046875 0.6051409453125001
323 0.51485740625 1 0.8821674078124999 0.9265832234375001 0.9075102078124999 0.81129610625 0.886381890625 0.751733240625 0.8837716484374999 0.7055494390625 0.9057020859374999 0.6545954125 0.9034366203124999 0.5446747984375 0.8878735656250001 0.5137427265625 0.8487899984375 0.52558445625 0.8437946437500001 0.46713031406249994 0.794713284375 0.47667076249999996 0.7675623625 0.43525718593749996 0.71382334375 0.43721368906249997 0.72018364375 0.46993459375 0.6733748312500001 0.4747886515625 0.6550889703125 0.380716046875 0.6328208375 0.3807998796875 0.630435725 0.368529540625 0.5781742171875 0.3617095375 0.5636384109375 0.2541740359375 0.5021741484375 0.24914286875 0.4869558703125 0.15447398437499998 0.39947341718749996 0.1629895453125 0.4136715265625 0.2196548515625 0.4014011875 0.2220399640625 0.4157118609375 0.295662003125 0.3483375578125 0.325736853125 0.357195534375 0.38768483125 0.33969762812500004 0.41230934374999995 0.35082815312500004 0.4695709296875 0.3301500953125 0.4778349890625 0.289138759375 0.43062629843750005 0.2476700796875 0.4301976859375 0.26494285624999997 0.37165971249999996 0.25631000937500004 0.34362519687500004 0.20973341093750003 0.2677857125 0.1476992390625 0.29257789375 0.1139558046875 0.299136953125 0.1053229578125 0.2711024375 0 0.304540084375 0 0.4058896234375 0.0278312125 0.39652628125 0 0.43297219374999996 0 0.44127940624999995 0.057247599999999996 0.547860471875 0.074063034375 0.5361025781250001 0.07803822187500001 0.55655314375 0.0505425234375 0.578876378125 0.08246366875 0.644830634375 0.077918575 0.6542034171875 0.08779671875 0.75415496875 0.0856367375 0.7757980921875001 0.0535959421875 0.8074941093750001 0.0725642765625 0.888700096875 0.0941987859375 1 0.51485740625 1
384 0.8973226984375 0.20204634062500001 0.9006154140625 0.235363525 0.9131108828125001 0.266891875 0.9039081281250001 0.268680709375 0.9072008437499999 0.3019978921875 0.9081084453124999 0.32304473749999996 0.9288990687500001 0.33173740937499996 0.9543473499999999 0.34801402812500004 0.9781813296875 0.33960814687499996 0.932179578125 0.10294964843750001 0.9176630609374999 0.1429120875 0.8973226984375 0.20204634062500001
1939 0.45185547656249997 0 0 0.0878318078125 0 0.50774175625 0.09232764843749999 0.973996196875 0.8664217187500001 0.174095659375 0.8473408203125 0.075932940625 0.8007068234375 0 0.45185547656249997 0
407 0.8024237171875 0 0.8279151421875 0.041507034375 0.9153380343749999 0.0163074171875 0.91216819375 0 0.8024237171875 0
1939 0.8465457828125 0.07184282656249999 0.8664217187500001 0.174095659375 0.9093679078125 0.165747765625 0.932179578125 0.10294964843750001 0.9153115328125001 0.0161710796875 0.8271201046875 0.037416920312500004 0.8465457828125 0.07184282656249999
819 1 0.45493234375 0.9400437578125 0.159784984375 0.9001651531249999 0.16753659999999998 0.8748294359375001 0.16821671093749999 0.1762425859375 1 0.5044708359375 1 0.9281811828125001 0.9176390515625 1 0.9036788874999999 1 0.45493234375
316 0.791427653125 0.328746575 0.8047110765625 0.4789720421875 0.874583059375 0.47812426406249997 0.8712903437499999 0.4448070796875 0.8614121984375 0.344855528125 0.8558469359374999 0.316224734375 0.791427653125 0.328746575
316 0.7236030890625 0.2909945 0.660661315625 0.2947398359375 0.63168810625 0.325839575 0.6397510453125 0.3836974375 0.7073504796875 0.38753605156250004 0.7393912734375 0.355840034375 0.7236030890625 0.2909945