1250 0.9343504062499999 0.194388415625 0.7735154859375 0.22882620625 0.7876502546874999 0.32940030781249996 0.9550716343750001 0.3137600453125 0.9343504062499999 0.194388415625
900 0.76527725625 0.450883796875 0.7354186687500001 0.462969425 0.739767828125 0.4939153015625 0.7435733421874999 0.5209929453125001 0.7689573296875001 0.5332040140625 0.781105678125 0.5354413140625 0.8003841312500001 0.5603443765625 0.8020777859375 0.5443277921874999 0.8165261562499999 0.50679545625 0.8171325203125 0.48304240312499996 0.8138706515624999 0.4598329953125 0.7851620734375 0.45203380624999995 0.76527725625 0.450883796875
1850 0.3428243171875 0.8692178296874999 0.35612267656249996 0.8515703109375 0.3937177328125 0.8383973921875001 0.40647244687499995 0.816881640625 0.33128233281249997 0.8432274765625 0.2737397390625 0.8828716734375 0.251073975 0.8900017765625 0.21904080937499998 0.8866144671875 0.1831394078125 0.8837708031249999 0.1874885671875 0.9147166796875 0.21510985468750002 0.9147793999999999 0.24605573125000002 0.910430240625 0.29247454687499996 0.9039065015625001 0.318945825 0.9238540390625 0.34487345625 0.9399333437499999 0.3714074546875 0.9322595937499999 0.38579310312500004 0.9223485453125001 0.41673897968749996 0.9179993859375 0.438317453125 0.9031328125 0.4035660609375 0.8804043296874999 0.37872571875 0.8720614953125001 0.3428243171875 0.8692178296874999
214 0.652429365625 0.5180238390625 0.6381064375000001 0.5003136015625 0.6127224499999999 0.48810253125 0.5757337578125 0.477522396875 0.5249030625 0.480721546875 0.5055618890625 0.483439771875 0.478484246875 0.48724528593749994 0.46687954375 0.4888762203125 0.4651858875 0.5048928046875 0.46403587812499997 0.524777621875 0.44469470468749994 0.5274958468750001 0.43030905625000004 0.5374068953125 0.40709964843749996 0.540668765625 0.371198246875 0.5378251 0.32864766562500003 0.5438051953125 0.2667559109375 0.5525035140625 0.22033709531249998 0.559027253125 0.1700500453125 0.5660946375 0.15070887187499998 0.5688128609375 0.12749946406249998 0.5720747312500001 0.1329359140625 0.610757078125 0.13728507343750002 0.6417029546874999 0.1405469421875 0.6649123625 0.15154528125 0.6870344796875 0.18690303749999998 0.6860099109375 0.22558538437500003 0.6805734609375 0.2327154890625 0.703239225 0.24981936249999998 0.7126693484375 0.251450296875 0.724274053125 0.263055 0.7226431171875001 0.28402710937500003 0.731529596875 0.3166039203125 0.7387851421875 0.5493043640625 0.68241339375 0.5361314453125 0.6448183375000001 0.599779575 0.592482146875 0.6290945171875 0.5765282843749999 0.658409459375 0.5605744203125 0.652429365625 0.5180238390625
2001 0.031295359375 0.36469555468750003 0.061802195312499995 0.5536954078125 0.2640376875 0.533162340625 0.24181096562499999 0.3469434328125 0.031295359375 0.36469555468750003
1754 0.56887558125 0.821669840625 0.8222972531250001 0.884669721875 0.8333583109375 0.8791705515625001 0.8199553484375001 0.6996008234375 0.920048525 0.6539765328125 0.9306286593750001 0.6169878421874999 0.6451111015625 0.5782219390625001 0.55221075 0.6188907046875001 0.56887558125 0.821669840625
1567 0.7162656562499999 0.3828237875 0.6972380828125 0.247435575 0.6629676156250001 0.2561966140625 0.6501501828125 0.30533365468749996 0.5828219781249999 0.2753496265625 0.5242548140625 0.279636065625 0.508781875 0.2818106453125 0.5020699765625001 0.3182556921875 0.4838788125 0.3010890984375 0.46623129375000005 0.28779073906249997 0.444171896875 0.27116779062499996 0.43819180312499995 0.228617209375 0.43329899843749997 0.19380309843750002 0.4316680640625 0.18219839375 0.3929857171875 0.18763484375 0.3658453546875 0.2190616453125 0.34106773125 0.18309752343750002 0.3173146796875 0.1824911578125 0.3298185125 0.2714605546875 0.331930371875 0.31455478124999997 0.343827840625 0.42727723125 0.524547578125 0.39398944999999996 0.6858634234375 0.39104118125 0.7162656562499999 0.3828237875
410 0.148450525 0.1036628546875 0.172203578125 0.10426922031250001 0.1750472421875 0.06836781875 0.16459254843749999 0.050113934375 0.10765631875 0.066005078125 0.11091818906249999 0.0892144859375 0.1208292375 0.103600134375 0.148450525 0.1036628546875
1506 0.5495344078125 0.8243880656250001 0.5431988296875 0.6951053875000001 0.3276649796875 0.733285971875 0.4640150421875 0.77723744375 0.46606418125 0.8479529578125 0.5495344078125 0.8243880656250001
423 1 0.6679291328125 0.938846053125 0.6473900734375 0.82992911875 0.6863651843749999 0.8253917984375001 0.7382831703125 0.8554177093750001 0.8957935000000001 0.864366909375 0.8472001046875001 0.9565981750000001 0.8579056796875 0.989049546875 0.9204037984375001 0.9974551015625 0.86794216875 1 0.8663243875 1 0.6679291328125
351 0.48253397187499997 1 0.5182122109375 0.9944649484375001 0.5298169140625 0.9928340140625 0.5122948359375 0.9242930812499999 0.415170765625 0.8787733937500001 0.144875265625 0.9483180609374999 0.15213868749999998 1 0.48253397187499997 1
1354 0.9601944828125 0.490548828125 0.991140359375 0.48619966875 0.9873348453125 0.4591220265625 0.9757301406250001 0.46075296093749996 0.945327909375 0.46897035625 0.9337232046875 0.470601290625 0.9044709828125 0.458933865625 0.88899804375 0.46110844531249995 0.88228614375 0.4975534921875 0.8733369453125001 0.5461468875 0.883854359375 0.536779484375 0.9004773078125 0.5147200859375001 0.910994721875 0.5053526828125 0.9485897781249999 0.49217976406249997 0.9601944828125 0.490548828125
1121 0.5140720484375 0.6281953875 0.56714004375 0.612847890625 0.5793511125 0.587463903125 0.6125342890625001 0.57096639375 0.5871503015624999 0.558755325 0.5844320765625 0.5394141515624999 0.5579608 0.5194666140625 0.5347513921875 0.5227284828125 0.5231466874999999 0.5243594171875 0.48778893125 0.5253839874999999 0.46064856875000004 0.5568107890625 0.3821965859375 0.55994721875 0.3319095359375 0.567014603125 0.3009636578125 0.5713637625 0.238528259375 0.5761938468750001 0.246745653125 0.606596078125 0.253206671875 0.6806361812499999 0.283065259375 0.668550553125 0.3267031296875 0.670306928125 0.383639359375 0.654415784375 0.44994299375 0.64904205625 0.5140720484375 0.6281953875
1754 0.4513230484375 0.771131909375 0.1360723421875 0.6892090609375 0.024944584375000002 0.71245335 0.052706718750000006 0.9099911984375 0.061530478124999996 0.9166403781250001 0.0730097421875 0.9702520187499999 0.47319428593749996 0.8706187203125 0.4513230484375 0.771131909375
581 0 0.3075698015625 0.0036740718749999996 0.364632834375 0.27716872187499997 0.3459188625 0.2605038890625 0.1431397265625 0 0.1569301171875 0 0.3075698015625
674 0.1272067 0.457721346875 0.1183202203125 0.4786934546875 0.12273210000000001 0.48201804375 0.13251770937500001 0.5516462671875 0.1513152375 0.545059809375 0.1404423390625 0.46769511562500005 0.1272067 0.457721346875
674 0.194053978125 0.4562158515625 0.1807556203125 0.47386337031250003 0.203233221875 0.5495971281250001 0.22148710624999998 0.539142434375 0.21720066718750003 0.4805752703125 0.2034213828125 0.466733265625 0.194053978125 0.4562158515625
674 0.234367259375 0.46238410625000004 0.2452401578125 0.5397488 0.2689932109375 0.5403551640625001 0.2581203125 0.462990471875 0.2482092640625 0.44860482343749997 0.234367259375 0.46238410625000004
1788 0.43756459999999997 0.504830084375 0.443126490625 0.48826985624999997 0.396707675 0.49479359531249995 0.41211789374999996 0.520240303125 0.416467053125 0.5511861796875 0.4396764609375 0.5479243109375 0.44965022968749996 0.534688671875 0.43756459999999997 0.504830084375
1850 0.1132811390625 0.7515817390625 0.1138875046875 0.7278286859375 0.12549220781249998 0.7261977515625 0.12760406875000002 0.7692919781249999 0.1651364046875 0.7837403468749999 0.2231599234375 0.7755856734375 0.2695787390625 0.7690619328125 0.2613613453125 0.7386597015625 0.23923922812499998 0.749658040625 0.21772347500000003 0.7369033265625 0.20055688124999999 0.7550944890625 0.1773474734375 0.758356359375 0.1596999546875 0.745058 0.15311349531250001 0.726260471875 0.1801911390625 0.7224549578125 0.1387905671875 0.7085502328125 0.14435245624999998 0.6919900046875 0.1172748140625 0.69579551875 0.0929781171875 0.6913209203124999 0.07587424375 0.6818907953125 0.0487966015625 0.685696309375 0.033323662500000004 0.6878708890625 0.02334989375 0.701106528125 0.028553351562500003 0.738131059375 0.050364815625 0.7249223015624999 0.0658377546875 0.722747721875 0.0828789078125 0.7597991328125 0.1132811390625 0.7515817390625
1354 0.58788210625 0.479759696875 0.5514370609375 0.4730477984375 0.4718350671875 0.4960690453125 0.554636209375 0.5238784937500001 0.5739773828125 0.52116026875 0.6275890234375 0.5096810046875 0.6210025640625 0.49088347656250003 0.58788210625 0.479759696875
278 0.7446606328125001 0.5287294140625 0.7331813687500001 0.4751177734375 0.7088846703125 0.4706431734375 0.658053975 0.47384232343750005 0.6651213593749999 0.5241293734375 0.68989898125 0.5600934953125 0.7324495625 0.5541134015625 0.7446606328125001 0.5287294140625
316 0.6697005625 0.6970499234374999 0.665832328125 0.6975935671875 0.6768306671875 0.7197156859375 0.7210121828125 0.7253402953125 0.7934213515625 0.707274571875 0.7907031265625 0.6879334 0.7459779656250001 0.6784405546875 0.6697005625 0.6970499234374999
1850 0.6199571578125 0.707985540625 0.635973740625 0.709679196875 0.687954446875 0.6865952281250001 0.6825179968749999 0.6479128828125 0.614583428125 0.6416819078125 0.6199571578125 0.707985540625
1850 0.9880249765625001 0.8850460421875 0.966509225 0.872291328125 0.92619594375 0.8661230734375 0.8963373562499999 0.8782087015625001 0.9238959234375 0.905892709375 0.9199649687499999 0.9340576421875 0.9642092046874999 0.9120609640625 0.96257826875 0.9004562609375 0.9880249765625001 0.8850460421875
1855 0.5853520421875 0.3775546625 0.639507328125 0.3699436328125 0.6213161640625 0.3527770390625 0.6185979406250001 0.333435865625 0.58487111875 0.34606513906249997 0.5660735890625 0.3526515984375 0.5467324171875 0.3553698234375 0.541714171875 0.3757982875 0.5649235796875 0.37253641718749997 0.5853520421875 0.3775546625
1855 0.553444315625 0.31892477656249996 0.6153360703125 0.31022645781249997 0.6120742015625 0.28701705 0.55628798125 0.283023375 0.553444315625 0.31892477656249996
1850 0.4606694046875 0.3043509671875 0.4595193953125 0.3242357859375 0.4987453859375 0.322667571875 0.49880810625 0.295046284375 0.4911343578125 0.2685122859375 0.4606694046875 0.3043509671875
1788 0.4870779625 0.35191979375 0.49312077656250003 0.3668490875 0.49251441093750004 0.390602140625 0.511855584375 0.387883915625 0.5102873703124999 0.3486579234375 0.4870779625 0.35191979375
1855 0.396916671875 0.15946991093750001 0.37364454375 0.19035306875 0.347654190625 0.20189505156249998 0.350372415625 0.221236225 0.4161324046875 0.21199426093749998 0.41069595468750003 0.1733119140625 0.396916671875 0.15946991093750001
1855 0.35574614531250004 0.287539859375 0.4209624890625 0.2744296609375 0.42821803281250004 0.2418528484375 0.3513969859375 0.25659398125 0.35574614531250004 0.287539859375
1855 0.42089976875 0.3020509484375 0.3667444828125 0.3096619765625 0.36335717343749996 0.34169514375 0.3943030515625 0.337345984375 0.4069950453125 0.34345151875 0.44180915625 0.33855871406250004 0.42089976875 0.3020509484375
1855 0.44114007187500004 0.3899330546875 0.4262734984375 0.36835458125 0.375986446875 0.375421965625 0.36709996875 0.3963940734375 0.383660196875 0.4019559640625 0.39913313437500003 0.399781384375 0.44114007187500004 0.3899330546875
948 0.40055486250000005 0.01695159375 0.42370155 0.0413110125 0.49332977343750006 0.031525403125000004 0.4889806140625 0.0005795265624999999 0.43814991875000003 0.003778675 0.40055486250000005 0.01695159375
407 0.465036590625 0 0 0.06535663124999999 0 0.1256114359375 0.47929960937500005 0.12816855 0.7723279203125 0 0.465036590625 0