1250 0.8014244015624999 0.3551198625 0.9695718296875 0.35413085 0.9593333765625 0.2334074921875 0.79610903125 0.25369655 0.8014244015624999 0.3551198625
900 0.8161770640625001 0.4873414734375 0.788257475 0.47706984375 0.7685485546875 0.474191134375 0.73775025625 0.48362842656250005 0.7393857546875 0.5148356 0.7408168171875 0.542141875 0.7650399453125 0.5565188375 0.7769470734375 0.5598064234375 0.7939817203125 0.58629495 0.7970648671875 0.5704869265625 0.814729415625 0.5343566703125 0.8174036875 0.510746853125 0.8161770640625001 0.4873414734375
1850 0.3707786 0.8705520046874999 0.3467599078125 0.8600759390625001 0.31124296406249996 0.85411408125 0.3260288015625 0.8376927453125 0.3646288921875 0.8278465781250001 0.3792102921875 0.807524346875 0.302010109375 0.8272166796875 0.24123126250000002 0.8616948499999999 0.21803032031249997 0.8668223703125 0.18641427187499998 0.860656075 0.150897328125 0.85469421875 0.1525328265625 0.8859013906250001 0.180043540625 0.8883712265625 0.2112507125 0.8867357281249999 0.2580614734375 0.8842824796875 0.2826934765625 0.9064612359374999 0.3071210421875 0.9247390953125001 0.33422288125 0.9194071375 0.34941759375000003 0.91078759375 0.3806247671875 0.9091520953125001 0.40341683437500003 0.89622278125 0.3707786 0.8705520046874999
214 0.62193339375 0.5874883984375 0.65252725625 0.5741502109375001 0.6502784453125 0.5312403484375 0.63755356875 0.5123491765625 0.6133304390625 0.49797221406250003 0.5774046203125 0.4842085640625 0.5264885265625 0.4829653515625 0.50698404375 0.4839875390625 0.4796777671875 0.48541860000000003 0.467975078125 0.4860319125 0.46489192968750004 0.5018399359375 0.46201322031250003 0.52154885625 0.4425087375 0.52257104375 0.427314025 0.5311905859375 0.4039086453125 0.5324172093749999 0.3683917015625 0.5264553515625 0.3254818390625 0.5287041625 0.2630674921875 0.5319751609375001 0.21625673281250002 0.5344284078125 0.1655450765625 0.5370860937499999 0.14604059375 0.5381082796875 0.1226352140625 0.5393349046875 0.12467958750000001 0.5783438703125 0.12631508593750002 0.60955104375 0.1275417109375 0.6329564234375 0.136570128125 0.655952928125 0.171882634375 0.6580138890625 0.21089159999999998 0.655969515625 0.216019121875 0.6791704578125 0.2322360203125 0.6900553984375 0.23284933125 0.7017580875 0.244552021875 0.7011447765625001 0.2646698171875 0.7118252796875 0.2964903015625 0.7218924703125 0.533218371875 0.6860164140625 0.5233722046875 0.647416321875 0.5913395328125 0.6008265875000001 0.62193339375 0.5874883984375
2001 0.26204530625 0.5124706765625 0.25613321093749997 0.3250232015625 0.04487148125 0.32436012812500004 0.0587898078125 0.515299625 0.26204530625 0.5124706765625
1754 0.63774141875 0.590571546875 0.5416500640625 0.62298875625 0.540578115625 0.8264486921875 0.7875446390625 0.9112959937499999 0.7990428921875 0.9067817843749999 0.8013414640625 0.726727228125 0.9050301749999999 0.6900002468750001 0.9187938250000001 0.654074428125 0.63774141875 0.590571546875
1567 0.5336935953124999 0.3965323140625 0.69465254375 0.4076548671875 0.7256552796875 0.402118471875 0.7184999734375 0.265587090625 0.6835963406250001 0.2713279234375 0.6665451046875 0.31916086875 0.6020863859375 0.28342290000000003 0.5433684999999999 0.2825885640625 0.5277649125 0.28340631250000003 0.517902159375 0.31912769375 0.5012763859375 0.3004409609375 0.48485505 0.2856551234375 0.46432838125 0.2671728265625 0.4620795703125 0.22426296406250001 0.460239634375 0.18915489375 0.45962632187499997 0.1774522046875 0.42061735625 0.179496578125 0.39084124375 0.20843835312499998 0.3692923875 0.1704515734375 0.3456825703125 0.1677773 0.3503846296875 0.2574979234375 0.34873254375 0.3006122234375 0.35076032968750004 0.41394266249999995 0.5336935953124999 0.3965323140625
410 0.14820107968750001 0.056866934375 0.156820621875 0.072061646875 0.1843313359375 0.07453148125 0.207941153125 0.07720575468749999 0.213903009375 0.041688809375000004 0.20507902968749997 0.0225932015625 0.14697445468749998 0.0334615546875 0.14820107968750001 0.056866934375
1506 0.439989140625 0.7730461765625 0.43586721875 0.8436711906250001 0.5210736328125 0.827470878125 0.526029890625 0.6981279781249999 0.30798855468749997 0.7173782625 0.439989140625 0.7730461765625
423 1 0.7180815265625 0.9243302203124999 0.6850771640625 0.8124308421875 0.7144112265625 0.8033858374999999 0.76573619375 0.8195695609375001 0.9252640812499999 0.8327199000000001 0.8776355718750001 0.9236671453125 0.89633889375 0.9505479609374999 0.9614275125 0.9634938609375 0.90989810625 1 0.8909395765625 1 0.7180815265625
351 0.387707946875 1 0.475047446875 0.994170659375 0.48675013749999996 0.9935573468750001 0.47526847187500004 0.9237500828125 0.382481290625 0.8699386921875 0.107153128125 0.915660915625 0.111573153125 1 0.387707946875 1
1354 0.9089642453125 0.5411528640625 0.9475643375 0.531306696875 0.9592670265625 0.5306933859375 0.9904742000000001 0.5290578859374999 0.9890431390625001 0.5017516109375 0.9773404484375 0.502364921875 0.9463377140624999 0.5079013171875 0.9346350234375 0.5085146296875 0.9065109984375 0.49434210468749995 0.8909074109375 0.495159853125 0.8810446578125 0.530881234375 0.86789431875 0.57850974375 0.8791881343749999 0.5700946390625 0.8976704312500001 0.54956796875 0.9089642453125 0.5411528640625
1121 0.37062392499999997 0.6436866875 0.4371436046875 0.64411215 0.5028455359375 0.6289340265625001 0.5570492125000001 0.618270109375 0.571426175 0.59404698125 0.6059209328125 0.5805043546875 0.5816978046875 0.5661273921875 0.5806756171874999 0.546622909375 0.5560436140625 0.5244441531249999 0.532638234375 0.5256707781250001 0.5209355437500001 0.5262840890625 0.4856230375 0.5242231296875 0.4558469265625 0.5531649046875 0.37742011875000003 0.5494518578124999 0.32670846249999996 0.5521095421875 0.2955012890625 0.553745040625 0.23288250625 0.5531151421875 0.2384189015625 0.584117878125 0.2384023140625 0.65843935 0.2692006125 0.649002059375 0.31251935 0.654555040625 0.37062392499999997 0.6436866875
1754 0.0336494046875 0.9312479140625 0.4409947390625 0.8668721328125001 0.427877575 0.7658576953125 0.12096654062500001 0.6567706765625 0.008235784375000001 0.6702410921874999 0.0186757171875 0.86944688125 0.0268863859375 0.8768398 0.0336494046875 0.9312479140625
581 0.0221291765625 0.114325021875 0.0173607671875 0.3218902921875 0.2914457171875 0.3270841625 0.2925176671875 0.12362422656250001 0.0221291765625 0.114325021875
674 0.1487148671875 0.5144984625 0.1446261203125 0.43648053124999997 0.13231011875 0.425391153125 0.121629615625 0.4455089484375 0.1257349484375 0.4492054078125 0.1294148203125 0.5194215468750001 0.1487148671875 0.5144984625
674 0.21996977968750003 0.4560016015625 0.20744934062499998 0.44101132656250003 0.1990342359375 0.4297175109375 0.18424839843750002 0.446138846875 0.200039834375 0.5235434671875 0.21913544375 0.5147194875000001 0.21996977968750003 0.4560016015625
674 0.26226633125 0.4420501 0.2536467890625 0.42685538906250003 0.23865651406250002 0.43937582812500003 0.24274526093749998 0.5173937609375 0.26635507812500003 0.5200680328125 0.26226633125 0.4420501
1788 0.43572913125 0.5424844015625 0.446818509375 0.5301683984375 0.43738121718749995 0.4993701 0.44436526093750006 0.48335763906249996 0.3975545015625 0.4858108875 0.410688253125 0.5125038515625 0.4123237515625 0.543711025 0.43572913125 0.5424844015625
1850 0.048076129687500004 0.6840603656249999 0.0618231921875 0.7224560203125 0.092825928125 0.716919625 0.09550020000000001 0.6933098078125 0.10720289062499999 0.692696496875 0.1055508046875 0.735810796875 0.1416810609375 0.75347534375 0.200194509375 0.7504087828125 0.2470052703125 0.7479555359375001 0.24146887499999997 0.7169528 0.21847236875 0.7259812171875 0.1981501375 0.7113998171875 0.179463403125 0.7280255906249999 0.1560580234375 0.7292522140625 0.1396366875 0.7144663765625 0.1347136046875 0.69516633125 0.16201988125 0.6937352703124999 0.12198872812499999 0.6762751609375 0.128972771875 0.6602627 0.10166649531250001 0.6616937609375 0.077852240625 0.655118590625 0.0616353421875 0.64423365 0.034329065625 0.6456647125 0.018725479687499998 0.6464824609375001 0.0076361015625 0.6587984625 0.009592859375 0.696135615625 0.032472542187499995 0.684878115625 0.048076129687500004 0.6840603656249999
1354 0.626259753125 0.52076428125 0.6213366703125 0.5014642359375 0.589311746875 0.48749614843750005 0.5535903656250001 0.47763339374999997 0.47228484843749996 0.49362926875 0.5523471546875001 0.5285494875000001 0.5718516375 0.5275273015625 0.626259753125 0.52076428125
278 0.683938865625 0.5764156078125 0.726848728125 0.5741667984375 0.741225690625 0.54994366875 0.734462671875 0.49553555312500003 0.7106484171874999 0.488960384375 0.6597323234375 0.4877171734375 0.6623900093749999 0.5384288296874999 0.683938865625 0.5764156078125
316 0.7732174390625 0.712554703125 0.7294898265625 0.6991999265625 0.65188076875 0.7110904671875 0.647979871875 0.7112949046875 0.6570082890625 0.734291409375 0.7005314640625 0.7437452890625 0.774239625 0.7320591859375 0.7732174390625 0.712554703125
1850 0.668932003125 0.6632575203125 0.6017990125 0.65112936875 0.60137355 0.7176490484375 0.6171815734375 0.7207321953125 0.6709763765625001 0.7022664875 0.668932003125 0.6632575203125
1850 0.9265292687500001 0.950951446875 0.9259159562500001 0.9392487562499999 0.9526089203125 0.9261150046875001 0.9322866890625001 0.9115336046875001 0.8926644109374999 0.9018752890625 0.8618661124999999 0.91131258125 0.8869069906249999 0.9412931296875 0.8805362578124999 0.96900828125 0.9265292687500001 0.950951446875
1855 0.5523803296875001 0.3799065421875 0.5757857093750001 0.3786799171875 0.5956990671875 0.3854595234375 0.6503116203125 0.3825974015625 0.633685846875 0.3639106671875 0.632663659375 0.34440618437500004 0.5979644656249999 0.3540479140625 0.5786644187500001 0.358970996875 0.5591599359375 0.359993184375 0.5523803296875001 0.3799065421875
1855 0.6302104125 0.297595425 0.574984546875 0.2887548578125 0.569022690625 0.3242718015625 0.6314370359375 0.32100080468750003 0.6302104125 0.297595425
1850 0.5166755359375 0.2957223140625 0.5113435765625 0.26862047499999997 0.47787100625 0.30166758437499996 0.474992296875 0.3213765046875 0.5142057 0.323233028125 0.5166755359375 0.2957223140625
1788 0.52158203125 0.38934383281249996 0.5234385546875 0.35013042968749997 0.500033175 0.351357053125 0.5047518203125 0.366756203125 0.5020775484375 0.3903660203125 0.52158203125 0.38934383281249996
1855 0.4415529 0.2057806671875 0.4395085265625 0.1667717015625 0.4269880875 0.1517814265625 0.4011128734375 0.1805187640625 0.3742154703125 0.18975161875 0.37523765781249996 0.2092561015625 0.4415529 0.2057806671875
1855 0.45099019218749997 0.236578965625 0.373176696875 0.244568609375 0.3748121953125 0.27577578125 0.44092300156249997 0.26839945 0.45099019218749997 0.236578965625
1855 0.42099305625000005 0.3359413171875 0.456101125 0.33410138125 0.43845316562500003 0.29591016406250004 0.3838406125 0.29877228749999996 0.37767431875 0.330388334375 0.40888149062499995 0.3287528359375 0.42099305625000005 0.3359413171875
1855 0.3926480046875 0.39218936875 0.4082515921875 0.39137161875 0.4509570171875 0.3852219125 0.43802770312500006 0.36242984375 0.387316046875 0.36508752968749997 0.37663554375 0.385205325 0.3926480046875 0.39218936875
948 0.5325499078125 0.00151956875 0.48163381562499996 0.0002763578125 0.4430337234375 0.010122525 0.46396926875 0.036406614062499995 0.5341854078125 0.032726742187500005 0.5325499078125 0.00151956875
407 0.48690704531250006 0 0 0.0255177171875 0 0.08025126875000001 0.5117856265625 0.12777932187500002 0.8909436124999999 0 0.48690704531250006 0