407 0.010748859375 0 0.0017941234375 0.3928512890625 0 0.49563655781250004 0 0.7975691171875 0.0163263359375 0.7978540953125 0.5178985578125 0.0314910171875 0.5938082296875 0.014063168749999999 0.6778650453124999 0.024906814062499998 0.7465326796875 0.0511092203125 0.8088854359375001 0.067824971875 0.8707473421874999 0.1126614390625 0.9264034484374999 0.1417622046875 0.9347142078124999 0.1606601265625 0.9711413671875 0.5488549921875 0.995168540625 0.5336470078125 1 0.1721325484375 1 0.008651368750000001 0.504363434375 0 0.010748859375 0
1860 0.596663928125 0.9642577265625001 0.609839071875 0.9519857953124999 0.6231778343750001 0.9303402921874999 0.6441183515625 0.9682115234375 0.667491059375 0.9904978265625 0.73216693125 0.9978777015625001 0.747992421875 0.957522746875 0.7631089109375 0.95778660625 0.7843221218750001 0.9800352171875 0.8122865203125 0.9867742890625 0.8361500796874999 0.9809398765624999 0.8582904499999999 0.950071578125 0.8700151 0.897143140625 0.8758936671875001 0.9316259875 0.895056459375 0.94758785625 0.91730590625 0.9104705093750001 0.9325860109375 0.9013607953125 0.9245479453125001 0.8668402546875 0.9359453625 0.8326589609375 0.93676344375 0.7857911 0.9777939109375 0.786507290625 0.9409200078125 0.17639582812500001 0.9241894109375 0.14484903437500002 0.9008167015625 0.1225627296875 0.841005215625 0.0840130046875 0.731579809375 0.0414717890625 0.6327337359375 0.011617140625 0.5484587656250001 0.013271590625 0.5201125953125 0.0284041875 0.0141122984375 0.8009409249999999 0.01058933125 0.8790163328125 0.018900092187500002 0.897914253125 0.0230009328125 0.9104877374999999 0.31101023125 0.993651859375 0.32612671875 0.99391571875 0.5939590406249999 0.9954652734374999 0.596663928125 0.9642577265625001
1939 0.9121688296875 0.9572629812500001 0.9878603453125001 0.9523332296874999 0.9973280390625 0.5336847015624999 0.96455379375 0.55499095625 0.979953409375 0.786544984375 0.940918825 0.7952400609375 0.9193783796874999 0.7917385953125 0.9121688296875 0.9572629812500001
1939 0 0.9157614453124999 0.02294639375 0.9136122625 0.008484371875 0.8758541140625 0.012116415625 0.791529659375 0 0.7962926359375 0 0.9157614453124999
1393 0 0.9850976796875001 0.29594828125 0.9902634765625 0.022891856250000002 0.9167367859375 0 0.9188808609375 0 0.9850976796875001
1393 0.98702831875 1 0.9878058062499999 0.955457753125 0.912114290625 0.9603875046875 0.910445640625 0.9322290953125 0.86974240625 0.9127657609375 0.6209092578125001 0.936551646875 0.5945589671875 0.961095509375 0.5939590406249999 0.9954652734374999 0.772432178125 1 0.98702831875 1
2001 0.88396540625 0.46919642812499995 0.9035645062500001 0.46016210468749996 0.9083198140625001 0.43524130000000005 0.9025178359374999 0.27261527343749997 0.8985806125 0.2506682171875 0.8836277406249999 0.241030784375 0.615053928125 0.1582059109375 0.5999374390625001 0.15794205156250002 0.5888672546875 0.1733762015625 0.5864350609375 0.1889611265625 0.585835134375 0.2233308921875 0.5890088171875 0.289021284375 0.589859384375 0.36404755624999996 0.593742071875 0.3891191375 0.6063718296875 0.408092446875 0.6234841984374999 0.41776757187499997 0.88396540625 0.46919642812499995
676 0.413314296875 0.7016428375 0.46325545 0.6868871828125 0.47679150000000003 0.1589180078125 0.4348338734375 0.2113187265625 0.413314296875 0.7016428375
691 0.27617513125 0.761758584375 0.3500889203125 0.7349194703124999 0.368576378125 0.29455005 0.2932445796875 0.402626790625 0.27617513125 0.761758584375
691 0.1914093109375 0.7915337515624999 0.22833893593750001 0.77967645625 0.240053153125 0.47983523124999994 0.20462856093749998 0.529224509375 0.1914093109375 0.7915337515624999
691 0.1736320421875 0.5724401265625 0.15359663125 0.60647064375 0.1413590796875 0.8125384546875001 0.16101271875 0.8003796046874999 0.1736320421875 0.5724401265625
2001 0.255169640625 0.480099090625 0.2527919875 0.49255949218749995 0.24883270937500002 0.5956310921875 0.2815524171875 0.577449359375 0.2883801953125 0.43379664218749997 0.2840612 0.433721253125 0.25749275625 0.4707632125 0.255169640625 0.480099090625
1050 0.05288837656249999 0 0.051828704687500005 0.0014774046875 0.0445866671875 0.045107659375 0.022446296875 0.0759759578125 0.037290090625 0.0918624375 0.054402460937499994 0.10153756249999998 0.07378340625 0.105001334375 0.0803164390625 0.10198989375 0.0785932515625 0.07695600625 0.072441990625 0.0580957796875 0.0733146109375 0.008103395312500001 0.0689956140625 0.00802800625 0.0680283734375 0 0.05288837656249999 0
1050 0.04626575 0.3201788578125 0.0421103703125 0.31072989687499997 0.037954990625000004 0.30128093749999996 0.0386094546875 0.2637866484375 0.0278119640625 0.2635981765625 0.0272665765625 0.29484341718749996 0.0118773953125 0.310202178125 0.011713778125000001 0.3195757515625 0.028935225 0.323001828125 0.041892215625 0.32322799375 0.04626575 0.3201788578125
1051 1 0.008651368750000001 0.9913740656250001 0.0085008015625 0.9583816640625 0.0423051546875 1 0.06036665625 1 0.008651368750000001
2001 0.8996713875 0.1881777359375 0.895570546875 0.17560425156249998 0.891415165625 0.166155290625 0.88288625 0.159755465625 0.601464525 0.070455378125 0.5927174546875 0.07655365 0.5860208046875 0.08893866406249999 0.5856390328125001 0.11081033124999999 0.591844834375 0.126546034375 0.60685224375 0.1330589421875 0.8948615421874999 0.21622306406249997 0.89939869375 0.20380035625 0.8996713875 0.1881777359375