407 0.4956365671875 0 0.230757090625 0.0046234890625 0.4274277046875 0.353244209375 0.45337720625 0.3501241859375 0.521320309375 0.3462711625 0.5238784812499999 0.378231384375 0.5318772625 0.378091765625 0.9202904000000001 0 0.4956365671875 0
1317 0.2934481140625 0.35558283125 0.28377541562499997 0.3744211796875 0.2701964046875 0.398661859375 0.2686155671875 0.4226931078125 0.2712202796875 0.4573195890625 0.2740111515625 0.5026111140625 0.2728957109375 0.5533049671875 0.26764126093749996 0.5960698515625 0.25657388281250004 0.6496044890625 0.2518313703125 0.7216982390625 0.24048475468750002 0.759235315625 0.22685920468749998 0.7808097328125 0.20100278437500002 0.7892622765625 0.18114544999999999 0.79761010625 0.1813781484375 0.810941409375 0.195376015625 0.810697075 0.2132336546875 0.80238415 0.22927775781249998 0.8047711734374999 0.25713387499999996 0.7962837234375 0.25945934843749996 0.8149126437499999 0.26945782500000004 0.81473811875 0.2774100671875 0.8119322390624999 0.2688528078125 0.78007673125 0.270573265625 0.7640442640625 0.2737814796875 0.7186480265624999 0.302566878125 0.6488016796875 0.3029391953125 0.6701317640625 0.30568352656250003 0.7127570265625 0.3122876296875 0.7473137000000001 0.334796215625 0.7762586125000001 0.356932484375 0.7838734406250001 0.389020690625 0.7886474859375 0.4272010625 0.7986493359375 0.453615959375 0.8221919171875 0.5002605109375 0.8587167546875 0.55936863125 0.9216947671875 0.6046650421875001 0.99558215625 0.7186011390625 0.9909263218750001 0.7303200734375 0.9747193296875001 0.7379465374999999 0.953249625 0.7159033484374999 0.9509673187500001 0.69172084375 0.9407211343749999 0.6751648046875001 0.9090052468750001 0.6147535703125 0.7713719375 0.5920122859375 0.7290957234375 0.56545776875 0.697554359375 0.510907515625 0.6665016640625 0.4906778640625 0.6535194078125001 0.49025900624999996 0.6295230640625 0.49174676406250006 0.60015929375 0.48518920000000004 0.5682688812500001 0.47863163750000004 0.5363784703125 0.46216867656250005 0.509995103125 0.4478915703125 0.4942418734375 0.449891265625 0.49420696875000003 0.45765734843750006 0.480736046875 0.4715621375 0.47515919218749997 0.4693762828125 0.46452905468749994 0.48514114687500004 0.4509185140625 0.469143584375 0.45119775312500005 0.4550991765625 0.44877582499999996 0.446960775 0.4409166640625 0.436915759375 0.4384249265625 0.42119743437499996 0.454701728125 0.4111989578125 0.45487625156249994 0.394875615625 0.43649166875 0.3884111328125 0.4099337765625 0.3820862671875 0.39137466718749997 0.38808535312500003 0.391269953125 0.393851740625 0.3778339359375 0.4016178234375 0.3643630140625 0.40547759531249994 0.3562944234375 0.4134298375 0.35348854375 0.41728960937500004 0.3454199515625 0.4170103703125 0.3294223890625 0.4207305234375 0.313355015625 0.4226371390625 0.307987590625 0.43844854218749996 0.297043309375 0.44012245937500005 0.27834458125 0.42761235 0.24922514375000002 0.4211013265625 0.22000099374999998 0.40087167343749996 0.20701873750000002 0.37473601562500003 0.19947371875 0.34660066093749997 0.1919636046875 0.33878803749999997 0.20276826718750002 0.3249297890625 0.21101138281249998 0.311211159375 0.22725327968750003 0.3036777765625 0.25405550312499997 0.30837526249999997 0.29397960156249997 0.3127935109375 0.31790613749999996 0.3051205078125 0.33670957968750004 0.2934481140625 0.35558283125
1605 0.642415959375 0.1787989109375 0.6448810515625001 0.2054266125 0.680829028125 0.2021320640625 0.68036363125 0.1754694609375 0.642415959375 0.1787989109375
1605 0.2096440390625 0.1383456609375 0.1974597078125 0.12789004843750001 0.19662350625 0.194581465625 0.2106679140625 0.19700339375 0.2096440390625 0.1383456609375
1605 0.060690759375 0.1996212546875 0.065155546875 0.22621405 0.1011500640625 0.2255857640625 0.10073120625000001 0.20158941874999997 0.060690759375 0.1996212546875
1050 0.3104184703125 0.06724274218750001 0.31055808906250004 0.075241525 0.341623934375 0.13604194375 0.34367017031249997 0.1386733 0.34580948437500003 0.1466371765625 0.3645513796875 0.18898320156249998 0.378688865625 0.19673765000000001 0.3826417171875 0.1940015796875 0.353529028125 0.13049999375000002 0.3244163375 0.066998409375 0.31837071250000004 0.0644368625 0.320277328125 0.0590694375 0.29730334375 0.00346191875 0.26930760781249996 0.0039505859375 0.30437284375 0.064681196875 0.3104184703125 0.06724274218750001
1050 0.7990338046875001 0 0.7660697812499999 0.0432868828125 0.77025533125 0.053882115625000004 0.7762078765625 0.051111140624999996 0.7959255921875 0.034764528125 0.822755740625 0 0.7990338046875001 0
1050 0.703382640625 0.11905913125 0.7055219562499999 0.1270230078125 0.7155204328125 0.12684848437500001 0.7526769296875 0.07819260312500001 0.7405391375 0.07040325 0.703382640625 0.11905913125
1050 0.664319528125 0.17308243750000002 0.6743180046874999 0.1729079140625 0.6958027171875 0.14319509531250002 0.6877108562500001 0.1380021921875 0.664319528125 0.17308243750000002
1393 1 0.63377420625 0.5448993093750001 0.43654006718750005 0.5269020515625 0.436854209375 0.5270882109375 0.447519253125 0.44891393125 0.438215496875 0.39265079062499997 0.99661580625 1 0.9860144859375 1 0.63377420625
1939 0.9194243500000001 0 0.5259247171875 0.3808627390625 0.5269020515625 0.436854209375 0.5448527703125 0.4338738078125 1 0.6319630203125 1 0.4956365546875 0.99134863125 0 0.9194243500000001 0
1939 0.43100975156250004 0.4438621625 0.4390550734375 0.44638880312499996 0.52699513125 0.44218673124999996 0.5253662390625 0.3488676125 0.4314736359375 0.3558406609375 0.4319390328125 0.382503265625 0.43100975156250004 0.4438621625
1939 0.015245071874999998 1 0.4350091421875 0.443792353125 0.42738116562500006 0.3505779484375 0.228783478125 0.0046579375 0 0.008651368750000001 0 0.3897660390625 0.0106516734375 1 0.015245071874999998 1
228 0.19877049062500002 1 0.3946504859375 0.9965809015625 0.4470538546875 0.44624918437499994 0.43305598749999996 0.4464935171875 0.01704606875 1 0.19877049062500002 1
1603 0.43128596249999995 0.2304915109375 0.4336114359375 0.24912042968749998 0.45765432031250003 0.2513678328125 0.4592351578125 0.227336584375 0.43128596249999995 0.2304915109375