1694 0.1154434875 0 0 0.46301854374999996 0 0.6547663625 0.07946942500000001 0.6975960015625 0.0763469046875 0.718256684375 0.0889981859375 0.7244737484375 0.092233396875 0.7114980234375 0.4926480796875 0.920060059375 0.7556987312500001 0.0928558390625 0.3529075828125 0.00774245 0.3218543109375 0 0.1154434875 0
1694 1 0.14782787343749998 0.760618590625 0.064986421875 0.4891947390625 1 0.86426743125 1 0.8913937828125 0.9888510796875 1 0.5532553375 1 0.14782787343749998
1855 0.7323119250000001 0.21106601875000003 0.693532178125 0.31778144375 0.8771419265624999 0.3543722609375 0.9157020140625001 0.362455 0.8931139937499999 0.2496271046875 0.7323119250000001 0.21106601875000003
1855 0.7123914359375 0.46183847343749995 0.7799614546875 0.475622828125 0.8106075234375 0.38525591718749996 0.702701471875 0.3461009359375 0.660348440625 0.4427372078125 0.7123914359375 0.46183847343749995
1855 0.6190680875 0.40488015781250003 0.5827775015625 0.395831896875 0.587563275 0.384774146875 0.5387340968750001 0.37719378125 0.489685259375 0.48441157968750004 0.5054376671874999 0.4944645875 0.519752203125 0.5102845796875 0.5651207874999999 0.51547075 0.591120890625 0.5495180078125 0.6093895734375 0.5494787828125001 0.65320186875 0.42257889843749996 0.6190680875 0.40488015781250003
1271 0.47893978906249995 0.8936716109375 0.4907594421875 0.8950872109375 0.5221244484375 0.8018368046875001 0.52046119375 0.792233875 0.501360884375 0.7874716328125 0.47808104374999993 0.7831986890625 0.44965596249999995 0.79142524375 0.42559300625 0.8635256671875 0.4452781671875 0.8822160828125 0.45792944843749994 0.8884331453125001 0.47893978906249995 0.8936716109375
1271 0.2519784546875 0.729887728125 0.2614373125 0.7000872640625 0.2490328078125 0.6847434953125 0.21919124843749999 0.6742404140625 0.18027169375000002 0.6675994234375 0.153397175 0.67774395 0.1402309484375 0.7142769234374999 0.1533543890625 0.7267371984375 0.1897576671875 0.7434704171875001 0.2107680078125 0.7487088843749999 0.2279582859375 0.7529949015625 0.23822737656249998 0.7524925296875 0.2519784546875 0.729887728125
1270 0.46356251875 0.727512153125 0.4260808359375 0.7151041734375 0.38489750625 0.8395967890625 0.415211225 0.8563430828125 0.4285814421875 0.8596766515625 0.46356251875 0.727512153125
1855 0.7420817375000001 0.0986489765625 0.7117680203125001 0.0819026828125 0.689791965625 0.0886744171875 0.6649615640625 0.082483503125 0.6253230734375 0.07872600625000001 0.5657526453124999 0.065404803125 0.5138223421875 0.053988495312499996 0.4687005359375 0.039675621875 0.46007330625 0.07427755 0.44391864375 0.1146595390625 0.44376316562499996 0.1559678296875 0.4870876328125 0.1774894390625 0.5263666546875 0.18268868124999998 0.5534665578125 0.1879140734375 0.6000262359375 0.1964599609375 0.61254343125 0.2194886890625 0.6821361734375 0.24143422656250002 0.7000453875 0.24283675 0.7397908453125 0.1241111234375 0.7420817375000001 0.0986489765625
157 0.50605385625 0.199063346875 0.49005467343750003 0.1981370453125 0.484190496875 0.2135200390625 0.4422825078125 0.210728065625 0.4001548578125 0.3227342546875 0.5223968390625 0.35321260468750004 0.542323053125 0.23260823125000002 0.5044819 0.2216419984375 0.50605385625 0.199063346875
157 0.5104003125000001 0.41760192187499995 0.46646960000000004 0.40664876406249995 0.46554667656250004 0.369665715625 0.44071627343750003 0.3634748 0.42925608750000005 0.36061745625 0.409887609375 0.38947854375 0.3603394953125 0.38478167343749997 0.339849825 0.4669612515625 0.33411973125 0.4655325796875 0.3376502296875 0.524604984375 0.456657 0.5680590546875 0.48353151875 0.5579145296875 0.5104003125000001 0.41760192187499995
1939 0.30752694062499997 0 0.7553392624999999 0.0942975859375 0.7620564625 0.059219434375000005 1 0.14493716875 1 0.1095228828125 0.5579081 0 0.30752694062499997 0
819 0.889058859375 1 0.8917532515625 0.9874093328125 0 0.6495958125 0 0.8860486968749999 0.4570337140625 1 0.889058859375 1
1271 0.7333704359375 0.776406353125 0.7376840515625 0.7591053890625 0.717054571875 0.7279285515625 0.6874597890625 0.7082987640625 0.6453264171875001 0.690136871875 0.5971947828124999 0.7041696375 0.589780040625 0.7176346609375 0.61112845625 0.745928003125 0.6321174015625 0.77566309375 0.66541955625 0.7885603718749999 0.6844071734375 0.7856376546875 0.7117538515625 0.781736340625 0.7333704359375 0.776406353125
1271 0.7203142 1 0.6885496421874999 0.9643096859375 0.654169084375 0.95573765 0.6331587437499999 0.950499184375 0.6252718421875 0.95772099375 0.623474503125 0.964929728125 0.6071158515625 0.9654451765625 0.6019706109375 0.977944675 0.5895280875 1 0.7203142 1