126 0 0.9836968562499999 0.2540369 0.9900127515625 0.26420429218749997 0.8209336765625 0.267626853125 0.7902195 0.2684994734375 0.740227115625 0.2649430609375 0.69592753125 0.24239555156249998 0.6647600453125 0.225182859375 0.6586894875 0.19756863281249998 0.6697476984375 0.14827912031249998 0.6823509359375 0.1049285453125 0.6854409875 0.0760729125 0.6849373109375 0.061611534375 0.68660825625 0.0340308703125 0.6957436828125 0.031044618750000003 0.70146166875 0.014436048437499998 0.660780996875 0.00041097968750000003 0.6374557515625 0 0.6610007640625 0 0.9836968562499999
1761 0.11449141874999999 0.6336769234374999 0.064061184375 0.62894991875 0.034769240624999996 0.6534424343749999 0.025776926562500004 0.6725191734375 0.032688774999999996 0.6899501484375 0.057383874999999994 0.680764353125 0.09922454375 0.6814946859375001 0.1396224296875 0.6821998328125 0.18891194375 0.6695965953125 0.2310211109375 0.6549446546875 0.232866640625 0.6318964296875 0.11449141874999999 0.6336769234374999
127 0.3045026859375 0.5792924859374999 0.30225480625 0.542709221875 0.2866191453125 0.5289727109375 0.254978634375 0.5226503140625 0.21448006249999998 0.5277135187499999 0.153480484375 0.54972920625 0.1381133203125 0.5206104218750001 0.118317125 0.4971844390625 0.10412424375 0.48347311406250004 0.0896964265625 0.483221275 0.055807640625 0.5230205125 0.06694674687499999 0.6290002875 0.11737698125 0.633727290625 0.23290020312499998 0.6299736453125 0.23685936093749999 0.6511998218749999 0.2539042421875 0.6668843015625 0.26641940625 0.69402993125 0.2658824078125 0.724794475 0.26799603906249997 0.7690688765625 0.2673583546875 0.805601771875 0.28185329531250003 0.8020080437500001 0.30399925156249996 0.6081342453125 0.3045026859375 0.5792924859374999
1758 0.8324596921875 0.6769830234375 0.8224265484375 0.8383709625 0.834035925 0.8347268640625 0.8505446062500001 0.71576609375 0.9423120734375001 0.7500651890625 0.9397949000000001 0.8942739906250001 0.9514378390625 0.8887071093750001 0.9668393625 0.7504933140625 0.9944535875 0.739435103125 0.9967186453125001 0.6923520765625 0.997548978125 0.6447824 0.9631155375 0.633102753125 0.8324596921875 0.6769830234375
126 0.9255025265624999 0.6382163249999999 0.9399974671875 0.6346225953125 0.9405680265624999 0.601935265625 0.9850257609374999 0.6180982375 0.9861664812500001 0.6354284781249999 0.9933468265625001 0.63747718125 0.9937160125 0.6163265578125 0.9966015765625 0.616376925 0.9993536859375001 0.45870863437500004 0.9897908140625 0.5104727 0.9390585187499999 0.5230507546875 0.9259052750000001 0.6151429171875 0.9255025265624999 0.6382163249999999
1650 0.8909097265625 0.5529842328125001 0.884165690625 0.5259393359375 0.8136707640624999 0.5131686234374999 0.8113221968750001 0.48235371093749996 0.8059202546875 0.4611023515625 0.8017597234375 0.4514128796875 0.617955890625 0.48090185781250006 0.620069521875 0.525176259375 0.6200019984375 0.611726725 0.617988259375 0.7270937671875 0.6176861984375 0.7443988234375001 0.6249001078124999 0.7445247421875 0.6311415031250001 0.6350016046875 0.6972409625 0.6515423328125001 0.6936166296875 0.7764981109375 0.7007298515625 0.78239238125 0.7051924453125 0.7747767984375 0.7158964375 0.657638075 0.71633235 0.7153467796874999 0.719251475 0.7134743640625001 0.7275393765625 0.65207119375 0.7941422703125001 0.6397701625 0.79521546875 0.74365086875 0.8024293765625 0.7437767875 0.8101471171875 0.6323560484375 0.8768842593749999 0.6123638828125 0.8775215453125 0.65853588125 0.8892651734375001 0.6472006484375 0.8929562328125 0.6011042 0.8909097265625 0.5529842328125001
1654 0.528771528125 0.5466630859375 0.6191297765625 0.5790142125 0.6179894531250001 0.478979075 0.7280100453125 0.45974242343749994 0.7237823890625 0.4538985203125 0.7240508875 0.438516246875 0.725963540625 0.41162245468750003 0.7131463171875 0.40178188125 0.6728491171875 0.3953083796875 0.6210096640625 0.388633409375 0.602253503125 0.38830601875 0.591684159375 0.415048709375 0.588530096875 0.43038061250000004 0.5640028078125 0.42995248750000004 0.5061237296875001 0.4385590546875 0.5064253921875 0.5039588953125 0.5129680546875 0.5425404953124999 0.5169607765625 0.5618438859375 0.5241746843749999 0.56196980625 0.528771528125 0.5466630859375
511 0.34353271093750004 0 0.344330809375 0.4472751671875 0.43499111875 0.46232123906249994 0.49578932187499997 0.45184225468749994 0.5007902140625 0 0.34353271093750004 0
125 0.3959357234375 0.384704728125 0.396472721875 0.3539401859375 0.3271520765625 0.356576928125 0.32943351875000004 0.3912374078125 0.328829396875 0.4258475203125 0.330473153125 0.4970408984375 0.33584193125 0.4375101453125 0.390701196875 0.436544346875 0.39838457968749996 0.4924561859375 0.3970428828125 0.4039577546875 0.3959357234375 0.384704728125
131 0.229008565625 0.5221970046875 0.239477221875 0.50122266875 0.2356523125 0.47230535468749996 0.2804792296875 0.467317703125 0.281250765625 0.5057985671874999 0.2882297390625 0.519383975 0.29883264375 0.4907185 0.29822892031250003 0.4426237171875 0.2888678203125 0.4001461796875 0.24259811875 0.40510865 0.23182779999999997 0.36068314687499997 0.209649078125 0.39106993437500004 0.21770164687500002 0.42583114999999994 0.2189762171875 0.51817515 0.229008565625 0.5221970046875
1378 0.505116859375 0.49624257656250004 0.5076000734375 0.436661453125 0.5655798390625 0.42228653749999995 0.565814775 0.4088270484375 0.5689352750000001 0.3954179265625 0.48555599843749997 0.3766522078125 0.4534791796875 0.3953260046875 0.4619680578125 0.4050910265625 0.4562972203125 0.4819268359375 0.505116859375 0.49624257656250004
1373 0.48971653281250005 0.3863416796875 0.50857338125 0.38090071875 0.521491290625 0.384972940625 0.534207828125 0.4005818671875 0.5516554578124999 0.3931929375 0.5562523015624999 0.377886215625 0.5658151734375 0.32612215 0.5606146062499999 0.2933340859375 0.5609502281250001 0.274106246875 0.5436032859375 0.275726825 0.5265248437500001 0.26196512968749996 0.5105871203125 0.2655336765625 0.48025514375 0.2669275984375 0.4672029828125 0.2705465125 0.46676667343749995 0.29554270625 0.456465828125 0.306903121875 0.45606307968750004 0.32997653125 0.471832990625 0.33602190468750004 0.46851111718749994 0.360967728125 0.4886093734375 0.36708865468749996 0.48971653281250005 0.3863416796875
1382 0.67191016875 0.2837365390625 0.664964759375 0.2682283484375 0.65630806875 0.2680772453125 0.6345656578125001 0.2734678390625 0.6187621828125 0.26934524843749996 0.601448803125 0.26904304218749997 0.5854775171875 0.274534371875 0.5711503890625 0.26851418125 0.5679627640625 0.2857688703125 0.5656809234375 0.3338132875 0.5622248015625 0.36645024843749996 0.569069525 0.38772679062500004 0.5759142484375 0.409003334375 0.5831617171875 0.4072064703125 0.58923490625 0.39000215 0.6022870640625 0.3863832359375 0.667145115625 0.391362078125 0.6944908421875 0.3956861375 0.704523190625 0.39970799375 0.7019396875 0.38235256875 0.719555128125 0.36534971875 0.7227763140625 0.34617224687500003 0.7158309046875 0.33066405468750004 0.715965153125 0.32297291875 0.707610525 0.305516759375 0.68610305 0.29744786562500003 0.67191016875 0.2837365390625
1382 0.7499881890625 0.275482546875 0.73686890625 0.2829470265625 0.725326653125 0.28274555625 0.6993230203125 0.2842150328125 0.7089861828124999 0.30938751249999996 0.72173628125 0.32307365312499997 0.7181459078125 0.3634017515625 0.72502419375 0.382755509375 0.7421697625 0.3926716375 0.7345195437500001 0.41754191093750004 0.740089296875 0.42917934999999996 0.7573691140625 0.4314043390625 0.77464893125 0.43362932968749995 0.8005518781250001 0.43792820781249997 0.8351115124999999 0.4423781875 0.86108158125 0.44283149687499995 0.885474621875 0.45095075781249994 0.905640003125 0.45322611718749994 0.9166792203125 0.39956445 0.9172162171875 0.36879990625 0.9178539015625 0.33226700937500003 0.9140289906250001 0.30334969843750004 0.9055736734375 0.29166189062500003 0.8900051359375001 0.2740798109375 0.8683298484374999 0.2756248375 0.837997871875 0.2770187625 0.8161883359375001 0.2862549234375 0.774448353125 0.279756240625 0.7499881890625 0.275482546875
1382 1 0.29569144375 0.9993209203125 0.29522162343749997 0.9890871999999999 0.3027364734375 0.9730823515625 0.3101505875 0.9387912140625 0.290318334375 0.9311409968750001 0.3151886078125 0.91651180625 0.3264734734375 0.915907684375 0.3610835859375 0.9199339671875 0.3784641953125 0.9210075640625 0.3996400015625 0.9189270984375 0.4361477140625 0.9285566984375 0.463242978125 0.9350322343749999 0.505670146875 0.9596602093750001 0.50032991875 0.9627471468750001 0.4888435828125 0.9772085265625 0.4871726359375 0.9873751234375 0.48350335624999996 0.9994208109375 0.4548630671875 1 0.4387718625 1 0.29569144375
1379 0.9194636968750001 0.48808806718750003 0.9230876312499999 0.4458371875 0.8723553374999999 0.45841523906250004 0.7256614796874999 0.4289275109375 0.7280436078125 0.4578196390625 0.8016925984375 0.455258446875 0.8141070734375001 0.48817243125000004 0.8137043265624999 0.5112458390625 0.8871183796875 0.5221441359375001 0.8868498812500001 0.5375264078125 0.91134360625 0.5398773171875 0.913625446875 0.4918329 0.9194636968750001 0.48808806718750003
685 1 0.1672831296875 0.961071021875 0.1714583 0.958654534375 0.3098987484375 1 0.31430064999999996 1 0.1672831296875
1382 0.3243336375 0.35268099375 0.32611204374999997 0.3334783359375 0.3190323828125 0.32566127968749997 0.3278904484375 0.31427567968750003 0.3396005125 0.30486323125000003 0.3254411953125 0.28922912031250003 0.3314472578125 0.275870365625 0.321549159375 0.264157375 0.3174221875 0.2525451203125 0.327655909375 0.245030271875 0.320643375 0.23336764687499997 0.3295685640625 0.2181364796875 0.310745278125 0.22165465625 0.30500771250000003 0.21963113750000002 0.30520908750000003 0.2080944328125 0.3053433359375 0.20040329531249998 0.2847752078125 0.22120134687499998 0.278098296875 0.1903108828125 0.27893695625000003 0.2249461796875 0.26031504375000003 0.2169276546875 0.24736357031249998 0.2147782140625 0.2630999203125 0.2227463734375 0.25434254375 0.22836362187499998 0.2701795796875 0.23056342812500003 0.2438403234375 0.25126074374999996 0.2613886390625 0.23810346093749998 0.26997820625 0.242100134375 0.255416140625 0.24953942968749998 0.24343757500000002 0.2743341515625 0.253805546875 0.2591281671875 0.2712867375 0.2498164515625 0.26528067499999997 0.26317520625 0.2564561734375 0.272638021875 0.25169151875 0.2975586625 0.2664213953125 0.2805054453125 0.2603146453125 0.29963255 0.269239834375 0.2844013828125 0.2512216453125 0.3244776390625 0.2643409296875 0.31701315937499996 0.266655934375 0.3497508546875 0.276923215625 0.3403132203125 0.27511125000000003 0.3614386625 0.26762884374999996 0.376695015625 0.2818552859375 0.3884835578125 0.299034415625 0.3964769 0.315072825 0.3871400015625 0.323897328125 0.3776771859375 0.302322728125 0.373453859375 0.30426894375 0.3446372828125 0.3243336375 0.35268099375
1340 0.1930417 0.102274571875 0.1759296953125 0.0904356609375 0.1743183046875 0.2654341921875 0.188746121875 0.26568603125 0.1930417 0.102274571875
1050 0.1628100125 0.1806050390625 0.1701246078125 0.1749626078125 0.158716603125 0.16707 0.1399268796875 0.16866539375 0.14375179062500001 0.1975827046875 0.1595552640625 0.201705296875 0.1628100125 0.1806050390625
1939 0.24909751562500002 0 0.25941005625 0.02072813125 0.261790590625 0.380439846875 0.99791050625 0.5413883484374999 1 0.42168132968750005 1 0.008651368750000001 0.5043634203125 0 0.24909751562500002 0
1939 0.0129645828125 0 0 0.6815536859375 0 0.9023313375 0.2671925328125 0.4016912078125 0.25941005625 0.02072813125 0.2509474453125 0 0.0129645828125 0
819 0.9899054109375 1 0.99791050625 0.5413883484374999 0.26752815625 0.3824633671875 0 0.9075149453125 0 0.98367135625 0.765704640625 1 0.9899054109375 1