214 0 0.5305813125000001 0.051808189062499996 0.9525251453125 0.6071903703125 0.892203959375 0.628956296875 0.909209365625 0.6846643218749999 0.9141760359375001 0.720986678125 0.9215229671875 0.79805329375 0.9081247906250001 0.7894156390625 0.8698295093749999 0.7754726953125 0.8203788796874999 0.785813371875 0.744333084375 0.773843353125 0.67889786875 0.749289828125 0.6071365421875 0.7687442124999999 0.5732631625 0.7726900624999999 0.541293990625 0.7518762390625 0.5320428500000001 0.6343402296875 0.44021365625 0.609104503125 0.4590545546875 0.5974043874999999 0.4919758296875 0.25526454374999996 0.52611415 0.200032571875 0.5250246125 0.1492225015625 0.4958430375 0.0974603265625 0.4589071953125 0.07032039375 0.4622395609375 0.01372898125 0.4180255046875 0 0.4306224171875 0 0.5305813125000001
2001 0.481301496875 0.1874490671875 0.33689545625 0.197308728125 0.369743053125 0.464830934375 0.5180262265625 0.4544952203125 0.481301496875 0.1874490671875
1956 0.3836859984375 0.5142815640625 0.3557363546875 0.2225444546875 0.20745318125 0.2328801671875 0.148820128125 0.23614381562500003 0.12698548437499999 0.2506315296875 0.1526235828125 0.49148985312500004 0.2121400234375 0.527473590625 0.23200174218749997 0.5289704625 0.3836859984375 0.5142815640625
1354 0.13072022187500001 0.537470684375 0.0293699859375 0.5774640265625 0.0829676515625 0.6614015203125 0.1945211328125 0.6083486234375 0.13072022187500001 0.537470684375
1354 0 0.530581315625 0.019912696875 0.6927572078125 0.0509984796875 0.657455671875 0.0515432484375 0.6298396859375 0.026921007812499998 0.589571478125 0.07106634843750001 0.5644731859375 0.042635690625 0.4931879125 0 0.5122622140625 0 0.530581315625
1354 0.25084264218749996 0.5542061890625 0.2441091953125 0.531419440625 0.21989429062500002 0.5265214859375 0.204861809375 0.532302828125 0.1835032171875 0.5506676749999999 0.1698988921875 0.568080415625 0.17663233750000001 0.5908671640625001 0.205200428125 0.5991662 0.23091220625000003 0.5842024343750001 0.25084264218749996 0.5542061890625
316 0.2724810625 0.18553989531249998 0.22983259375 0.19077646875 0.19786342343750002 0.18683061875 0.17167559375000002 0.1979172515625 0.1807893 0.240089665625 0.27336445 0.22478728124999997 0.2724810625 0.18553989531249998
1373 0.301932540625 0.2330863171875 0.3324735546875 0.22540076718750002 0.3054023375 0.1972400125 0.297240734375 0.16282186406250002 0.2735018828125 0.16180104374999998 0.2516672390625 0.17628875625 0.2511224703125 0.2039047421875 0.2573798640625 0.22281435625 0.301932540625 0.2330863171875
2001 0.7456238078124999 0.2888042671875 0.7907212515625 0.271460240625 0.8082714265625001 0.222078328125 0.808408859375 0.1590920890625 0.7828345156250001 0.11106961562499999 0.748961134375 0.09161523125 0.7101898015625 0.09637575312499999 0.68835515625 0.110863465625 0.666451796875 0.1568442984375 0.6779457640625 0.21840238125 0.70107113125 0.27853230625 0.7456238078124999 0.2888042671875
1050 0 0.177024115625 0.008835990625 0.217911440625 0.001489059375 0.25423379687500003 0.011147534375 0.2687902265625 0.034955103125 0.238317928125 0.040329109375 0.21798015624999997 0.0544094875 0.2044445484375 0.039445721875 0.17873277031249998 0 0.1757599546875 0 0.177024115625
407 0.4694186875 0 0.0331294609375 0.05356958125 0.137939646875 0.115476628125 0.5212998015625 0.06447033437500001 0.5402781328125 0.026719821875 0.8053513609375 0.005979678125 0.8124716375000001 0 0.4694186875 0
676 0.8713922234375 0 0.9030894046875 0.28914784843749997 0.968117284375 0.2418075765625 0.9319468171875 0 0.8713922234375 0
389 1 0.63932256875 0.8770977984374999 0.6544130609375001 0.8553318703125001 0.6374076546875 0.8578495640625 0.5938070828125 0.819146946875 0.567074484375 0.7808516640625001 0.5757121390625 0.7551398875 0.5906759046875 0.7516700890625 0.626522209375 0.7627567203125001 0.6527100390625 0.7781965375000001 0.6822989500000001 0.7921394828125 0.7317495796875 0.7833643953125 0.7564405359374999 0.777038284375 0.769024040625 0.7899604078125 0.8422135234375 0.7990741156250001 0.8843859390625 0.806759665625 0.914926953125 0.7873739984375 0.9173072140625 0.732618078125 0.9200948109375 0.7054781453125 0.9234271749999999 0.685616425 0.921930303125 0.6638504984375 0.904924896875 0.65269515 0.9102301859375 0.6337855343750001 0.9164875796875 0.604265340625 0.9004342781249999 0.5916818359375 0.8941081671875001 0.05711347812499999 0.9636804937499999 0.061572953124999996 1 0.4600797390625 1 1 0.9380344171875 1 0.63932256875
1950 0.561150746875 0.45313577968749996 0.5456422125 0.4550399890625 0.5484985250000001 0.4783027890625 0.5644831109374999 0.4802757140625 0.561150746875 0.45313577968749996
410 0.44090082031250005 0.0507285765625 0.421515153125 0.05310883749999999 0.434574709375 0.06331208125 0.446206109375 0.06188392499999999 0.44090082031250005 0.0507285765625
410 0.2242574015625 0.0812646296875 0.19711746875 0.08459699375 0.20970097187499998 0.0909231046875 0.2329637734375 0.08806679218749999 0.2242574015625 0.0812646296875