214 1 0.495636565625 0.9978104703125 0.370198490625 0.9701300171874999 0.351147428125 0.9202427562500001 0.4028072 0.892903171875 0.40328441406250004 0.84678521875 0.44706470156250006 0.80053091875 0.483033678125 0.7459880953125 0.4917994171875 0.40242679687500005 0.5056099921875 0.3862587890625 0.4746374453125 0.35864650937500003 0.4594920390625 0.25503450625 0.566785409375 0.23571075156250001 0.5788432421875 0.24406745000000002 0.6099521343750001 0.2680467671875 0.640788334375 0.25371944375 0.715268475 0.25097273750000004 0.781732784375 0.27179630781249997 0.8555993624999999 0.26487125312500004 0.9065092265624999 0.2616473328125 0.9456339500000001 0.3398286078125 0.9481761359374999 0.3747749828125 0.935845609375 0.4292496328125 0.923174215625 0.448437040625 0.9033050734374999 1 0.8859591046874999 1 0.495636565625
2001 0.47581616093749995 0.45744683437500006 0.62409470625 0.4470449328125 0.6193907375000001 0.177554734375 0.47501784843749995 0.1878884625 0.47581616093749995 0.45744683437500006
1956 0.8110405296875 0.1898368546875 0.7525238765625 0.1947651125 0.60424533125 0.2051670140625 0.6171696515625 0.49795479687500005 0.769422025 0.4913903765625 0.788882128125 0.48714385312499997 0.8428113906249999 0.44322721875 0.8346789796874999 0.20114477968750002 0.8110405296875 0.1898368546875
1354 0.8175851828124999 0.5647797406249999 0.9354365687499999 0.6017910875 0.9768307843749999 0.5112111125000001 0.870900884375 0.4857122109375 0.8175851828124999 0.5647797406249999
1354 1 0.49563658593750004 0.9990847890625 0.4432041953125 0.9519652109375001 0.429601396875 0.9337322312499999 0.5041497109375 0.980940959375 0.5228599046875 0.9621625921874999 0.566162978125 0.9665454625000001 0.5934343890625 1 0.6221423828125 1 0.49563658593750004
1354 0.8204682359375 0.506126740625 0.7967616109375 0.49091316249999994 0.7810708171875 0.4872802 0.757773234375 0.49550055156250006 0.7542766203125 0.5190026546875 0.7781877640625 0.5459332 0.8057318703125 0.5571729515625 0.832866934375 0.544978771875 0.83636355 0.5214766671875 0.8204682359375 0.506126740625
316 0.7245025578125001 0.156185775 0.6815403515625 0.156935684375 0.686127740625 0.1959240609375 0.7799316359375 0.198193553125 0.7830873828125 0.1551631734375 0.7556114515625 0.14782907812499999 0.7245025578125001 0.156185775
1373 0.6538598984374999 0.137884621875 0.6505678046875001 0.1731036921875 0.6276792625 0.20475797343750002 0.6589926765625 0.208118240625 0.7016821875 0.1917457125 0.7052469765625 0.1721492625 0.70086410625 0.1448778515625 0.67722565625 0.1335699265625 0.6538598984374999 0.137884621875
2001 0.2356821140625 0.1295565625 0.19662556250000002 0.130238296875 0.1657893640625 0.154217615625 0.14714734375 0.2053319984375 0.156049428125 0.26768613281250003 0.180301440625 0.314144953125 0.22737382187500002 0.32504383593749997 0.2700633328125 0.30867130781249996 0.284595178125 0.24590813281249999 0.2874100578125 0.183349478125 0.2593205640625 0.1408644875 0.2356821140625 0.1295565625
1050 0.9001206875 0.145306659375 0.915947828125 0.15675093125 0.92410000625 0.17614285937500002 0.9519168062500001 0.20300523125 0.959455421875 0.1872462640625 0.9471248953125 0.1522998875 0.9502806421875001 0.10926950937499999 0.9113604390625 0.11776255312499999 0.9001206875 0.145306659375
407 0.49563657031249997 0 0.055943475 0.007674871875 0.12886595781250001 0.053284145312499996 0.39424598125 0.036931384375 0.4182934734375 0.0716732390625 0.805021496875 0.068829721875 0.891340003125 0 0.49563657031249997 0
676 0.0031350875 0.012503490624999999 0.0005049609375 0.309469621875 0.0714884859375 0.34729905 0.062333475000000006 0.046631784375 0.0031350875 0.012503490624999999
389 1 0.8975618234375 0.46405966093749995 0.9030323796875 0.4524790421875 0.9110482093750001 0.425480325 0.9310537 0.40588387656249997 0.9274889109375 0.3940987375 0.9237877765625001 0.3749113296875 0.94365691875 0.355451228125 0.9479034421874999 0.3281116421875 0.94838065625 0.2735006453125 0.9532407390625 0.25397236875 0.95358160625 0.2573326359375 0.9222681921874999 0.260488384375 0.8792378140625001 0.2630987421875 0.80496219375 0.2550829125 0.7933815765625 0.24295690625000002 0.770152165625 0.24988196093749998 0.7192423031249999 0.2610535390625 0.6877925421875 0.268387634375 0.6603166093749999 0.2599627640625 0.6253020609375 0.23241865781249998 0.6140623109375001 0.193293934375 0.610838390625 0.15868842656249998 0.6426971921875 0.16724964375 0.68552305 0.1480622359375 0.7053921937500001 0.015269964062499999 0.707710090625 0.016525695312499998 1 0.19822435 1 1 0.9796640015625 1 0.8975618234375
1950 0.43339934375 0.48944198437499997 0.44895379062499996 0.48526363437500003 0.44854475000000005 0.4618297046875 0.4329221296875 0.4621023984375 0.43339934375 0.48944198437499997
410 0.49229639843750006 0.058660978125 0.5040133640625 0.058456457812499994 0.5155258093749999 0.046534971875 0.49599753281250003 0.0468758390625 0.49229639843750006 0.058660978125
410 0.7071074265624999 0.05491143750000001 0.7305413578125 0.054502396875000005 0.742121975 0.0464865671875 0.714782390625 0.046963781249999996 0.7071074265624999 0.05491143750000001