407 0.8493723843750001 0 0.8870292890625 0.0774193546875 1 0.0742522 1 0 0.8493723843750001 0
1567 0.0020988203125 0 0.0041841000000000005 0.9935483875 0.6108786609375 0.9935483875 0.8974895390625001 0.558064515625 0.8974895390625001 0.5322580640625 0.9916317984375 0.5322580640625 0.9916317984375 0.5645161296875 0.9979079499999999 0.5645161296875 0.9979079499999999 0.2935483875 0.8891213390624999 0.29032258125 0.41530645 0 0.0020988203125 0
1939 0.4215946078125 0 0.8912133890625 0.2870967734375 0.8849372390625 0.0741935484375 0.848849371875 0 0.4215946078125 0
1939 1 0.07108504375 0.8870292890625 0.0774193546875 0.8974895390625001 0.551612903125 0.9979079499999999 0.558064515625 1 0.3290322578125 1 0.07108504375
819 1 0.7758064515624999 0.9979079499999999 0.558064515625 0.8974895390625001 0.551612903125 0.6108786609375 0.9935483875 1 0.9935483875 1 0.7758064515624999
1413 0.9811715484375 0.1290322578125 0.9225941421874999 0.1322580640625 0.9225941421874999 0.254838709375 0.9832635984375001 0.254838709375 0.9811715484375 0.1290322578125
1603 0.8200836812500001 0.0709677421875 0.8200836812500001 0.045161290625 0.81171548125 0.0225806453125 0.7991631796875 0.0161290328125 0.7803347281249999 0.0129032265625 0.7677824265625001 0.0193548390625 0.757322175 0.0225806453125 0.7468619249999999 0.041935484375 0.742677825 0.051612903125 0.7405857734375 0.0774193546875 0.744769875 0.1 0.7531380750000001 0.10967741875 0.7635983265624999 0.1193548390625 0.774058578125 0.1193548390625 0.788702928125 0.1193548390625 0.7991631796875 0.1161290328125 0.8138075312499999 0.1 0.8200836812500001 0.0709677421875
1934 0.5753138078125 0.37419354843749997 0.533472803125 0.37419354843749997 0.533472803125 0.39677419375 0.4769874484375 0.40322580625000004 0.472803346875 0.38387096718749997 0.4476987453125 0.38387096718749997 0.44142259375000004 0.39032258125 0.4518828453125 0.5258064515624999 0.45815899531250004 0.5258064515624999 0.587866109375 0.4838709671875 0.5753138078125 0.37419354843749997
1934 0.161087865625 0.4161290328125 0.13389121406249999 0.4193548390625 0.1443514640625 0.6129032265625 0.163179915625 0.6161290328125 0.19874477031249999 0.59677419375 0.20502092031250002 0.6064516125 0.40376569062499995 0.5419354843749999 0.3870292890625 0.40322580625000004 0.161087865625 0.4161290328125
1934 0.1297071125 0.6741935484375 0.1443514640625 0.8612903218750001 0.154811715625 0.8645161296874999 0.4163179921875 0.7129032265624999 0.3953974890625 0.5838709671875 0.3849372390625 0.5806451609375001 0.1297071125 0.6741935484375
1934 0.43723849374999996 0.7258064515625 0.45397489531249996 0.848387096875 0.5836820078125 0.7322580640624999 0.56694560625 0.641935484375 0.43723849374999996 0.7258064515625
1934 0.535564853125 0.50967741875 0.535564853125 0.5322580640625 0.43305439375 0.5645161296875 0.4518828453125 0.6870967734375 0.5857740578125 0.60967741875 0.5774058578125 0.50322580625 0.535564853125 0.50967741875
1934 0.1297071125 0.1709677421875 0.148535565625 0.358064515625 0.4184100421875 0.361290321875 0.401673640625 0.2322580640625 0.1297071125 0.1709677421875
1934 0.4476987453125 0.361290321875 0.56903765625 0.361290321875 0.5543933046875 0.261290321875 0.43723849374999996 0.238709678125 0.4476987453125 0.361290321875
1934 0.44142259375000004 0.0806451609375 0.45606694531249997 0.19677419375 0.5815899578125 0.2322580640625 0.5732217578125 0.13870967812499999 0.44142259375000004 0.0806451609375
1934 0.594142259375 0.154838709375 0.594142259375 0.2354838703125 0.6652719671875 0.254838709375 0.656903765625 0.1806451609375 0.594142259375 0.154838709375
1934 0.589958159375 0.27096774218749997 0.596234309375 0.358064515625 0.6694560671875001 0.3645161296875 0.658995815625 0.2870967734375 0.589958159375 0.27096774218749997
1934 0.592050209375 0.5064516125 0.6025104609375 0.60322580625 0.6736401671875 0.5612903218749999 0.661087865625 0.4870967734375 0.592050209375 0.5064516125
1934 0.6736401671875 0.5709677421875 0.68410041875 0.645161290625 0.7280334734375 0.60322580625 0.7196652718750001 0.5419354843749999 0.6736401671875 0.5709677421875