1939 0.11624415625 0 0 0.4787879359375 0 0.8194782640625 0.980266471875 0.5908866984375 0.9890078750000001 0.5930661749999999 1 0.5523555796874999 1 0.18518324531250002 0.9575049609375 0.09876198281250001 0.5613922796875 0 0.11624415625 0
819 0.8887918921875 1 0.9282962171875001 0.84898044375 0.9915991140625 0.5950863953125001 0.9778365140625 0.588219615625 0 0.8175353921875 0 0.886520359375 0.45514198125 1 0.8887918921875 1
1567 0.1330803890625 0 0 0.4999597171875 0 0.8808834843750001 0.2629654875 0.9479625640625 0.7633440031250001 0.716128625 0.782772921875 0.725095253125 0.8259638796875001 0.7008231046875 0.823523184375 0.6857859796875 0.9822233234375 0.6078644140625 1 0.5365660609375 1 0.41557270312499994 0.9801053984375001 0.405336084375 0.9927068140624999 0.37962078906249996 0.9810516109374999 0.37671482031250003 0.9805892421875001 0.40339549375 0.8785739921875001 0.3408581453125 0.884853225 0.303260415625 0.8615428171874999 0.297448478125 0.8674026343750001 0.336011584375 0.260500534375 0 0.1330803890625 0
1413 0.8637902234375 0.089824865625 0.8492104812499999 0.0738223640625 0.7938482625 0.0600190125 0.7512700078125001 0.2307910609375 0.81734121875 0.2761216453125 0.8637902234375 0.089824865625
1413 0.8882508687499999 0.302046315625 0.9339254734375 0.3422914546875 0.9610099875 0.22124829375 0.9114431578125 0.171787803125 0.8882508687499999 0.302046315625
1934 0.10009455 0.1364552828125 0.071063921875 0.25289077031249996 0.8373828421875 0.4315881734375 0.825695421875 0.39157208125 0.10009455 0.1364552828125
1934 0.061870890624999994 0.2897620078125 0.03332410625 0.40425690468750003 0.8374257953124999 0.4810683375 0.8208784609374999 0.435718078125 0.061870890624999994 0.2897620078125
1934 0 0.5519231812500001 0.8199859421875001 0.526189546875 0.8078146796875 0.488114046875 0.02655029375 0.431425184375 0 0.5197592609374999 0 0.5519231812500001
1934 0 0.6997513640624999 0.808857534375 0.5708231500000001 0.796686271875 0.53274765 0 0.5764355421875 0 0.6997513640624999
1934 0 0.8123895843750001 0.8001590859375 0.6181238375 0.787503978125 0.5819889296875 0 0.7101019640625 0 0.8123895843750001
1934 0.9091957484375 0.379411415625 0.9053357375 0.40730618749999997 0.9709016296874999 0.4298372828125 0.9655363937500001 0.401703625 0.9091957484375 0.379411415625
1934 0.8850142968749999 0.48881102812500005 0.8801865984375 0.5205869843750001 0.9481609703125 0.52104508125 0.9418280484375 0.49679260625 0.8850142968749999 0.48881102812500005
1414 0.7244008828124999 0.040642609375 0.5753131890625001 0.0055321 0.5588947140625 0.10862233125000001 0.6900587109375 0.19079464375 0.7244008828124999 0.040642609375
1934 0.2630157421875 0 0.85962891875 0.329950925 0.8411462109375 0.2923630328125 0.45007343750000006 0.036143140625 0.3925560859375 0 0.2630157421875 0