407 1 0.080450184375 0.9372736953125 0.06938984375 1 0.178452021875 1 0.080450184375
1939 0.08705791562500001 0 0 0.5121781890625 0 0.8608207968749999 0.985436503125 0.5571636078125 0.9943086453125 0.55872800625 1 0.5297454953125 1 0.190921690625 0.9284015531250001 0.067825446875 0.54374433125 0 0.08705791562500001 0
819 0.917389290625 1 0.9515965546875 0.8182539109375 0.9970344953125 0.5605625484375001 0.98282641875 0.5546725265625 0 0.858872934375 0 0.9154881093749999 0.47929075 1 0.917389290625 1
1567 0.10426198906249999 0 0 0.5411450578125 0 0.909779015625 0.2947911796875 0.9634060421875 0.7777788812499999 0.697232196875 0.797785953125 0.7048216890625 0.8391785593750001 0.67759581875 0.8356948734375 0.6627655781249999 0.98857289375 0.5739634640625 1 0.5091571234375001 1 0.3839504046875 0.9723324640625 0.372076221875 0.9831093750000001 0.3455445375 0.971279853125 0.3434586734375 0.9726797609375 0.37010660624999997 0.86655063125 0.31483781875 0.8701918828125 0.276893659375 0.8465328359375001 0.27272193125 0.85506840625 0.310782340625 0.1877156125 0 0.10426198906249999 0
1413 0.762440940625 0.040592965625 0.7318788609375 0.2139191296875 0.800951228125 0.254530396875 0.834291678125 0.065447309375 0.8186311734375 0.05050082031250001 0.762440940625 0.040592965625
1413 0.9404422546875001 0.1897688875 0.8875459765624999 0.1438864875 0.8734965578124999 0.275445509375 0.9218672609375 0.3124065140625 0.9404422546875001 0.1897688875
1934 0.8317888265625 0.4082201828125 0.8173384953125 0.3691168421875 0.0757091015625 0.1652368546875 0.054871320312500006 0.28341378437500003 0.8317888265625 0.4082201828125
1934 0.8352832375 0.4575768203125 0.8156127375000001 0.41349131562499997 0.0482726890625 0.3208364796875 0.0277822046875 0.43704379375 0.8352832375 0.4575768203125
1934 0 0.5871663484375 0.8210333625 0.503804659375 0.8062357359375 0.466670934375 0.02292005625 0.46461841093749995 0 0.5660829421875 0 0.5871663484375
1934 0 0.7376568546875 0.813045546875 0.5491058171875001 0.7982479203125 0.511972090625 0 0.6119479140624999 0 0.7376568546875
1934 0 0.8538263328125 0.8076678156250001 0.5968980546875 0.7925228921875 0.56173394375 0 0.7482033171875 0 0.8538263328125
1934 0.9648602328125 0.3971597578125 0.9575455625 0.3694688921875 0.8997871343750001 0.351161109375 0.897882365625 0.37925719375 0.9648602328125 0.3971597578125
1934 0.9485373046875001 0.48973168593749994 0.9405280406250001 0.4659800515625 0.88329591875 0.46198104375 0.8806965578125 0.49401635781250003 0.9485373046875001 0.48973168593749994
1414 0.5314501234375 0.1054674203125 0.6680266625 0.17829002656249998 0.6918111015624999 0.026108165625000002 0.5406373921875 0.001483015625 0.5314501234375 0.1054674203125
1934 0.19055486093750001 0 0.8468908562499999 0.30527871093750003 0.8258311734375001 0.26907166875 0.4178380375 0.0407557734375 0.3416523984375 0 0.19055486093750001 0