1567 0.091797846875 0 0.0028545921875000003 0.9503847734375 0.551634025 1 0.9220952203125 1 1 0.12965002187500002 1 0.0418344125 0.5218304687499999 0 0.091797846875 0
1934 0.9760594375 0.0611547078125 0.5769836609375 0.010178984375 0.5602160390625001 0.1559389171875 0.9679586203125 0.1996423296875 0.9760594375 0.0611547078125
1934 0.11049723125 0 0.10150164843750001 0.12116031406250001 0.5363073671875 0.1538471796875 0.54885779375 0.010395143749999999 0.43783037656249996 0 0.11049723125 0
1934 0.45568212968750005 0.15750079687500002 0.454055221875 0.17609643125000002 0.0974175203125 0.144894675 0.08861945624999999 0.29135185468749997 0.521200371875 0.3265209265625 0.53361773125 0.16164242499999998 0.45568212968750005 0.15750079687500002
1934 0.5610463515624999 0.169395825 0.549558653125 0.32364825 0.961518428125 0.36504376562499996 0.9747661000000001 0.2136221703125 0.5610463515624999 0.169395825
1934 0.5649335890625 0.3544387640625 0.5548403828125 0.49275207343750005 0.9373791468749999 0.5262198796875001 0.9494647437499999 0.3880808796875 0.5649335890625 0.3544387640625
1934 0.52179826875 0.342634353125 0.41198443593749995 0.33570374062499997 0.4004967375 0.4899561671875 0.5070230375 0.4885685984375 0.52179826875 0.342634353125
1934 0.3948832453125 0.3475918453125 0.0798533046875 0.32270715 0.0735124609375 0.4640256015625 0.38233281875 0.49104388125 0.3948832453125 0.3475918453125
1934 0.9310702140625 0.5524364484375 0.9083236187500001 0.5370621140625 0.5312971921874999 0.5094302828124999 0.517817103125 0.6635083953125 0.9176894750000001 0.6824315765625 0.9310702140625 0.5524364484375
1934 0.889929090625 0.7014176812499999 0.799574321875 0.701543221875 0.7938632875 0.7438732171875 0.7617526421874999 0.743740753125 0.764309209375 0.7145190421875001 0.74378741875 0.6966625015625 0.7054671890625 0.6986636203125001 0.69079130625 0.8205148812499999 0.7066310734375 0.8459923578125 0.7569056390625 0.8450371046875 0.7539835874999999 0.8554888703125 0.813987684375 0.8580616953125 0.8146849312500001 0.8500921375000001 0.8970701421875 0.8492693515624999 0.9104508812500001 0.7192742234375 0.889929090625 0.7014176812499999
1934 0.6980955296875 0.7140798015625001 0.6797985421875 0.6937410515625 0.587451384375 0.6936922812499999 0.585923825 0.68820493125 0.5181825859375 0.682278340625 0.5000204734375 0.8439773890625 0.6827224000000001 0.84390061875 0.6980955296875 0.7140798015625001
731 0.48922640624999997 0.669037590625 0.5009465203125 0.5121286484375001 0.42523572343750005 0.5055048109375 0.4115232203125 0.66223944375 0.48922640624999997 0.669037590625
731 0.4040184921875 0.656229159375 0.415174428125 0.5287162375000001 0.3454407984375 0.5226153359375 0.331595228125 0.6579235031249999 0.4040184921875 0.656229159375
1934 0.32339325625000004 0.659882778125 0.32830769531250004 0.6496053234375 0.3428505125 0.5063275984375 0.3034675546875 0.49752833125 0.29785586875000003 0.5157753406250001 0.28553785781249996 0.656570859375 0.32339325625000004 0.659882778125
731 0.0734131125 0.4881085859375 0.0623902453125 0.6370479734375001 0.1341162625 0.6433231859374999 0.1433791578125 0.49155296875000004 0.0734131125 0.4881085859375
1934 0.48959188906250006 0.6878075375 0.066275675 0.6614795796874999 0.0550203921875 0.8130754859374999 0.480561409375 0.836921234375 0.48959188906250006 0.6878075375
1934 0.2887278484375 0.8495833562499999 0.3001854421875 0.971044146875 0.465321346875 0.9881685171875001 0.4740200625 0.8657943250000001 0.4754145546875 0.849855209375 0.2887278484375 0.8495833562499999
1934 0.0486795484375 0.9543939375000001 0.2558880453125 0.9725223312500001 0.261664709375 0.8605999015625001 0.26797364218749997 0.8343833328124999 0.0744794546875 0.8201316390625 0.0626581859375 0.840512234375 0.0486795484375 0.9543939375000001
1934 0.8840648953124999 1 0.8989631828125001 0.873526646875 0.8884033390624999 0.8565416625 0.7116785796875 0.8571413671875 0.70228261875 0.9874851203125001 0.7152996828125 0.9993313781250001 0.7321397625 1 0.8840648953124999 1
1934 0.6991300109374999 1 0.7082916984375001 0.8729061703125 0.69550705 0.8584033953124999 0.5013156171875 0.8521212578125 0.49098999374999996 0.9930910859375001 0.6323844125 1 0.6991300109374999 1
1939 1 0.1297047171875 0.9220954015625 1 0.9581655859374999 1 1 0.5218304687499999 1 0.1297047171875
1939 0.0458496921875 0 0 0.524064384375 0 0.955460459375 0.00039737187499999996 0.9555234984375 0.09170294062499999 0 0.0458496921875 0