1567 1 0.0951079828125 0.6867986375 0.028534978125 0.1629762828125 0.2140016609375 0.0558962375 0.1945389671875 0 0.45751008437499996 0 0.45967917812500003 0.005697878125 0.46089029843749996 0.0124047078125 0.42933715 0.1044897328125 0.4489104265625 0.09912426875 0.47415294374999994 0.2889298234375 0.9597102015625 0.47847842187499995 1 0.9008028484375 1 1 0.53808333125 1 0.0951079828125
1939 0.21470624218749998 0 0.212004703125 0.0034654890624999995 0.16160063125 0.2104113828125 0.6806478921875 0.027227596875 0.55255211875 0 0.21470624218749998 0
1939 0.0951079828125 0 0.0464723921875 0.22881246718749998 0.0009002421875 0.4532747828125 0.100465634375 0.467842315625 0.2092876859375 0.0061858421875 0.1865345015625 0 0.0951079828125 0
819 0 0.8982962703125 0.2889298234375 0.9597102015625 0.100465634375 0.467842315625 0.0009002421875 0.4532747828125 0 0.45731865000000005 0 0.8982962703125
1413 0.07826876875 0.15971992031249999 0.1376124515625 0.172333809375 0.1630984015625 0.0524318453125 0.10647173437499999 0.037097603125 0.07826876875 0.15971992031249999
1603 0.2790437390625 0 0.2761117375 0.013793987499999999 0.2762145921875 0.0434967046875 0.287185515625 0.0623180125 0.296746503125 0.06764813593749999 0.3110708390625 0.0706928671875 0.32130250781249997 0.07286767499999999 0.3335462265625 0.06557653906250001 0.3437436109375 0.057850440625 0.352531059375 0.0366331609375 0.3558501875 0.0109556796875 0.35376956875 0.0006198124999999999 0.35358727968750003 0 0.2790437390625 0
1934 0.5753029296875 0.39728270781249997 0.550746925 0.3920631671875 0.5426301578125 0.41012513281249996 0.48872050937499995 0.3920705375 0.49341529062499995 0.369983334375 0.45248861093750004 0.3612841 0.41740739062500004 0.465955034375 0.535561215625 0.5339417531249999 0.5417002171874999 0.5352466375 0.5801005671875 0.4048982234375 0.5753029296875 0.39728270781249997
1934 0.8053151734374999 0.68362016875 0.8244028609375 0.684379509375 0.8748755015624999 0.4972354265625 0.8489438453125 0.488425609375 0.630622515625 0.42882848593749995 0.58541248125 0.56102733125 0.76640054375 0.6654549890625 0.7745515937499999 0.6572939296875 0.8053151734374999 0.68362016875
1934 0.7727602796874999 0.92733875 0.825984225 0.7473752218749999 0.5957812921875 0.6028057640625 0.584878940625 0.6037862703125 0.5375882859375001 0.7256492484375 0.7618579265625 0.9283192578125 0.7727602796874999 0.92733875
1934 0.40500726875000004 0.6249150796875 0.369857478125 0.7097842 0.47258559531250005 0.8503431609375 0.514442215625 0.7339208890625 0.40500726875000004 0.6249150796875
1934 0.45850549531249996 0.5241588 0.463200275 0.5020715953125 0.4236149625 0.48706173125 0.39329709375 0.589447275 0.5081660734375 0.6930123796875 0.5520690265625 0.577025071875 0.45850549531249996 0.5241588
1934 0.651844371875 0.2585520671875 0.6086463859375 0.3812849671875 0.8732941390625 0.43423971093749997 0.930610753125 0.25514610625 0.651844371875 0.2585520671875
1934 0.6157153296875 0.25746835 0.49642585156249996 0.255197696875 0.46131034531250004 0.349967725 0.5799977109375 0.375195503125 0.6157153296875 0.25746835
1934 0.5034947953125 0.13138107968749999 0.4758596578125 0.22114536093749998 0.6060172015624999 0.21253460156249998 0.6444861234375 0.10198799843749999 0.5034947953125 0.13138107968749999
1934 0.41292256250000003 0.155001703125 0.3893115203125 0.22583409687499997 0.46291097031249995 0.22169090625 0.4796780421875 0.1428080359375 0.41292256250000003 0.155001703125
1934 0.38874369375 0.25869213125 0.362415634375 0.3322448796875 0.4353786875 0.3411579078125 0.4596261265625 0.25726929374999996 0.38874369375 0.25869213125
1934 0.345115021875 0.4538866890625 0.3174113125 0.5238491609375 0.3782677859375 0.5796569515625001 0.40861994218750003 0.4871723140625 0.345115021875 0.4538866890625
1934 0.2764160640625 0.495348115625 0.255487753125 0.55355925 0.2897418875 0.6037125390625 0.31539926406249996 0.53331510625 0.2764160640625 0.495348115625