1939 0.47816953125 0 0 0.0418344125 0 0.0871808328125 0.9679733296874999 0.1415227921875 0.9623753515625 0.048117837499999996 0.9581655874999999 0 0.47816953125 0
1567 1 0.48255135625 0.9676768812500001 0.138134375 0.5408738296875 0.11401644531249999 0.55272745 0.6319610734375 0.8234391437499999 0.9019112421875001 0.8188542765625 0.9671850781250001 1 0.9513368812499999 1 0.48255135625
1567 0 0.4629909234375 0.02035150625 0.6956097 0.5533203453125 0.6387379078125 0.5479842796875001 0.5777463953125 0.5360615859375 0.117851815625 0 0.0875598703125 0 0.4629909234375
819 0.40127835 1 0.8188542765625 0.9671850781250001 0.8234391437499999 0.9019112421875001 0.55557824375 0.635126015625 0.02035150625 0.6956097 0.04934318125 1 0.40127835 1
126 0.7158601906250001 0.9079088296875 0.697866084375 0.87875393125 0.6747632890624999 0.8500459843750001 0.6480340421874999 0.838727078125 0.625044934375 0.8407383640624999 0.615124 0.8450206874999999 0.60048435625 0.6482690046874999 0.5963340828125 0.6008311625 0.5808943234374999 0.5714527875 0.55731231875 0.5666872390625 0.4258549109375 0.564530859375 0.40601304374999997 0.573095503125 0.4026830421875 0.5938729609375 0.40229306249999996 0.7953539171874999 0.40792557656249995 0.859733846875 0.3874908140625 0.8615216562500001 0.36254025625 0.8705332546875001 0.3655047375 0.9044174281249999 0.37957594375000003 0.9475729484375 0.4111174328125 0.9550564843749999 0.414674809375 0.9957174921874999 0.65026748125 0.9819345125 0.6354206171875 0.9593329703125001 0.616057959375 0.94395521875 0.616606240625 0.8619627734374999 0.640005484375 0.8940591359375001 0.6748079031249999 0.938815265625 0.6873968703125 0.9650286984375 0.6860283171875 0.97880584375 0.7010579406249999 0.9740765687499999 0.6998721484375 0.9605229 0.689837528125 0.9340859890625 0.7099758421875 0.9289097625 0.7158601906250001 0.9079088296875
627 0.185507471875 1 0.1887310828125 0.8550104078125 0.401038196875 0.8398502953125 0.3982809359375 0.6318159796875 0.0791705234375 0.6324196984375 0.0191657140625 0.6820560296875 0.04930594375 1 0.185507471875 1
1156 0 0.43196376562500005 0.024274406249999998 0.6816090781249999 0.07203130937499999 0.6979170078125 0.1518779859375 0.63971603125 0.13231241093749999 0.41608048750000004 0 0.4175207296875 0 0.43196376562500005
764 0.42973319375 0.46176095781250004 0.400815125 0.39600389687500004 0.42154633593749996 0.39760450468749997 0.43942675312499996 0.3960401703125 0.46544941562500003 0.36986301093749996 0.46230217500000004 0.3633096515625 0.417806196875 0.38427431093750003 0.37919456875 0.38423803749999996 0.36808784375000003 0.374966690625 0.3927419515625 0.3625666765625 0.41817171875000003 0.32961268125 0.4115807875 0.313117546875 0.3977369546875 0.331400490625 0.3774158796875 0.363907534375 0.3598319109375 0.3688602859375 0.358166909375 0.3792490140625 0.38293470625000003 0.3975682296875 0.41125988125 0.45654845625 0.3757710359375 0.60988486875 0.3533748234375 0.6186729890625 0.33715940624999996 0.6098485953125 0.3181622703125 0.5398092125 0.3303411 0.531914996875 0.3345604453125 0.521302790625 0.3390762421875 0.5140790046875 0.3276730671875 0.501419240625 0.301833165625 0.500265584375 0.2711810203125 0.5029473 0.26636877812500004 0.5067826703125 0.26785101875 0.5237247578125 0.29487671249999997 0.5384320812500001 0.303725540625 0.551315321875 0.3065072609375 0.6125303109375 0.3102474 0.625860503125 0.4008352796875 0.631592503125 0.40345869843750004 0.5733189796875 0.4207462203125 0.5649778125 0.45935784843749994 0.565014084375 0.45472836718750004 0.5415186390625 0.4400642640625 0.491586284375 0.42973319375 0.46176095781250004
1873 0.5376330546875 0.3123324625 0.5319314687500001 0.3060025796875 0.5277121218749999 0.316614784375 0.49842853125 0.305519353125 0.48339890625 0.310248628125 0.47829021562499996 0.31069558124999996 0.472588628125 0.3043657 0.4548218984375 0.336649265625 0.433838853125 0.42042952031249997 0.450098884375 0.5180231953125001 0.45906140000000006 0.56162566875 0.5260672765625001 0.56259211875 0.50754935 0.4686103390625 0.5042884203125 0.43133774843749995 0.5365609499999999 0.329498025 0.5376330546875 0.3123324625
364 0.12569271875000002 0.9288126140624999 0.1287262734375 0.9046467406250001 0.12380034375 0.877762878125 0.10395847656249999 0.886327521875 0.081265815625 0.8917272265625 0.0557223625 0.8939619890625 0.04924511875 0.9081860875000001 0.053805528125 0.9897315796875 0.07198239375 0.9915556625 0.09693295156250001 0.9825440656250001 0.109704678125 0.9814266843749999 0.11321744062500001 0.9333184125 0.12569271875000002 0.9288126140624999
1934 0.1743921890625 0.279239209375 0.1748023234375 0.313346859375 0.337208321875 0.3162099421875 0.3367981875 0.2821022921875 0.1743921890625 0.279239209375
1934 0.1714967796875 0.18730498906249998 0.1744612609375 0.22118916249999998 0.3317585703125 0.224499196875 0.331348434375 0.19039154687499998 0.1714967796875 0.18730498906249998
1934 0 0.257052475 0.0008794625000000001 0.2671047796875 0.1629890140625 0.2665794453125 0.1600245328125 0.232695271875 0 0.226546665625 0 0.257052475
1934 0 0.2197926109375 0.1594316359375 0.2259184359375 0.1584286046875 0.1850339515625 0 0.18197487343750002 0 0.2197926109375
1934 0.65132373125 0.34677240781249996 0.652030315625 0.3842684765625 0.7182605343749999 0.4057889078125 0.7198118484375 0.36468094687499997 0.65132373125 0.34677240781249996
1934 0.6507308359375 0.33999557343750003 0.7214768484375 0.35429221875 0.719880921875 0.3066309 0.6497278046875 0.2991110890625 0.6507308359375 0.33999557343750003
1934 0.652919659375 0.394433728125 0.65077545 0.428764853125 0.720449359375 0.4602270625 0.7220006734375 0.4191191015625 0.652919659375 0.394433728125
1934 0.653147034375 0.45587219218749997 0.6512992734374999 0.493591734375 0.7212696296875001 0.528442359375 0.7202665984375 0.487557875 0.653147034375 0.45587219218749997
1934 0.735454525 0.6023171125 0.8307855765625 0.662263790625 0.8337054421874999 0.607378684375 0.7386708390625001 0.5508204250000001 0.735454525 0.6023171125
1934 0.7354343703125 0.36672850625 0.737030296875 0.4143898265625 0.8379492468749999 0.449947153125 0.8380183203125 0.39189710624999996 0.7354343703125 0.36672850625
1934 0.730463825 0.2510753640625 0.729208959375 0.29557174218750004 0.838270153125 0.30651624375000003 0.8408935718749999 0.24824271874999998 0.730463825 0.2510753640625
1934 1 0.6645289812499999 0.88390300625 0.5927439078125001 0.8458842734375001 0.5994844671874999 0.840820196875 0.6887006999999999 1 0.8082314828125 1 0.6645289812499999
1934 1 0.8184858125 0.8861364437500001 0.735951340625 0.842416125 0.73636201875 0.8370556 0.822189834375 0.9820359312500001 0.9494941796875 1 0.9479225281250001 1 0.8184858125
1934 1 0.5075893203125 0.9991003796875001 0.49730661249999997 0.9013286734375001 0.46830264374999997 0.8499453171875 0.4693837515625 0.8451776890625 0.5619884015625 1 0.649218884375 1 0.5075893203125
1934 0.6512302015625 0.5516417828125 0.6544911296875 0.588914371875 0.7233893828125 0.6409305609375 0.7249406953124999 0.5998226 0.6512302015625 0.5516417828125