1939 0.024852609375 0 0.0240174875 0.0239147578125 1 0.19975401718750002 1 0.0171556125 0.508727546875 0 0.024852609375 0
1567 1 0.1963302 0.5876087234375 0.12187477499999999 0.53625241875 0.6374033156250001 0.77204761875 0.9383327734375 0.7600407437500001 1 0.9828443874999999 1 0.9966684156250001 0.60413160625 1 0.48766760624999994 1 0.1963302
1567 0.0000879078125 0.6356972078124999 0.53601500625 0.6442018921875 0.5381517109375 0.5830146984375 0.5823649359374999 0.12509509218749998 0.021454946875 0.023825271875 0.0205053 0.05101958125 0.0000879078125 0.6356972078124999
819 0.7600407437500001 1 0.77204761875 0.9383327734375 0.538696253125 0.640892090625 0.0000879078125 0.6356972078124999 0 0.6389266015625 0 0.9693102124999999 0.701034971875 1 0.7600407437500001 1
126 0.6645396203125 0.931175078125 0.650232728125 0.9000445656249999 0.6308007546875001 0.8687350828125 0.605650171875 0.85424306875 0.5825873078125 0.8534376968749999 0.5722184390625 0.8564790421874999 0.5816659140625 0.6594097921875 0.5833277953125 0.611819753125 0.5715834453124999 0.5807787265625 0.548757990625 0.5731747765625 0.41854324375 0.5550138421875 0.3978055078125 0.56109653125 0.3919681921875 0.5813132921874999 0.3670267671875 0.7812449140625 0.3647713578125 0.8458313953125 0.3442710328125 0.8451155078125 0.318408215625 0.851019228125 0.31722115781250004 0.8850121124999999 0.3259281453125 0.9295608062499999 0.356322515625 0.940832503125 0.3548980453125 0.981623965625 0.5904143671875001 0.9966552453125 0.57843260625 0.97241279375 0.56108835 0.9547899515625 0.571624909375 0.873475484375 0.5909381765624999 0.90818425625 0.6200267828125 0.9568481265625 0.6293273 0.984400378125 0.6262899359375 0.997908046875 0.6417838859375 0.9950456734375001 0.6422587078124999 0.98144851875 0.6355207328125 0.953985753125 0.6561397625 0.9513023515624999 0.6645396203125 0.931175078125
627 0 0.9758022359374999 0.1241506875 0.9769695234375 0.1477863484375 0.814430075 0.3603585109375 0.8252566937499999 0.38297480625 0.6184370078125 0.0661694203125 0.58014645 0.00056273125 0.6221000531249999 0 0.64244078125 0 0.9758022359374999
1156 0.012384321875 0.3570450328125 0.0056878125 0.622279025 0.051101307812499996 0.6442855015625 0.1374457328125 0.5962492078125 0.1452803140625 0.371896165625 0.012384321875 0.3570450328125
764 0.43491711874999994 0.45348261562500003 0.4142283703125 0.38469147187499997 0.43460998906250004 0.3888066484375 0.4525477734375 0.38943305 0.481566659375 0.366622375 0.47924153125 0.3597343109375 0.43252227187500003 0.3751200078125 0.39420286718750003 0.37037843125 0.3843088234375 0.35982262187499997 0.410290346875 0.350519615625 0.43954664374999997 0.3209103640625 0.43501509218749995 0.3037349484375 0.4190463203125 0.3201944765625 0.394915103125 0.3499827 0.3768586140625 0.3527555875 0.3739399546875 0.36286396718749997 0.3962905859375 0.38406507031250003 0.417216746875 0.44605763749999994 0.3633054234375 0.5939261015625 0.34000514531250003 0.5999193046875 0.32498601875 0.5891845250000001 0.3146661375 0.5173520359375 0.3277162515625 0.5110008890625 0.33319745 0.50098199375 0.33855994375 0.4943623890625 0.3287846046875 0.480407290625 0.3032779046875 0.47611314374999997 0.2725274171875 0.47503931250000003 0.26728363125 0.4782596296875 0.2666901015625 0.4952560734375 0.291721978125 0.5131473734374999 0.2989347765625 0.5270129859375 0.29423553125 0.58811069375 0.29632325000000004 0.6017973343749999 0.38553734687499996 0.61852649375 0.3952429671875 0.561007046875 0.4134181625 0.5548348703125 0.45173756562499995 0.559576446875 0.45000596562500006 0.5356919421875 0.4415363890625 0.4843446703125 0.43491711874999994 0.45348261562500003
1873 0.5602234625 0.3183176234375 0.5553357937500001 0.3113400734375 0.5498545953125 0.3213589671875 0.5221414734375001 0.30677746875 0.5066475234375 0.3096398421875 0.5015224421875 0.3094608703125 0.496634771875 0.302483321875 0.4750660953125 0.33236103125 0.44402921093750003 0.4129596109375 0.448274365625 0.5118074359375 0.45185627031250003 0.556177159375 0.5182449140625 0.5653023687500001 0.511318515625 0.469764346875 0.512624278125 0.4323721734375 0.5570673953124999 0.3352245796875 0.5602234625 0.3183176234375
364 0 0.9322802875 0.015267206250000002 0.9357294578124999 0.0411300234375 0.9298257375000001 0.053942725000000004 0.9302731671875 0.063292228125 0.8829515859375 0.0762236375 0.8799997265625 0.082179659375 0.8563836796875 0.08056676406249999 0.8290998859375 0.059829028124999996 0.8351825749999999 0.0366474578125 0.837776490625 0.0110220515625 0.83688163125 0.00285960625 0.850210328125 0 0.893274178125 0 0.9322802875
1934 0.2037231921875 0.241203115625 0.19997359374999998 0.275106515625 0.3608201203125 0.2977405703125 0.3645697203125 0.2638371703125 0.2037231921875 0.241203115625
1934 0.21205332968750001 0.1496012984375 0.210866271875 0.183594184375 0.3665877171875 0.20604926406250001 0.3703373171875 0.172145865625 0.21205332968750001 0.1496012984375
1934 0.0344070890625 0.167221790625 0.0329826203125 0.208013253125 0.193947853125 0.22724801874999997 0.1951349109375 0.193255134375 0.0344070890625 0.167221790625
1934 0.0346445 0.16042321406249999 0.195372321875 0.18645655625 0.1993593328125 0.1457545796875 0.0410753453125 0.12321001250000001 0.0346445 0.16042321406249999
1934 0.668869534375 0.3663562671875 0.6650012296875001 0.40365895625 0.728115096875 0.4330904109375 0.7346646484375 0.3924779203125 0.668869534375 0.3663562671875
1934 0.6691069453125 0.359557690625 0.73758330625 0.382369540625 0.7418077281250001 0.3348689875 0.67309395625 0.3188557140625 0.6691069453125 0.359557690625
1934 0.6646451124999999 0.4138568203125 0.6583329734375 0.44767073437500005 0.723653265625 0.48738954218749997 0.730202815625 0.4467770515625 0.6646451124999999 0.4138568203125
1934 0.6573833265625 0.47486504218750003 0.6509524828125001 0.51207824375 0.7161540671875 0.5551963390625 0.720141078125 0.5144943625 0.6573833265625 0.47486504218750003
1934 0.7212301625 0.6302491453125 0.80854496875 0.7013669218749999 0.8181318828125 0.6472467625 0.730698371875 0.579528275 0.7212301625 0.6302491453125
1934 0.7499211875 0.3964141234375 0.745696765625 0.44391467812499996 0.8415301312500001 0.49150589218749996 0.8486732124999999 0.433896959375 0.7499211875 0.3964141234375
1934 0.7590822640625 0.2810172859375 0.7524140078125 0.325029065625 0.8593284765625 0.349183203125 0.869034096875 0.29166375625 0.7590822640625 0.2810172859375
1934 0.81528294375 0.7288296875 0.9840752374999999 0.891282 0.989535703125 0.7349147281249999 0.8697388125 0.638838615625 0.8311819968749999 0.6408956140625001 0.81528294375 0.7288296875
1934 0.9802787203125 1 0.9837191203125 0.9014798671875001 0.8545030062500001 0.7812507890625 0.8110585218749999 0.776330240625 0.795278175 0.8608650250000001 0.9193051140625 1 0.9802787203125 1
1934 0.8350503015624999 0.6035929265625 0.9901292312500001 0.7179182859375 0.995708403125 0.558151725 0.9022001656249999 0.5174485734375 0.851068059375 0.5122595671875 0.8350503015624999 0.6035929265625
1934 0.6438094046875 0.5696871781249999 0.642503640625 0.6070793515624999 0.7045491578124999 0.667104403125 0.7110987078125001 0.6264919124999999 0.6438094046875 0.5696871781249999