2001 0 0.5031068375000001 0.0021378890625 0.5296380921875 0.35273125625 0.4629389875 0.32900932968749996 0.1751675484375 0 0.114358271875 0 0.5031068375000001
214 0.20978610625 0.807868275 0.4867464375 0.9637681890625001 0.48987437656250005 0.999520690625 0.6107237171875 0.9840350859375 0.624450425 0.9746463890625 0.6184349671875 0.9391465125 0.6386695828125 0.9210006875 0.6379586875000001 0.9128751171875 0.7783330015625001 0.6549610453125 0.7869955656250001 0.65420316875 0.7948050531249999 0.6436946109374999 0.7929786953125 0.6061906828125 0.7951772921875 0.5814350390625 0.7913164890625 0.5539344171875 0.7799525234375 0.5238151328125 0.7643787421875 0.295920278125 0.73263798125 0.2823217078125 0.7257035375 0.286203496875 0.7278362234375 0.310580203125 0.6658967031249999 0.3176367625 0.630819915625 0.315792925 0.596169665625 0.318824428125 0.553709928125 0.332364490625 0.521662840625 0.33189314375 0.5170691703125 0.3126444046875 0.505234728125 0.31040467656250004 0.483556353125 0.32867681718749997 0.4921853328125 0.460563653125 0.4235517875 0.507507128125 0.3039600890625 0.5539962078125 0.293427228125 0.5500050546875 0.2642676625 0.5492810796875001 0.2270142484375 0.5558154375 0.19295468437500002 0.548969946875 0.1904174328125 0.5033404499999999 0.152004615625 0.513251346875 0.1361012828125 0.5310182359375 0.155327778125 0.833920946875 0.1795653765625 0.844900853125 0.21409541875000002 0.8238667875000001 0.20978610625 0.807868275
407 0.4781695265625 0 0.0001938328125 0.0418174546875 0.368745696875 0.1471277765625 0.78544348125 0 0.4781695265625 0
590 0.671846253125 0.40226898593750005 0.6460227140625 0.389790278125 0.6143801921875001 0.41057172187499996 0.6118972406250001 0.43207713593749997 0.6400395828125001 0.437802765625 0.68176645625 0.43251458437499996 0.6988072234375 0.4277486046875 0.69978050625 0.45550185 0.6953833140625 0.5050131375 0.70896784375 0.49399932812499997 0.7117571265625 0.4593666890625 0.7315871765625 0.41996807187499996 0.7041776984375 0.4059905625 0.671846253125 0.40226898593750005
590 0.5609610578125 0.415245290625 0.55374225625 0.415876853125 0.547114140625 0.40663142187499995 0.5347109828125001 0.3978912421875 0.5206999156250001 0.40402970937499993 0.5064264609375 0.3905404984375 0.5004872687499999 0.4057980875 0.49542312187500004 0.41442890625000006 0.49684491093750005 0.4306800421875 0.5222419125 0.438283409375 0.5395670390625 0.4367676578125 0.5609610578125 0.415245290625
590 0.664583509375 0.43565544999999994 0.6341223625 0.4366829015625 0.60640655625 0.43583261562500003 0.593368771875 0.469724328125 0.6190501312500001 0.48057792343749994 0.635193884375 0.49881616093750003 0.6498938765625 0.5171807109375 0.6768987875 0.5099054296875 0.6956676734375 0.5082633640625 0.6971993140625 0.44262725312500006 0.69606188125 0.42962634218750007 0.664583509375 0.43565544999999994
590 0.6104534796875 0.4322034484375 0.604109721875 0.42620824687500003 0.5912800265625 0.412592725 0.577433109375 0.40397885625 0.53478725 0.4486487046875 0.571023440625 0.447116 0.6010580515624999 0.44121320781250006 0.6104534796875 0.4322034484375
590 0.5368216968749999 0.43864539531249996 0.5117090546874999 0.4342922578125 0.472891671875 0.42295036406250003 0.4679697046875 0.433206296875 0.45928517031249994 0.4503416203125 0.5035932375 0.4579280375 0.529723103125 0.45727952343749995 0.5368216968749999 0.43864539531249996
590 0.496188315625 0.4896893859375 0.5009461328125 0.4941857890625 0.5072898921875 0.50018099375 0.51796493125 0.5057972609375 0.532402534375 0.5045341343749999 0.5314292515625 0.47678088750000003 0.5302918187500001 0.463779978125 0.518030840625 0.45666491093749995 0.478622771875 0.4552000109375 0.461297646875 0.45671576406250003 0.44873034062499995 0.46272791875 0.4409208515625 0.4732364765625 0.45462559062499996 0.48022523125000005 0.47829447500000005 0.4847046828125 0.496188315625 0.4896893859375
590 0.5314292515625 0.47678088750000003 0.55452941875 0.47475988437499994 0.5923515484374999 0.47472598125000004 0.60278616875 0.444337121875 0.533343490625 0.44877501718749996 0.5314292515625 0.47678088750000003
590 0.6436922984375 0.5128106203125 0.6338923015625 0.5005675875 0.627406365625 0.49294726874999995 0.61471885 0.4809568609375 0.588020265625 0.47510492031249996 0.532730834375 0.4750294609375 0.529515015625 0.5047867593750001 0.5303680890625 0.5145374406250001 0.544072828125 0.5215261953125 0.5658714125000001 0.5212566187500001 0.60485294375 0.5178461765625 0.6217515328125 0.511455084375 0.633301615625 0.5104445828124999 0.6436922984375 0.5128106203125
590 0.49628655468750005 0.5240693984375 0.5066772359375 0.5264354390625 0.5118835609375 0.5194297328124999 0.5097289046875 0.5114304781250001 0.49962258281249994 0.512314665625 0.48591784374999997 0.5053259109375 0.48203506875 0.4942027390625 0.47569131093749994 0.48820753593750005 0.4443770890625 0.47948430625 0.43744264531250004 0.48336609687500004 0.4237159359375 0.4927547921875 0.420664265625 0.5077597546875 0.4701566875 0.5247179140625 0.4876239921875 0.524827275 0.4867709171875 0.5150765921875 0.49628655468750005 0.5240693984375
1196 0.42097059375 0.49463253125 0.44813965468749994 0.47260491250000003 0.42158325 0.4683780875 0.363953040625 0.4914331578125 0.36191859531250004 0.5014364640625 0.3737530375 0.503676190625 0.3729982015625 0.528305521875 0.418061103125 0.5112626062500001 0.42097059375 0.49463253125
1050 0.447428759375 0.46447934531249996 0.4427368515625 0.41085059375000005 0.47696056562500005 0.4029437484375 0.444673059375 0.366467271875 0.43442455625000004 0.3657263484375 0.4339980203125 0.3608510078125 0.431679215625 0.3676040859375 0.4215728921875 0.368488275 0.400583440625 0.4112634328125 0.43551805000000005 0.4114821578125 0.4387881671875 0.44885977187500004 0.43732243593750003 0.46536353437500005 0.44049431562499997 0.4683611359375 0.447428759375 0.46447934531249996
917 0.3882565515625 0.4532807140625 0.3875236875 0.461532596875 0.3974658609375 0.47540074375 0.4104597046875 0.4742639296875 0.43211611093749996 0.47236924062499996 0.434456884375 0.449238709375 0.419472534375 0.42762393281250005 0.419636684375 0.41287159687499997 0.40910382500000003 0.40888044375000004 0.402049171875 0.3947596703125 0.3908713265625 0.3335106015625 0.3765759015625 0.336398840625 0.39409750312499997 0.403643115625 0.3917786984375 0.410396196875 0.3838270328125 0.419279640625 0.392183265625 0.4316489859375 0.39014881875 0.44165229375 0.3882565515625 0.4532807140625
1334 0.40139257500000003 0.453769015625 0.37684864687499997 0.4559163296875 0.37652035 0.4854210015625 0.3986032921875 0.48840165312500006 0.40139257500000003 0.453769015625
1050 0.34193726406249997 0.22316308281250002 0.3453275890625 0.2785432625 0.37448715625 0.2792672375 0.3726827703125 0.2253858578125 0.35838734375 0.2282741 0.34193726406249997 0.22316308281250002
1340 0.6650229140625 0.10810645625 0.545879721875 0.1430934265625 0.556685328125 0.2666020671875 0.6812972328125 0.24423706875 0.6650229140625 0.10810645625
1194 0.9815749234375 0.6666556296875 0.9687568421874999 0.536772846875 0.9741053468749999 0.5313922546875001 0.9741492875000001 0.4986373546875 0.8146467140625001 0.48802873125 0.7847323125 0.5119340875 0.7854432078125 0.5200596562500001 0.7977041859375 0.5271747234374999 0.8063111953125001 0.6754390078125 0.7998032890625 0.6841961390625 0.8006563625 0.693946821875 0.9898652484375001 0.728157325 0.992107784375 0.6706467828125 0.9815749234375 0.6666556296875
1050 0.8726491624999999 0.40271408906249995 0.8876774515625 0.39157396875 0.8344883765625 0.3323628515625 0.824382053125 0.33324703906250003 0.8207836374999999 0.32537409687499996 0.815150775 0.3275044625 0.815719490625 0.334004915625 0.798394365625 0.3355206671875 0.7636562328125 0.4040619703125 0.8208159640625 0.40888645781250005 0.8257702609375001 0.48214288906249997 0.8069794046875 0.500162403125 0.8641391359374999 0.504986890625 0.844681325 0.48212593750000005 0.8365551515625 0.40587190624999997 0.8726491624999999 0.40271408906249995
1334 0.9728153781250001 0.41687641875 0.9542106406249999 0.40376614843749997 0.9318433390624999 0.3975352703125 0.9116306937499999 0.39930364687500003 0.8880820187499999 0.41282675781249994 0.882481484375 0.49846948593749996 0.9677835578125 0.5090196 0.9728153781250001 0.41687641875
1506 1 0.9446790671875 0.9833133999999999 0.7696693546875 0.7951217390624999 0.7304571984375 0.699219640625 0.9812053531249999 1 0.9548904828125 1 0.9446790671875
1939 0 0.5218304671875 0.020843762499999998 0.7600757609375 0.39570415937500003 0.6049215390625 0.3701894578125 0.1470014640625 0.0015526671875 0.041698571875 0 0.0418344125 0 0.5218304671875
1939 0.781894753125 0 0.3686035171875 0.1455026625 0.3928166375 0.605174165625 1 0.6799186078125 1 0.5114266640625 0.955255965625 0 0.781894753125 0
819 1 0.6783491484375 0.3928166375 0.605174165625 0.02218513125 0.7587791234375 0.043289225 1 0.4843958546875 1 1 0.9548904828125 1 0.6783491484375