1552 0.95689149375 1 0.9950157546874999 0.1829330296875 0.688532853125 0.1996731828125 0.6685003359375 0.6796598296874999 0.835674728125 1 0.95689149375 1
125 0.657249846875 0.5755942468749999 0.6575943015625 0.5558604109374999 0.648028653125 0.5373635828125 0.6369195703125 0.52635975625 0.633430040625 0.5239488640625 0.6348500593749999 0.503293809375 0.6281666453125 0.5017671609375001 0.6235351484375 0.463616609375 0.6183291640624999 0.43814593281249997 0.6065385765625 0.4257202203125 0.5800595578125 0.425258028125 0.5422664234375 0.4255383390625 0.521034003125 0.42798770625 0.5115839671875 0.4433326359375 0.5090887828125 0.48511876093749995 0.508834540625 0.4996842109375 0.5006733015625 0.5018917390625 0.49975475312500006 0.5545153015625 0.4895345890625 0.6544461390625 0.4880985625 0.696250753125 0.48795093906250003 0.7047081109375 0.494807375 0.7367875453125 0.501482984375 0.7589939 0.5106049671874999 0.7624430984375 0.5118773625 0.7502454015625 0.5159976000000001 0.676057890625 0.5211695890625 0.642778425 0.5308418546875 0.655167159375 0.559389984375 0.6584854484375 0.6024215140625 0.6615865484375 0.61901503125 0.6618761890625 0.628301040625 0.655928325 0.6258796671875 0.6934857703125 0.633630840625 0.71477090625 0.6558330015625 0.75792811875 0.6536372984375001 0.5802311546875 0.657249846875 0.5755942468749999
125 0.3308135296875 0.50127680625 0.3223402453125 0.5011289046875 0.3194002046875 0.467237846875 0.31600869375 0.43897886406250003 0.3098259578125 0.42900101875 0.2788228546875 0.4246998859375 0.23929725781250002 0.42306997187500006 0.21441948125 0.43203565624999996 0.20502685468749998 0.44409161406250003 0.1997318453125 0.48441887968749997 0.198393840625 0.5003754015624999 0.1948222984375 0.5026630421875 0.19333666875 0.5270769234375 0.18230179375 0.53205426875 0.1745924203125 0.548839571875 0.17136612812500002 0.5718130796875001 0.17476544375 0.57939235625 0.17380509375 0.59394548125 0.171654365625 0.615997771875 0.173742659375 0.7593831234375 0.1752946921875 0.7716301203125 0.18357074843750001 0.7628446484375 0.1913457328125 0.7423005203125 0.203776021875 0.7180776796874999 0.20572991875 0.7073018671875 0.20647623906249998 0.6645452234375 0.19908672031250002 0.6630062484375 0.235763284375 0.665996421875 0.2689503171875 0.666575703125 0.2908396390625 0.6669577828125 0.304649734375 0.6648488578125 0.3123427046875 0.6490032609374999 0.31792595156250003 0.6528606890625 0.319578384375 0.7605187078125 0.3269269 0.764406946875 0.33642534999999996 0.70582319375 0.3308135296875 0.50127680625
144 0.47618297187499997 0.5898235796875 0.48269376093750005 0.58100729375 0.481100721875 0.5711095640625 0.4800817734375 0.52832210625 0.48095190781249997 0.518937365625 0.46384911406249996 0.5073589234375 0.43076869687499997 0.5006715500000001 0.40428967812499994 0.50020935625 0.380191821875 0.5049586859375 0.358901990625 0.510697025 0.3488688671875 0.5189818296875 0.3512172234375 0.5260727671875001 0.35044629843749997 0.5702389703125 0.3477780921875 0.5814723109375 0.3602583828125 0.5948500546875 0.3635616625 0.7293266828125 0.37062273437500004 0.729449934375 0.3721083625 0.705036053125 0.375704509375 0.701338853125 0.377517 0.5975012859375 0.42621378906249996 0.59976128125 0.4502460359375 0.5987707765625 0.453086865625 0.597880371875 0.455888675 0.7003884921875 0.463492225 0.730130984375 0.46762767343749995 0.5943742109375 0.47618297187499997 0.5898235796875
1050 0.42069337500000004 0.450676065625 0.41151398281249996 0.45051583749999996 0.41157959375 0.4467570125 0.42534868281250005 0.446997353125 0.43750012656250004 0.438749521875 0.42374625000000005 0.37693991875 0.3979733390625 0.3764900515625 0.380330053125 0.43634162656250003 0.4031309109375 0.44519955156249996 0.394920465625 0.450226196875 0.4002084640625 0.470998340625 0.4042240671875 0.5039681828125 0.3994867484375 0.5123454265625 0.42243522968749997 0.5127459937500001 0.4215646984375 0.50192088125 0.418206390625 0.4919923375 0.4203325171875 0.4713496078125 0.42335377812499997 0.46012243125 0.42069337500000004 0.450676065625
261 0.7715414453125 0.1987721203125 0.756802353125 0.5575920937500001 0.8256161828125 0.6213027640625 0.8486383453125 0.19259790937500001 0.7715414453125 0.1987721203125
1107 0.9702609984375 0.1848509171875 0.9950403578125 0.181523471875 0.9619107328125001 0.1776552171875 0.9536776671875 0.28514068125 0.9229952078125001 0.3029349765625 0.86176071875 0.29058621093750003 0.88571055625 0.27408438749999997 0.8975913578125001 0.28134171406249997 0.9055455796875 0.18983125781250001 0.9278945703125 0.1841114078125 0.8993628421875 0.1798534140625 0.893296115625 0.22392717968750003 0.8868599312500001 0.2689344890625 0.85714641875 0.2919156578125 0.8694884796875 0.3739104625 0.869366253125 0.4213779640625 0.8507860328125 0.43374354843749996 0.8642118562500001 0.5143472796874999 0.862299759375 0.563193528125 0.8458870671875 0.5727769687500001 0.85538009375 0.6561320328125 0.9204169515625 0.713666821875 0.9416493734375001 0.7112174578125 0.9702609984375 0.1848509171875
1105 0.8528415218750001 0.5790083125 0.8991333390625 0.6178860484375 0.8703535875 0.526674390625 0.8277485265625 0.49914092343750005 0.8528415218750001 0.5790083125
874 0.9268518125 0.1831532140625 0.9270076375 0.1742260015625 0.9317613609375 0.1649090515625 0.8760691109375 0.158766978125 0.7472455671875 0.1541683734375 0.7465402531249999 0.1945757515625 0.9268518125 0.1831532140625
183 0.9127866828125001 0.1594078859375 0.9228190125 0.1107033765625 0.796154796875 0.10379248125 0.8052283640625 0.150480503125 0.9127866828125001 0.1594078859375
1373 0.930002309375 0.063359125 0.9227850156249999 0.051953234375000004 0.9258636859375 0.0374370828125 0.9054607875 0.053060826562499996 0.8906981484375001 0.0490431734375 0.8873562421875001 0.0381749234375 0.8818386078125 0.0305586703125 0.88198623125 0.0221013109375 0.8715754499999999 0.031789515625 0.8624206624999999 0.030219728125 0.8460489750000001 0.0374539015625 0.831269934375 0.0343759546875 0.8258097078125 0.023470728125 0.8101031234375 0.033066493749999995 0.7914900984375 0.0473114890625 0.8061297156249999 0.0583769421875 0.7910636296875 0.071743859375 0.7770402984375 0.08606896875 0.7704474968749999 0.09958378749999999 0.7555372328125001 0.104023490625 0.760923646875 0.1191573953125 0.752114109375 0.1382734765625 0.748345734375 0.15183759375 0.7640113125 0.1445910953125 0.781516365625 0.1533565828125 0.7891105234375 0.122939375 0.796195803125 0.10144321406250001 0.8152442921875 0.10271569843749999 0.8312547218749999 0.0959452171875 0.838061553125 0.11063391874999999 0.8239972171875 0.1273082953125 0.8416909015625 0.12526715625 0.8504684296875 0.14845019375 0.8613474796875 0.152400059375 0.8620621843749999 0.1721523828125 0.8769228437500001 0.1503219453125 0.8971125078125001 0.1469143859375 0.9041567781250001 0.1277674921875 0.9157501359375001 0.1312598296875 0.9277703609374999 0.13052965 0.9344041687500001 0.11466556718750001 0.9457264875 0.113453209375 0.9554561609375 0.1225529734375 0.9522044703124999 0.1065163375 0.9385666031250001 0.0987583453125 0.9322936515625001 0.0939488859375 0.9325068859375 0.0817327015625 0.9399370171875001 0.0607125578125 0.930002309375 0.063359125
1939 0.1529264765625 0 0.1656376390625 0.6976721218749999 0.996109440625 0.6867882562500001 1 0.4822016890625 1 0.008651368750000001 0.7236181390625 0.0038271046875 0.4815223515625 0 0.1529264765625 0
1939 0.009710851562500001 0 0 0.5563343234375 0 0.5777727296874999 0.0415986375 0.5808278921875 0.0502851578125 0.568759609375 0.1604214671875 0.5716220390625 0.1521709078125 0 0.009710851562500001 0
873 0 0.9885863609375001 0.11530455625 0.99148129375 0.1228417015625 0.984562909375 0.1326854 0.946665025 0.1294501125 0.92968868125 0.129860178125 0.90619601875 0.12157552187500001 0.8952414937500001 0.12178875625 0.883025309375 0.11840584531250001 0.8745063249999999 0.114775703125 0.8194533843749999 0.1177969625 0.8082262046875 0.115891875 0.795973046875 0.1245537921875 0.7853143234375 0.12857640625 0.7571847546875 0.122713521875 0.728882634375 0.1092396796875 0.7117275765625 0.063728178125 0.688843340625 0.05758644843750001 0.6765162296875 0.034744584375 0.67000756875 0 0.6694011015625 0 0.9885863609375001
819 0.990664690625 1 0.9949538453125 0.7934574234375 0.9968153671875 0.686810934375 0.16353572031250002 0.696695440625 0.16216213125 0.5730624125 0.050991265625000004 0.5687719343750001 0.040851523437499995 0.583164834375 0 0.578727365625 0 0.9861976109375 0.6649385062500001 1 0.990664690625 1
1747 0.20131350937499998 0.333107646875 0.1847035890625 0.3337577140625 0.18584555625000002 0.3694973734375 0.202463678125 0.36837745312500003 0.20131350937499998 0.333107646875