1552 1 0.529638025 0.8884441828125 0.05877083281249999 0.5984481203125 0.1593406375 0.711493878125 0.6262551249999999 0.9629337640625 0.89067635 1 0.8807444828125 1 0.529638025
125 0.671994853125 0.529321921875 0.6668865828125 0.510257596875 0.6525930734375 0.49511395468749997 0.638881271875 0.4875984765625 0.6348623890625 0.486242821875 0.6305340937499999 0.4659965 0.62368878125 0.46637118906249997 0.6087209859375 0.4309751390625 0.5966960015625 0.40792611718750005 0.5819371703125 0.3992316828125 0.5563565078125 0.406086 0.5201046796875 0.41677265312499995 0.500369903125 0.42497958281250003 0.49551558125 0.442334859375 0.5046348734375 0.48319002656250004 0.5084052625 0.49726131406249996 0.5011686531249999 0.50163286875 0.5147907078125 0.5524710703125 0.5325111265625 0.651347815625 0.54265364375 0.6919288124999999 0.5448429015625 0.7000992375 0.5602760203125 0.729046078125 0.5728139296875 0.74855215 0.5825332703125 0.7493533734375 0.580394234375 0.737277475 0.5639060109375 0.6648281703125 0.5597045828125 0.6314123015625001 0.572416959375 0.6406550796875 0.600773828125 0.6359758921875 0.6429931671875 0.6270957640625 0.659023715625 0.6228003921874999 0.6663105484375 0.614523365625 0.6743352078125 0.651293321875 0.68765309375 0.6696173937500001 0.7208909203125 0.7049830234375001 0.6698003531250001 0.5347749562499999 0.671994853125 0.529321921875
125 0.3377194625 0.5478614562499999 0.3295336515625 0.5500548375000001 0.31736586093749997 0.518287046875 0.3063165015625 0.4920575953125 0.29762300625 0.48417046875 0.2666353578125 0.48858156875000003 0.22819165 0.49790952656250004 0.206748875 0.5133851390624999 0.201043175 0.527563028125 0.20706898593749998 0.5677875859375 0.2101810265625 0.583494784375 0.2073783984375 0.5866782546875 0.21267969843749998 0.6105558796875 0.20344423749999999 0.618382034375 0.20066016874999998 0.63664209375 0.2038912140625 0.659614934375 0.20924797812499998 0.6659636250000001 0.212336215625 0.68021769375 0.2163472375 0.7020085375 0.25787699375 0.839263771875 0.2627446328125 0.85060854375 0.268278484375 0.8398822140625001 0.27008955 0.8179908546875 0.2753615921875 0.7912801140625 0.27426958125 0.780383171875 0.2632016625 0.7390771328125 0.2556742015625 0.7396346031250001 0.29175418125 0.7323995109375 0.32381527656250003 0.7238087671875 0.344961959375 0.7181425296875 0.3576557765625 0.7123087234375001 0.3606830953125 0.6949564890625 0.36711330625 0.697125534375 0.3983763 0.800157590625 0.4065118890625 0.8018696828125 0.399494515625 0.7429372359374999 0.3377194625 0.5478614562499999
144 0.5018643375 0.5929088296875 0.5056928109375 0.5826394546875 0.5014333 0.573564246875 0.48866000156249995 0.5327151640625 0.48690964374999995 0.5234541312500001 0.4672779328125 0.5170383843749999 0.4336357046875 0.51972826875 0.40805504062500003 0.5265825859375 0.3861997875 0.5377902046874999 0.3673163875 0.549174521875 0.35995553281250003 0.5599038921874999 0.36416744375 0.56607284375 0.3756002390625 0.60874061875 0.3761317234375 0.62027425625 0.3918159546875 0.629693734375 0.432058053125 0.7580504593749999 0.43887956250000004 0.756222640625 0.4335782640625 0.7323450171875 0.4360160140625 0.7277998078125 0.40913678124999997 0.6274851421875 0.45657007812500006 0.616234934375 0.4793983359375 0.608658615625 0.48188368906249995 0.6070196640625001 0.5128320265624999 0.7047845109375 0.5283391703125 0.7312790062500001 0.4948947796875 0.5996413375 0.5018643375 0.5929088296875
1050 0.4101700609375 0.474446659375 0.40130209843750003 0.476822821875 0.40032909375000003 0.473191521875 0.41363103749999997 0.46962727656250003 0.423038346875 0.4583495609375 0.3927802359375 0.402725440625 0.3678817234375 0.4093969765625 0.3674192375 0.47179315156249996 0.3917784046875 0.4740231671875 0.3852715484375 0.4811181953125 0.396080278125 0.4996280921875 0.40902804374999996 0.5302138859375 0.406783321875 0.5395723921875 0.42895322968749994 0.5336319828125 0.42513261562500004 0.52346616875 0.419167725 0.514847915625 0.41552158281249996 0.49441880937500005 0.41533117500000005 0.4827937828125 0.4101700609375 0.474446659375
261 0.677992734375 0.1355942109375 0.7627287968750001 0.4845767515625 0.8464379375 0.5268517171875 0.7504011875 0.10840839375 0.677992734375 0.1355942109375
1107 0.865177025 0.06743775937499999 0.8880793062500001 0.057409096874999996 0.8551668296875 0.0628224546875 0.876879709375 0.1684134546875 0.852290609375 0.19397566093750002 0.790024459375 0.198983778125 0.8084980015625 0.1765197375 0.82191895 0.180221134375 0.8043413390625 0.0900631578125 0.8242479640625 0.07840466874999999 0.7956478453125 0.08217603125 0.8019645093750001 0.1262146703125 0.808183346875 0.1712525265625 0.7859553546875 0.20153359843750002 0.8204201359375001 0.2769501296875 0.8333864609375 0.3226125125 0.8189344234375 0.3396204765625 0.8540575531249999 0.4134010984375 0.8656833781250001 0.46088217187499997 0.8525480406250001 0.474618315625 0.8846490921875001 0.5521277140625 0.9630252703125001 0.589507115625 0.982760046875 0.5813001859375 0.865177025 0.06743775937499999
1105 0.86095068125 0.47869136093750003 0.9161653890625001 0.503303284375 0.863359175 0.42355778749999995 0.8148153109375 0.4088344640625 0.86095068125 0.47869136093750003
874 0.8229814875000001 0.077771015625 0.8206706031250001 0.069146678125 0.8226720750000001 0.058880346875 0.7674442640625 0.068327071875 0.642343578125 0.09941519062500001 0.65280336875 0.138451665625 0.8229814875000001 0.077771015625
183 0.8029161171875 0.0588224171875 0.799135028125 0.009239353124999999 0.67547266875 0.037509562499999996 0.6970637046875 0.07988795625 0.8029161171875 0.0588224171875
1373 0.6668929640625 0 0.6617449265625 0.008105765625 0.6522133718750001 0.0257413 0.649601153125 0.0405497984375 0.6364922359375 0.048927340624999996 0.6458414593749999 0.0619902890625 0.64264229375 0.0827940828125 0.642758678125 0.09687145312499999 0.655819990625 0.0855876546875 0.675063025 0.08918853437499999 0.673978878125 0.057856403125 0.674864540625 0.03524 0.69352586875 0.031212715624999998 0.707049884375 0.020291437500000002 0.717641784375 0.0325349078125 0.7087183578125 0.052440003125 0.7251640046875 0.0456008953125 0.7399916171875 0.0654664453125 0.7515379624999999 0.066264628125 0.757669459375 0.0850547796875 0.7659371578124999 0.05997386406250001 0.78440545625 0.0511332828125 0.7858992453125 0.030786442187500002 0.798006115625 0.030947929687499997 0.8093594328125 0.026932814062499998 0.8113635234375 0.009854753125 0.8219130640625 0.00556850625 0.8337740625000001 0.011633899999999999 0.8277275749999999 0 0.6668929640625 0
1939 0.435116396875 0 0.027029621875 0.11006694531250001 0.2330760921875 0.782177396875 1 0.551347015625 1 0.43623716874999996 0.9119742546875 0.1056571953125 0.88366349375 0 0.435116396875 0
1939 0 0.5617333453125 0.040439403125 0.712655253125 0.081635515625 0.704049296875 0.086659065625 0.6900541890625 0.1933178734375 0.6624480515625 0.0265907203125 0.111157553125 0 0.1180946171875 0 0.5617333453125
873 0.2581751921875 1 0.2561615640625 0.9924850359375 0.245178365625 0.98423843125 0.24201610156250003 0.9724367046875001 0.2364160875 0.9651801890625 0.217751925 0.9132605078125 0.217561515625 0.9016354796874999 0.21235279999999998 0.8903821000000001 0.2177412265625 0.8777487296875 0.2138544515625 0.8496000718750001 0.20041756406250003 0.82401035625 0.1827371015625 0.8112337515625001 0.1326808875 0.80178068125 0.12337926562499998 0.7916239921875 0.0996282265625 0.7916635375000001 0.0648385265625 0.8009854093750001 0.1176925015625 1 0.2581751921875 1
819 1 0.55134096875 0.23078638593749998 0.7818179171875 0.1953881265625 0.6633528359375 0.0873412171875 0.6898714078125 0.0815614921875 0.7065016421875 0.0406826546875 0.713563078125 0.054304709375 0.764401278125 0.1186914453125 1 0.5511752734375001 1 1 0.881324378125 1 0.55134096875
1747 0.1668823515625 0.42190192812499994 0.151095053125 0.4271051265625 0.1620439671875 0.4611455234375 0.17770963906249998 0.4554884125 0.1668823515625 0.42190192812499994