407 0.5045756828125 0 0 0.07826571875 0 0.244754153125 0.252910228125 0.3765198828125 0.691567759375 0.31823667968749997 0.7628982843750001 0.3048457359375 0.9083650203125 0.028578734374999998 0.9010590390625 0 0.5045756828125 0
819 1 0.6409848 0.74786591875 0.593076209375 0.30363701875000004 0.6656067859375 0.043531087499999996 0.7728502203125001 0.0754549078125 1 0.487061425 1 1 0.927911184375 1 0.6409848
1567 0.710280290625 0.43342002031250004 0.9091189421875001 0.267465303125 0.9179332390624999 0.33018228125000004 0.7160033343750001 0.45617834375 0.7178589750000001 0.4693819171875 0.9272158906250001 0.34234205625 0.9360301874999999 0.40505903437499996 0.7280694484375 0.48814348125 0.729461178125 0.49804616093750004 0.9363379796875 0.4252123296875 0.9471640359375 0.4842804796875 0.7331724609375 0.5244533109375 0.7375037734375 0.5373089515625 0.9494835875 0.500784946875 0.9528826328125 0.560896896875 0.75359340625 0.5619764375 0.7549851375000001 0.5718791171875 0.9626291953124999 0.5763575671875001 0.9165459531250001 0.2664215046875 0.923509053125 0.26207681250000003 0.9252130218750001 0.2382746921875 0.710436409375 0.41656762187499996 0.710280290625 0.43342002031250004
1242 0.8749412515625 0.060204875000000005 0.8809720859375 0.10311649062499999 0.7810085671875 0.21814820468749999 0.7796168359375 0.20824552343749997 0.7567157765625 0.22492842500000002 0.7633666390625 0.254288534375 0.7469647687500001 0.26332585000000003 0.751603871875 0.29633478593749996 0.7381415828125 0.30832506249999997 0.729322840625 0.29946618125 0.70503005 0.306246403125 0.6805811390625001 0.329879025 0.695274596875 0.3985019234375 0.7336497078125 0.3661799171875 0.7368970796875 0.389286171875 0.777747859375 0.35661623593749997 0.7721809359375 0.31700551250000003 0.8435159062500001 0.24975647343750002 0.8490828296874999 0.289367196875 0.90478763125 0.25460966093750004 0.893961575 0.195541509375 0.9318727750000001 0.15991861093749998 0.9049615296875 0.0223248796875 0.8749412515625 0.060204875000000005
1242 0.8682637171875 0.3539933375 0.9159214796875 0.33383110625 0.9103545546875 0.29422038437500003 0.8736834124999999 0.3027402703125 0.862540675 0.3312350140625 0.8682637171875 0.3539933375
1242 0.836387796875 0.37866975625 0.8622284375 0.364939815625 0.8555775750000001 0.33557970625 0.8306647546875 0.35591143281250004 0.836387796875 0.37866975625
1958 0.46503659375 0 0 0.0653566296875 0 0.48865401249999996 0.0705530921875 1 0.487061425 1 1 0.9279111859375 1 0.48299983593749996 0.9321187999999999 0 0.46503659375 0
1242 0.2632768203125 0.378429046875 0.24393536875000002 0.38451340156249997 0.2481105609375 0.41422144375 0.24176749062499997 0.405014628125 0.2409957875 0.381560440625 0.22320218593750002 0.380695075 0.2075764625 0.359328484375 0.1907106828125 0.3650649078125 0.190402890625 0.3449116125 0.1705975296875 0.34769507499999996 0.17291708125 0.36419954374999997 0.15156387031250002 0.3739327265625 0.14831649687499998 0.3508264703125 0.135938146875 0.352566134375 0.1487759625 0.407985459375 0.1832792265625 0.4199668015625 0.27301893593750004 0.44774781093750005 0.2632768203125 0.378429046875
1256 0.26559637187499996 0.39493351250000003 0.5795425734374999 0.3474451609375 0.565313025 0.2821231546875 0.2592577453125 0.331868603125 0.26559637187499996 0.39493351250000003
930 0.679947775 0.5050048171875 0.6702012125000001 0.489544146875 0.6355418312500001 0.4944152046875 0.6171282 0.5071013484375 0.6440305546875 0.7524112703125 0.6641437078125 0.7697811015625 0.6653793203125 0.7965361843750001 0.6757459109374999 0.798445346875 0.6768298500000001 0.7881947328125001 0.6700228687500001 0.7756870250000001 0.71613278125 0.7624745140625 0.715512753125 0.7760260203125 0.7175245125 0.7723771953125 0.72433149375 0.784884903125 0.7351619953124999 0.790094959375 0.7416611859375 0.7824493734375 0.7399616625000001 0.7523934 0.693097828125 0.5267193406249999 0.679947775 0.5050048171875
393 0.60226084375 0.6707632296875 0.4962709375 0.6890252328125 0.4916273890625 0.7098743921875 0.50925598125 0.835308346875 0.5261217625 0.829571925 0.52179045 0.8167162843750001 0.56929209375 0.8134064546875001 0.5702199140624999 0.8200082421875001 0.58058650625 0.8219174046875001 0.5816704453125 0.8116667906249999 0.6208172578125 0.8027989734375 0.62514856875 0.8156546140625001 0.6381469484375 0.80036344375 0.6219100875 0.6848321687500001 0.60226084375 0.6707632296875
318 0.2208556109375 1 0.2138706375 0.9609743484375001 0.21511069531250002 0.9338713343749999 0.20768368593750003 0.9349151328125 0.2062919546875 0.9250124515625 0.134033609375 0.9318016078125 0.1349614296875 0.93840339375 0.1266065984375 0.93284540625 0.110204728125 0.941882721875 0.1207229921875 0.9807975796875 0.1226912515625 1 0.2208556109375 1