407 0.379755365625 0 0.46254320781249997 0.30066439375 0.6256409484375001 0.3188547671875 0.676909865625 0.31549787500000004 0.866562871875 0.030160176562500002 0.5218304765624999 0 0.379755365625 0
1939 0.6122680609375 0.650984346875 0.6408660390625001 0.32410796249999996 0.46254320781249997 0.30066439375 0.430394296875 0.6233089406250001 0.6122680609375 0.650984346875
1255 0.6679152265625 0.6872222140625001 0.5745219734375 0.6790513625 0.5672260671875 0.717624765625 0.5824511578125 0.722877959375 0.7108668796875001 0.7341128796875 0.7139309500000001 0.699090409375 0.6679152265625 0.6872222140625001
1567 1 0.0418344125 0.8860197984375 0.0318624375 0.636099709375 0.378587359375 0.607256534375 0.5289895875 0.58677825 0.5389614828125 0.58181788125 0.640477959375 0.9642461765625001 0.885679346875 1 0.5162579125 1 0.0418344125
1242 0.708963521875 0.1732188703125 0.7006462578125 0.22346642968750002 0.6891185140625 0.2655907671875 0.6506915234374999 0.301440553125 0.6418873953124999 0.31243380468750004 0.6367806140625001 0.37080458906249997 0.7878125890625001 0.16835375625 0.7895148484375001 0.148896828125 0.737565028125 0.1600364921875 0.720637678125 0.1742402265625 0.708963521875 0.1732188703125
1242 0.76533921875 0.11149119375000001 0.76227515 0.1465136640625 0.785963915625 0.144664990625 0.792384878125 0.1609114375 0.8860197984375 0.0318624375 0.8354317874999999 0.027436559375000003 0.785817503125 0.10151929687500001 0.76533921875 0.11149119375000001
1567 0.049676756249999995 0 0 0.5678079109375 0 0.8935304015625001 0.42616245937499997 0.626859875 0.4632241125 0.292881621875 0.3726165 0 0.049676756249999995 0
323 0.049676756249999995 0 0.024665315625 0.28588206875 0.1276900125 0.3184225890625 0.1389249328125 0.19000686718749998 0.10881520468749999 0.17560909375 0.1264710875 0.0634398171875 0.103463225 0.057505718750000004 0.10608868125 0 0.049676756249999995 0
323 0 0.857704784375 0.060082923437500005 0.822259996875 0.067913321875 0.7327581296875 0.0558987140625 0.735628159375 0.078661378125 0.5650881 0.0630958359375 0.563726290625 0.061928067187500005 0.5322547546874999 0.0032168312499999997 0.5310393578125 0 0.5678079078125 0 0.857704784375
1255 0.8245443765625 0.7793489124999999 0.8228421171875 0.798805840625 0.871387415625 0.82658003125 0.89930801875 0.821180425 0.9010102796874999 0.8017234984374999 0.8773215140625 0.8035721703125001 0.8368994375 0.7725874984375001 0.8245443765625 0.7793489124999999
323 0.866958009375 0.5634740359375 0.8606834593749999 0.5903732828125 0.8451179171875 0.5890114734375 0.8330080531249999 0.772247046875 0.8698791953124999 0.79899988125 0.9010102796874999 0.8017234984374999 0.908840678125 0.7122216296875 0.9254275765625 0.7019092828125 0.9348138234375 0.54980479375 0.9231396671875001 0.5487834375 0.876443040625 0.5446980124999999 0.866958009375 0.5634740359375
323 0.0176622328125 0.41074685781250003 0.0035572843749999998 0.5271479718750001 0.058377132812499996 0.5280229171874999 0.0669872203125 0.5640667421875001 0.18270743125 0.5859544624999999 0.19564461093750002 0.4380818125 0.040670093750000004 0.41668095625 0.0176622328125 0.41074685781250003
323 0.26354805468750003 0.3342298 0.22531510312499997 0.3230425078125 0.2329514609375 0.28057771875 0.18474661406249998 0.24891214218750002 0.17336528281250002 0.334182171875 0.258441271875 0.3926005828125 0.26354805468750003 0.3342298
1050 0.499557234375 0.0568689125 0.49566584843749995 0.056528460937500004 0.490072203125 0.0756449359375 0.49717406875 0.0841086109375 0.5085077734375 0.08902135312500001 0.525094671875 0.0787090046875 0.5257755765625001 0.070926234375 0.5225650953125001 0.0628030109375 0.5151227765625 0.058230721875 0.521056875 0.0352228609375 0.501599946875 0.0335206 0.499557234375 0.0568689125
1050 0.49829421093750004 0.2057629203125 0.4979537578125 0.2096543046875 0.4969324015625 0.2213284625 0.5043747203125 0.2259007515625 0.51672978125 0.2191393375 0.5135193 0.21101611406249998 0.514881109375 0.19545057187499998 0.4993155671875 0.1940887625 0.49829421093750004 0.2057629203125
1255 0.7526507640625 0.749532009375 0.786651878125 0.7642702359375 0.7880136875 0.7487046937499999 0.7540125734374999 0.7339664671875 0.7526507640625 0.749532009375
323 0.7830021609375 0.6267099328125 0.76743661875 0.625348125 0.7655403171875 0.6918421312499999 0.7613084796875 0.6953930640625 0.7582444109375001 0.730415534375 0.7844627531249999 0.74447285625 0.792245525 0.7451537593750001 0.805863609375 0.5894983375 0.7860662296875 0.5916874625 0.7830021609375 0.6267099328125
819 0.956239390625 1 0.9613285203125 0.963847509375 0.96798506875 0.8877628156249999 0.616159446875 0.6513248 0.4265029109375 0.6229684890625 0 0.8932875625 0 0.954244415625 0.5229887171875001 1 0.956239390625 1