407 0 0.11308459374999999 0.3022139734375 0.19459135624999999 0.4176045484375 0.0384695046875 0.417072428125 0.0045779125 0 0.0337424578125 0 0.11308459374999999
1939 0.48253961875 0 0.4172386890625 0.0045662859375 0.417819184375 0.0415389328125 0.3004334796875 0.1978002984375 0.32299459218750004 0.6064527390625 1 0.7652003781250001 1 0.48253961562500003 0.9662575421874999 0 0.48253961875 0
1567 0.957234359375 0 0.96051843125 0.0899539296875 0.8615571578125 0.1369716515625 0.8538302859375 0.026472250000000003 0.84185951875 0.027309326562500003 0.8425034234375 0.036517609374999996 0.797108159375 0.0181009 0.7960349828125 0.0027537609375 0.7800739578125 0.0038698640625 0.7876740078125 0.1698979953125 0.6600736234375 0.23742497812500002 0.6532052937499999 0.1392032875 0.6394540328125 0.1432493046875 0.6400979390625 0.1524575890625 0.6001953765625 0.1552478484375 0.5986929296875 0.133761853125 0.5887172890625 0.1344594171875 0.5901807296875 0.27007229375 0.527839078125 0.2960227046875 0.5231805109375001 0.20073092812499999 0.5132048703125001 0.20142849375 0.516273175 0.2166361203125 0.484780396875 0.22500718125 0.4859169828125 0.21258995781249998 0.4799315984375 0.21300849687499998 0.48323894375 0.31764806874999996 0.43535586875 0.3209963796875 0.45054616718749996 0.3662007203125 0.521726871875 0.35196996875000003 0.8547376359375001 0.211474996875 0.873464515625 0.1638989375 0.9628794203125001 0.1237176359375 0.9696209296875 0.2774680546875 0.8711523359375001 0.30286026875 0.4965853375 0.3938257125 0.4234095046875 0.4081959765625 0.42113633124999994 0.433030425 0.5282293421875 0.4162884421875 0.9719819171875 0.3112317609375 0.9800746484375 0.45563438125 0.4891219109375 0.45912077656249994 0.4285607515625 0.48186224375000003 0.9822210015625 0.4863286609375 0.9918795906250001 0.6244529140624999 0.4880731390625 0.5301361546875001 0.431072965625 0.5464597421875 0.43193150625000004 0.558737453125 0.49285852500000005 0.5698992031250001 0.5004975828125 0.6218004515625 0.5044878374999999 0.621521425 0.5052585656249999 0.5752009828125 0.6147125640625 0.5922227062500001 0.6198638125 0.6658889734375 0.6238540687499999 0.665609946875 0.6211272203125 0.5979430234375 0.8183034453125 0.636590540625 0.8178985796875 0.716814203125 0.8238839640625001 0.7163956640625 0.8302742140625 0.6357534625000001 0.9888991 0.6678434421875 1 0.7600837609375 1 0.5112107921875 0.964252659375 0 0.957234359375 0
1129 0.6827273484374999 0.21733425624999997 0.776132509375 0.176873928125 0.8520107875 0.143808071875 0.842225378125 0.061212546874999996 0.75935195 0.0515854390625 0.6809858625 0.1064163140625 0.6827273484374999 0.21733425624999997
1129 0.6729419390625 0.1347387296875 0.6012685531249999 0.1705949875 0.6068490703125 0.2504001125 0.6731809796875 0.224170675 0.6729419390625 0.1347387296875
1129 0.5862294796875 0.1562244390625 0.5722635828125 0.1572010296875 0.5316537046875001 0.1785473671875 0.5389513046875 0.282907915625 0.59395635 0.266723840625 0.5862294796875 0.1562244390625
316 0.5657417125 0.780713278125 0.548492875 0.763412815625 0.541800175 0.7823874328125 0.5407269984374999 0.7670402937499999 0.487073175 0.773876571875 0.48857562187500003 0.795362565625 0.46954629218750005 0.78127104375 0.48544390625 0.8079193046875 0.49038051875 0.87851614375 0.5102683890625 0.9048853781249999 0.565273434375 0.8887013046875 0.563897809375 0.8116865828125001 0.5657417125 0.780713278125
557 0.9869039718750001 0.6679829546875 0.87787924375 0.6571000875 0.8210937046875 0.676493103125 0.8228986015625 0.7596466796875 0.8399328031250001 0.7738777156250001 0.8390742609374999 0.7616000046875 0.8636597046875 0.76913413125 0.862737753125 0.784620784375 0.88532806875 0.7922944265625 0.8842548921875 0.7769472875 0.910620828125 0.7812724734375001 0.91034278125 0.8059674093750001 0.92630380625 0.8048513046875 0.9971186515625 0.7567173375 0.9869039718750001 0.6679829546875
557 0.8123180609375 0.6370090796875 0.7126250671875 0.6162203640625 0.6560541640625 0.6386828046875 0.6632005390625 0.7122095609375 0.6711810515625001 0.711651509375 0.6725322734375 0.7023037125 0.6864981703125 0.701327121875 0.6837957265625 0.7200227140625 0.696195765625 0.72532449375 0.6993274796875 0.71276775625 0.7093031203125 0.7120701921875 0.710376296875 0.7274173296875001 0.7205665734375 0.7297891921875 0.7305422140625 0.7290916281250001 0.7292544015625 0.7106750625 0.754761796875 0.7027225375 0.7560496078125001 0.7211391046875 0.7757862531249999 0.716674546875 0.7744984421875001 0.6982579796875 0.8002204718750001 0.6933748828125 0.8032887765625001 0.708582509375 0.8154741812499999 0.7108148609375 0.8123180609375 0.6370090796875
1129 0.8616303703125 0.39605920625 0.753249546875 0.3943846234375 0.6915517999999999 0.429543315625 0.6892786265625 0.45437776406249997 0.7828350125 0.444751228125 0.8652791703125 0.4482394796875 0.8616303703125 0.39605920625
1754 0.5024927109374999 0.6216609375 0.2639358796875 0.6506802031250001 0.28552623125 0.9020942625 0.28773599375000003 0.9050241765625 0.2749212859375 0.6930941421875 0.2923847578125 0.7134640343750001 0.31105802968749996 0.98050425625 0.3230287984375 0.9796671796875 0.30856041875 0.7154173562499999 0.5030097953125 0.68639795 0.51530741875 0.8335909718750001 0.5235025656250001 0.8361023484375 0.5145512937500001 0.6794220156249999 0.5662099890625 0.6727252515625 0.5814490953125 0.8906546296875 0.58964424375 0.8931660046875001 0.5761222187499999 0.69979205 0.5706929265625 0.65082071875 0.5024927109374999 0.6216609375
1567 0.3298043109375 0.24509747499999998 0.328731134375 0.2297503359375 0.320750621875 0.2303083890625 0.3254091875 0.32560016406250003 0.20195028593750003 0.4236819140625 0.21013083125 0.626682690625 0.3442190828125 0.823963578125 0.3658874453125 0.8471238718749999 0.5053951875 0.8065241750000001 0.5018976125 0.7851776921875 0.448458425 0.7950833984375001 0.431136375 0.518695378125 0.492985346875 0.5143704765625 0.491053628125 0.4867456265625 0.4274241640625 0.49427946875 0.41948265781250005 0.3807106390625 0.4820389453125 0.35782965624999996 0.4781121 0.33034431875000003 0.42003874999999996 0.3313207671875 0.40583381406249996 0.2428654109375 0.3298043109375 0.24509747499999998
676 0.06356452812499999 0.6523537859374999 0.1311842484375 0.6445409203125 0.117876859375 0.4542363921875 0.047832740624999995 0.4560499171875 0.06356452812499999 0.6523537859374999
1567 0.1981600625 0.62751976875 0.208779609375 0.6360304859375 0.20452590937499998 0.460515046875 0.200384428125 0.42996028124999996 0.184423403125 0.431076384375 0.18227705 0.4003821078125 0.176291665625 0.40080064687499994 0.1786526546875 0.43456435156250006 0.12257443125 0.43540128593749994 0.11843295000000001 0.404846521875 0.1311842484375 0.6445409203125 0.19923323906249998 0.64286690625 0.1981600625 0.62751976875
557 0.6200150375 0.696722765625 0.620722353125 0.6781666859375 0.6289175015625 0.6806780609375 0.629990678125 0.6960252 0.636190696875 0.698676090625 0.6371126484375 0.6831894375 0.6495126875 0.688491215625 0.6508005 0.7069077828125 0.6587810125 0.70634973125 0.6540590359375 0.6388223171875 0.6928884203125001 0.62068491875 0.6583273375 0.61384835625 0.613083296875 0.6262654375000001 0.6136003828125001 0.6910024499999999 0.6200150375 0.696722765625
1939 0 0.46011803906250004 0.00703263125 0.5606893484375 0.049574226562500004 0.5669678593749999 0.055584015625000004 0.6529118390625 0.3234238625 0.612591596875 0.2982237171875 0.1948703828125 0 0.1187559265625 0 0.46011803906250004
819 1 0.766525484375 0.325418990625 0.6124520828125 0.055584015625000004 0.6529118390625 0.049788862499999996 0.5700372875 0.00703263125 0.5606893484375 0.03964060625 1 0.4292413828125 1 1 0.9600886703124999 1 0.766525484375