407 0.0878318078125 0 0 0.45185547187499997 0 0.4629198609375 0.41885249843750005 0 0.0878318078125 0
1567 0 0.5378100453125 0.05744507812500001 0.5452949859375 0.0658593890625 0.5429512 0.086414746875 0.5190912234375 0.12401421093750001 0.5303791796875 0.14137269218749998 0.48202162031249995 0.168851665625 0.46348681875000003 0.19569303437500002 0.468704253125 0.064700775 0.7536321796875 0.075458871875 0.7597027046875 0.17311711875 0.5439031812499999 0.21369797343750002 0.5398532140625 0.23712697968750002 0.4807375578125 0.332881265625 0.4794534953125 0.374198615625 0.328310290625 0.488802078125 0.27099970624999997 0.5072291375 0.27856092499999996 0.3346051546875 0.7981375515625 0.3223563625 0.799735990625 0.2959459671875 0.8741895718749999 0.3320547359375 0.893146490625 0.5323643234375 0.2516118140625 0.54152398125 0.24543354687500002 0.7150276156250001 0.171716459375 0.7973656453125 0.239453059375 0.831867121875 0.10290243125000001 0.8868250671875 0.06583282812499999 0.7602871890625 0.04123635625 0.571661115625 0.15180755937499998 0.6253739953124999 0.0150118890625 0.5985721125000001 0.0098021296875 0.5350224859375 0.176520628125 0 0.5111653281249999 0 0.5378100453125
1255 0.9042094671875001 1 0.9048831265624999 0.9965343265625 0.6439229203125 0.9060151796874999 0.641686878125 0.9175186234374999 0.6486104921875 0.9228438000000001 0.6448837546874999 0.9420162062499999 0.6295458296875001 0.9390348156250001 0.6176953984375 1 0.9042094671875001 1
1242 0.7602871890625 0.04123635625 0.626080346875 0.015149189062499999 0.5769862921875 0.14488394531249998 0.7602871890625 0.04123635625
1242 0.424659490625 0 0.1295371671875 0.2767735609375 0.108451946875 0.34430352656249996 0.45246897031250005 0.068948521875 0.5407479109375 0 0.424659490625 0
1242 0.5407946375 0 0.104617465625 0.3435581796875 0 0.4580102609375 0 0.514083525 0.5350224859375 0.176520628125 0.5985721125000001 0.0098021296875 0.5481445234375 0 0.5407946375 0
1255 0.6295458296875001 0.9390348156250001 0.6456291015625 0.938181725 0.6478651453125 0.9266782812500001 0.5474232859375 0.9111337234375 0.358572875 0.8386106640625 0.3313093875 0.8969809718749999 0.3604945421875 0.910612715625 0.54252908125 0.9977283531250001 0.6183656156249999 0.9965520328125 0.6295458296875001 0.9390348156250001
1255 0.22106141406250002 0.7681081609375 0.2022122375 0.8241346828125 0.2966913140625 0.8703550906249999 0.3223563625 0.799735990625 0.22106141406250002 0.7681081609375
1255 0.20679206562500002 0.82104555 0.22564124218749998 0.7650190265625 0.19879987500000001 0.75980159375 0.13893887031250002 0.74020706875 0.140429565625 0.73253810625 0.0944157921875 0.723593934375 0.075458871875 0.7597027046875 0.1015548921875 0.76875461875 0.123071084375 0.7808956671875 0.179950696875 0.815828115625 0.20679206562500002 0.82104555
1255 0 0.7209266984375 0.0654461234375 0.7497976984375 0.07524338593749999 0.719867196875 0.0330640921875 0.7116683734375 0 0.6993309921875001 0 0.7209266984375
1242 0 0.6861928921875 0.06511404062500001 0.54678568125 0 0.53764931875 0 0.6861928921875
1242 0 0.697282640625 0.0728996 0.7114528875 0.19569303437500002 0.468704253125 0.168851665625 0.46348681875000003 0.13753821093750002 0.4812762734375 0.12017972968749999 0.5296338328125 0.08258026562500001 0.518345875 0.0666047359375 0.53911671875 0 0.6880700140625 0 0.697282640625
1242 0.20762745 0.550611309375 0.1593776328125 0.5531705812500001 0.0944157921875 0.723593934375 0.13968421875 0.7363725875 0.14277335156249998 0.7409524171874999 0.19954522187499998 0.7559671125 0.2294757234375 0.765764375 0.31094295625 0.5309001890625 0.329046784375 0.478708146875 0.29986163125 0.46507640468749994 0.235636284375 0.4884065203125 0.20762745 0.550611309375
1242 0.37036413437500004 0.32756494375 0.23331020468750002 0.766509721875 0.32768153906249997 0.792812375 0.5072291375 0.27856092499999996 0.492636559375 0.27174505312499997 0.37036413437500004 0.32756494375
819 0.6137160359375 1 0.6137857859375 0.9996411671875001 0.5463635625000001 0.9984737000000001 0 0.7178110703125 0 0.9046763578125001 0.4762562359375 1 0.6137160359375 1