407 1 0.06535663124999999 0.7281841703125 0.027155407812499997 0.986435715625 0.6314783046875 1 0.5349634062499999 1 0.06535663124999999
1567 0.30306855312500003 0 0.31549579375 0.01649150625 0.303661046875 0.15683524375 0.4035660609375 0.1195956703125 0.543617034375 0.245783803125 0.5502662140625 0.2546075625 0.5307993890625 0.9264049406250001 0.5711126703125 0.9202366859375 0.570380865625 0.8412410578125 0.55931980625 0.8357418890625 0.565258228125 0.2882716640625 0.5851430453125 0.2871216546875 0.6748442484375 0.378621115625 0.6647031546875 0.5349814359375 0.7548225609375 0.5673700875 0.757728946875 0.6308927765625 0.7947803578125 0.6479339296875 0.8168605921875001 0.8837708031249999 0.8290089421875001 0.8815335031249999 0.7979167875 0.569481946875 0.8249944296875 0.5732874609375 0.84494196875 0.5997587390625 0.845611053125 0.651133078125 0.8848370453125 0.6527012937500001 0.8965044687500001 0.681953515625 0.90369729375 0.686909040625 0.965045403125 0.69947559375 0.9744128078125 0.6889581796875001 0.9755000968750001 0.6812217109375001 0.5722001718749999 0.1827420390625 0.566391053125 0.0044168671875000004 0.5393532421875 0.0006169515625 0.545603453125 0.147447003125 0.41913015 0 0.30306855312500003 0
1255 0 0.9306987296875 0.2220724234375 0.9619089734375 0.23457625625 0.8729395765625 0.21910331875 0.870764996875 0.22182154375000002 0.8514238234375 0.2301016578125 0.8486428796875 0.23173259218750003 0.837038175 0 0.837564375 0 0.9306987296875
1242 0.4196374609375 0 0.542822509375 0.13916688906250002 0.5386406734375 0.00051680625 0.5349634062499999 0 0.4196374609375 0
1242 0.9209057703125 0.48026166875 0.922954909375 0.40954615624999996 0.7204477015624999 0.0260681171875 0.6232372828125 0.012406084375 0.6852781046875001 0.1079074109375 0.9209057703125 0.48026166875
1242 0.9683072718749999 0.6762661859375 0.9790965093749999 0.683699471875 0.9873253156249999 0.6251484671875 0.9247740046875 0.4808053140625 0.623209509375 0.01240218125 0.566391053125 0.0044168671875000004 0.5722001718749999 0.1827420390625 0.9683072718749999 0.6762661859375
1255 0.523481125 0.8662068406250001 0.3213083546875 0.8732950609374999 0.22127789843749998 0.8552920593750001 0.2196469640625 0.8668967625 0.23457625625 0.8729395765625 0.22642158281250002 0.930963096875 0.2977434609375 0.9567652890625 0.49822257812500004 0.933660484375 0.5302557453125 0.930273175 0.523481125 0.8662068406250001
1255 0.570380865625 0.8412410578125 0.5716563156250001 0.9163684515625 0.67603593125 0.9034255765625 0.6764541359375 0.8443147671875 0.570380865625 0.8412410578125
1255 0.8106923374999999 0.843457521875 0.7642735218750001 0.8369337828125 0.7631862328125 0.8446702515625001 0.7002071890625 0.8437084015625 0.6731295453125 0.8399028875000001 0.672711340625 0.8990136968750001 0.699788984375 0.9028192109375001 0.7649426078125 0.888308121875 0.7892393046875 0.883833521875 0.8168605921875001 0.8837708031249999 0.8106923374999999 0.843457521875
1255 0.8725840921874999 0.8521558406249999 0.8300335109375 0.8461757453125 0.8295525859374999 0.8776652671875 0.9173719734375 0.8702842828125 0.9200901984375 0.8509431093750001 0.8725840921874999 0.8521558406249999
1242 0.9689136375 0.7000192390625 0.8959608250000001 0.68582175 0.9128973734375 0.8459875859375 0.9239584328125 0.8514867546874999 0.954904309375 0.8558359140625 0.9782810421875 0.689501825 0.9705445718749999 0.688414534375 0.9689136375 0.7000192390625
1242 0.8970481140625 0.67808528125 0.8887052796875 0.6532449390624999 0.8494792890625 0.6516767234375 0.848810203125 0.6003023828125 0.8249944296875 0.5732874609375 0.7979167875 0.569481946875 0.8349890359375 0.838982921875 0.912353728125 0.8498558203125001 0.8970481140625 0.67808528125
1242 0.6692613109375001 0.8393592421875 0.7007508328125 0.8398401671875 0.7593179984375 0.84412660625 0.763729878125 0.8408020171875 0.8106923374999999 0.843457521875 0.804754128125 0.66116956875 0.759966246875 0.643041125 0.753735271875 0.57510655625 0.70060455625 0.5321377703125 0.6685713890625 0.53552508125 0.6686968296875 0.5907676562499999 0.6692613109375001 0.8393592421875
1242 0.6787124828125 0.379164759375 0.5812748109375 0.286578009375 0.565258228125 0.2882716640625 0.5675999203125001 0.8329609437500001 0.6653930765625 0.8388155968750001 0.6787124828125 0.379164759375
819 0.9329244250000001 1 0.9407695421875 0.9564100140624999 0.9548499453125 0.8562227375000001 0.9195465531250001 0.85481134375 0.91791561875 0.8664160484375 0.2938752265625 0.95622164375 0.2297461734375 0.9353749765625 0.2259406578125 0.9624526187500001 0.504316921875 1 0.9329244250000001 1