407 0.00392156875 0 0.0078431375 0.4490861625 0.6176470593750001 0.5117493468750001 0.6588235296875 0.488250653125 0.7078431375 0.4804177546875 0.7470588234375 0.46997389062500006 0.786274509375 0.46997389062500006 0.998039215625 0.5352480421875 0.998039215625 0 0.00392156875 0
1939 1 0.6161879890625 0.998039215625 0.5378590078125 0.984313725 0.5300261093749999 0.9627450984375001 0.5221932109375 0.8784313718750001 0.4960835515625 0.794117646875 0.475195821875 0.7529411765625 0.47258485625 0.713725490625 0.47780678906249996 0.6686274515624999 0.488250653125 0.61960784375 0.5117493468750001 0.6176470593750001 0.5953002609375 0.7392156859375001 0.60052219375 1 0.6161879890625
1939 0.61960784375 0.5926892953125 0.61960784375 0.5169712796875 0.005882353125 0.4490861625 0.005882353125 0.7702349875000001 0.61960784375 0.5926892953125
819 0.998039215625 0.9921671015625 0.998039215625 0.61879895625 0.621568628125 0.5926892953125 0.005882353125 0.772845953125 0.00392156875 0.997389034375 0.998039215625 0.9921671015625
1129 0.0921568625 0.78851175 0.1529411765625 0.778067884375 0.1549019609375 0.5639686687500001 0.0647058828125 0.561357703125 0.01176470625 0.566579634375 0.0078431375 0.864229765625 0.08823529375 0.8720626625 0.0921568625 0.78851175
1129 0.1568627453125 0.5691906 0.1549019609375 0.73890339375 0.190196078125 0.7258485640625 0.21960784375000003 0.7284595296874999 0.2450980390625 0.7284595296874999 0.2431372546875 0.5744125328125 0.1745098046875 0.566579634375 0.1568627453125 0.5691906
1129 0.913725490625 0.9895561359375 0.998039215625 0.9921671015625 0.9941176468749999 0.7101827671875001 0.921568628125 0.7101827671875001 0.913725490625 0.9895561359375
1129 0.8588235296875 0.984334203125 0.8627450984375 0.9921671015625 0.91176470625 0.9921671015625 0.917647059375 0.712793734375 0.9941176468749999 0.712793734375 0.998039215625 0.621409921875 0.9392156859374999 0.61879895625 0.9352941171875001 0.63707571875 0.8607843140625 0.6344647515624999 0.8588235296875 0.984334203125
1129 0.8666666671875 0.6318537859375 0.8745098046875001 0.6318537859375 0.9352941171875001 0.639686684375 0.9372549015624999 0.6240208875000001 0.998039215625 0.61879895625 0.998039215625 0.566579634375 0.9529411765625 0.5691906 0.9529411765625 0.58224543125 0.8705882359375 0.58224543125 0.8666666671875 0.6318537859375
1129 0.8588235296875 0.63707571875 0.8647058828124999 0.63707571875 0.8686274515625 0.58224543125 0.8666666671875 0.5770234984375 0.786274509375 0.5796344640625 0.786274509375 0.6161879890625 0.7588235296875 0.6161879890625 0.7588235296875 0.6344647515624999 0.7431372546875 0.6344647515624999 0.7431372546875 0.676240209375 0.7470588234375 0.676240209375 0.7470588234375 0.6892950390625 0.7588235296875 0.6919060046875 0.7647058828125 0.712793734375 0.8313725484375001 0.7154047 0.8411764703125 0.7154047 0.8588235296875 0.712793734375 0.8588235296875 0.63707571875
1129 0.8745098046875001 0.58224543125 0.9490196078125 0.584856396875 0.9509803921875 0.5691906 0.984313725 0.566579634375 0.986274509375 0.5404699734375 0.8764705875000001 0.5404699734375 0.8745098046875001 0.58224543125
1129 0.7705882359375 0.5639686687500001 0.7490196078125 0.561357703125 0.7431372546875 0.605744125 0.7549019609375 0.608355090625 0.7549019609375 0.6161879890625 0.786274509375 0.6135770234375 0.784313725 0.5770234984375 0.8725490203125 0.58224543125 0.8725490203125 0.5509138375 0.7764705875 0.548302871875 0.7705882359375 0.5639686687500001
1129 0.621568628125 0.5926892953125 0.7098039218750001 0.605744125 0.71176470625 0.6240208875000001 0.7294117640625 0.6240208875000001 0.7333333328125 0.608355090625 0.7313725484375 0.5509138375 0.621568628125 0.54569190625 0.621568628125 0.5926892953125
1129 0.4764705875 0.548302871875 0.3607843140625 0.5535248046875 0.394117646875 0.5691906 0.394117646875 0.5926892953125 0.490196078125 0.5874673625 0.49411764687500004 0.5770234984375 0.521568628125 0.5770234984375 0.598039215625 0.5796344640625 0.598039215625 0.5979112265625 0.6176470593750001 0.5979112265625 0.6176470593750001 0.548302871875 0.505882353125 0.54569190625 0.4764705875 0.548302871875
1129 0.7098039218750001 0.6266318531249999 0.7078431375 0.605744125 0.686274509375 0.605744125 0.68823529375 0.6501305484375 0.694117646875 0.6527415140625 0.694117646875 0.7232375984375 0.7098039218750001 0.7258485640625 0.7078431375 0.7597911234375 0.7294117640625 0.7597911234375 0.7294117640625 0.6266318531249999 0.7098039218750001 0.6266318531249999
1129 0.6372549015625 0.6240208875000001 0.6372549015625 0.6527415140625 0.684313725 0.6527415140625 0.682352940625 0.603133159375 0.6294117640625 0.5979112265625 0.6274509796875 0.61879895625 0.6372549015625 0.6240208875000001
1129 0.59607843125 0.8355091390625 0.6470588234375 0.8355091390625 0.6470588234375 0.8511749343749999 0.68039215625 0.8459530031250001 0.684313725 0.832898171875 0.71176470625 0.832898171875 0.71176470625 0.8041775453125 0.721568628125 0.8041775453125 0.7254901953124999 0.78851175 0.71176470625 0.7859007828125 0.713725490625 0.7676240203125 0.7098039218750001 0.7650130546875 0.7078431375 0.7310704953125 0.6921568625 0.7232375984375 0.690196078125 0.6553524796875 0.6333333328124999 0.6527415140625 0.6352941171875 0.6240208875000001 0.6254901953124999 0.61879895625 0.6254901953124999 0.60052219375 0.598039215625 0.603133159375 0.59607843125 0.6788511749999999 0.59607843125 0.8355091390625
1129 0.6450980390625001 0.8381201046875001 0.594117646875 0.8355091390625 0.586274509375 0.8459530031250001 0.5921568625 0.8511749343749999 0.5921568625 0.906005221875 0.6352941171875 0.9112271546875 0.6470588234375 0.8746736296875 0.6450980390625001 0.8381201046875001
1050 0.28431372499999996 0.0052219328125 0.27450980468749997 0.0052219328125 0.27450980468749997 0.08355091406250001 0.2666666671875 0.0887728453125 0.2666666671875 0.10443864218750001 0.2725490203125 0.10443864218750001 0.2725490203125 0.109660575 0.2607843140625 0.1227154046875 0.2568627453125 0.1383812015625 0.2568627453125 0.1462140984375 0.2686274515625 0.154046996875 0.28039215624999997 0.154046996875 0.29607843125 0.15143603125 0.3 0.14099216718750002 0.294117646875 0.1227154046875 0.282352940625 0.109660575 0.29019607812500003 0.0992167109375 0.28823529375 0.08355091406250001 0.28431372499999996 0.08355091406250001 0.28431372499999996 0.0496083546875 0.28431372499999996 0.0052219328125