407 0.460789528125 0 0.468293621875 0.03224566875 0.6180258984375 0.15581452812500002 0.8980441984375 0 0.460789528125 0
1939 0.4562556671875 0 0 0.080450184375 0 0.543744334375 0.06065169687500001 0.8877172015625 0.697500840625 0.5604691546875 0.620529815625 0.158497409375 0.4688279234375 0.035275846875 0.46061865781250005 0 0.4562556671875 0
1567 0 0.5322267953125001 0.0734148375 0.948583028125 0.0861335421875 0.9400915968750001 0.06622829531249999 0.781133171875 0.2123780765625 0.71162156875 0.2380876234375 0.7883224109375 0.2439964703125 0.787280521875 0.22419577031250001 0.709537790625 0.40616533749999995 0.6243370234375 0.41988960000000003 0.6906536359375 0.4238288296875 0.6899590421874999 0.41100557968749996 0.617234778125 0.5130904015625 0.5742393546875 0.5250441625 0.6189974265625 0.52898339375 0.6183028328125 0.523839490625 0.5660952203125 0.5802564453125 0.540525440625 0.5781192359375 0.5284047296875001 0.5188631781249999 0.5263556125 0.052839220312500004 0.7397525734375 0.0287956265625 0.6033945765625 0.5649292765625 0.46511829374999997 0.500665384375 0.457703415625 0.02345260625 0.5730927984374999 0 0.4500605484375 0 0.5322267953125001
1567 0 0.2541002859375 0.0563187703125 0.2642318203125 0.085999071875 0.305864225 0.44310680312499995 0.3616233 0.5156158671875 0.358211165625 0.5194190296875 0.310674721875 0.47214825625 0.31900983437499997 0.4500427546875 0.21667838437500003 0.4441339078125 0.21772027343749997 0.44824073281250004 0.2294936875 0.4156582796875 0.22899007500000002 0.4149563859375 0.21349189062499999 0.4051083078125 0.21522837187500002 0.4236412875 0.30881658437500004 0.3568734765625 0.2987188234375 0.32548572343750004 0.1667801890625 0.3156376453125 0.168516671875 0.31937776093750003 0.189727915625 0.27998544999999997 0.19667384375000002 0.27838254375 0.187583309375 0.2640609328125 0.18698420625 0.28115860000000004 0.2839498921875 0.1410122375 0.2492980765625 0.10822069375000001 0.08636307343750001 0.09246376875 0.08914144375000001 0.09513527968749999 0.10429233281250001 0.055543853125 0.1331440953125 0.05394094687499999 0.12405356249999999 0.0421232546875 0.12613734062499998 0.0613581296875 0.2352237390625 0 0.222837315625 0 0.2541002859375
1129 0.153898534375 0.25327465312499997 0.2543174015625 0.2699363828125 0.2291736796875 0.161891875 0.1398706109375 0.1276481828125 0.061787885937499995 0.157038221875 0.0722748109375 0.23954761093750002 0.153898534375 0.25327465312499997
1129 0.2652340828125 0.27426025625 0.335941125 0.28366342499999997 0.3220492703125 0.2048788046875 0.24383047656249998 0.1874269921875 0.2652340828125 0.27426025625
1129 0.33316506874999996 0.1872968421875 0.35239994375 0.2963832375 0.40968638593750006 0.29877965156249997 0.391520115625 0.195753609375 0.346952378125 0.1848657671875 0.33316506874999996 0.1872968421875
316 0.5886161359375001 0.795251346875 0.5975947265625 0.7655486734375 0.582539696875 0.783825228125 0.5787995828125 0.7626139843749999 0.5250856625 0.7689608078125 0.527757171875 0.7841116968749999 0.5166728984375 0.7673198171875 0.5041217859375 0.788279253125 0.5134040375 0.8178864375 0.530700821875 0.8929462875 0.5879872640625 0.8953426999999999 0.600905084375 0.8649454343749999 0.5886161359375001 0.795251346875
557 0.1941587328125 0.861680440625 0.19683024375 0.8768313296875 0.21689310781249999 0.8639205359375 0.21225198125000003 0.8491169421875 0.2342844625 0.8358588546875 0.2364216703125 0.8479795640625 0.24950708437500002 0.8300503046875001 0.23114169687500002 0.7489301015625001 0.17135133593750002 0.74385080625 0.0681979109375 0.7807858750000001 0.079753440625 0.869355621875 0.16010944375 0.8989281437500001 0.17586636718749998 0.8961497734374999 0.1696223359375 0.8722556484374999 0.1941587328125 0.861680440625
557 0.28482409375 0.7769571203125001 0.3050545515625 0.7765143343750001 0.3018487390625 0.75833326875 0.32852234375 0.759878771875 0.33172815624999996 0.7780598375000001 0.341576234375 0.7763233546875 0.350890009375 0.7715566953125 0.3482185 0.7564058078125 0.3580665765625 0.7546693265625 0.364143015625 0.76609544375 0.3748921046875 0.7579513109375 0.3677470609375 0.7404648359375 0.3815343703125 0.7380337609375001 0.3851068921875 0.746777 0.392985353125 0.7453878140625 0.38213171875 0.6723162515625 0.32180705781249996 0.66420678125 0.230104615625 0.7084959015625001 0.24489748125 0.7808728703125001 0.256180871875 0.7757589140625 0.255478978125 0.760260728125 0.28161828125 0.758776053125 0.28482409375 0.7769571203125001
1129 0.22872237499999998 0.45878846093750003 0.12396604375 0.48663299687499995 0.13304917968750002 0.53814601875 0.21220050937499998 0.5148163343750001 0.3053067390625 0.501523584375 0.2970930921875 0.47797675625 0.22872237499999998 0.45878846093750003
1754 0.47754275156250003 0.68361221875 0.52928705625 0.6776126921875 0.558506078125 0.8318044578125001 0.5658502375000001 0.82738509375 0.542173353125 0.6815892703124999 0.7378671828125001 0.6627051140625 0.78775639375 0.9226058046875 0.7995740875 0.9205220265625 0.75308980625 0.6568965671875 0.7651066156249999 0.6329069515625 0.803943075 0.8416419156250001 0.8053783875 0.83826444375 0.7655048484375 0.5890952781250001 0.5270137781249999 0.6186501296875 0.467893790625 0.6634428640625 0.4744730078125 0.7122730046875 0.5081340390625 0.9031741999999999 0.5154782 0.8987548359374999 0.47754275156250003 0.68361221875
1567 0.5492669234374999 0.364775134375 0.5690361015625001 0.476891709375 0.505474103125 0.484975015625 0.510282821875 0.5122466140624999 0.5713409015625001 0.5014804265625 0.6213977046875 0.773849125 0.5671494828125 0.7771657703125 0.56891998125 0.7987243109375 0.714105703125 0.8043680453125001 0.7295274421875 0.7766536609375 0.8119061328124999 0.5527939749999999 0.7707333484375 0.353844134375 0.6272135796875 0.28854324375 0.6086806 0.19495503281249998 0.6008021375 0.1963442171875 0.6034736484375001 0.2114951046875 0.5291625609375 0.22772254531249997 0.536778859375 0.316986884375 0.4801943125 0.33008865468750004 0.483033415625 0.3577075515625 0.5492669234374999 0.364775134375
676 0.928103471875 0.3479662625 0.8597012312500001 0.3631518125 0.8928279609375 0.55102283125 0.960329190625 0.5422449312500001 0.928103471875 0.3479662625
1567 0.795971640625 0.3587671109375 0.7900943171875 0.3254351578125 0.784185471875 0.326477046875 0.7895284921875 0.356778821875 0.7737715671875 0.35955719375 0.7771449734375 0.3902062671875 0.8154786546875 0.5615372109375001 0.8237238250000001 0.550710196875 0.8263953359375 0.5658610828125 0.8928279609375 0.55102283125 0.8472131671875 0.3153635625 0.850586571875 0.3460126359375 0.795971640625 0.3587671109375
557 0.384101334375 0.67196895625 0.39585598125 0.738632865625 0.4037344421875 0.7372436796875 0.4005286296875 0.7190626140624999 0.41127771874999997 0.7109184796875 0.4159188453125 0.725722071875 0.4212933890625 0.72165000625 0.418621878125 0.7064991171874999 0.4259660390625 0.7020797546875001 0.4311414671875 0.7199135234375 0.435981709375 0.7128112796875 0.420822134375 0.6498721390625 0.37391807187500004 0.6487694234375 0.3420375140625 0.6637639937500001 0.384101334375 0.67196895625
1939 0.909840896875 0 0.6219651296875 0.1551199359375 0.6985694437500001 0.5665295109375 0.9682076515625001 0.5408557453125 0.95324719375 0.45601077187500005 0.9930062140624999 0.439627015625 0.9331643796875 0.10024711093750001 0.9154881093749999 0 0.909840896875 0
819 1 0.4803072390625 0.9930062140624999 0.439627015625 0.9537814953125 0.4590409484375 0.9682076515625001 0.5408557453125 0.696599828125 0.56687680625 0.062728796875 0.8879794750000001 0.08248103749999999 1 0.5083057375 1 1 0.9133010359375 1 0.4803072390625