883 1 0.1994933765625 0.1008126765625 0.07101296562500001 0.08256938593749999 0.14418280781249998 1 0.3187605578125 1 0.1994933765625
407 0.11622794375 0 0.10024283593750001 0.0641127671875 1 0.1958922375 1 0.10935718750000001 0.5613922796875 0 0.11622794375 0
263 0.6668632453125001 0.8136180968750001 0.8209938265625001 0.9027330828125001 0.855916978125 0.826963875 0.88821428125 0.7066121765625 0.7179736765625 0.6269967546874999 0.6668632453125001 0.8136180968750001
1371 0.12422199062499999 0.48233689375 0.35428965625000003 0.634312915625 0.40737884218750003 0.5867264359375 0.171758871875 0.4570194984375 0.12422199062499999 0.48233689375
1372 0.1043693828125 0.49766145 0.0517268890625 0.5250849343749999 0.0483307953125 0.5478916203125 0.2584227078125 0.6881290046874999 0.249127815625 0.716223078125 0.2849902453125 0.7285436484375001 0.3295777265625 0.70586994375 0.3446482703125 0.6454252921875 0.1043693828125 0.49766145
1372 0 0.5542513125 0.1623094671875 0.6878187109375 0.160053053125 0.7244257953125001 0.1892234984375 0.74521505 0.24538523125 0.72204806875 0.252523909375 0.6934163921875001 0.028578389062499997 0.5260714875 0 0.5369117937500001 0 0.5542513125
1372 0 0.6984703375 0.085971578125 0.7735364312499999 0.1531377203125 0.7429759765624999 0.1623094671875 0.6878187109375 0 0.563264459375 0 0.6984703375
263 0.2861528703125 0.806551928125 0.2490964484375 0.9459914109374999 0.3827816375 0.9793228734375001 0.447668421875 0.9211616203125 0.4852717375 0.7244144546875 0.441800990625 0.696680675 0.2861528703125 0.806551928125
1958 0.1162279453125 0 0 0.4661648234375 0 0.8835404406249999 0.47376497500000003 1 0.8883525609375 1 1 0.55220658125 1 0.10935718750000001 0.5613922796875 0 0.1162279453125 0
1939 1 0.3207003171875 0.6527029328125 0.2457843328125 0.6129434046875 0.44199389531250005 0.968618303125 0.5678432796874999 0.99449285625 0.5742945296874999 1 0.5522065828125 1 0.3207003171875
1939 0 0.5815332265625 0.5836727578125 0.45834933125 0.61215021875 0.44517519375000003 0.648167159375 0.254790621875 0.0801898265625 0.1537267 0 0.4829449546875 0 0.5815332265625
819 0.887643971875 1 0.98859405625 0.5795819171875001 0.6150996171875 0.4425315 0 0.5839495953125 0 0.879823259375 0.4959584859375 1 0.887643971875 1
1372 0 0.815362978125 0.0317427125 0.8073225109375001 0.0320662609375 0.760096325 0 0.724673296875 0 0.815362978125