407 0.486907046875 0 0 0.0255177171875 0 0.510557446875 0.413362525 0.488894034375 0.7132855796875 0 0.486907046875 0
1050 0 0.0881034875 0.5044092953125 0.06166851718750001 0.503387109375 0.042164034375 0 0.07225840781250001 0 0.0881034875
1051 0 0.21327503124999997 0.08185266249999999 0.20898531562499997 0.0644091390625 0.1746949953125 0 0.181013275 0 0.21327503124999997
1050 0 0.2993304671875 0.44913366874999994 0.27579236875 0.44831591875 0.2601887828125 0 0.283684025 0 0.2993304671875
1050 0 0.412742678125 0.4273472 0.3825476390625 0.42652945156250005 0.366944053125 0 0.40097878124999997 0 0.412742678125
1050 0.06887358593750001 0.4091576671875 0.085703796875 0.43174529687499996 0.19041469375 0.4145228 0.18980138124999998 0.402820109375 0.06887358593750001 0.4091576671875
1050 0.00151956875 0.46745009218750005 0.00254175625 0.48695457500000006 0.4035163578125 0.45029394375000004 0.4144012984375 0.43407704531249997 0.00151956875 0.46745009218750005
1567 0.7144790453125001 0 0.41663352187499997 0.5513083812499999 0.4375358921875 0.7262354171875 0.973561053125 0.878077621875 0.9893690765625 0.88116076875 0.988346890625 0.8616562859375 1 0.861045571875 1 0.6361829921875 0.9666590609375 0 0.7144790453125001 0
1129 0.589006946875 0 0.5816094781250001 0.041976184374999996 0.56414936875 0.0820073375 0.5735866609375 0.1128056359375 0.5581875109375 0.11752428125 0.5417495890625 0.1770599171875 0.5144433125 0.178490978125 0.5076637046875 0.1984043359375 0.5125867890625 0.21770438281249999 0.49308230625 0.21872656875000002 0.47870534375 0.2429496984375 0.49224796875 0.2774444546875 0.47417454687499994 0.30577291875 0.4807331296875 0.3562801375 0.45444903906249995 0.37721568125 0.4558801 0.4045219578125 0.4328835953125 0.41355037499999997 0.43061819687499997 0.44496198593749997 0.41274921249999996 0.4771913453125 0.41602021093749997 0.539605690625 0.7032330015625 0 0.589006946875 0
1255 0.8926092593750001 0.22908113437500002 0.802463175 0.300302871875 0.8158013640625 0.3308967328125 0.9022509890625001 0.2637803296875 0.8926092593750001 0.22908113437500002
1129 0.7983250156249999 0 0.78035076875 0.027648984375 0.805750759375 0.2883957453125 0.9704393421875 0.1467700171875 0.9627474515625 0 0.7983250156249999 0
1255 0.8043031109375001 0.3354109421875 0.8030764874999999 0.3120055625 0.701841025 0.395543303125 0.7032720859375 0.42284957968750003 0.8043031109375001 0.3354109421875
1255 0.85453954375 0.62223735625 0.849412021875 0.5990364140625 0.7835056546875 0.6103136421875 0.7888376125 0.6374154812499999 0.85453954375 0.62223735625
1129 0.7304236875 0.1945532015625 0.6786732578125 0.25202787656250003 0.690138334375 0.3961566140625 0.8022587375000001 0.2964019765625 0.7731622875 0.0397605484375 0.725721628125 0.1048325796875 0.7304236875 0.1945532015625
381 0.8051042734375 0.42533600156249995 0.7934015828125001 0.4259493140625 0.7741015375 0.430872396875 0.7911030109375 0.6060038703124999 0.8800058828124999 0.585698225 0.8662919953125 0.39865962499999996 0.8313883625 0.40440045781249995 0.8042865234375001 0.409732415625 0.8051042734375 0.42533600156249995
381 0.8407427171874999 0.806806121875 0.8489533859374999 0.8141990390625 0.8766685359374999 0.820569771875 0.8547439796875 0.6261382531249999 0.8274377046874999 0.6275693140625 0.7888376125 0.6374154812499999 0.8054302109375 0.8047451609375 0.8251391312499999 0.8076238703125 0.8407427171874999 0.806806121875
1255 0.7949541453125 0.8287638515625 0.8744031390625 0.8519813812500001 0.872972078125 0.82467510625 0.8017337515625 0.80885049375 0.7949541453125 0.8287638515625
1255 0.8848792046874999 0.8279626906249999 0.872767640625 0.8207742093749999 0.8741987015625 0.8480804859375001 0.9612450515625 0.86698824375 0.9559130937500001 0.8398864046875 0.8848792046874999 0.8279626906249999
1256 0.62339763125 0.4661517296875 0.5860241625 0.499403275 0.5521427171875 0.524648590625 0.5494684453125 0.5482584078125 0.6697995156250001 0.4558966875 0.688077375 0.43146912187500003 0.6527648671875 0.42940816093749995 0.62339763125 0.4661517296875
1129 0.6006055625 0.47908104218750003 0.5858529 0.3468594328125 0.53636786875 0.372922496875 0.5441364875 0.52115656875 0.6006055625 0.47908104218750003
1129 0.5288920125 0.75274053125 0.56461339375 0.762603284375 0.5603367984375 0.6063629828125 0.517426934375 0.60861179375 0.5288920125 0.75274053125
1255 0.2634266046875 0.7627413734374999 0.2213344921875 0.7805937703125 0.1316138703125 0.785295828125 0.13243161875 0.8008994156250001 0.222152240625 0.79619735625 0.26013902031249997 0.7746485 0.2634266046875 0.7627413734374999
1129 0.20845494062499997 0.5348372828125 0.11873431718750001 0.539539340625 0.1275085359375 0.78159936875 0.2213344921875 0.7805937703125 0.26301773125 0.7549395796875 0.2501215921875 0.583504565625 0.20845494062499997 0.5348372828125
1129 0.413926075 0.72356114375 0.40101334843750003 0.626447603125 0.35399815156250003 0.6249999546875 0.35972239687499996 0.734225059375 0.3987313625 0.7321806859375 0.413926075 0.72356114375
1129 0.297716925 0.74529785 0.316812534375 0.7364738703125 0.3112927265625 0.6311496609375 0.29425807812500004 0.604661134375 0.2548402375 0.5989037140625 0.26281329375 0.7510386828125 0.297716925 0.74529785
1255 0.056866934375 0.8517989203124999 0.017672115625000002 0.850297025 0.0190845921875 0.8772486734375 0.058093557812499995 0.8752043 0.099981234375 0.85345100625 0.0950581515625 0.8341509609375001 0.056866934375 0.8517989203124999
1129 0.04604834375 0.5707299265625 0.00332588125 0.576554559375 0.017672115625000002 0.850297025 0.056866934375 0.8517989203124999 0.0909528171875 0.8304545015624999 0.07417236875 0.5849024515625 0.04604834375 0.5707299265625
1129 0.1086173640625 0.7943242453125 0.1238120765625 0.785704703125 0.1154467328125 0.55144646875 0.095533375 0.5446668625 0.0099180875 0.5530653796875 0.0109402734375 0.5725698625 0.049949240625 0.5705254890625 0.07417236875 0.5849024515625 0.08911288125 0.7953464328125001 0.1086173640625 0.7943242453125
1939 0 0.5130929703125 0.013148475000000001 0.7639808218749999 0.4375358921875 0.7262354171875 0.413362525 0.488894034375 0 0.510557446875 0 0.5130929703125
819 1 0.861045571875 0.98444599375 0.8618607234375 0.9854681796874999 0.8813652062499999 0.4375358921875 0.7262354171875 0.01705680625 0.763918234375 0.0198001234375 0.8909018124999999 0.0255177171875 1 0.363816990625 1 1 0.9666590609375 1 0.861045571875