407 0.09759377500000001 0 0.33610346406249997 0.13350773124999998 0.34898334375 0.061313659374999996 0.48354677500000004 0.018512734375 0.6881032671875 0.2291282578125 0.8817118468749999 0.21551721875 0.8918191234374999 0.0261777125 0.5174603875 0 0.09759377500000001 0
1939 0.8862682515625 0.284753715625 0.8911295515625 0.260032603125 0.8837720609374999 0.25325285468750003 0.8831252140625001 0.2177044734375 0.6956060843749999 0.233829746875 0.6975209718750001 0.273643640625 0.7496047156250001 0.312788840625 0.7509126484374999 0.2940845140625 0.8862682515625 0.284753715625
1256 0.618739975 0.3474947203125 0.6556727578125 0.3793152 0.6879294578125 0.4108086984375 0.7132646453125 0.4292876703125 0.7407398296875 0.43956260625 0.7427345015625 0.43343682499999997 0.7125779062500001 0.416709125 0.6842706578125 0.3959339046875 0.6849972875 0.3855426125 0.5913046828125 0.3142499484375 0.5833658875000001 0.315783234375 0.4527405 0.212670090625 0.33010520625 0.241686165625 0.32894259843749996 0.2583122328125 0.456795384375 0.24427994375 0.5807899109375 0.33022204843749997 0.618739975 0.3474947203125
1256 0.6744939249999999 0.5581470562499999 0.6954436828125 0.57214253125 0.7026957390625 0.5580307 0.6705444734375 0.5474287828125 0.6695670828125 0.539006753125 0.6248009406249999 0.5296111375 0.623678225 0.5232673671875 0.568582528125 0.5047957578125 0.4252624796875 0.44882859062499997 0.2950189359375 0.45225159843749996 0.293711003125 0.470955925 0.4280493234375 0.4761729328125 0.5699560046875 0.5299528484375 0.6744939249999999 0.5581470562499999
1256 0.4028167359375 0.7250189734375 0.6097269296875 0.7227801781250001 0.678600109375 0.7234194203125 0.677768046875 0.7129191328125 0.6232137625 0.709104325 0.6125935578124999 0.7041848468749999 0.5595979671875 0.700479034375 0.5483964578125 0.7038725890624999 0.40329260624999996 0.695814359375 0.27250765 0.6845805656249999 0.270909065625 0.7074414078125 0.306613696875 0.7120265390625 0.337642246875 0.7162846875 0.4028167359375 0.7250189734375
1255 0.0790244171875 0.1364152203125 0.06977768749999999 0.1566528328125 0.1601021453125 0.20891418593750002 0.16481811875000002 0.18627133437500001 0.0790244171875 0.1364152203125
1255 0.17660093125 0.1745647453125 0.1713036546875 0.20552063281250002 0.250426603125 0.2611755421875 0.25713724843749997 0.2324069078125 0.17660093125 0.1745647453125
1255 0.2606906140625 0.22639012187500002 0.252421275 0.2550497625 0.27565635624999996 0.2587629375 0.3100530546875 0.28205239375 0.311651640625 0.25919155312500003 0.2606906140625 0.22639012187500002
1255 0.122665009375 0.3859005015625 0.125967615625 0.36107039375 0.030531098437499998 0.31471683125 0.019474915625 0.316032128125 0.014177637500000001 0.346988015625 0.0282058828125 0.347968965625 0.1114635015625 0.38929405625 0.122665009375 0.3859005015625
1255 0.0245755671875 0.1534919921875 0.045234671875 0.17164398281249998 0.050452165625 0.18662776875 0.060530959375000006 0.17689044375000001 0.0683643203125 0.15446557968750002 0.026900782812500003 0.12023985781249999 0.0245755671875 0.1534919921875
1255 0.1262582671875 0.3569138765625 0.12451435625 0.381852978125 0.13245315 0.3803196921875 0.21415207500000003 0.42153578906250005 0.2204267421875 0.3990019296875 0.1343423890625 0.3533023328125 0.1262582671875 0.3569138765625
1255 0.2195547875 0.4114714796875 0.23061097031250002 0.4101561828125 0.292482853125 0.44372057500000006 0.2956401328125 0.4209687265625 0.22865619062500003 0.39331212656250003 0.22086272031249998 0.392767153125 0.2195547875 0.4114714796875
1255 0 0.551268090625 0.08450124375 0.57327810625 0.0869717859375 0.5379477140625 0 0.51529419375 0 0.551268090625
1255 0.0966146 0.5344451640625001 0.0913173234375 0.5654010515625 0.18411232187499998 0.5823320140625 0.19096829375 0.5514851203125 0.0966146 0.5344451640625001
1255 0.2584936484375 0.5937985234375 0.26520429375 0.5650298890625 0.1942310078125 0.54962485 0.185525690625 0.584519265625 0.2584936484375 0.5937985234375
1255 1 0.3420949984375 0.9018808406250001 0.35267491406249996 0.901365078125 0.4048493625 1 0.4016531109375 1 0.3420949984375
1255 0.885561603125 0.85484313125 0.881241715625 0.894221046875 0.9679472656250001 0.908637771875 0.9721218281249999 0.871338115625 0.885561603125 0.85484313125
1255 0.8152807234375 0.3591497671875 0.8119781171874999 0.3839798734375 0.899264971875 0.390083565625 0.8998861687499999 0.3588006953125 0.8152807234375 0.3591497671875
1255 0.7719251140625001 0.598374840625 0.7701812015625 0.6233139421875 0.8808484640625001 0.6310525499999999 0.8794749875000001 0.6058954609375 0.7719251140625001 0.598374840625
1255 0.756415125 0.79777865625 0.7543805609375 0.8268742734375 0.87990813125 0.84609411875 0.8799480234375 0.8231242812499999 0.756415125 0.79777865625
1255 0.7437517828125 0.418889015625 0.7427345015625 0.43343682499999997 0.78978596875 0.4325501421875 0.8021101921874999 0.43550035625000005 0.8029821484375 0.42303080625 0.7437517828125 0.418889015625
1255 0.8030875828124999 0.4439223859375 0.8699660921874999 0.45068740625 0.88725705 0.4498080890625 0.8872969421875 0.42683825000000003 0.805808884375 0.4274053125 0.8030875828124999 0.4439223859375
1255 0.752690784375 0.739042446875 0.75414404375 0.7182598625 0.680885434375 0.713137121875 0.6797228265624999 0.7297631890625 0.752690784375 0.739042446875
1255 0.6684272906250001 0.8688975093750001 0.6668287046875 0.891758353125 0.7457407859375 0.9056301046874999 0.74690339375 0.8890040375 0.6684272906250001 0.8688975093750001
1256 0.336701915625 0.9313262578125 0.33539398125000003 0.9500305843750001 0.3811375140625 0.9678482265625 0.661320559375 0.8809310828125 0.6638965359375 0.8664922687500001 0.3828814265625 0.9429091250000001 0.336701915625 0.9313262578125
1255 0 0.7590568656250001 0.06504180312499999 0.761963646875 0.0670763671875 0.732868028125 0 0.726478896875 0 0.7590568656250001
1512 0.036288225 0 0.0314058875 0.0558138453125 0.027191434375 0.116083340625 0.028459476562500002 0.1203488515625 0.0699230140625 0.1545745734375 0.08199647812500001 0.1387114671875 0.16467279375 0.1883495921875 0.17402495625 0.189003559375 0.18127701406250002 0.174891728125 0.25884126875 0.23043764375000003 0.2622493078125 0.22649911562499997 0.314769028125 0.2594095421875 0.3238305390625 0.264220025 0.32441184375 0.255906990625 0.324847821875 0.24967221562500003 0.324306409375 0.2350154125 0.3250330390625 0.22462412031249998 0.32561434375 0.2163110875 0.3287716234375 0.19355923749999998 0.3347556390625 0.1751818953125 0.33236488125 0.16457261406249998 0.338348896875 0.146195271875 0.33936617812500003 0.13164746249999998 0.2950759046875 0.093047234375 0.28046635625 0.10037931874999999 0.2796342921875 0.08987903124999999 0.21877969218749999 0.0417668296875 0.197499390625 0.054897709375000006 0.193840590625 0.040022918750000004 0.16738268750000002 0.0152001734375 0.138750109375 0 0.036288225 0
1512 0.022737628125 0.314171859375 0.024150996875 0.3163591109375 0.12923032968749998 0.359210125 0.13448771406249999 0.3512240734375 0.219013375 0.39681467656249997 0.22412543437500002 0.390906884375 0.297344153125 0.4189994625 0.29792545625 0.4106864296875 0.2987974125 0.398216878125 0.29825599999999997 0.383560075 0.2958652421875 0.37295079375 0.3001452375 0.35654271406250004 0.3013078453125 0.33991664843749997 0.30758251406250003 0.3173827890625 0.30874512187500003 0.3007567203125 0.3147291359375 0.282379378125 0.2740976625 0.2586539421875 0.2555386625 0.25526775156250003 0.250426603125 0.2611755421875 0.17144898125000002 0.2034423734375 0.1655048578125 0.1988498796875 0.15981149375 0.2130707046875 0.06807366875000001 0.1586220953125 0.063648346875 0.1771084328125 0.053424228124999994 0.188924015625 0.0479160828125 0.178096746875 0.0245755671875 0.1534919921875 0.01571068125 0.28026575625 0.013094814062499998 0.3176744078125 0.0162122015625 0.317892396875 0.022737628125 0.314171859375
1512 0 0.5131904765625 0.04858574375 0.5269098171875 0.0916478671875 0.5382746968750001 0.10100002968749999 0.5389286640625001 0.20061110937499999 0.5479825703125 0.2670536390625 0.5609823656249999 0.2751377609375 0.5573708234375 0.274741675 0.5406357609375 0.2798936265625 0.5117581312499999 0.285045578125 0.48288050312499997 0.2903428546875 0.45192461406250006 0.28780677187500003 0.44339359062500006 0.251706053125 0.422073396875 0.2194094609375 0.4135497375 0.21103468749999998 0.4213178 0.13089445625 0.3802106984375 0.124223703125 0.3860094953125 0.10820078749999999 0.39115432656250004 0.026647187500000002 0.347859971875 0.01106025 0.3467700265625 0.0056831890625 0.4236655890625 0 0.5049389625 0 0.5131904765625
1512 0.6105789046875 0.1506125046875 0.5986906578125 0.141427515625 0.48481481562499995 0.022778246874999998 0.4442887765625 0.019944390625 0.44029943281249995 0.032195951562500005 0.43265129062499996 0.029572721875000003 0.406985559375 0.0382201 0.349419321875 0.055078884375000005 0.3398420484375 0.10244285 0.33795281093749996 0.1294602109375 0.33776759218749997 0.15450830625 0.3351916171875 0.1689471203125 0.3312022734375 0.18119868125 0.3298943390625 0.1999030078125 0.3270277109375 0.2184983390625 0.32615575625000004 0.2309678890625 0.325429125 0.2413591828125 0.33010520625 0.241686165625 0.4524498484375 0.21682660625 0.586483275 0.3160012234375 0.5930087015625001 0.312280684375 0.6851426140625 0.383464353125 0.684415984375 0.39385564687499997 0.7397624390625 0.43114057656250004 0.7406343953125 0.4186710265625 0.7453104765624999 0.418998009375 0.7480716703125 0.3795111 0.7510180828124999 0.3149760953125 0.695816953125 0.2756129046875 0.6984328203125 0.23820425312500002 0.6105789046875 0.1506125046875
1512 0.45509136562499997 0.24624920781249998 0.31803174218749997 0.2575492703125 0.31248370468750003 0.26969183750000003 0.31146642343750003 0.2842396484375 0.3100131625 0.30502223281249996 0.3052971890625 0.3276650859375 0.3013078453125 0.33991664843749997 0.2999999125 0.3586209734375 0.2988373046875 0.37524704062500003 0.3005014328125 0.396247615625 0.298902846875 0.41910845625000004 0.298030890625 0.4315780078125 0.2938962203125 0.445907828125 0.2950189359375 0.45225159843749996 0.4252624796875 0.44882859062499997 0.623678225 0.5232673671875 0.627918328125 0.5298291265625 0.669712409375 0.5369284953125 0.6721031671875 0.5475377765625 0.7011370453125 0.5579217046875 0.7116119249999999 0.5649194421875 0.7318749437500001 0.5663363703125001 0.7358386375 0.4872535546875 0.740594503125 0.44164086406249997 0.711560625 0.4312569359375 0.6184493234375 0.3516512375 0.45509136562499997 0.24624920781249998
1512 0.42946269218750005 0.47836018593749996 0.2980964328125 0.4754394234375 0.28718557499999997 0.4746764625 0.281056234375 0.4951320640625 0.2780442796875 0.5158056531249999 0.274741675 0.5406357609375 0.27441113125 0.5677621140625 0.2728125453125 0.5906229578125 0.2701966765625 0.628031609375 0.2714248265625 0.6552669578125 0.26841287343750003 0.6759405484375 0.2679768953125 0.6821753234375 0.40499662656249996 0.693845096875 0.557748621875 0.70452655625 0.5923305375 0.70276791875 0.6171243125 0.7065900890625 0.62788984375 0.709431309375 0.6807401078125 0.7152153796875 0.6843732578124999 0.66325891875 0.6938849890625 0.5720335359375001 0.6743485984375 0.5602253171875 0.577604146875 0.532576078125 0.42946269218750005 0.47836018593749996
1512 0.3544573359375 0.74460998125 0.3469146265625 0.7628783296874999 0.3450253890625 0.7898956890625 0.345130821875 0.8107872671875 0.344113540625 0.8253350781250001 0.34266028125000003 0.8461176609375001 0.345883103125 0.8672272281250001 0.3401897390625 0.8814480546875 0.3367817 0.8853865828125 0.33590974375 0.8978561328125 0.33543387343750003 0.9270607453125 0.336847240625 0.9292479984375 0.38599881406250003 0.9431271140625 0.6685726171875 0.8668192515625 0.6696297906249999 0.8293016046874999 0.6767507640625 0.7274669406250001 0.4043754296875 0.7251279671875 0.356055921875 0.7217491390624999 0.3544573359375 0.74460998125
1512 0.8861229265624999 0.286831975 0.7558793828125 0.2902549828125 0.752180690625 0.2983500265625 0.74657851875 0.42326352187499994 0.7641601296875 0.41822768593750004 0.8014234546875001 0.42292181093750003 0.8004859578125 0.39152994531249996 0.8116874656249999 0.38813639218749996 0.81386735625 0.356962515625 0.8434825390625 0.3590334109375 0.8433771046875 0.3381418296875 0.8493611203125001 0.31976448749999997 0.8517917703125001 0.30740393125 0.8877870531250001 0.307832546875 0.8861229265624999 0.286831975
1512 0.84921579375 0.321842746875 0.84678514375 0.334203303125 0.8456225359375 0.3508293703125 0.8451865578125 0.35706414531249997 0.9012995359374999 0.360987946875 0.9010487765624999 0.3421746265625 0.8962672609375 0.3209560640625 0.8909044406250001 0.3080505359375 0.8563225250000001 0.309809175 0.84921579375 0.321842746875
1512 0.8029821484375 0.42303080625 0.8843248796875001 0.424542003125 0.897375734375 0.417100925 0.9005330140625001 0.394349078125 0.8133914859375 0.3861671265625 0.8050167125 0.39393518906249997 0.8029821484375 0.42303080625
1512 0.7876060781249999 0.46372401874999997 0.7917407484375001 0.44939419999999997 0.804355625 0.44818789687500005 0.8035235609375 0.43768761093749997 0.7472652562500001 0.43584206718749996 0.7407398296875 0.43956260625 0.7397225484375001 0.45411041562500004 0.7373973312500001 0.48736255 0.7346361375 0.5268494609375 0.732601575 0.5559450781249999 0.7304615765625 0.56414911875 0.724081475 0.5657913984375 0.7039637812499999 0.5622962125 0.6938849890625 0.5720335359375001 0.6811760859375 0.7089806046875 0.7089419234375 0.715099021875 0.7557027374999999 0.71836885625 0.755451978125 0.6995555359375001 0.754910565625 0.6848987328125 0.7591905609375 0.6684906546875 0.758794475 0.6517555921875 0.7601024093750001 0.633051265625 0.7639464265625 0.6228779640625 0.7718852218750001 0.6213446765625 0.772215765625 0.5942183234375 0.7742104375000001 0.5880925421875001 0.7767864140625 0.573653728125 0.7806703234375 0.5405105859375 0.782414234375 0.5155714859375 0.7835768421875 0.49894541875 0.784594125 0.48439760937500004 0.7876060781249999 0.46372401874999997
1512 0.7908687921875 0.46186375 0.7821235828125 0.519728003125 0.775333153125 0.5944363125 0.8797656406250001 0.6017389421875 0.8774147749999999 0.5681598250000001 0.8790133609374999 0.54529898125 0.8837692265625 0.499686290625 0.8886704171875 0.451995340625 0.804355625 0.44818789687500005 0.7948581359375 0.4496121890625 0.7908687921875 0.46186375
1512 0.7602078437500001 0.6539428453125 0.758899909375 0.672647171875 0.7561786078125 0.68916424375 0.7547253484375 0.7099468296875 0.7534174140625 0.7286511546875001 0.7521094796875001 0.74735548125 0.7512375234374999 0.75982503125 0.75036556875 0.7722945828125 0.7527563265625 0.7829038625 0.7523203484375001 0.7891386375 0.7561244734375 0.8019351718750001 0.8432660015625 0.8101171234375 0.874439878125 0.8122970125 0.8764345499999999 0.8061712312499999 0.8706756453125 0.776530640625 0.8722742312499999 0.753669796875 0.886738453125 0.748415971875 0.88960508125 0.7298206406250001 0.8877956265625 0.7108983265625 0.8808741140624999 0.697883803125 0.8735166234375 0.6911040546875 0.87638325 0.6725087234375 0.8791444437499999 0.6330218140625 0.76521446875 0.6271434734375 0.761225125 0.6393950359375 0.7602078437500001 0.6539428453125
1512 0.7493482859375 0.786842390625 0.7515281765624999 0.7556685140625 0.751132090625 0.7389334515625 0.6794321734375 0.7339197046875 0.67183533125 0.86495898125 0.673103371875 0.86922449375 0.748752740625 0.884956515625 0.7490832843749999 0.8578301609375 0.7542352359375 0.8289525328125 0.75539784375 0.8123264640625001 0.7530070859375 0.8017171828125 0.7493482859375 0.786842390625
1512 0.8813215 0.848281371875 0.7543805609375 0.8268742734375 0.7513686078124999 0.8475478640624999 0.750206 0.8641739312500001 0.7483167625 0.891191290625 0.74501415625 0.9160213984375 0.743706221875 0.9347257234375 0.74312491875 0.9430387578125 0.7653826109375 0.9383299046875001 0.7969924640625 0.93427501875 0.8125794031250001 0.9353649640624999 0.8374786125 0.9600787140625 0.8541882656249999 0.9675124281249999 0.858177609375 0.9552608671874999 0.8562228296875001 0.938416809375 0.8548493546874999 0.9132597203125 0.86380543125 0.8971786234374999 0.8737388984375001 0.8895195578124999 0.8788509578125 0.883611765625 0.8813215 0.848281371875
1512 0 0.7230214078125 0.0701937546875 0.7330860171875 0.0726244046875 0.7207254609375 0.0752003796875 0.706286646875 0.0774857046875 0.69600435 0.0858604765625 0.6882362890625 0.1188837 0.68636865625 0.1484988828125 0.6884395515625 0.19058361562499998 0.6913824015625 0.2414392078125 0.703292253125 0.269495696875 0.7052541546875 0.27094895625 0.6844715703124999 0.2668541796875 0.675831553125 0.2692848296875 0.663470996875 0.27059276250000003 0.644766671875 0.2721913484375 0.621905828125 0.27441113125 0.5677621140625 0.26832168125 0.565247878125 0.26589103125 0.577608434375 0.258348321875 0.5958767828125 0.23964399687500001 0.5945688484375 0.18382167031250002 0.5864885296875 0.1270219546875 0.5699861828125 0.089613303125 0.5673703140625 0.08294255 0.5731691125 0 0.553314046875 0 0.7230214078125
1512 0.086769490625 0.8992303343750001 0.080785475 0.9176076765625 0.10358457968749998 0.9275556296874999 0.11337272031250001 0.9219748203125 0.1558535390625 0.9416527328125 0.15523234375 0.9729356046875001 0.29707348125 0.982854103125 0.32288453906250003 0.9721284640625001 0.3264379046875 0.966111678125 0.3319859421875 0.9539691109374999 0.3361206109375 0.939639290625 0.3380098484375 0.91262193125 0.34131245468750004 0.8877918250000001 0.345883103125 0.8672272281250001 0.34251495468750004 0.8481959187499999 0.34270017343750003 0.8231478234375 0.3466895171875 0.8108962625 0.3467294078125 0.787926425 0.348618646875 0.7609090640625 0.3575747234375 0.7448279703125 0.357614615625 0.7218581328125 0.26935037031250003 0.7073324140625 0.26837298125000003 0.698910384375 0.19199698437499998 0.6935696546875 0.093799271875 0.6867030015625 0.07763102968749999 0.6939260921875 0.07320570781249999 0.712412428125 0.0691764734375 0.7476338265625 0.0698632109375 0.760212371875 0.06942723281249999 0.766447146875 0.06768332187500001 0.7913862484374999 0.06695669062500001 0.801777540625 0.06550343125 0.8225601250000001 0.058687351562500004 0.83043718125 0.060060828125 0.855594271875 0.0522274671875 0.8780191359374999 0.08282003906249999 0.8885120593750001 0.086769490625 0.8992303343750001
1512 0 0.8623354671874999 0.0168134859375 0.8692774875 0.036931179687499996 0.872772675 0.05378616093750001 0.8781281296874999 0.0567981140625 0.8574545406249999 0.057524743749999996 0.8470632484375 0.058687351562500004 0.83043718125 0.06365408593750001 0.8266076468750001 0.0662300609375 0.8121688328125 0.068264625 0.7830732140625 0.06971788437500001 0.76229063125 0 0.7590807749999999 0 0.8623354671874999
1512 0 0.96243915 0.1535283234375 0.97490486875 0.157557559375 0.9396834703125 0.11337272031250001 0.9219748203125 0.10343925312499999 0.9296338875 0.0928190484375 0.9247144078125 0.0839028625 0.9178256656249999 0.086769490625 0.8992303343750001 0.0812613453125 0.8884030656249999 0.0720545078125 0.8856708390625 0.0491100796875 0.877801146875 0.0197855484375 0.8715737359375 0.00307589375 0.8641400203125 0 0.8639249328125 0 0.96243915
1512 1 0.0337424578125 0.8933778171875 0.026286707812499997 0.8893086890624999 0.08447794374999999 0.8918447734375 0.0930089671875 0.8890835796875001 0.1324958765625 0.886177059375 0.174061046875 0.8841424968749999 0.2031566640625 0.8831252140625001 0.2177044734375 0.88264934375 0.246909084375 0.8881574890625 0.25773635625 0.8901122687499999 0.2745804125 0.8868096640625 0.29941051875 0.8937311765624999 0.3124250421875 0.8982220406250001 0.337800121875 0.9018808406250001 0.35267491406249996 1 0.3404644421875 1 0.0337424578125
1512 1 0.401705434375 0.9015104046875001 0.4027711046875 0.9006384484375 0.41524065625000006 0.88758759375 0.4226817328125 0.8859890078125 0.44554257656249996 0.888379765625 0.4561518578125 0.8807173796875001 0.54332971875 0.8795148796875001 0.5829256218750001 0.8794749875000001 0.6058954609375 0.8807031375 0.6331308078125 0.8766340109374999 0.69132204375 0.8921810562499999 0.7153818265624999 0.8887331250000001 0.7422901921875 0.8768049859374999 0.7560750406250001 0.8744797703125 0.789327175 0.8788253078125001 0.8167805124999999 0.8793667203125001 0.8314373171874999 0.8842935609374999 0.8505776203125001 0.910210053125 0.8607435593749999 0.9565348890625 0.8702481703125 0.970708459375 0.8691508625000001 1 0.47062425 1 0.401705434375
1512 0.9627246234375001 1 0.9679472656250001 0.908637771875 0.876710959375 0.8918158046875 0.8585480453125 0.905164675 0.8569494609375001 0.9280255171875 0.8586135875 0.9490260921875 0.855601634375 0.9696996812500001 0.8504165390624999 1 0.9627246234375001 1
752 0.8487838828125 1 0.850925553125 0.9693726968749999 0.8168195062500001 0.9419267234375001 0.7761481406249999 0.9411711234375 0.7432702453125 0.9409605000000001 0.7074202859375001 0.9384536265625 0.6697209828124999 0.9399942734375 0.6471726390625 0.94885964375 0.6347030890625 0.9479876875000001 0.5918518328125 0.9784059656249999 0.594052625 1 0.8487838828125 1
819 0.5958117734374999 1 0.59467856875 0.9827804718750001 0.63923384375 0.9503929296875 0.6695756562499999 0.9420725328125 0.74624230625 0.9432567468749999 0.7426233984375 0.905412115625 0.6625886015625 0.8851965937499999 0.3826962078125 0.967957221875 0.33539398125000003 0.9500305843750001 0.29692815625 0.9849323625 0.476323271875 0.9953884687500001 0.5291178296875 1 0.5958117734374999 1