407 0.4694186921875 0 0 0.0576373671875 0 0.260134178125 0.177722115625 0.2970220875 0.7593306984375 0.0763488171875 0.7522727046875 0 0.4694186921875 0
1567 0.7375060328124999 0 0.7444779953125 0.0408573203125 0.579495684375 0.1217517671875 0.5601903859374999 0.021505418749999998 0.5314912390625001 0.0157004359375 0.546160696875 0.135173584375 0.4800549296875 0.1666123390625 0.4631897140625 0.0007648218749999999 0.38737021718750003 0.0100742859375 0.108475415625 0.1889145796875 0.1044037828125 0.21273650000000002 0.11381210625 0.374835209375 0.0017144093749999999 0.43057865156249997 0.00391016875 0.4769530203125 0.11024360468750001 0.431246134375 0.12027722031250002 0.56994608125 0.0122511546875 0.6018676046875 0.0099332328125 0.6114810046875 0.0111422546875 0.6213276921875 0.0816810984375 0.625993459375 0.095099975 0.7922641328125 0.09892728281249999 0.8804177484375 0.088588259375 0.8816872203124999 0.091409309375 0.9046628265625 0.10287675156250001 0.9125835953125 0.11722632343749999 0.9154860875 0.1161589859375 0.8783019609375 0.1489297640625 0.8602850234374999 0.198871165625 0.8681461828125 0.199938503125 0.9053303093749999 0.2527620359375 0.9081731890625001 0.25382937499999997 0.945357315625 0.299760225 0.9490465109375 0.3034462234375 1 0.4546043734375 1 0.8492988796875001 0.9515376078125 0.8739874750000001 0.9531706281250001 0.8706022156250001 0.9255998999999999 1 0.9299262171875 1 0.86348725625 0.9959210671875001 0.8635687078125001 0.8660885359374999 0.8888389328124999 0.8543012078125001 0.76434750625 1 0.7503889499999999 1 0.7158864671875 0.981312690625 0.7161016765625 0.9514095640625 0.47256025937499996 0.9922014453125 0.4628872484375 0.9775319859374999 0.34341410156249996 0.8609206078125 0.362396575 0.8315206109375 0.15144416249999998 0.9498856999999999 0.11825316875 0.9363446625 0.0079702609375 0.76565916875 0.07090738125 0.754596346875 0 0.7375060328124999 0
1242 0.9577846390625 0.1825848625 0.926767571875 0.1863932796875 0.80433085 0.24340619531250002 0.81956451875 0.3674744640625 0.9769677765625 0.33881897968749997 0.9577846390625 0.1825848625
1242 1 0.526401384375 0.9927656546874999 0.4674823703125 0.9508453546875 0.46796513749999996 0.95191269375 0.5051492640624999 0.9243419671875 0.5085345234374999 0.923716675 0.5319332859375 0.8410044953125 0.5420890640625 0.8472108046875 0.592635396875 0.8506571468749999 0.5922122390625 0.8670803156250001 0.697476865625 0.867019234375 0.72547075 1 0.7170841296875 1 0.526401384375
1939 0.9262033625000001 0.181798159375 0.9583488484375 0.187179984375 0.9543993796875 0.1550141359375 0.9498856999999999 0.11825316875 0.8389775015625001 0.15519296875 0.8405479703125 0.2249661 0.9262033625000001 0.181798159375
1242 1 0.7503889499999999 0.8543012078125001 0.76434750625 0.8706632953125 0.8976060171875 0.947047003125 0.8928916734375001 0.9471080859375001 0.8648977906249999 1 0.8662153531250001 1 0.7503889499999999
1242 0.2828660515625 0.2701188421875 0.3019270265625 0.4823407265625 0.48176203749999996 0.436937778125 0.4633263546875 0.20131712968749998 0.2828660515625 0.2701188421875
1242 0.8303921921875 0.142253921875 0.7478632562499999 0.06842804687500001 0.722046240625 0.0576047859375 0.5961631796875 0.115040859375 0.6266305140624999 0.363177396875 0.7547704171875 0.3241218078125 0.8500784578125 0.3310770421875 0.8303921921875 0.142253921875
1255 0.8585560859375001 0.6565439328125 0.7925113984375 0.6599888046875 0.6684431296875 0.675222471875 0.6764031515625 0.7115602828125 0.8079283109375 0.700075421875 0.8619413453125 0.6841146609375001 0.8585560859375001 0.6565439328125
1242 0.6621757406250001 0.652670025 0.6649967890624999 0.6756456296875 0.798839871875 0.6545473671875001 0.8620024265625 0.6561207765625 0.8427582078125001 0.52788054375 0.785924125 0.5208657 0.78423149375 0.5070803374999999 0.7129867562500001 0.5251568859375 0.71461830625 0.5669361312500001 0.666369534375 0.5728603359375 0.6702579234375 0.6330200687499999 0.6599189 0.634289540625 0.6621757406250001 0.652670025
1242 0.734548896875 0.64378371875 0.722258440625 0.48670328749999997 0.6310220328125 0.45592613281250005 0.504635840625 0.48077319999999996 0.5271431578125 0.6925719265625 0.6581041078125 0.67649194375 0.734548896875 0.64378371875
1242 0.2775583140625 0.5972783640625 0.22185265312500002 0.5994537625 0.21740005468749998 0.5346989109375 0.1754797546875 0.5351816781250001 0.157622759375 0.5606962281250001 0.175616396875 0.7357339859375001 0.21352614375 0.7310792546875 0.2904740625 0.7309600328125 0.2775583140625 0.5972783640625
1242 0 0.3584612265625 0.0097965921875 0.41092869531250004 0.0529063921875 0.391642284375 0.067255965625 0.3945447765625 0.10403729531250001 0.3806998015625 0.09895940625 0.3393437140625 0.0455716640625 0.3319057125 0 0.35598830625 0 0.3584612265625
1242 0.1142541546875 0.43541809843749996 0.08611921875 0.4342082359375 0.0849907984375 0.42501799374999993 0.06775909531249999 0.42713378124999996 0.06945172499999999 0.4409191453125 0.0424452078125 0.448899525 0.054232534374999995 0.5733909515625 0.0881317328125 0.56456425625 0.12315935156249999 0.564927803125 0.1142541546875 0.43541809843749996
1242 0.07242389375 0.920987134375 0.0931019390625 0.9184481890624999 0.08915246875 0.8862823421874999 0.095480940625 0.8808409062500001 0.0816810984375 0.625993459375 0.0111422546875 0.6213276921875 0.026859531250000002 0.749334634375 0.052813187500000004 0.9607102046874999 0.0706091015625 0.9631895390625 0.07242389375 0.920987134375
1242 0.3060165265625 1 0.299760225 0.9490465109375 0.25382937499999997 0.945357315625 0.2533262453125 0.9127683109375001 0.20394905468750002 0.909502271875 0.199435375 0.872741303125 0.1529403140625 0.8644569875 0.11271264375000001 0.87872511875 0.11722632343749999 0.9154860875 0.07242389375 0.920987134375 0.0711733109375 0.9677846609375 0.0530012578125 0.9622419125 0.0576373671875 1 0.3060165265625 1
1939 0 0.435453553125 0.005724959375 0.43475061562499995 0.17189677187500002 0.33505252812499997 0.1673830921875 0.298291559375 0 0.2570095984375 0 0.435453553125
1242 0 0.5305813125000001 0.008240603124999999 0.597695640625 0.05247882499999999 0.5875994734375001 0.044702046875 0.46728001093750005 0.0010280359375 0.4819713 0.005724959375 0.43475061562499995 0.0114892234375 0.42471405781250005 0.0097965921875 0.41092869531250004 0 0.357031509375 0 0.5305813125000001