407 0.4781695234375 0 0 0.0418344125 0 0.240711484375 0.185002265625 0.2858984 0.773957934375 0.08565740468750001 0.7690464953125 0 0.4781695234375 0
1567 0.4781695359375 0 0.4045369890625 0.006442012499999999 0.119570646875 0.1754400734375 0.11467012031249998 0.199105384375 0.11841555 0.3614336921875 0.0044407218749999994 0.413231025 0.0050167015625 0.45965377500000004 0.11288050937500001 0.41768571562499995 0.118067453125 0.5566513390625001 0.00899315 0.5847833609374999 0.006341137500000001 0.594310009375 0.007205778124999999 0.6041928921874999 0.07753881875 0.6113175890625 0.0851467578125 0.7779552875 0.0858952171875 0.866188771875 0.07551818906249999 0.8670966437500001 0.07753568281249999 0.89015670625 0.088719709375 0.8984728593750001 0.10295924375000001 0.9018743765625 0.10319026406250001 0.8646756515625 0.1365698609375 0.8478133734375 0.1862064875 0.8574126734374999 0.18597546874999998 0.894611396875 0.2386676078125 0.8992960609375 0.23843658906249998 0.9364947859375 0.2842107078125 0.941784696875 0.2863836171875 1 0.4155923828125 1 0.8333276609375 0.9634528984375 0.857944225 0.9659465421875 0.85552323125 0.9382744671875001 1 0.9481617203124999 1 0.88090966875 0.9829306000000001 0.8806546281250001 0.8522952421875001 0.90137836875 0.8448597828125 0.7765514078125 1 0.7671374328125 1 0.73338809375 0.9734776484375001 0.732767603125 0.9520922109375001 0.48833094062500004 0.9931968250000001 0.4800874390625 0.98270585625 0.36017511406249997 0.8655030359375001 0.375076346875 0.8434830812499999 0.1632263953125 0.9629344140624999 0.134186503125 0.9532504421875 0.0234982015625 0.780472453125 0.08044014375 0.7707841656250001 0 0.7536517015624999 0 0.760352915625 0.0496691765625 0.5926479312499999 0.1247565453125 0.5768529390625 0.02389751875 0.5483738671875 0.017094487499999998 0.5588648359375 0.1370068109375 0.49170214218749997 0.16611935625000002 0.48064954843749996 0 0.4781695359375 0
1242 0.9685833984375 0.1987546765625 0.9374523140625 0.20147829375 0.8131004546874999 0.2541834984375 0.8239949234375 0.3787078359375 0.9823023578125 0.3555631015625 0.9685833984375 0.1987546765625
1242 1 0.5578480890625 0.9936003234375 0.4846994515625 0.9516887125 0.48371892812499995 0.9514576937499999 0.5209176531249999 0.92378561875 0.523338646875 0.9223441031249999 0.54670133125 0.839327878125 0.553964309375 0.8437663640625 0.6046964484374999 0.8472253750000001 0.6043938234375 0.8599648562500001 0.7101674874999999 0.8589268406249999 0.7381421859375 1 0.734180315625 1 0.5578480890625
1939 0.9370488140625 0.19686628125 0.968986896875 0.20336668906250002 0.9661624046874999 0.1710826015625 0.9629344140624999 0.134186503125 0.8508045984375 0.167233159375 0.8499390625000001 0.237018596875 0.9370488140625 0.19686628125
1242 1 0.7671374328125 0.8448597828125 0.7765514078125 0.8565612484375 0.9102997687500001 0.9330629531250001 0.90825405 0.9341009703125 0.8802793531249999 1 0.8842256046875001 1 0.7671374328125
1242 0.291021059375 0.2626810140625 0.3026639875 0.47543883750000004 0.48397398750000004 0.4363396984375 0.473772578125 0.20021918749999998 0.291021059375 0.2626810140625
1242 0.842676084375 0.15400237187500002 0.7627739078125 0.0773412515625 0.737350346875 0.0656235828125 0.6095394796875 0.1186314125 0.631328415625 0.36768008750000003 0.7607532781249999 0.3331203078125 0.8557605265625 0.3433975078125 0.842676084375 0.15400237187500002
1255 0.8528743578125001 0.6689619984374999 0.7867496796875 0.67009984375 0.6622253421875001 0.6809943109375001 0.66891234375 0.7175877875000001 0.8007581984375 0.710700084375 0.8552953515624999 0.6966340734375 0.8528743578125001 0.6689619984374999
1242 0.6567488406249999 0.6582368749999999 0.658766334375 0.6812969359375 0.7932642015625 0.6648825828125 0.8563333671875 0.6686593734375 0.8415763921874999 0.5398256484374999 0.7850217453125 0.5308315984374999 0.7838112484375 0.5169955609375 0.7119790484374999 0.5325746921875 0.7121515281249999 0.5743854265625 0.6637253984375 0.5786221640625 0.6655118734375 0.6388809515625 0.6551348453125 0.6397888234375 0.6567488406249999 0.6582368749999999
1242 0.7293880374999999 0.65188176875 0.7225870953125 0.4944680953125 0.6324803734375 0.460525584375 0.5053040234374999 0.48094670156249997 0.520405959375 0.6934019 0.651848315625 0.6819021843749999 0.7293880374999999 0.65188176875
1242 0.2742988546875 0.5894560015625 0.21855120625 0.589685975 0.21636123281250003 0.5248151765625 0.1744496203125 0.523834653125 0.155713059375 0.5487104609375 0.1675870046875 0.7242695593749999 0.20563610625 0.72094069375 0.2825413109375 0.7235069875 0.2742988546875 0.5894560015625
1242 0.071199915625 0.37950646718750003 0.108442021875 0.366953578125 0.1048105328125 0.325445465625 0.051714895312499995 0.316148790625 0.004902759375 0.338833578125 0.0132037546875 0.39387510312499996 0.05696037968749999 0.3761049515625 0.071199915625 0.37950646718750003
1242 0.11674301718749999 0.4219951046875 0.0886674421875 0.41980408437500005 0.08786044531250001 0.410580059375 0.07056539843750001 0.41209317968750003 0.0717758953125 0.4259292171875 0.044507318750000004 0.4329622234375 0.0519427765625 0.557789184375 0.086129371875 0.5501509312499999 0.121122965625 0.5517367015625 0.11674301718749999 0.4219951046875
1242 0.0579921234375 0.9058084890625 0.078746178125 0.9039927453125 0.0759216875 0.87170865625 0.08243620625 0.866491396875 0.07753881875 0.6113175890625 0.007205778124999999 0.6041928921874999 0.0184461015625 0.7326703828125 0.037007046875 0.9448229578125 0.0547055921875 0.94792185 0.0579921234375 0.9058084890625
1242 0.28930388749999997 1 0.2842107078125 0.941784696875 0.23843658906249998 0.9364947859375 0.23907110625 0.9039080734375 0.1898379765625 0.8989207859375 0.1866099875 0.8620246859374999 0.14043236875 0.8521227609375 0.099731253125 0.864978275 0.10295924375000001 0.9018743765625 0.0579921234375 0.9058084890625 0.0551090921875 0.9525338624999999 0.037141546875 0.9463602953124999 0.0418344125 1 0.28930388749999997 1
1939 0 0.418266853125 0.0083032296875 0.4175404140625 0.17785322812499998 0.323702371875 0.1746252375 0.286806271875 0 0.237212996875 0 0.418266853125
1242 0 0.5218304671875 0.0051306421875 0.5804739718749999 0.0496942640625 0.5719278453125 0.0461213140625 0.4514102734375 0.0019611890625 0.4645684109375 0.0083032296875 0.4175404140625 0.0144142515625 0.407711140625 0.0132037546875 0.39387510312499996 0.0044992609375 0.334221565625 0.037878859375000004 0.31735928593749996 0.0089962875 0.3059442421875 0 0.306731315625 0 0.5218304671875