407 0.1638778546875 0 0.567539484375 0.20266143906249998 0.5652465609374999 0.22631133750000001 0.599204890625 0.23541044531250002 1 0.3251020078125 1 0.11633650625 0.56582625 0 0.1638778546875 0
364 0.5201989359375 0 0.49066889218750004 0.0971390265625 0.4556995515625 0.0918130671875 0.44936257968750004 0.1305555578125 0.49362934062499997 0.146460846875 0.520041375 0.15353793124999998 0.5376977890625 0.11782847656249999 0.4992262 0.09538790312499999 0.513651265625 0.02646023125 0.5207412640625 0 0.5201989359375 0
1050 1 0.1608138828125 0.7603860953125 0.11683691562500001 0.7563420468750001 0.13192950625 0.7684016031249999 0.147292996875 1 0.1891158671875 1 0.1608138828125
1050 0.7329630484375 0.11353297968750001 0.284156778125 0.037760224999999994 0.293183296875 0.064443159375 0.7440115921875 0.13266961875 0.7329630484375 0.11353297968750001
1050 0.5585129656250001 0.1759785046875 0.55244689375 0.19861739218750002 0.914939978125 0.27957093125 0.9134597546875 0.2549100203125 0.5585129656250001 0.1759785046875
1536 1 0.32539131875 0.7285029265625 0.2660117015625 0.725469890625 0.27733114531249997 0.642837815625 0.5706256578125 0.9622734625 0.6764384203125 1 0.5416495703125 1 0.32539131875
1668 0.46781224374999997 0.272996746875 0.45851482499999996 0.262417415625 0.46485179531250004 0.2236749265625 0.4547416765625 0.2614064046875 0.463028084375 0.2757588828125 0.4385654859375 0.32177676875 0.473263928125 0.34320633125 0.5239402484375 0.25972786718749996 0.49025281875 0.2345251578125 0.46781224374999997 0.272996746875
581 0.5313945062500001 0.5488526078125 0.5502602453125001 0.5539076671875 0.5691259843750001 0.558962728125 0.60584645 0.57284599375 0.63704264375 0.5771609421874999 0.7285029265625 0.2660117015625 0.7076151640624999 0.2685029375 0.6887494249999999 0.263447878125 0.6801921171875 0.2651990015625 0.65856424375 0.2553597828125 0.6462337875 0.2560998953125 0.63592535625 0.24929371093750002 0.6235949015625 0.2500338234375 0.6122754578125 0.24700078749999999 0.59442073125 0.23817258125000002 0.5855925234375 0.2560273078125 0.505993484375 0.5380023781250001 0.5135397796875 0.5400244015625 0.5313945062500001 0.5488526078125
627 0.6976373062500001 1 0.6991978203125 0.99417608125 0.7719712265625 0.9489708953125 0 0.6044479734375 0 0.67067996875 0.3868392546875 0.861951284375 0.40442308281250006 0.8868830953125 0.36405519375 0.9771677421874999 0.390467228125 0.984244825 0.4376413 0.8836517468749999 0.6830942171875 0.99390518125 0.681461115625 1 0.6976373062500001 1
433 0 0.7840753796875 0.105802609375 0.8392203609375001 0.11813306406249999 0.8384802499999999 0.16368173749999998 0.8345087890625 0.1838293875 0.8196870984375 0.17453196875000002 0.8091077671875 0.1511529703125 0.790711240625 0.105135084375 0.7662486421875 0.086269346875 0.7611935828124999 0.0800049625 0.7392948078125 0.06922731875 0.7040545671875 0 0.6675485531249999 0 0.7840753796875
433 0.3819825078125 0.925354684375 0.3736961 0.9110022062500001 0.349306090625 0.8963788265625 0.3153477609375 0.8872797203125 0.3146076484375 0.874949265625 0.306863040625 0.8283895796875 0.2975656203125 0.8178102484374999 0.2553208828125 0.7943586625 0.199734678125 0.7754203359375 0.1863932109375 0.7799335968750001 0.179316128125 0.8063456312499999 0.179785340625 0.8347796890625 0.1669130859375 0.86772700625 0.34067619531250004 0.9587712156249999 0.37591643750000003 0.9479935718749999 0.3819825078125 0.925354684375
433 0.594119309375 1 0.590245746875 0.99329079375 0.591058446875 0.9449799859375 0.45273389062499997 0.8876957953125 0.4507118671875 0.8952420906249999 0.44767883125 0.9065615328125001 0.4365577 0.9480661593749999 0.417890275 0.9875487609375 0.46134794062499995 1 0.594119309375 1
433 0.663904440625 0.8391335359375001 0.6469881375 0.8871734453125001 0.769209090625 0.9441867359374999 0.769479990625 0.9280831328125 0.768270665625 0.88731861875 0.7524379625 0.8709441171875 0.6978627703125 0.8482326421874999 0.663904440625 0.8391335359375001
433 0.4400068109375 0.799360584375 0.5519193328124999 0.8495676921875001 0.55320124375 0.8296909421875001 0.547947871875 0.80401901875 0.5416834875000001 0.7821202453125 0.49741672656249997 0.7662149546875 0.45793412499999997 0.7475475281249999 0.443039846875 0.7880411406250001 0.4400068109375 0.799360584375
433 0.252902234375 0.7128296359374999 0.346960028125 0.7542085359375 0.347230928125 0.738104934375 0.34197755625 0.7124330109375 0.3336911484375 0.6980805328125 0.30175484375 0.6814351296875001 0.27359168437500003 0.6658007390625 0.26604538906249997 0.663778715625 0.252902234375 0.7128296359374999
433 0.1015071125 0.6439551031249999 0.1880186109375 0.6833119796875 0.1882895109375 0.6672083765625 0.1810141140625 0.64908275 0.17650085468750001 0.6357412828125 0.1672034359375 0.6251619515625 0.13324510625 0.61606284375 0.10784408281249999 0.6052126125 0.105551159375 0.6288625109375 0.1015071125 0.6439551031249999
433 0 0.60081044375 0.032850340625 0.6134264328125 0.0293480921875 0.5963118187500001 0.025845843750000003 0.579197203125 0.0185704484375 0.5610715765625 0 0.5513925421875 0 0.60081044375
433 0.0601476609375 0.51155144375 0.052059565625000005 0.541736625 0.10562374687500001 0.5682212468750001 0.1031325109375 0.547333484375 0.095857115625 0.5292078578125 0.0769913765625 0.5241527984375 0.0601476609375 0.51155144375
433 0.1936880578125 0.5715977703124999 0.18061749062500002 0.5600074265625 0.17077827031249998 0.5816353015625 0.1725293953125 0.5901926093750001 0.2497434734375 0.6189701546874999 0.2452302140625 0.6056286875 0.2351926828125 0.5827189015625 0.2125537953125 0.5766528296875 0.1936880578125 0.5715977703124999
433 0.315168896875 0.6162806062499999 0.304860465625 0.6094744234375 0.2967723703125 0.6396596046874999 0.3729754375 0.6722102984375 0.36570004218749996 0.6540846703125001 0.3518893625 0.6301638734375 0.34158093125 0.6233576890625 0.315168896875 0.6162806062499999
433 0.4620507609375 0.6718136734375 0.44796918124999996 0.663996478125 0.4404228859375 0.661974453125 0.431323778125 0.695932784375 0.4491785046875 0.704760990625 0.47559053906250004 0.7118380734375 0.5037536984375001 0.7274724640625 0.5012624625 0.7065847015625 0.49297605468750005 0.6922322234375 0.47990548750000006 0.6806418796875 0.4620507609375 0.6718136734375
433 0.6391178046875 0.735434834375 0.61647891875 0.7293687640625001 0.6073798109374999 0.76332709375 0.6468624125 0.7819945203125 0.6873560265624999 0.7968887984374999 0.6986754703125 0.799921834375 0.6934220984375 0.7742499125 0.6861467015625 0.756124284375 0.668291975 0.747296078125 0.6391178046875 0.735434834375
433 0.8405748609374999 0.8136793750000001 0.8189469859375 0.80384015625 0.800081246875 0.798785096875 0.7824248328125 0.8344945515625 0.81537215 0.8473668062499999 0.8445463203125 0.8592280484374999 0.8822777984375 0.8693381671875 0.8818085859375 0.840904109375 0.8820794859375001 0.8248005062500001 0.8594405999999999 0.8187344359375001 0.8405748609374999 0.8136793750000001
627 0 0.5488697609375001 0.843733621875 0.9075388578125001 0.8915752171875001 0.8799174984375 0 0.5189605046875 0 0.5488697609375001
627 0 0.493663603125 0.9147559046874999 0.8537763640625 0.9286391703125 0.8170558984375 0 0.4725128578125 0 0.493663603125
627 0 0.45924996875 0.93194310625 0.789632853125 0.9650355984375001 0.6812225796875 0.4654998703125 0.5231080984375 0.19632446718750002 0.47120300468750004 0.189518284375 0.4815114359375 0.10752004531249999 0.4554960265625 0.0811080109375 0.44841894375 0.084610259375 0.46553355781250005 0.0825882359375 0.47307985468749997 0.0036230328125000004 0.4357450015625 0 0.4492663421875 0 0.45924996875
627 0.43504378906249996 0.53112360625 0.47479729062500003 0.5336874296875 0.4856475203125 0.5082864078125 0.5346984421875 0.5214295625 0.527621359375 0.547841596875 0.546487096875 0.55289665625 0.55255316875 0.5302577687500001 0.5676457593750001 0.5343018171875 0.5663638484375 0.5541785671875 0.5739101437499999 0.5562005921875001 0.5769431796875 0.5448811484375 0.5819982390625 0.526015409375 0.49171359218750005 0.4856475203125 0.44818694375 0.4820726859375 0.43504378906249996 0.53112360625
1939 0.11633650468750001 0 0 0.43417374999999997 0 0.5320622828125 0.49844718906249996 0.535980353125 0.5906475828125 0.23716156875 0.562484425 0.22152717812499997 0.566528471875 0.2064345875 0.55143588125 0.20239053906249999 0.55069576875 0.190060084375 0.1647631109375 0 0.11633650468750001 0
819 0.8755753984375 1 0.9622734625 0.6764384203125 0.49844718906249996 0.535980353125 0 0.5320622828125 0 0.879136028125 0.45825119062499997 1 0.8755753984375 1
630 0 0.8755753984375 0.34620046718749997 0.968339534375 0 0.7834640359375 0 0.8755753984375