407 0.3757120453125 0 0.6149234625 0.11400089531249999 1 0.09597870625 1 0.0729596578125 0.53935085625 0 0.3757120453125 0
1263 0.085628659375 0.818949803125 0.5230347734375 0.7940453234375 0.5940797234375 0.8249191546875 0.6218584578125 0.829318875 0.6582904359375 0.839013415625 0.70332080625 0.8343726765625 0.7943259265625 0.27976537343749996 0.76963371875 0.2758545109375 0.74246131875 0.26762654218750004 0.6998562890625 0.25695428593749997 0.6745577453125 0.2568716734375 0.593095396875 0.2518178734375 0.202761040625 0.1193578828125 0.14042418437499998 0.11340897812499999 0.026323478125 0.793859653125 0.085628659375 0.818949803125
183 0.48176105781249995 0.1556985765625 0.460155375 0.1522765734375 0.4231170625 0.14641028125 0.38607874999999997 0.1405439890625 0.3713073046875 0.1539015546875 0.37444868124999997 0.1740205171875 0.39175516718750003 0.1846101609375 0.473272365625 0.20929406875 0.48374461406249997 0.2031041421875 0.499673878125 0.16245997343750002 0.48176105781249995 0.1556985765625
183 0.342639040625 0.7144577609375 0.3334343125 0.7326212937500001 0.25753868125 0.7323734578125001 0.2605703578125 0.713232209375 0.248224253125 0.7112767796874999 0.23609755 0.7878417671875 0.3323313421875 0.7795380015625 0.35377247343749996 0.7240696921875001 0.342639040625 0.7144577609375
658 0.2408415109375 0.49819616250000004 0.22910174218749998 0.49241248125 0.2303144125 0.4847559828125 0.239519140625 0.4665924515625 0.18087514531249999 0.4573041546875 0.177237134375 0.4802736515625 0.17106408281250002 0.4792959359375 0.1692450765625 0.49078068437500005 0.1717252671875 0.49509779218750005 0.16929992656249998 0.5104107875 0.1761341640625 0.527190359375 0.20082637343749998 0.5311012203125001 0.23229796875000003 0.5321615484375 0.239628840625 0.5058526609375 0.2408415109375 0.49819616250000004
297 0.427029325 0.22159130624999998 0.415895890625 0.2119793765625 0.40724264843749997 0.20668455468750002 0.3979830703125 0.20521798125 0.3800702484375 0.19845658593749999 0.33129216562499997 0.18680661406250001 0.3288668265625 0.2021196109375 0.33564621250000004 0.19926907656249998 0.346779646875 0.20888100625 0.3572518953125 0.20269108125000002 0.36838532968750004 0.21230300937500002 0.37825124374999997 0.209941334375 0.3862981515625 0.21906440625 0.3930775375 0.21621387187500002 0.40729749843749996 0.226314659375 0.41655707656249996 0.2277812328125 0.4282968453125 0.23356491250000003 0.427029325 0.22159130624999998
297 0.40861986874999995 0.2579183703125 0.404265821875 0.24545590781249998 0.3289216765625 0.22174971562499998 0.32589 0.24089096250000003 0.3295828625 0.237551571875 0.3407162953125 0.2471635 0.3542750703125 0.2414624328125 0.3586291171875 0.2539248953125 0.3684950296875 0.2515632203125 0.374061746875 0.256369184375 0.3870141875 0.254496365625 0.3950610953125 0.2636194375 0.40492700781249996 0.2612577609375 0.4068008640625 0.2694031171875 0.41914696874999996 0.27135854843749996 0.40861986874999995 0.2579183703125
183 0.3560332640625 0.6498663796875 0.3542142578125 0.661351128125 0.26349233125 0.6548307546875 0.2653113375 0.6433460046875 0.256051759375 0.6418794328125 0.253074934375 0.680650784375 0.3610484953125 0.6781306984375 0.36468650625 0.655161203125 0.3560332640625 0.6498663796875
323 0.426471878125 0.6845684609375 0.41478695937500004 0.698414884375 0.3864018890625 0.6978434171875 0.3693148046875 0.7657741890625 0.395219684375 0.7620285515624999 0.400180065625 0.770662765625 0.40943964375 0.7721293390625 0.420518228125 0.7621111640625 0.4427302453125 0.76170491875 0.4548569484375 0.68513993125 0.426471878125 0.6845684609375
183 0.420518228125 0.7621111640625 0.418699221875 0.7735959125 0.40635311874999996 0.7716404812500001 0.397699875 0.766345659375 0.3637480890625 0.7609682234374999 0.35272435468749996 0.790616503125 0.45452486406250003 0.7871187046875 0.458162875 0.7641492078125001 0.420518228125 0.7621111640625
1242 0.503473459375 0.41814019062499996 0.4164443953125 0.4082804234375 0.41280638437499995 0.43124992031250003 0.45293122343750003 0.4376050703125 0.46406465625 0.44721700000000003 0.47145037968750003 0.44053821718749997 0.49553625312499994 0.4482773265625 0.503473459375 0.41814019062499996
291 0.55450636875 0.7951056515625 0.5623887265625 0.7453384093750001 0.55434181875 0.7362153375 0.5591924984375 0.7055893421875 0.5561059734375 0.7051004859375001 0.55064895625 0.7395547296875 0.5444759046875001 0.7385770140625 0.5365935484375 0.78834425625 0.5483333171875 0.7941279359375 0.55450636875 0.7951056515625
291 0.5759475000000001 0.7396373421875 0.5838847078125 0.7095002046875 0.5746251296875 0.70803363125 0.5697744484375 0.7386596265625001 0.5660815875 0.7419990171874999 0.5575928953125 0.795594509375 0.563765946875 0.7965722234375 0.573025525 0.798038796875 0.580301546875 0.7520998046875 0.5759475000000001 0.7396373421875
994 0.590005890625 0.47108841406249996 0.5948565718750001 0.44046242031249994 0.5923763796875 0.4361453125 0.5935890500000001 0.4284888140625 0.5843294718750001 0.42702224062500005 0.5837231375 0.43085049062499997 0.579423940625 0.43801813125000005 0.573966925 0.472472375 0.590005890625 0.47108841406249996
658 0.203583796875 0.41380945 0.208434478125 0.38318345625 0.1652231140625 0.3763394484375 0.152986709375 0.4136442265625 0.16472647812500002 0.41942790781249994 0.1702931953125 0.424233871875 0.1826393 0.426189303125 0.1931115484375 0.41999937656249997 0.1974107453125 0.4128317359375 0.203583796875 0.41380945
291 0.6454536578125001 0.4406276453125 0.6398869421875 0.4358216796875 0.6429186171875 0.4166804328125 0.639832090625 0.41619157500000004 0.636800415625 0.435332821875 0.62941469375 0.4420116046875 0.6239576765625 0.47646584843750006 0.6387839718749999 0.4827383875 0.6454536578125001 0.4406276453125
1008 0.4223402140625 0.5308670171875 0.413796671875 0.5648324031249999 0.43479601875 0.57208265625 0.46935414062499997 0.573631840625 0.4748111578125 0.539177596875 0.4223402140625 0.5308670171875
994 0.5466299734375 0.40535409375000003 0.5375349468749999 0.4627778328125 0.5591406296875 0.46619983749999994 0.5682356562499999 0.40877609687499994 0.5466299734375 0.40535409375000003
1754 0.846955459375 0.78648506875 0.7345729999999999 0.7569125859375 0.7105419765625001 0.768803578125 0.706903965625 0.7917730749999999 0.715557209375 0.797067896875 0.6991861609375001 0.9004306312500001 0.725697375 0.8928567453125 0.739036746875 0.808635259375 0.8143808937499999 0.8323414484375 0.8017027062500001 0.9323647906250001 0.827607584375 0.9286191531249999 0.846955459375 0.78648506875
1378 0.8098074453124999 0.7413585671875 0.806224284375 0.7839581671875 0.8247434421875001 0.7868913140625 0.8375861796875 0.7457582875 0.8098074453124999 0.7413585671875
1378 0.7727691328125 0.735492275 0.769185971875 0.778091875 0.787705128125 0.781025021875 0.8005478671875 0.7398919953124999 0.7727691328125 0.735492275
1378 0.7611390640625 0.768968803125 0.7733754671875 0.7316640249999999 0.7425102078125 0.726775446875 0.7426199078125 0.7660356578124999 0.7611390640625 0.768968803125
1373 0.825185225 0.7241727515624999 0.8190121734375 0.7231950359375 0.8128391203125 0.7222173203125 0.8116264515625 0.72987381875 0.81041378125 0.7375303171875001 0.8190670234375 0.742825140625 0.825240075 0.7438028562500001 0.8375861796875 0.7457582875 0.83692499375 0.72995643125 0.8319646125 0.7213222171875 0.825185225 0.7241727515624999
1373 0.77646199375 0.7321528828125 0.775855659375 0.7359811328125 0.7888080984375 0.7341083125 0.7980676765625 0.7355748859375 0.8017605375000001 0.7322354953125 0.7961938203125001 0.7274295296875 0.797406490625 0.71977303125 0.7813675250000001 0.7211569921875001 0.77646199375 0.7321528828125
1373 0.7425102078125 0.726775446875 0.7462030687500001 0.72343605625 0.7554626468750001 0.7249026296875 0.767202415625 0.730686309375 0.773981803125 0.727835775 0.7751944734375 0.7201792765625 0.76962775625 0.7153733124999999 0.7597618421875 0.7177349890625 0.7455418828125 0.7076342015625 0.7425102078125 0.726775446875
1263 1 0.269051115625 0.9516290546875 0.26543690781249996 0.900696903125 0.58700985625 0.8828389328125 0.599878565625 0.826449765625 0.95590575625 0.92903560625 0.987402403125 1 0.53935085625 1 0.269051115625
183 1 0.217432140625 0.98789648125 0.2162411359375 0.977533934375 0.2616912703125 1 0.2652495453125 1 0.217432140625
297 1 0.2853255296875 0.9708093968749999 0.28417190937500003 0.9560379515624999 0.29752947500000004 0.970864246875 0.3038020125 0.9844230218750001 0.2981009453125 0.9924699296874999 0.3072240171875 1 0.301797740625 1 0.2853255296875
293 0.9783018390624999 0.536512734375 0.9825461859375 0.5097149890625 0.9671135546875 0.5072707000000001 0.9634755437500001 0.530240196875 0.9585700125000001 0.5412360875 0.9500264703125 0.5752014734374999 0.9802853953125 0.5839183 0.9851360765624999 0.5532923046875 0.9783018390624999 0.536512734375
183 0.9538290328125001 0.6111222921875 0.985300628125 0.61218261875 0.99075764375 0.577728375 0.9592860484375001 0.576668046875 0.9135944921875 0.5655069328125 0.907531140625 0.6037894265625 0.9538290328125001 0.6111222921875
1872 0.4219014109375 0.3738261796875 0.43424751562499997 0.3757816109375 0.4647288234375 0.2432594546875 0.4505088625 0.23315866718749997 0.4219014109375 0.3738261796875
1870 0.470901875 0.2442371703125 0.4496801453125 0.3782258984375 0.466325446875 0.37301368749999997 0.4823095609375 0.351999621875 0.4871602421875 0.32137362812500003 0.49074340312500003 0.2787740265625 0.48203530937499994 0.25384909843750003 0.470901875 0.2442371703125
1008 0.48451251875 0.47792560625 0.456733784375 0.4735258875 0.45855279062500004 0.4620411390625 0.4215144765625 0.45617484687500004 0.41660894531250003 0.46717073750000004 0.40734936718750003 0.4657041640625 0.40371135625 0.48867366093750003 0.48087450781249996 0.500895103125 0.48451251875 0.47792560625
2001 0.7353438859375 0.81197465 0.8433722984375001 0.8290846703125 0.8871381296875 0.5927109234375 0.9013032390625 0.5831816062499999 0.9418728421875 0.30705879375 0.8165927937499999 0.2989892328125 0.7353438859375 0.81197465
1506 0.5815145187499999 1 0.5951797125 0.997761846875 0.6315568390624999 0.9878262843750001 0.6549815265625 0.979763540625 0.662973584375 0.969256509375 0.6517853 0.9400144734375001 0.6165659921875 0.9226634328125 0.5653077203125 0.9066963546875 0.5010970078125 0.8926020937500001 0.463452359375 0.89056405 0.41963465937500005 0.887548290625 0.36165185 0.8940618484374999 0.2814570234375 0.9009816531249999 0.2592450046875 0.9013878984374999 0.2352139828125 0.91327889375 0.2204425375 0.9266364609375 0.21741086250000002 0.94577770625 0.22545777031249997 0.9549007796875 0.5102030453124999 1 0.5815145187499999 1
1707 0 0.8877975078125001 0.0142516265625 0.89005474375 0.053608559374999996 0.6215884296875 0.072127715625 0.6245215765625 0.0258816953125 0.856578215625 0.041920659375 0.8551942546875001 0.0844738203125 0.6264770078125 0.0912532078125 0.623626471875 0.07344710625 0.8758846874999999 0.084580540625 0.8854966171875001 0.09196626249999999 0.8788178328124999 0.10051278593749999 0.6250930453125 0.11037869843749999 0.62273136875 0.109111178125 0.6107577640625 0.0763720625 0.59772383125 0.051679853124999994 0.59381296875 0.023294784375 0.5932415 0.013428870312499999 0.595603175 0.01409005625 0.6114050296875 0 0.66266410625 0 0.7081741296875 0.0227432984375 0.616699853125 0.0406561203125 0.6234612484375 0 0.8620751375 0 0.8877975078125001
1939 1 0.0948062078125 0.6118369359375 0.11351203750000001 0.5039641328125 0.81457053125 0.9295177953125 0.9643815625000001 0.9965726781249999 0.5609901093749999 1 0.5393508515625001 1 0.0948062078125
1939 0.0761236109375 0 0 0.48062556718750005 0 0.8438357140624999 0.5039641328125 0.81457053125 0.6124432718749999 0.1096837875 0.37743169062500004 0 0.0761236109375 0
819 0.9270403421875001 1 0.9332948703125 0.9605104703125 0.5039641328125 0.81457053125 0 0.8438357140624999 0 0.9194611734375 0.4960506609375 1 0.9270403421875001 1
291 0.71214158125 0.6787984125000001 0.710267725 0.6706530546875 0.7132994 0.651511809375 0.7071263484375 0.6505340937499999 0.7040946734375 0.669675340625 0.6997954765625 0.6768429828125 0.6900392640625 0.7184648671875 0.7091647562500001 0.7175697640625 0.71214158125 0.6787984125000001
323 0.3248389 0.527197175 0.31149952812500004 0.6114186625 0.3263258234375 0.6176912 0.3701435234375 0.620706959375 0.386569421875 0.5369743296875 0.356310496875 0.5282575031250001 0.3248389 0.527197175
1008 0.2330199671875 0.12807470781250002 0.35901605000000003 0.171576228125 0.3644730671875 0.137121984375 0.23726431250000002 0.1012769625 0.2330199671875 0.12807470781250002
1699 0.695392540625 0.2052316125 0.697211546875 0.19374686562500001 0.6990305515624999 0.18226211718750002 0.6940701703125 0.173627903125 0.6872907828125 0.1764784375 0.6823852515625 0.187474328125 0.68117258125 0.1951308265625 0.6756607140625001 0.209954965625 0.6732353734375 0.2252679640625 0.6702036984374999 0.2444092109375 0.6720775546875 0.25255456718749997 0.6844236578125 0.25450999687500003 0.6912030453125 0.2516594640625 0.6998014390625 0.23732418125 0.6966600625 0.21720522031249997 0.695392540625 0.2052316125
1699 0.7417452828125 0.232194584375 0.7398714265625 0.224049228125 0.747863484375 0.21354219375 0.7502888249999999 0.198229196875 0.7329823390625 0.1876395515625 0.7188172296875 0.19716887031250002 0.722564940625 0.21345958125000003 0.7213522703125 0.22111608125 0.7096673515624999 0.2349625046875 0.7066356765624999 0.2541037515625 0.7486343703125 0.26860425781249997 0.7535399015625 0.25760836875000004 0.7528787171875 0.24180651250000001 0.7417452828125 0.232194584375