1567 0.495636584375 0 0.255309740625 0.0041949203125 0.242620084375 0.00441641875 0.3868459703125 0.32026575468749996 0.39518723125 0.6835388703125 0.537008375 0.6720529921875 0.5273487453125 0.3478478734375 0.7037919359375 0 0.495636584375 0
1567 0.1602271390625 1 0.3466460578125 0.9967460453125 0.395920965625 0.725574509375 0.38689838125 0.3232683 0.242607971875 0.00441663125 0 0.008651368750000001 0 0.50436346875 0.008651368750000001 1 0.1602271390625 1
1567 0.701809946875 0 0.5253490484375 0.347882778125 0.537060784375 0.6750555375 0.5394797578125 0.6990409984375 0.6506521656250001 0.9944430593750001 1 0.985380290625 1 0.751684403125 0.985370890625 0 0.701809946875 0
323 1 0.72483133125 0.9943259624999999 0.3997659640625 0.7970374453125 0.44225463437499996 0.808975078125 0.5531742984375 0.8208603015625 0.6610914171875 0.8069148437500001 0.664338296875 0.81868711875 0.8803819624999999 0.8127928515624999 0.88649176875 0.8165744734375 0.9885434156249999 1 0.9824100671875 1 0.72483133125
1573 0.928388425 0.40392036875 0.9623308375 0.40032444062500006 0.9639112546874999 0.37626917187500003 0.953807959375 0.3704386046875 0.9535459109375 0.3554258765625 0.9432853859374999 0.340587671875 0.92928751875 0.34083200625 0.9172369359375001 0.3380388890625 0.909028515625 0.326168325 0.90276738125 0.3112603125 0.8947161906250001 0.3083973859375 0.8747192359374999 0.308746434375 0.8548795109375 0.3181031203125 0.8511945781250001 0.3361882015625 0.8411961015625 0.3363627265625 0.8415629687499999 0.357380546875 0.8420870656250001 0.387406003125 0.8406638765625001 0.420468909375 0.85466174375 0.42022457500000004 0.86255570625 0.4140798640625 0.8705544875 0.4139402453125 0.8984978124999999 0.4104490328125 0.928388425 0.40392036875
323 0.038560126562500005 0.650718834375 0.044865540625 0.7827610328125 0.0428658453125 0.7827959375 0.0458089140625 0.8368068531249999 0.051912820312499997 0.8427072296875 0.059222146875000006 0.9176661562499999 0.0832184921875 0.9172472984375 0.07790073125 0.95638510625 0.086633246875 0.9982811265624999 0.30054824375 0.9915437656250001 0.3170256234375 0.9041558000000001 0.3130343625 0.7900939703125001 0.2709359390625 0.7848218796875 0.2552085546875 0.6859822078125 0.2452100765625 0.68615673125 0.2413236359375 0.57809999375 0.18822282343750002 0.6300857 0.038560126562500005 0.650718834375
316 0.23732424375 0.578169803125 0.23143810625 0.4701479703125 0.1855499328125 0.476955871875 0.00225928125 0.5192002078125 0.0045653046875 0.651312215625 0.18617071875 0.627118059375 0.23732424375 0.578169803125
1573 0.1052557890625 0.3462051515625 0.09962357031249999 0.3673276859375 0.08804467499999999 0.3915574796875 0.07430885468750001 0.4068145421875 0.070623921875 0.424899625 0.0607302640625 0.431079240625 0.046837215625 0.43732866562500006 0.0431522828125 0.45541374843750004 0.039624578125 0.48250647031250005 0.041886321875 0.4974842921875 0.0699344671875 0.4999981703125 0.105876575 0.4963673375 0.1318726140625 0.495913575 0.147870178125 0.4956343375 0.155764140625 0.48948962656250006 0.157554196875 0.47744454062499997 0.1617108171875 0.4863823671875 0.179708075 0.486068225 0.1795508453125 0.4770605875 0.175027359375 0.44710494062499995 0.1599812984375 0.3872983609375 0.15356293593749998 0.36338271093749996 0.1415647625 0.3635921390625 0.1354084484375 0.3546892171875 0.1213057609375 0.348928459375 0.1052557890625 0.3462051515625
1321 0.43745101249999996 0.583686959375 0.440446490625 0.6407004203125 0.44717931093749996 0.6826313453124999 0.44333714999999996 0.6917087921875 0.4435467875 0.7037189749999999 0.44965069375000005 0.7096193515625 0.45554496093749997 0.7035095453125 0.459387121875 0.6944320984375 0.457238328125 0.571327728125 0.46502747031249997 0.559177925 0.468180178125 0.6251990265625 0.468704275 0.65522448125 0.46528138906249994 0.68832229375 0.47354221875 0.703195403125 0.48559280156250006 0.7059885203125 0.49143465781250006 0.6968761671875 0.48527834375 0.6879732453125 0.4850162953125 0.6729605171874999 0.48507683437500004 0.5618314234375 0.4870765296875 0.56179651875 0.4988650640625 0.5495769078125 0.498603015625 0.5345641796875 0.5020783093750001 0.5044689140624999 0.49708313593750003 0.44749035625 0.48656056249999996 0.41763942343749993 0.47845696249999997 0.41177395156249996 0.4703009515625 0.402905934375 0.469881675 0.37888556875 0.4657250546875 0.36994774218750004 0.46356813125 0.3609750109375 0.457516634375 0.3580771796875 0.445675690625 0.36729424375 0.44583292031250005 0.37630188124999997 0.4459901484375 0.38530951875 0.4461997875 0.39731970156249996 0.444357321875 0.40636224218750006 0.4386202828125 0.42147968437500005 0.42872662500000003 0.4276593 0.42493687343750003 0.43973929375000004 0.42140916875 0.4668320125 0.41803869374999997 0.5029323703124999 0.42245736093749997 0.526882925 0.42656157187500005 0.53281820625 0.43266547656250004 0.538718584375 0.4389790203125 0.55662914375 0.43745101249999996 0.583686959375
323 0.4424787046875 0.18413896093749998 0.437169071875 0.10914512968750001 0.3811776015625 0.1101224640625 0.380488146875 0.185221009375 0.4424787046875 0.18413896093749998
323 0.5344646921875 0.1825333390625 0.5291550609375 0.10753950781249999 0.47116389375 0.1085517484375 0.47247413437499997 0.1836153890625 0.5344646921875 0.1825333390625
323 0.5580336296875 0.27222575625 0.5927703156249999 0.19953637500000002 0.38480199531250003 0.203166475 0.38811193125 0.2781952109375 0.5580336296875 0.27222575625
323 0.7831886765625 0.5656382437499999 0.7795724125 0.3584625953125 0.6823734828125 0.40521111562499995 0.6077477078125 0.484603684375 0.6306353203125 0.5352630078125 0.7831886765625 0.5656382437499999
323 0.6372027828125 0.6823179328125 0.7896956 0.8238222625 0.7836603625 0.592661153125 0.6830990875 0.5613783921875 0.616419684375 0.637628796875 0.6372027828125 0.6823179328125
323 0.66839550625 0.86498455 0.71159453125 0.9333100984374999 0.7038053875 0.9454599 0.7406384593750001 0.99287234375 0.7606354125 0.9925232953125 0.7920016234375 0.9559342703124999 0.78980041875 0.8298273546875 0.6678795390625 0.7208274546875 0.6188829375 0.7787484421875 0.6394039874999999 0.80842485 0.6335621312499999 0.8175372015625 0.646136809375 0.850355775 0.6500313796875 0.8442808734374999 0.66839550625 0.86498455
323 0.23138569687500002 0.467145425 0.23732424375 0.578169803125 0.2453230265625 0.578030184375 0.34862586093750003 0.5371820406250001 0.3519963359375 0.5010816828125 0.2887479484375 0.4301026375 0.21639204687500002 0.410341390625 0.215388134375 0.46742466250000003 0.23138569687500002 0.467145425
323 0.61812118125 0.3913153421875 0.615020884375 0.3282967875 0.5894441203125 0.35277091562499996 0.5640245875 0.3862526796875 0.5726522843749999 0.42214360781250004 0.61812118125 0.3913153421875
819 0.3979206609375 0.7255396046875 0.3466460578125 0.9967460453125 0.41068871875 0.9986316375 0.6486524703125001 0.994477965625 0.5374276515624999 0.6960733578125 0.5349562703124999 0.6690853515625 0.3971345171875 0.6805014203125 0.3979206609375 0.7255396046875
323 0.20876826249999997 0.317367190625 0.32637529375 0.4084216265625 0.34758579843750004 0.3629994890625 0.29454552500000003 0.3038561015625 0.2943358875 0.2918459203125 0.2065146484375 0.188257728125 0.20876826249999997 0.317367190625
323 0.2989280421875 0.096540834375 0.59088356875 0.09144473125 0.589468509375 0.010376 0.4695391953125 0.015472834375 0.297355753125 0.0064644656250000005 0.2989280421875 0.096540834375