1567 0.4825396140625 0 0.2512338 0.016174478125 0.45949439375 0.35081045781250003 0.47812785937499996 0.674623771875 0.620410390625 0.6737054140625001 0.597058571875 0.3110876734375 0.7074821 0 0.4825396140625 0
1567 0.707555484375 0 0.5972680515625 0.3140833625 0.6233430953125 0.71564504375 0.6960646546875 0.9814901 1 0.9602368703125 1 0.4825396171875 0.9662575421874999 0 0.707555484375 0
1567 0.3946063421875 1 0.47801804062500003 0.701724475 0.4783373375 0.6776194578125 0.46148952187500003 0.3506709453125 0.25322892812500003 0.016034965625 0 0.0337424578125 0 0.4432818703125 0.0378074296875 1 0.3946063421875 1
323 0.22649191875 1 0.222082396875 0.91228274375 0.21567805468749998 0.9067099078125 0.20857608593750002 0.69046233125 0.1944007109375 0.688443234375 0.1968351109375 0.57990090625 0.1990600328125 0.4683628921875 0 0.44337894218749996 0 0.46011803125000006 0.037752225 1 0.22649191875 1
1573 0.13586468437500002 0.36742017968749996 0.1306175546875 0.3497250796875 0.11003783593750001 0.3421331453125 0.09008655625 0.343528275 0.08231552187499999 0.3470820140625 0.07737753281250001 0.3624789921875 0.07023493593749999 0.37501979531249996 0.0584736453125 0.3788525609375 0.0445077484375 0.37982915156249997 0.035579503125 0.39550515625 0.036626896874999995 0.41048359375 0.027070215624999998 0.417172534375 0.0307411734375 0.4409985234375 0.06486783125 0.4416224921875 0.095213709375 0.44552117343750003 0.12335498281249999 0.4465636796875 0.1313354953125 0.446005628125 0.139734965625 0.451438953125 0.15370086249999998 0.4504623625 0.149401465625 0.41764930937500006 0.14730667656250002 0.38769243124999997 0.145840325 0.36672261562499997 0.13586468437500002 0.36742017968749996
323 0.9552218296874999 0.9603577296875001 0.9602696375 0.917860046875 0.9515610265625 0.8793346453125 0.9755025640625 0.8776604890625 0.9762509765624999 0.8023497546874999 0.9818174031250001 0.7959398390625 0.9800419109374999 0.7418779468750001 0.9780467828124999 0.742017459375 0.9728199671875 0.60992816875 0.8219284859375 0.6024175125 0.7644988859375 0.55525766875 0.7700449984375 0.66324194375 0.7600693578125 0.6639395078125 0.753016265625 0.7637737984374999 0.7115375328125 0.772694946875 0.717502603125 0.886670596875 0.74153364375 0.9722899265624999 0.9552218296874999 0.9603577296875001
316 1 0.5112107859374999 0.9975200734375 0.475746184375 0.8112450625 0.4496374328125 0.7649381578125001 0.44685485468749997 0.7684891421875 0.5549786421875 0.8237141359375 0.5992823125 1 0.607251875 1 0.5112107859374999
1573 0.8358150359375 0.45695034218749997 0.8391768562499999 0.4476842515625 0.8420099000000001 0.4595274890625 0.85040936875 0.4649608140625 0.8663703937499999 0.463844709375 0.892307059375 0.46203104218749996 0.9284288437500001 0.46251549687500004 0.956151159375 0.4575666265625 0.9570988921874999 0.4424486765625 0.9512233265625 0.41576651093750006 0.945976196875 0.398071409375 0.9315913421875001 0.393056625 0.92119674375 0.3877628140625 0.9159496140625001 0.3700677125 0.9009363234375 0.35606586406249996 0.8872897234374999 0.3329374390625 0.8798379859375001 0.3123861625 0.864086440625 0.3164979546875 0.8505395015625 0.3234659203125 0.8451825546875 0.33287152343750004 0.8332117859375 0.33370860156250004 0.8289022328125 0.35809264218750003 0.8191259140625 0.418982990625 0.8172304468749999 0.44921889375 0.8178588828125 0.45820595781250006 0.8358150359375 0.45695034218749997
1321 0.5543026515625 0.416428884375 0.5472698734375 0.4018689828125 0.5446463078125 0.3930214328125 0.5438083921875 0.38103868125 0.54317995625 0.3720516171875 0.5425515187500001 0.36306455312499997 0.5299523140625 0.35491456875 0.524176409375 0.3583287953125 0.5228097171874999 0.367455371875 0.5194478984375 0.3767214609375 0.5211237296875 0.40068696406250004 0.513771653125 0.41023207812500007 0.5062100984375 0.41678150625 0.498329246875 0.44743595 0.498319090625 0.5046330453125 0.5044041359375 0.534310896875 0.5054515296875 0.5492893375000001 0.5182602140625 0.560435009375 0.5202553421875 0.560295496875 0.5300011890625 0.670996434375 0.531048584375 0.6859748734375 0.5256916359375 0.6953804765625 0.5323054578125 0.7039490015625 0.544066746875 0.7001162359374999 0.5509998656249999 0.68457974375 0.544705340625 0.651906203125 0.5426105515625 0.621949325 0.53999714375 0.5559046796875 0.548815571875 0.5673293796875 0.5574042078125 0.69015258125 0.5620229 0.69886061875 0.5684272421875 0.70443345625 0.57399366875 0.698023540625 0.573155753125 0.6860407890625 0.5685370609375 0.6773327515625 0.571589740625 0.6349745828125 0.56960476875 0.5779170015624999 0.56572433125 0.551095325 0.5704528421874999 0.5327026578125 0.57601926875 0.5262927421875 0.5795905671875 0.520022340625 0.5819049921875 0.49577781249999997 0.5754009890625 0.460108584375 0.569525421875 0.43342642031249995 0.56469725 0.42172269531250006 0.5543026515625 0.416428884375
323 0.591622278125 0.17600269531249998 0.5843901765624999 0.1012500109375 0.5285265906250001 0.105156375 0.52977330625 0.1803275953125 0.591622278125 0.17600269531249998
323 0.49984638437499995 0.182420290625 0.4946094125 0.10752809375000001 0.4367506984375 0.1115739703125 0.43799741406250003 0.18674519218750002 0.49984638437499995 0.182420290625
323 0.5921307390624999 0.26928755781249997 0.5888888953125 0.1942558484375 0.381395571875 0.20876519531249998 0.42233537187500003 0.2781504703125 0.5921307390624999 0.26928755781249997
323 0.20915564843749998 0.3833675296875 0.22360969218750001 0.5900699890625 0.372935159375 0.5465144390625001 0.391320428125 0.494053103125 0.3100591078125 0.4214667109375 0.20915564843749998 0.3833675296875
323 0.23962975000000003 0.8478386562500001 0.3792093703125 0.69358216875 0.3960184671875 0.647251721875 0.3229471390625 0.577102965625 0.2254950015625 0.6170311796875 0.23962975000000003 0.8478386562500001
323 0.310960471875 1 0.3357945421875 0.9615275999999999 0.3269761140625 0.9501029015625001 0.36405578906249997 0.8782723078125001 0.38054558906249997 0.856046878125 0.38495480312499997 0.8617592281249999 0.3946213046875 0.827969584375 0.3880074828125 0.8194010593750001 0.40586397500000004 0.7880490515624999 0.3520056734375 0.7346188046875 0.24004870781249998 0.8538300328125 0.2488468203125 0.9796489218750001 0.26963234062499997 1 0.310960471875 1
323 0.7806897046875 0.4427430640625 0.7747144765625 0.38596450625 0.7043562171875 0.41195678906250005 0.647534740625 0.48817819843750004 0.6540387437499999 0.5238474265625 0.7605086296875 0.5555366953124999 0.7684891421875 0.5549786421875 0.7647286796875 0.44385916718749996 0.7806897046875 0.4427430640625
323 0.370451884375 0.3389749 0.3728558125 0.402023859375 0.4208385484375 0.4287719390625 0.4263053140625 0.3922656328125 0.39806438125 0.3611267359375 0.370451884375 0.3389749
819 0.4744105765625 1 0.632430034375 0.988950203125 0.6960646546875 0.9814901 0.6213479671875 0.7157845578125 0.618205784375 0.6708492390624999 0.47991350781250003 0.6714885703125 0.479803690625 0.6985892734375 0.3965435140625 1 0.4744105765625 1
323 0.687577590625 0.28669595000000003 0.6398938390625 0.3502370453125 0.66498243125 0.39363771875000003 0.774206015625 0.2926796453125 0.765198421875 0.16386506875 0.686739675 0.2747132 0.687577590625 0.28669595000000003
323 0.5925069781250001 0 0.4881155671875 0.014661771874999998 0.3681984015625 0.0200368609375 0.3738543328125 0.1009204328125 0.665143034375 0.0805515421875 0.659510321875 0 0.5925069781250001 0