407 0.46503659218750004 0 0 0.06535663124999999 0 0.10389495468750001 0.3241007359375 0.0531649109375 0.3215931125 0.035322243749999996 0.41978404375 0.0154573765625 0.4226004546875 0.0211265875 0.526006271875 0.009626362500000001 0.538605115625 0 0.46503659218750004 0
1050 0 0.1052405859375 0.24217202968749998 0.0737767859375 0.2375747203125 0.041065228125 0 0.0744541765625 0 0.1052405859375
1939 0.5363224375 0 0.526006271875 0.009626362500000001 0.6174440406249999 0.7033516703125 0.829763509375 0.9494710015625 1 0.9277323578125 1 0.46503659218750004 0.93464336875 0 0.5363224375 0
1939 0 0.4776061703125 0.1338816078125 0.45289784062500005 0.062052390624999995 0.11425352656250001 0.2237296296875 0.10062881718750001 0.2829675671875 0.5077580562499999 0.581810225 0.43543330625000004 0.526006271875 0.009626362500000001 0.42061991875000004 0.0214049328125 0.41978404375 0.0154573765625 0.325136246875 0.0317917734375 0.3269171453125 0.0588341203125 0 0.107375753125 0 0.4776061703125
676 0.063614990625 0.1110014015625 0.1660254484375 0.5666484109375001 0.1808155625 0.5281796125 0.1054245484375 0.13545060312499999 0.063614990625 0.1110014015625
819 0.2903812875 0.5461388234375 0.26217985625 0.3742163921875 0.21506492656249998 0.383870478125 0.157102290625 0.373821503125 0.185194571875 0.5305966984375 0.1641540625 0.58207399375 0.26463431875 0.5497573234375001 0.2903812875 0.5461388234375
407 0.08029515312499999 0.1147221875 0.11053028281249999 0.128668009375 0.1204516265625 0.18489144375 0.12410391093749999 0.196508209375 0.16329669687499998 0.1879675078125 0.1706917546875 0.168733109375 0.2102838140625 0.10555101874999999 0.08029515312499999 0.1147221875
1050 0.12117835156250001 0.1756917640625 0.123685975 0.19353443125 0.1573550890625 0.188802546875 0.1568280015625 0.1706815328125 0.12117835156250001 0.1756917640625
1939 0.257800846875 0.37179930625 0.22174909375000001 0.10090716250000001 0.1667306828125 0.1692898015625 0.2094321046875 0.372532059375 0.257800846875 0.37179930625
1939 0.1551217546875 0.37409985 0.20588896874999998 0.3760625296875 0.16725776875 0.187410815625 0.12410391093749999 0.196508209375 0.128283284375 0.2262459890625 0.1551217546875 0.37409985
433 0.2613813078125 0.48349916875 0.2551122484375 0.43889249843749994 0.266995465625 0.43722242187499993 0.24955125156250002 0.32747098281250003 0.22776535468749998 0.330532790625 0.22525773125 0.3126901234375 0.219316121875 0.3135251625 0.240939709375 0.45301437968749997 0.2534591625 0.484612553125 0.2613813078125 0.48349916875
1413 0.55004699375 0.20942617968750002 0.5264242078125 0.012600139062499998 0.4230183921875 0.024100365625 0.4542545359375 0.23198647656250002 0.55004699375 0.20942617968750002
1413 0.4518560625 0.22929104531250002 0.42374511718749996 0.014900684375 0.32669884531250004 0.0285396484375 0.36064225 0.2269477359375 0.4518560625 0.22929104531250002
1567 0.5844269984375 0.46842321093750006 0.55088286875 0.21537373437500001 0.3610601859375 0.22992151249999998 0.335057590625 0.0880152078125 0.2321788609375 0.117636446875 0.295904959375 0.54233000625 0.5844269984375 0.46842321093750006
1567 0 0.47464673749999997 0.12793999843749998 0.453732878125 0.07729776875 0.1939888375 0 0.20485233125 0 0.47464673749999997
343 0.7332573328125 0.37775862031249996 0.8585768593750001 0.4359589890625 0.8617020578125001 0.4294547421875 0.8189446453125001 0.053366984375 0.69458880625 0.07387657343750001 0.7332573328125 0.37775862031249996
1413 0.6888468343749999 0.04739091875 0.6333918234375 0.0551846109375 0.666645828125 0.3780227125 0.7338935703125 0.41102687031249996 0.6888468343749999 0.04739091875
874 0 0.48482344531250005 0.0297863921875 0.5888280765625 0.0389436859375 0.5390208609375 0.1473460859375 0.5055908046875001 0.1338816078125 0.45289784062500005 0 0.47769209375 0 0.48482344531250005
819 0.49180846875000006 1 0.77868750625 0.9596817812499999 0.828200909375 0.952723125 0.77886848125 0.8747459203125001 0.44573308906250003 1 0.49180846875000006 1
1694 0.44450839999999997 1 0.7385310328125 0.889512525 0.7442730046875 0.9159981796875 0.7487611640625 0.9335625015625 0.764187515625 0.9283619546875 0.7539573859375001 0.8843119765624999 0.7839742140625 0.8679633250000001 0.7863353625 0.7554284234375 0.7387091796874999 0.4740329015625 0.6809461812500001 0.4366632328125 0.1621735265625 0.5823523390625 0.15088922031250002 0.5020603343750001 0.041342159375 0.5417162921875 0.030622267187500003 0.5947756328125 0.0438871078125 0.6747892921875 0.12106638125 1 0.44450839999999997 1
1939 0.12288261874999999 1 0 0.4920415734375 0 0.5062222171874999 0.069395940625 1 0.12288261874999999 1
1574 0.3546474796875 0.3854810359375 0.36424137343749996 0.3962627640625 0.3696558953125 0.3773067109375 0.365367371875 0.3324216953125 0.35150361874999997 0.33437011875 0.3443081984375 0.3262838234375 0.33524139218750004 0.33362311093749997 0.3368226546875 0.3879861515625 0.3499596828125 0.395237409375 0.3546474796875 0.3854810359375
1574 0.40154410937499996 0.34553247656249997 0.38944259375 0.3169080828125 0.382665109375 0.3117955640625 0.3823563234375 0.3239690234375 0.375160903125 0.31588272812499996 0.366094096875 0.32322201562499997 0.37319902968749996 0.373776240625 0.385609334375 0.3902271765625 0.3910238546875 0.371271125 0.40457882031250003 0.38149615937500003 0.40154410937499996 0.34553247656249997
1574 0.4076853546875 0.3173767453125 0.40686814375 0.36904435625 0.40895782968749994 0.3839132453125 0.41677082499999996 0.367652625 0.42720059218750006 0.38438190625 0.435431525 0.371095065625 0.4314517890625 0.314036590625 0.41925978593749996 0.3278801265625 0.4076853546875 0.3173767453125
1574 0.346906309375 0.3016585609375 0.355973115625 0.29431927343750003 0.355863965625 0.2791720375 0.354809790625 0.24293000937499998 0.342817425 0.2294528515625 0.33854756406250003 0.24218299999999998 0.3348952796875 0.23056623593749997 0.32270327499999996 0.24440977031250002 0.320523103125 0.27200881250000003 0.3231398765625 0.30499871562499997 0.337312415625 0.2908768328125 0.346906309375 0.3016585609375
1574 0.706022415625 0.6150899109375 0.7126907484375 0.6050551937499999 0.7401094671874999 0.613331803125 0.7542820078125 0.5992099234375 0.7466686499999999 0.5881498484375001 0.733113684375 0.5779248140625 0.7198675062500001 0.5555263218750001 0.7087110140624999 0.54799671875 0.6892144390625 0.538606721875 0.6866163281250001 0.5632319859375 0.6706628890624999 0.55031151875 0.6623228078125 0.5484511249999999 0.6588888234375 0.5671288328124999 0.6666113296875 0.5933361406250001 0.677876971875 0.6160129796875 0.6914319390625 0.6262380140625 0.706022415625 0.6150899109375
1574 0.6573448875000001 0.627996121875 0.6763143734375 0.6192651031249999 0.6629590453125 0.581719375 0.6537830890625 0.5739114265625 0.642626596875 0.5663818234375 0.6348136015625 0.58264244375 0.6272002453125001 0.571582371875 0.604996409375 0.5716704015625 0.607304396875 0.6168337640625 0.618878825 0.6273371437499999 0.6315979171875 0.6316146234375 0.6485868671875 0.62316195 0.6573448875000001 0.627996121875
1574 0.5952215421875 0.645824534375 0.607522696875 0.6471282359375 0.624929584375 0.6416493421875 0.61084753125 0.61330329375 0.5952028796875 0.5882093671875 0.577686840625 0.5785410265625 0.5710185078125 0.58857574375 0.5622604890625 0.5837415734375 0.5459982625 0.582994565625 0.541728403125 0.5957247156250001 0.5415287671875 0.6230454109375 0.5505050859375 0.658174053125 0.57468945625 0.657807678125 0.5952215421875 0.645824534375
1573 0.53934859375 0.6506444499999999 0.5221413421875 0.62880265 0.5120203609375 0.5998999078125 0.5079501390625001 0.585309365625 0.488562715625 0.5910666046874999 0.496394371875 0.6324211515625 0.49848405781249994 0.647290040625 0.5193435953125001 0.68074860625 0.5363325453125001 0.672295934375 0.53934859375 0.6506444499999999
1574 0.371748409375 0.7227193640625 0.3829049015625 0.730248965625 0.39478811875 0.7285788890625 0.4093785953125 0.7174307859375 0.4016560875 0.6912234765624999 0.39309770624999996 0.6590686109375 0.3723473203125 0.64075728125 0.3649522625 0.6599916796875 0.36266293906249997 0.672443484375 0.3542137078125 0.65543585625 0.3403499546875 0.6573842796875 0.3360800953125 0.670114428125 0.33431785937499997 0.7006872468750001 0.333700284375 0.7250341640625 0.3425674546875 0.7450155703125 0.362372815625 0.742232109375 0.371748409375 0.7227193640625
1574 0.32170791875 0.7115570046874999 0.307735015625 0.6983581921875001 0.298031971875 0.6724292281250001 0.28375028125 0.6714038734375001 0.279480421875 0.684134025 0.2727029390625 0.6790215078124999 0.260401784375 0.67771780625 0.25456932656250003 0.69370008125 0.2568773125 0.73886344375 0.2602208109375 0.7626536671874999 0.2745025015625 0.763679021875 0.29305405 0.751974225 0.298268934375 0.7603388671875 0.31765635937500003 0.754581628125 0.3290124890625 0.7347905375 0.32170791875 0.7115570046874999
288 0.3075913671875 0.8985243859375001 0.3316665875 0.8830107734375 0.3255066796875 0.853551340625 0.3152765484375 0.8095013625 0.318183446875 0.7727026421875001 0.3129685625 0.764338 0.2916006015625 0.7703735859374999 0.29505325 0.809311046875 0.2921463515625 0.8461097671875001 0.296325725 0.875847546875 0.2887123671875 0.8647874734375 0.271505115625 0.8429456734375 0.271395965625 0.8277984359375001 0.280353621875 0.8053119140625 0.263564309375 0.786443890625 0.2508452171875 0.7821664125 0.2409425375 0.78355814375 0.2429417359375 0.8408949640625 0.24951958125 0.8733281749999999 0.273195528125 0.9124559515625 0.2968528125 0.8939685609374999 0.3075913671875 0.8985243859375001
1863 0.40921628437499996 0.8599818125 0.41702927812499996 0.8437211921875001 0.427041109375 0.8574766968749999 0.44882700781249996 0.8544148890625 0.444647634375 0.824677109375 0.427331234375 0.7876880734375 0.41575680468750004 0.7771846921875001 0.40303771250000003 0.7729072125 0.39751404218749997 0.7767160296875 0.3911544953125 0.774577290625 0.3697865359375 0.7806128765625 0.363118203125 0.7906475953125 0.3653170390625 0.8206637203125 0.3741842078125 0.8406451296874999 0.381488778125 0.863878659375 0.39535253125 0.8619302359375001 0.40921628437499996 0.8599818125
288 0.7398380062500001 0.7407355953125 0.7615147531249999 0.72252655 0.7471239140625 0.7063539609375 0.7327330734374999 0.69018136875 0.7229208796875 0.64910516875 0.7022796437500001 0.6459410765625 0.6951933734375 0.653002015625 0.6761147375000001 0.6465857984375 0.661106321875 0.6547601234375 0.6688288296875 0.6809674343750001 0.680512409375 0.70661805 0.688652853125 0.7357991375 0.7022078203125 0.7460241734374999 0.7239937171874999 0.7429623640624999 0.7398380062500001 0.7407355953125
1573 0.2412513234375 0.7713846859375 0.2503181296875 0.7640453984375 0.24948225625 0.7580978421875 0.2461387578125 0.7343076187500001 0.23518190312499998 0.699457321875 0.22360747343749998 0.688953940625 0.21297806718749998 0.6995453515625 0.2103799578125 0.7241706140625 0.21581314062499998 0.762829728125 0.22978604374999997 0.776028540625 0.2412513234375 0.7713846859375
1573 0.4680492921875 0.6606649140624999 0.45803746093750003 0.6469094078125 0.4452092203125 0.62748469375 0.4360332640625 0.61967674375 0.4269664578125 0.6270160312499999 0.4319817046875 0.6627013671875 0.43730573906250003 0.6862132437499999 0.44648169531250004 0.69402119375 0.4596187234375 0.7012724515625 0.47233781406249997 0.7055499296875001 0.47931493437499995 0.6833417515625 0.4680492921875 0.6606649140624999