1567 0.447447884375 0 0 0.095107984375 0 0.552552115625 0.009817337499999999 0.5987390578125 0.09679598125 1 0.4100876890625 1 1 0.6116000640625 1 0.46843920937499994 0.8990384109375 0 0.447447884375 0
886 0.7067899640624999 0 0.9060727390625001 0.9194043890625 1 0.899439534375 1 0.47073142968750004 0.8989558953125 0 0.7067899640624999 0
886 0.2211276953125 1 0.024284921875 0.1281134453125 0.016522885937500002 0.0915959359375 0 0.095107984375 0 0.552552115625 0.009817337499999999 0.5987390578125 0.09679598125 1 0.2211276953125 1
819 0.5185161296875 1 0.8219520453125 0.9372847953125 0.9060727390625001 0.9194043890625 0.8586530874999999 0.7059319375 0.40860613749999997 1 0.5185161296875 1
1573 0.308312725 0.1849698609375 0.3027684125 0.158885925 0.2893989203125 0.1344652828125 0.28128073750000004 0.14436958125 0.27903144062499996 0.15302640781250001 0.26618480624999996 0.1503045609375 0.2616862125 0.167618215625 0.262209071875 0.1893170125 0.28734790781249997 0.1921523125 0.2974223859375 0.1818321921875 0.301041975 0.18924154843750002 0.308312725 0.1849698609375
1574 0.2289520546875 0.196386009375 0.2381790984375 0.1916984984375 0.2393195328125 0.177824884375 0.23093992187499998 0.17687978437500002 0.21920215 0.1793747234375 0.194910746875 0.1709068140625 0.15415312187500002 0.1523076984375 0.15050196093749998 0.16398874375 0.1345901703125 0.1564659328125 0.1295371453125 0.17117119375 0.13958005 0.179941475 0.146264796875 0.19215179531249998 0.1602202921875 0.2000904296875 0.1839572640625 0.20594994687499998 0.206878375 0.1983516734375 0.2205724421875 0.195440909375 0.2289520546875 0.196386009375
1573 0.7669282187500001 0.591842821875 0.7428982453125 0.594224309375 0.7255845890625 0.589725715625 0.7130309578125 0.5787628640625 0.6859358265625 0.5763433874999999 0.6903712765625001 0.5972105375 0.692589 0.607644109375 0.723596721875 0.609231940625 0.7532025796874999 0.6138439875 0.7708092359375 0.6101015765625 0.771395240625 0.59361956875 0.7669282187500001 0.591842821875
1573 0.6913134249999999 0.53430671875 0.6885412703125 0.5212647515625 0.6846602515625 0.5030059953125 0.6813336640625 0.48735563437499996 0.6763122109374999 0.48297049375 0.662879575 0.49673065625 0.662293571875 0.5132126640625 0.6516646625 0.5209243921875 0.6485679328125 0.5352138296875 0.6513400890625001 0.5482557984375 0.6611215640625 0.54617668125 0.6787282218749999 0.5424342703125 0.683781246875 0.5277290078125 0.688509696875 0.5403551546875 0.6913134249999999 0.53430671875
1573 0.49443105000000004 0.3198886515625 0.48018255312499997 0.32019102187500004 0.4760085328125 0.3101732703125 0.46818335156249996 0.3118365640625 0.45478228749999994 0.3065063234375 0.44138122187500006 0.30117608281249997 0.4366211984375 0.307640340625 0.438545921875 0.32631491874999996 0.44327437343750004 0.3389410640625 0.45305585 0.336861946875 0.46394618750000005 0.3399996171875 0.4851724328125 0.34366656406249996 0.5106042703125 0.338260859375 0.518722453125 0.3283565625 0.5156572953125 0.3235555984375 0.49443105000000004 0.3198886515625
1640 0.2875954703125 0.5492373390624999 0.27585769843749997 0.5517322796874999 0.2627496359375 0.5381610343750001 0.24934857031250002 0.53283079375 0.2414918171875 0.553584490625 0.2358843609375 0.56568135625 0.2232991578125 0.5738089093750001 0.22356058750000002 0.5846583062499999 0.23696165156250001 0.589988546875 0.258187896875 0.59365549375 0.28782532656250004 0.5791771375 0.2895201921875 0.56791191875 0.2875954703125 0.5492373390624999
1573 0.31734532031249996 0.8046330046874999 0.3020195328125 0.7806281859374999 0.300031665625 0.8001344109374999 0.2899571875 0.8104545328125001 0.2768175515625 0.815973690625 0.2675905078125 0.8206612 0.26169005 0.840999071875 0.2717329546875 0.8497693546875 0.29716479218749997 0.84436365 0.3156188828125 0.8349886281250001 0.3223352015625 0.8281085484374999 0.31734532031249996 0.8046330046874999
1573 0.23455449375 0.694097384375 0.2189041328125 0.6974239718749999 0.20269933906249998 0.6981421640625001 0.1940267265625 0.70543806875 0.17417077187500002 0.7178373062500001 0.1669000234375 0.72210899375 0.164064721875 0.7472478296875 0.1777587890625 0.744337065625 0.20234319374999998 0.744563971875 0.2207972828125 0.7351889515625001 0.23840394062499998 0.731446540625 0.2495872796875 0.7263432062499999 0.23455449375 0.694097384375
1573 0.49014844531249996 0.7133777359375 0.478996678125 0.6993906671875 0.4689222 0.7097107890625 0.46973806093750003 0.7231685796875 0.456598425 0.7286877375 0.4490346734375 0.741200428125 0.459339009375 0.7608201078125 0.48170568906250005 0.7506134390625 0.49288902968750004 0.74551010625 0.49292060156249995 0.726419703125 0.49014844531249996 0.7133777359375
1574 0.6417480453125 0.43579250312499995 0.6269451171875 0.43348647968750004 0.6104788953125 0.42335527500000003 0.6009588484374999 0.436283790625 0.5897755078125 0.4413871234375 0.5682562609375 0.44596117968750004 0.5827661875000001 0.45650820937500003 0.5897439359375001 0.46047752500000005 0.5972761156249999 0.4670552359375 0.6168390671874999 0.462897003125 0.6461834953125 0.4566596515625 0.665192015625 0.4498930234375 0.6604635640625001 0.4372668796875 0.6417480453125 0.43579250312499995
1574 0.637209028125 0.30862394531250004 0.653706821875 0.2996647484375 0.6732697734374999 0.29550651562499997 0.686963840625 0.2925957515625 0.6911694328125 0.2835231 0.67388735 0.2599341046875 0.65934585 0.2684774796875 0.64284805625 0.2774366765625 0.632773578125 0.2877567984375 0.6193725140625 0.2824265578125 0.60176585625 0.28616896718749996 0.5872243578125 0.29471234062499996 0.5696177 0.2984547515625 0.55201104375 0.3021971625 0.53384995625 0.3033311796875 0.5262862046875 0.3158438703125 0.5276564968749999 0.3319100546875 0.5433068578125 0.32858346875 0.562869809375 0.324425234375 0.588856078125 0.321627925 0.603952009375 0.31569294375 0.61513535 0.31058961093750004 0.637209028125 0.30862394531250004
1574 0.5383978265625 0.59407235 0.540940125 0.5771745171875 0.527539059375 0.571844278125 0.51273613125 0.5695382546875 0.48730429375 0.5749439578125 0.4920643171875 0.5684796999999999 0.4831302734375 0.56492620625 0.46972920937499996 0.559595965625 0.4677413421875 0.5791021921875 0.45404727500000003 0.58201295625 0.4459606640625 0.5728268515625 0.43533175625 0.580538578125 0.42052882656249996 0.5782325546875 0.4255187078125 0.601708096875 0.411824640625 0.6046188609375001 0.3928161203125 0.6113854890625 0.3796449125 0.6359950484375 0.3893948171875 0.6530063328125 0.40422931718750005 0.636221953125 0.4148266546875 0.6476006296875 0.43634590156249997 0.643026571875 0.46262517187499996 0.63198825625 0.47410151406249995 0.6186439203125 0.501489646875 0.6128223921875 0.5238563265625 0.6026157234375 0.5383978265625 0.59407235
1640 0.3718197328125 0.637658340625 0.3550605078125 0.6357681421875 0.3187699046875 0.6189457734375 0.3148257421875 0.6388678203125 0.29891395 0.6313450109375001 0.2963716515625 0.6482428437500001 0.3147941703125 0.6579582234375 0.31812075625 0.6736085843749999 0.332076253125 0.6815472203125 0.3583555234375 0.6705089046875 0.3832329296875 0.6624948078124999 0.38130820625 0.643820228125 0.3718197328125 0.637658340625