1567 0.49563657812499995 0 0 0.008651368750000001 0 0.50418176875 0.010649193749999999 1 0.105126503125 1 0.254671809375 0.9990242390624999 0.9994382078124999 0.692646275 0.9853795796875 0 0.49563657812499995 0
886 0.7973509 0 0.8185859093750001 0.9891810812499999 1 0.9860144859375 1 0.7517455765625 0.9853702078125 0 0.7973509 0
886 0.0263348296875 1 0.1325973109375 0.995820909375 0.103984446875 0.0441753328125 0.10333289062499999 0.0068476859375 0 0.008651368750000001 0 0.50418176875 0.010649193749999999 1 0.0263348296875 1
819 0.8127699546875 0.7705826234375001 0.2586246609375 0.9962881671874999 0.7325990078125 0.9906819875 0.8185859093750001 0.9891810812499999 0.8127699546875 0.7705826234375001
1573 0.3630155671875 0.1009966046875 0.353156709375 0.10916991093749999 0.3492969375 0.1172385015625 0.3372056859375 0.112115409375 0.32948614374999996 0.128252590625 0.3258590703125 0.1496524859375 0.349995034375 0.157232409375 0.3618535875 0.1490241984375 0.36399290156249997 0.1569880765625 0.37194514375 0.1541821953125 0.371479746875 0.127519590625 0.3630155671875 0.1009966046875
1574 0.30558287812499996 0.1340039703125 0.29753755625 0.1314773296875 0.285539384375 0.1316867578125 0.2633100359375 0.11873940937500001 0.226850121875 0.0927050890625 0.22103719375000003 0.103474846875 0.20685316718750002 0.0930541375 0.199087084375 0.10652505937500001 0.20727202500000003 0.1170504828125 0.21150411562500002 0.130311975 0.223688446875 0.1407675890625 0.2458712546875 0.151048678125 0.269821059375 0.147963559375 0.2838189265625 0.1477192265625 0.2918642484375 0.1502458671875 0.30181618593750004 0.1474050828125 0.30558287812499996 0.1340039703125
1573 0.7043194921875 0.6311207703124999 0.694088315625 0.6179639906250001 0.66795265625 0.6104189718749999 0.668324975 0.6317490578125 0.668511134375 0.6424140984375 0.698646184375 0.6498893078125 0.7268280781249999 0.6600656828125 0.7448253375 0.6597515390625001 0.7485454890625001 0.6436841671875 0.744499559375 0.641087715625 0.7204566734375 0.6388403140625 0.7043194921875 0.6311207703124999
1573 0.6806939515625 0.5381856046875 0.6804147125 0.522188040625 0.6763222421874999 0.5169253296874999 0.6605108390625001 0.5278696109375 0.6567906859375 0.5439369843749999 0.64488559375 0.549478934375 0.63911920625 0.5629149499999999 0.6393519046875 0.576246253125 0.64935038125 0.5760717296875 0.667347640625 0.5757575859374999 0.6751137234375 0.5622866640625 0.6773461171874999 0.5755830625 0.681252428125 0.57018073125 0.6810197296875 0.5568494281249999 0.6806939515625 0.5381856046875
1573 0.5126699703125001 0.309083134375 0.5046711890625 0.30922275312499997 0.49253339843750005 0.30143339999999996 0.48039560625 0.293644046875 0.47448959999999996 0.29908128437500003 0.47281568281249997 0.3177800109375 0.47504807656250003 0.3310764109375 0.485046553125 0.33090188593750003 0.495138109375 0.3360598828125 0.5152746828125 0.343709615625 0.5412707234374999 0.343255853125 0.55112958125 0.3350825484375 0.54903680625 0.3297849328125 0.5289002328125 0.3221351984375 0.5148558249999999 0.319713271875 0.5126699703125001 0.309083134375
1640 0.259827125 0.4921904046875 0.2476893328125 0.48440105312500004 0.2360169390625 0.50327430625 0.228204315625 0.514078965625 0.21429952812500003 0.519655821875 0.21248599218750003 0.5303557671875 0.2246237828125 0.5381451203125 0.24476035624999998 0.545794853125 0.27661586250000003 0.5372375953125 0.28042909531250004 0.52650274375 0.2821030125 0.507804015625 0.2701048390625 0.50801344375 0.259827125 0.4921904046875
1573 0.24643730156250002 0.756464340625 0.2345787484375 0.76467255 0.2206274203125 0.7675831453125 0.2106754828125 0.7704239281249999 0.20100278437500002 0.7892622765625 0.209187725 0.7997877 0.2351837640625 0.7993339374999999 0.2550876390625 0.7936523671875 0.262993340625 0.788180228125 0.2625744828125 0.7641838828124999 0.25211060937499996 0.7376958015625 0.24643730156250002 0.756464340625
1573 0.1703542828125 0.6377740953125 0.1604488859375 0.6432811390625 0.1385918546875 0.6516638734375 0.1306396140625 0.6544697546875 0.1230596890625 0.67860571875 0.1370575578125 0.678361384375 0.16114698125 0.683275046875 0.18105085625 0.677593478125 0.1990481140625 0.677279334375 0.210999746875 0.6744036453125 0.20239594843750003 0.639881878125 0.1863983859375 0.6401611171875 0.1703542828125 0.6377740953125
1573 0.42947848125 0.6999278875 0.42771148593749997 0.71329409375 0.41376015781250003 0.7162046890625 0.4039478390625 0.7270442546875 0.41031924374999995 0.748269625 0.43422250937499995 0.7425182453125 0.446174140625 0.73964255625 0.44984775312499997 0.7209089234375 0.44961505468749996 0.7075776203124999 0.44133703437499994 0.6917196765625 0.42947848125 0.6999278875
1574 0.6230735890625 0.44584382187499993 0.611261575 0.45671829218750004 0.59930994375 0.45959398125 0.57731329375 0.459977934375 0.589544165625 0.473099809375 0.5956363312499999 0.47832761562500004 0.6017750359375 0.4862216828125 0.621771990625 0.485872634375 0.6517674203125 0.4853490625 0.671717834375 0.482333753125 0.669485440625 0.46903735468749996 0.651395103125 0.46401897812500004 0.63730415625 0.45893079062500003 0.6230735890625 0.44584382187499993
1574 0.7091055171875 0.3323250671875 0.723103384375 0.33208073437499996 0.7289628515625 0.32397723749999996 0.7164992812500001 0.2975240609375 0.7005947984375 0.303135821875 0.6826906187499999 0.3087824859375 0.670832065625 0.316990696875 0.6586942734375001 0.30920134374999997 0.640697015625 0.3095154875 0.6247925328124999 0.31512724531249997 0.6067952734375 0.31544138906249997 0.588798015625 0.3157555328125 0.5707542171875 0.31340341562499996 0.5609418984375 0.32424298125 0.5592214421875 0.34027545 0.5752190046875 0.3399962109375 0.595215959375 0.33964716250000004 0.6212585390625 0.34185966093750003 0.6372095625 0.33891416093750004 0.6491611953125 0.33603847343750004 0.671204384375 0.33832077968749996 0.6891085625 0.33267411562500004 0.7091055171875 0.3323250671875
1574 0.5133245546875 0.5757789953125 0.4992336078125 0.570690809375 0.47323756718750004 0.571144571875 0.479143575 0.5657073359375 0.4710517140625 0.560514434375 0.45891392187499996 0.55272508125 0.45324061406249994 0.5714936203125001 0.43924274687500003 0.571737953125 0.43305750156249995 0.561177625 0.42115240781249996 0.566719575 0.4070614609375 0.5616313875000001 0.40748031874999996 0.5856277328124999 0.3934824515625 0.585872065625 0.3735320375 0.588887375 0.355907096875 0.610531603125 0.3622319609375 0.6290907125 0.37999652031250003 0.615445265625 0.38822800156250004 0.62863695 0.41022464999999997 0.6282529968749999 0.43812730625 0.6224318078125 0.451939015625 0.6115224328125 0.47993474999999997 0.611033765625 0.503838015625 0.6052823859375 0.5197424984375 0.5996706265625 0.525462346875 0.5835683484375 0.5133245546875 0.5757789953125
1640 0.2994036875 0.582180071875 0.291730684375 0.6009835140625001 0.2775466578125 0.59056280625 0.2718268109375 0.606665084375 0.288057071875 0.619717146875 0.2883363109375 0.6357147109375 0.3005206421875 0.646170325 0.3284232984375 0.640349134375 0.35437279843749997 0.6372291125 0.356046715625 0.618530384375 0.3479083140625 0.610671221875 0.331817671875 0.6056179390625 0.2994036875 0.582180071875