407 0.4341737515625 0 0.05735053125 0.10096947812499998 0.216610425 0.24602599687499999 0.2359289421875 0.2408496171875 0.24986800625 0.261961284375 0.496732234375 0.209617896875 0.49755779999999994 0.18178932187500002 0.5221203875 0.18072926875 0.60908215 0 0.4341737515625 0
407 0 0.289010390625 0.23869963749999998 0.36710109062499996 0.27237 0.3691220890625 0.2685029765625 0.33150794375000003 0.25746335 0.3289445296875 0.24518205625 0.32947455625 0 0.186709746875 0 0.289010390625
1939 0 0.184504828125 0.2425600203125 0.3274163921875 0.2560829828125 0.3237929265625 0.271676496875 0.327896865625 0.26270410312500003 0.2944114375 0.2588404 0.2954467140625 0.24986800625 0.261961284375 0.2359289421875 0.2408496171875 0.216610425 0.24602599687499999 0.059254384375000003 0.10045934062499999 0 0.11633650625 0 0.184504828125
1939 0.6094863625 0 0.5240522390625 0.18021163125 0.49755779999999994 0.18178932187500002 0.4986640859375 0.20910025937499999 0.5159186890624999 0.27349531250000003 0.5338568375 0.263167328125 0.765135828125 0 0.6094863625 0
407 0.7656888921875 0 0.5166088734375001 0.27607111562500003 0.5319283046875001 0.3023343875 0.6614944281249999 0.19859883750000001 0.6547312875 0.181085859375 0.7177888890624999 0.12277857968749999 0.7655336968750001 0.11550686875 0.7891286984375 0.095380925 0.7869194453125 0.079408475 0.8029257421875 0.069598128125 0.823624628125 0.06957335 0.8541181515625 0.03655600625 0.8499770468750001 0.02110119375 0.8589461203125 0.015937200000000002 0.8847503765625 0.011783707812499999 0.8820196031249999 0 0.7656888921875 0
1939 0 0.558098840625 0.1131790703125 0.9804888859374999 0.33103565 0.5880652765625001 0.27554351875 0.3655110109375 0.24256334062499998 0.3660658140625 0 0.29025043125 0 0.558098840625
1939 0.4953518671875 0.20446629062500002 0.25179985781249997 0.26144364531250003 0.26008206718750004 0.29235327187500004 0.26587762187499997 0.2908003578125 0.27374704843750003 0.3356242734375 0.26795149375 0.3371771875 0.27554351875 0.3655110109375 0.33351898593749996 0.5818783953125 0.5841082171875 0.5202546859375 0.537311078125 0.31469576093749996 0.5146770218750001 0.27658875312500003 0.4953518671875 0.20446629062500002
1939 1 0.437021171875 0.9774414406249999 0.3499840609375 0.88599204375 0.0086902671875 0.8589461203125 0.015937200000000002 0.8492868625 0.018525390625 0.8541181515625 0.03655600625 0.8281785156250001 0.0711138765625 0.8029257421875 0.069598128125 0.7869194453125 0.079408475 0.79230221875 0.091769846875 0.76622388125 0.11808267187499999 0.720410925 0.12483674375 0.6527994359375 0.1816034984375 0.6621846125 0.2011746390625 0.5338601578125 0.3018167484375 0.5378625609375 0.3090265171875 0.58604006875 0.5197370484375 1 0.5805116109374999 1 0.437021171875
1313 1 0.43711476875 0.955839340625 0.2770913359375 0.958464696875 0.3177989203125 0.9695076421875 0.3590117546875 0.9806859703124999 0.369820215625 0.9737874468750001 0.38271161249999996 0.9496409609375001 0.40850679999999995 0.9395689203125 0.425009278125 0.9352924343750001 0.43995884218750003 0.92977428125 0.4580018453125 0.92798445 0.50541395 0.9241240656249999 0.545098646875 0.932406275 0.5760082734374999 0.9424816359375001 0.5981552156250001 0.9547629296875 0.597625190625 0.9722882953124999 0.6012114921875 0.9674603265625 0.6218302984374999 0.9687053125 0.657386278125 0.9656738140625001 0.7078918234375 0.9753363921875 0.7439530546875 0.9738206421875001 0.7692058265624999 0.9883145078125001 0.8232976734375 1 0.861411134375 1 0.43711476875
1316 0.8696028390625001 0.38025969375 0.8578730296874999 0.375120478125 0.853315821875 0.33493053125 0.8388252749999999 0.3194881046875 0.8284758328124999 0.31950049375 0.8163332390625 0.3282755640625 0.8155076734375 0.3561041390625 0.8166139593749999 0.383415075 0.8039198828125 0.3978593890625 0.8008850656250001 0.40971551249999993 0.8080643078125 0.45196362343749996 0.814414665625 0.4833908875 0.8146920671875 0.4998809765625 0.84118650625 0.4983032875 0.8567800203125 0.5024072265624999 0.8825842765624999 0.49825373281249996 0.8961072375000001 0.49463026718750003 0.8781657703124999 0.46630883125 0.8911372484375001 0.46835460781249993 0.9059018765625 0.4616377 0.9241174265625001 0.46779980468750004 0.9219081734374999 0.451827353125 0.9114200312499999 0.44359469687499997 0.8978970687500001 0.4472181625 0.8851996734375 0.42301305468750006 0.8758144968750001 0.4034419140625 0.8696028390625001 0.38025969375
1316 0.76473800625 0.4911802359375 0.773294296875 0.49993053125 0.779367253125 0.51486770625 0.7927581531250001 0.5802980359375 0.79952129375 0.5978110140624999 0.8122153703125001 0.5833667 0.8104188999999999 0.5534799625 0.794680046875 0.46383213437500004 0.8028202359375 0.4478472953125 0.7942639453125 0.439097 0.79412524375 0.43085195625 0.7906743234375 0.41797294531249995 0.7943993265625 0.4086926234375 0.788877853125 0.3880862078125 0.8047454484375001 0.3700308140625 0.805848415625 0.3586923296875 0.798121009375 0.3607628828125 0.782943596875 0.3813940765625 0.7779769265625001 0.3937678375 0.7748034078125 0.397378915625 0.766108415625 0.3803835765625 0.7719039703125 0.3788306609375 0.7763191578125 0.37212614374999997 0.772178053125 0.35667132968750004 0.762931578125 0.345345234375 0.7538238015625 0.34226418125 0.741129725 0.35670849531250004 0.7420973109375 0.37577438750000003 0.750792303125 0.392769725 0.745964334375 0.41338853125 0.750656921875 0.42317410312500003 0.7583876484375 0.45975297187499997 0.7612870859374999 0.47830122499999994 0.76473800625 0.4911802359375
1547 0.8007662812499999 0.6333669953125 0.6882961437499999 0.561356028125 0.61640485 0.5944229234375 0.6249644609375 0.6418226390624999 0.7876726984375 0.8163232812500001 0.836107690625 0.8116273734374999 0.8007662812499999 0.6333669953125
1317 0.7145131828125 0.543288246875 0.7037476375 0.5185655015624999 0.6859448703125001 0.4984891109375 0.6753180265625 0.482011409375 0.6660715515625 0.4706853125 0.65820544375 0.4645108203125 0.6448211828125 0.4763793328125 0.6438569171874999 0.49596286093749997 0.652551909375 0.5129582 0.6637302359375 0.523766659375 0.6580767015625 0.572214040625 0.6427605890625 0.5846001890625 0.6350331828125 0.5866707421874999 0.6271703953125 0.6191456703125 0.6271737140625 0.657795090625 0.61751445625 0.66038328125 0.6053718625 0.669158353125 0.61144481875 0.6840955281250001 0.6179305578125 0.6851184156250001 0.6333853703125001 0.6809773109374999 0.6492529671875 0.6629219187500001 0.6466342515625 0.6995131765625 0.636562209375 0.7160156546875001 0.6424964656250001 0.722707784375 0.6598831296875 0.7180490421875 0.6676105375 0.7159784890625 0.679201646875 0.7128726609375 0.6729899890625 0.689690440625 0.66663963125 0.6582631765625 0.6662235296875 0.6335280421875 0.668706865625 0.6273411624999999 0.684161678125 0.6232000578125 0.700996859375 0.62421055625 0.7171418578125001 0.6226452546875 0.7303874171875 0.6025316984375 0.7227953921875 0.5741978734375001 0.7145131828125 0.543288246875
1324 0.4895795484375 0.47656515625000007 0.4778497375 0.4714259390625 0.46860326093750004 0.46009984218750005 0.47343123125000003 0.43948103749999995 0.46142401875 0.41785173125 0.4483138390625 0.407560909375 0.43741291406249994 0.41324254062500004 0.428582540625 0.4266515796875 0.43341382968750003 0.44468219375 0.43824511875 0.462712809375 0.445421040625 0.4663114984375 0.43976418749999996 0.4761094578125 0.429692146875 0.49261193593749997 0.428176396875 0.5178647093750001 0.43949674375000003 0.5755676328125 0.4406030296875 0.60287856875 0.44088043125 0.619368659375 0.45357782812499997 0.6435737671874999 0.4618567171875 0.6358339703125 0.44888192031249996 0.595138775 0.44887860156250003 0.556489353125 0.45867987968749996 0.6007956296875 0.4838005890625 0.671365175 0.497465571875 0.7146361765625 0.5137525890625 0.7599653390625 0.5210672125 0.7718090734375 0.5136172078125 0.790369715625 0.5265886859375 0.792415490625 0.534867575 0.784675696875 0.5398342453125 0.7723019343749999 0.52561778125 0.734700178125 0.5072602109375 0.6816436078125 0.4883511578125 0.63425628125 0.4893154234375 0.6146727515625 0.5035318890625 0.6522745078125001 0.5112626140625001 0.6888533765625 0.5257531625 0.7042958015624999 0.534174071875 0.7434504734375 0.546455365625 0.742920446875 0.5460425828125001 0.756834734375 0.55597924375 0.7707366328125 0.5608072125 0.7501178265624999 0.55018036875 0.7336401265625 0.553905371875 0.7243598046875 0.5405177906249999 0.69757889375 0.5279590953125 0.6816188328125 0.526023925 0.6434870484374999 0.516361346875 0.6074258171875 0.5079404375000001 0.568271146875 0.502970446875 0.5419954859375 0.5126297046875 0.5394072953125 0.5298776703125 0.5265035078125 0.51138471875 0.503851315625 0.49620398750000005 0.4858330875 0.4895795484375 0.47656515625000007
1316 0.3691112421875 0.46743349375000004 0.3547593953125 0.46023611249999996 0.34992810625000004 0.44220549687500005 0.3450968171875 0.4241748828125 0.333918490625 0.41336642343749996 0.3223273796875 0.4164722515625 0.31805089375 0.431421815625 0.3190184796875 0.45048770625 0.32384976875000004 0.468518321875 0.3362697640625 0.476233340625 0.3401334671875 0.475198065625 0.3348927140625 0.5097311578125 0.341104371875 0.5329133781250001 0.36498009531250003 0.5679269437500001 0.360842309375 0.5911215515625 0.3670539671875 0.614303771875 0.37533617656249996 0.6452133984375 0.406803925 0.7085607890625 0.4121900171875 0.7595715828125 0.4197820421875 0.7879054062499999 0.42944129999999997 0.7853172171875 0.43813629218749994 0.8023125562500001 0.452900921875 0.7955956484375 0.4624214796875 0.7847624140625 0.46573037968750003 0.750746959375 0.4527589015625 0.7487011828125001 0.444889475 0.7038772703125 0.43260486093750006 0.6657578749999999 0.4229422828125 0.62969664375 0.4153502578125 0.6013628203125 0.4030656453125 0.563243425 0.405271578125 0.5405664546875 0.3913325140625 0.5194547875 0.3830503046875 0.4885451609375 0.3691112421875 0.46743349375000004
1321 0.255412715625 0.5531136515624999 0.25155233125 0.5927983484375 0.26507861250000003 0.6278243046875 0.2741863875 0.63090535625 0.28978322031250003 0.673658715625 0.3020645140625 0.673128690625 0.3202833828125 0.717940215625 0.333948365625 0.7612112140625 0.355340753125 0.8024116625 0.36569351562499997 0.8410486953125 0.3822546140625 0.8642185265625001 0.40419516718750004 0.861100309375 0.4164764609375 0.860570284375 0.39480667187499996 0.802879746875 0.37148243124999997 0.7621969390625 0.3535409640625 0.7338755031249999 0.3575400484375 0.70243585 0.3710663296875 0.7374618046875 0.3793485390625 0.7683714312500001 0.39135575 0.7900007359375001 0.40833295312500006 0.8379057031249999 0.4174407265625 0.8409867546875001 0.4295833203125 0.8322116828125001 0.4219912953125 0.8038778578124999 0.41757278906249995 0.7719329562499999 0.39466133124999997 0.7173358609375 0.37947728125 0.6606682109375 0.3642932296875 0.6040005625 0.3666378640625 0.5895686375 0.3604262078125 0.56638641875 0.338204934375 0.5143651234375 0.3242658703125 0.49325345625 0.301496434375 0.4855508265625 0.2871445875 0.47835344687500003 0.26989330312500004 0.4526078125 0.257612009375 0.4531378390625 0.2494718203125 0.469122678125 0.25499329375 0.489729096875 0.264929953125 0.5036309953125 0.265068653125 0.511876040625 0.2551353140625 0.5366235625 0.255412715625 0.5531136515624999
1313 0.20351431718750002 1 0.2006671984375 0.99017535 0.19045313749999998 0.9597833609374999 0.16781908125 0.9216763546875001 0.1484939265625 0.8495538937499999 0.158153184375 0.846965703125 0.1618748671875 0.799035959375 0.15607599218749998 0.761939453125 0.1461360140625 0.7093881343749999 0.13702491875 0.667657659375 0.11080456093749999 0.64707601875 0.0761666140625 0.625989128125 0.059882915625 0.6193093859375 0.0435992171875 0.61262964375 0.026899417187500003 0.5812147671875 0.023448496875 0.56833575625 0.037384240624999995 0.5507980015625 0.042902393750000004 0.5327549984375 0.0184751875 0.503410675 0.003984640625 0.48796825000000005 0 0.4845068171875 0 0.544527403125 0.1190837109375 1 0.20351431718750002 1
1316 0.5193828875000001 0.440972009375 0.512481046875 0.41521398749999994 0.5024056859375 0.39306704375 0.49329791093750003 0.3899859921875 0.4862606890625 0.39463234687500004 0.480603834375 0.40443030625 0.48543512343749995 0.42246092031250004 0.494130115625 0.439456259375 0.49233696406250005 0.44821894218749997 0.484886959375 0.46677958437499995 0.48888936406249994 0.473989353125 0.52656545 0.5218695421875 0.5206345140625 0.5538268328125 0.5264333875 0.5909233406250001 0.5425817046875 0.628007459375 0.55486631875 0.6661268546875 0.552521684375 0.6805587796875 0.560387790625 0.686733271875 0.572530384375 0.6779582015625001 0.55072189375 0.61202261875 0.554585596875 0.6109873421875001 0.5707339140625 0.6480714609375 0.577358353125 0.6573393953125 0.5783259390625 0.6764052859375 0.58853668125 0.668147853125 0.5828765078125 0.639296390625 0.5632772703125 0.5893332609375 0.5625837671875 0.5481080375 0.5703111734374999 0.5460374859375 0.5681019203125001 0.530065034375 0.5599584109375 0.507400453125 0.54836398125 0.471856859375 0.53304455 0.4455935875 0.5193828875000001 0.440972009375
227 0.37101444687499996 1 0.36888031250000003 0.9920353015625001 0.3556281125 0.9348500156249999 0.3405827625 0.8864274125 0.32277667656250003 0.8277015999999999 0.29544339375 0.7025101796875 0.2798465609375 0.6597568171875 0.2663235984375 0.663380284375 0.270464703125 0.678835096875 0.2511461875 0.684011478125 0.2420384125 0.6809304265625 0.224651746875 0.68558916875 0.213750821875 0.6912708000000001 0.209335634375 0.69797531875 0.1937421203125 0.693871378125 0.18560193125 0.7098562171875 0.17925489375 0.717078375 0.16297119531249998 0.7103986328125 0.1520702703125 0.7160802640624999 0.155663209375 0.775853740625 0.1625650515625 0.8016117625 0.1649130046875 0.825829259375 0.1530478125 0.85109441875 0.156637434375 0.872218475 0.17237296875000002 0.9232168812499999 0.19238498906249998 0.9592657234375 0.2047050921875 1 0.37101444687499996 1
1694 1 0.866908521875 0.9758911937500001 0.7769332343750001 0.973404540625 0.7444706937500001 0.9597395578125001 0.7011996921875 0.9645608890625 0.6032820453125 0.9470355234375001 0.5996957421875 0.934476828125 0.5837356796875001 0.7952448078125001 0.6127605765624999 0.8503241562499999 0.8492291296875001 0.9023520890625001 0.9043067 1 0.8754398999999999 1 0.866908521875
819 1 0.57994891875 0.5885234031250001 0.5135501687499999 0.3315871328125 0.582396034375 0.11442073906250001 0.9773954437500001 0.12011565312500001 1 0.545219834375 1 0.7420084015625 0.9472706625 1 0.878142021875 1 0.57994891875
1316 0.6864897156249999 0.41552102656249995 0.698080825 0.41241519687499995 0.706359715625 0.4046754015625 0.69670045625 0.4072635921875 0.680416759375 0.40058385 0.6724119515625 0.3861643140625 0.6682708468749999 0.37070949999999997 0.6584728875 0.365052646875 0.6488136296875 0.36764083593749997 0.6464689953125 0.3820727609375 0.6492297312499999 0.3923759703125 0.650058615625 0.40319681718749995 0.6431600937499999 0.41608821718750005 0.6518550859375 0.43308355625 0.65806674375 0.45626577656249995 0.668003403125 0.470167675 0.6864963546875 0.49281986718750004 0.699745234375 0.511355734375 0.6961556125 0.4902316765625 0.6951880265625 0.4711657859375 0.6889763703125 0.4479835671875 0.6840063796875 0.42170790625 0.6864897156249999 0.41552102656249995
1316 0.20366218281249998 0.5145261703124999 0.2049038515625 0.51143273125 0.2079386703125 0.4995766078125 0.20117552968750002 0.48206362968749994 0.193309421875 0.4758891375 0.18047664375 0.4820884078125 0.17744182656250002 0.49394453125000004 0.1861368171875 0.51093986875 0.1766162609375 0.5217731046874999 0.1771710625 0.5547532828125 0.186969021875 0.5604101375 0.214566428125 0.5474939625 0.20973513906250002 0.5294633453124999 0.20366218281249998 0.5145261703124999
1316 0.2445117890625 0.5587952828125 0.2552740140625 0.54486860625 0.2595505 0.52991904375 0.2629981015625 0.5041486328125 0.2576153296875 0.491787259375 0.2496105203125 0.477367721875 0.24174441406249997 0.4711932296875 0.22670238281250002 0.4614200484375 0.219113678125 0.4717356453125 0.22132292968749998 0.48770809687499994 0.22615421875 0.5057387125 0.232088475 0.5124308421875 0.2355393953125 0.525309853125 0.23209179375 0.5510802640625 0.2445117890625 0.5587952828125
1316 0.60921565 0.43622655000000005 0.61708175625 0.4424010421875 0.61542730625 0.45940876875000003 0.6271571171875 0.4645479859375 0.6410928609375001 0.44701023125 0.6515810046875 0.4552428875 0.65075211875 0.444422040625 0.6403993578125 0.4057850078125 0.630049915625 0.405797396875 0.63253325 0.39961051406250003 0.638051403125 0.38156751093749997 0.62811474375 0.3676656125 0.616523634375 0.370771440625 0.61100548125 0.38881444374999996 0.616388253125 0.40117581874999997 0.6068676953125001 0.41200905312499997 0.59872750625 0.4279938921875 0.60921565 0.43622655000000005
950 0.822125475 0.28807322968750004 0.8324749171875 0.288060840625 0.8316460328125 0.2772399953125 0.8288852953125 0.2669367859375 0.819777521875 0.263855734375 0.816878084375 0.24530747968750002 0.8077703093749999 0.242226428125 0.7954890156250001 0.24275645468749998 0.7945247484375 0.262339984375 0.784865490625 0.264928175 0.7792086359375 0.274726134375 0.7865232609375 0.2865698671875 0.802116775 0.2906738078125 0.822125475 0.28807322968750004
950 0.9322377 0.2199184359375 0.9372043703124999 0.20754467656250003 0.9184373359375 0.2070518140625 0.9129158640625 0.186445396875 0.9006345703124999 0.186975421875 0.8935973468749999 0.19162177656249998 0.881454753125 0.2003968484375 0.8849056750000001 0.21327585937500002 0.8791101203125 0.2148287734375 0.8767654859375 0.2292606984375 0.8795262218750001 0.23956390781249998 0.8891854796875001 0.2369757171875 0.89553251875 0.22975355937500003 0.9181632546875 0.229211146875 0.9322377 0.2199184359375